0.499756 0.780869 -0.374817 0.725542 -0.597505 -0.341432 0.000000 -0.981780 -0.190022 -0.224702 -0.973708 -0.037450 0.000000 -0.999703 -0.024383 0.046449 -0.998651 -0.023224 -0.020472 -0.982666 0.184250 -0.022211 -0.999507 0.022211 -0.042630 -0.980500 0.191837
0.583077 0.745043 -0.323932 0.734904 -0.597110 -0.321521 0.000000 -0.981780 -0.190022 -0.224702 -0.973708 -0.037450 -0.024376 -0.999406 -0.024376 0.046449 -0.998651 -0.023224 -0.020472 -0.982666 0.184250 -0.022211 -0.999507 0.022211 -0.042630 -0.980500 0.191837
0.588978 0.752583 -0.294489 0.723545 -0.587880 -0.361773 0.031450 -0.974958 -0.220152 -0.224860 -0.974391 0.000000 -0.024354 -0.998516 -0.048708 0.046461 -0.998920 0.000000 -0.020391 -0.978777 0.203912 -0.022211 -0.999507 0.022211 -0.042630 -0.980500 0.191837
0.584955 0.731194 -0.350973 0.605839 -0.735662 -0.302920 0.031450 -0.974958 -0.220152 -0.224860 -0.974391 0.000000 -0.024354 -0.998516 -0.048708 0.023250 -0.999730 0.000000 -0.020391 -0.978777 0.203912 -0.022211 -0.999507 0.022211 -0.042630 -0.980500 0.191837
0.534840 0.731886 -0.422242 0.546431 -0.798630 -0.252199 0.031450 -0.974958 -0.220152 -0.224860 -0.974391 0.000000 -0.024354 -0.998516 -0.048708 0.023250 -0.999730 0.000000 -0.020391 -0.978777 0.203912 -0.022211 -0.999507 0.022211 -0.042630 -0.980500 0.191837
0.588745 0.677057 -0.441559 0.512148 -0.768221 -0.384111 0.032191 -0.965734 -0.257529 -0.216930 -0.976187 0.000000 -0.024354 -0.998516 -0.048708 0.023250 -0.999730 0.000000 -0.020391 -0.978777 0.203912 -0.022211 -0.999507 0.022211 -0.042630 -0.980500 0.191837
0.500433 0.706494 -0.500433 0.401610 -0.722897 -0.562254 0.032191 -0.965734 -0.257529 -0.216930 -0.976187 0.000000 -0.024354 -0.998516 -0.048708 0.023250 -0.999730 0.000000 -0.020391 -0.978777 0.203912 -0.022211 -0.999507 0.022211 -0.042630 -0.980500 0.191837
0.353919 0.707838 -0.611315 0.359712 -0.679457 -0.639489 0.031911 -0.957338 -0.287202 -0.216930 -0.976187 0.000000 -0.024354 -0.998516 -0.048708 0.046461 -0.998920 0.000000 -0.020391 -0.978777 0.203912 -0.023243 -0.999460 0.023243 -0.041757 -0.981299 0.187908
0.032791 0.655826 -0.754200 0.315735 -0.670936 -0.670936 0.063725 -0.955879 -0.286764 -0.216930 -0.976187 0.000000 -0.024354 -0.998516 -0.048708 0.046461 -0.998920 0.000000 -0.020391 -0.978777 0.203912 -0.023243 -0.999460 0.023243 -0.041757 -0.981299 0.187908
-0.227230 0.584305 -0.779073 0.368964 -0.614940 -0.696932 0.063725 -0.955879 -0.286764 -0.250962 -0.967997 0.000000 0.000000 -0.998812 -0.048723 0.046461 -0.998920 0.000000 -0.020391 -0.978777 0.203912 -0.023224 -0.998651 0.046449 -0.041757 -0.981299 0.187908
-0.451466 0.507899 -0.733632 0.248922 -0.663792 -0.705279 0.063119 -0.946792 -0.315597 -0.250962 -0.967997 0.000000 0.000000 -0.998812 -0.048723 0.046461 -0.998920 0.000000 -0.020303 -0.974531 0.223330 -0.023224 -0.998651 0.046449 -0.041757 -0.981299 0.187908
-0.624695 0.468521 -0.624695 0.135526 -0.722806 -0.677631 0.063119 -0.946792 -0.315597 -0.250962 -0.967997 0.000000 -0.023776 -0.998586 -0.047552 0.046461 -0.998920 0.000000 -0.020303 -0.974531 0.223330 -0.023224 -0.998651 0.046449 -0.041586 -0.977260 0.207928
-0.674786 0.477973 -0.562322 0.092057 -0.828517 -0.552345 0.063725 -0.955879 -0.286764 -0.250801 -0.967375 -0.035829 -0.023776 -0.998586 -0.047552 0.046461 -0.998920 0.000000 -0.040580 -0.973929 0.223192 -0.023224 -0.998651 0.046449 -0.041586 -0.977260 0.207928
-0.689672 0.468977 -0.551737 0.045502 -0.864530 -0.500517 0.063725 -0.955879 -0.286764 -0.250801 -0.967375 -0.035829 -0.023776 -0.998586 -0.047552 0.046461 -0.998920 0.000000 -0.041398 -0.972853 0.227689 -0.023224 -0.998651 0.046449 -0.041586 -0.977260 0.207928
-0.708322 0.472215 -0.524683 0.046524 -0.883960 -0.465242 0.030964 -0.959886 -0.278677 -0.224702 -0.973708 -0.037450 -0.023224 -0.998651 -0.046449 0.046461 -0.998920 0.000000 -0.041398 -0.972853 0.227689 -0.023224 -0.998651 0.046449 -0.041586 -0.977260 0.207928
-0.727607 0.485071 -0.485071 0.000000 -0.884918 -0.465746 0.030964 -0.959886 -0.278677 -0.233197 -0.971653 -0.038866 -0.023224 -0.998651 -0.046449 0.046461 -0.998920 0.000000 -0.041398 -0.972853 0.227689 -0.023224 -0.998651 0.046449 -0.041586 -0.977260 0.207928
-0.696398 0.474817 -0.538126 0.000000 -0.884918 -0.465746 0.061839 -0.958508 -0.278277 -0.269430 -0.962250 -0.038490 -0.046411 -0.997844 -0.046411 0.023250 -0.999730 0.000000 -0.020712 -0.973479 0.227836 -0.023224 -0.998651 0.046449 -0.041586 -0.977260 0.207928
-0.679544 0.485389 -0.550107 -0.044677 -0.893534 -0.446767 0.061839 -0.958508 -0.278277 -0.269430 -0.962250 -0.038490 -0.046411 -0.997844 -0.046411 0.023250 -0.999730 0.000000 -0.020712 -0.973479 0.227836 -0.023224 -0.998651 0.046449 -0.041586 -0.977260 0.207928
-0.684499 0.466704 -0.560044 0.000000 -0.894427 -0.447214 0.061839 -0.958508 -0.278277 -0.269430 -0.962250 -0.038490 -0.046411 -0.997844 -0.046411 0.023250 -0.999730 0.000000 -0.020712 -0.973479 0.227836 -0.023224 -0.998651 0.046449 -0.041586 -0.977260 0.207928
-0.655291 0.468065 -0.592882 0.000000 -0.894427 -0.447214 0.061839 -0.958508 -0.278277 -0.269430 -0.962250 -0.038490 -0.046411 -0.997844 -0.046411 0.023250 -0.999730 0.000000 -0.020712 -0.973479 0.227836 -0.023224 -0.998651 0.046449 -0.042448 -0.976296 0.212238
-0.643192 0.459423 -0.612564 0.000000 -0.894427 -0.447214 0.061285 -0.949920 -0.306426 -0.269630 -0.962964 0.000000 -0.046411 -0.997844 -0.046411 0.023250 -0.999730 0.000000 -0.020712 -0.973479 0.227836 -0.023243 -0.999460 0.023243 -0.042448 -0.976296 0.212238
-0.631169 0.450835 -0.631169 0.000000 -0.894427 -0.447214 0.061285 -0.949920 -0.306426 -0.269630 -0.962964 0.000000 -0.046411 -0.997844 -0.046411 0.023250 -0.999730 0.000000 -0.020611 -0.968712 0.247331 -0.023243 -0.999460 0.023243 -0.042448 -0.976296 0.212238
-0.622513 0.474295 -0.622513 0.000000 -0.894427 -0.447214 0.061285 -0.949920 -0.306426 -0.269630 -0.962964 0.000000 -0.046411 -0.997844 -0.046411 0.023250 -0.999730 0.000000 -0.020611 -0.968712 0.247331 -0.023243 -0.999460 0.023243 -0.042448 -0.976296 0.212238
-0.631413 0.487910 -0.602712 0.044677 -0.893534 -0.446767 0.061839 -0.958508 -0.278277 -0.269630 -0.962964 0.000000 -0.046411 -0.997844 -0.046411 0.023250 -0.999730 0.000000 -0.020611 -0.968712 0.247331 0.000000 -0.999730 0.023250 -0.042448 -0.976296 0.212238
-0.620519 0.479492 -0.620519 0.000000 -0.865426 -0.501036 0.062348 -0.966394 -0.249392 -0.269630 -0.962964 0.000000 -0.046411 -0.997844 -0.046411 0.000000 -1.000000 0.000000 -0.021031 -0.967403 0.252366 0.000000 -0.999730 0.023250 -0.042448 -0.976296 0.212238
-0.629017 0.492274 -0.601668 0.000000 -0.865426 -0.501036 0.031450 -0.974958 -0.220152 -0.269630 -0.962964 0.000000 -0.023224 -0.998651 -0.046449 0.000000 -1.000000 0.000000 -0.021031 -0.967403 0.252366 0.000000 -0.999730 0.023250 -0.042448 -0.976296 0.212238
-0.629017 0.492274 -0.601668 0.000000 -0.865426 -0.501036 0.030700 -0.982409 -0.184202 -0.269630 -0.962964 0.000000 -0.023776 -0.998586 -0.047552 0.000000 -1.000000 0.000000 -0.021031 -0.967403 0.252366 0.000000 -0.999730 0.023250 -0.042448 -0.976296 0.212238
-0.629017 0.492274 -0.601668 0.000000 -0.865426 -0.501036 0.030700 -0.982409 -0.184202 -0.269630 -0.962964 0.000000 -0.023776 -0.998586 -0.047552 0.000000 -1.000000 0.000000 -0.021031 -0.967403 0.252366 0.000000 -0.999730 0.023250 -0.042448 -0.976296 0.212238
