0.611583 0.750579 -0.250193 0.414513 -0.787575 -0.455965 0.094585 -0.977378 -0.189170 -0.269630 -0.962964 0.000000 0.000000 -0.998868 -0.047565 0.000000 -0.999056 -0.043437 0.000000 -0.979715 0.200396 -0.045361 -0.997940 -0.045361 -0.021467 -0.966012 0.257603
0.644129 0.700140 -0.308062 0.297402 -0.807233 -0.509831 0.094585 -0.977378 -0.189170 -0.269630 -0.962964 0.000000 0.000000 -0.998868 -0.047565 0.000000 -0.999056 -0.043437 0.000000 -0.979715 0.200396 -0.044357 -0.998031 -0.044357 -0.021467 -0.966012 0.257603
0.607485 0.665340 -0.433918 0.267261 -0.801784 -0.534522 0.094585 -0.977378 -0.189170 -0.269630 -0.962964 0.000000 0.000000 -0.998868 -0.047565 0.000000 -0.999056 -0.043437 0.000000 -0.979715 0.200396 -0.044357 -0.998031 -0.044357 -0.021467 -0.966012 0.257603
0.259828 0.714527 -0.649570 0.209427 -0.712052 -0.670166 0.094585 -0.977378 -0.189170 -0.269630 -0.962964 0.000000 0.000000 -0.998868 -0.047565 0.000000 -0.999056 -0.043437 0.000000 -0.979715 0.200396 -0.044357 -0.998031 -0.044357 -0.021467 -0.966012 0.257603
-0.165840 0.663358 -0.729694 0.248922 -0.663792 -0.705279 0.094585 -0.977378 -0.189170 -0.269630 -0.962964 0.000000 0.000000 -0.997459 -0.071247 0.000000 -0.999056 -0.043437 0.000000 -0.979715 0.200396 -0.044357 -0.998031 -0.044357 -0.021467 -0.966012 0.257603
-0.323250 0.558341 -0.764045 0.080517 -0.724653 -0.684394 0.094585 -0.977378 -0.189170 -0.269630 -0.962964 0.000000 0.000000 -0.997459 -0.071247 0.000000 -0.999056 -0.043437 0.000000 -0.979715 0.200396 -0.044357 -0.998031 -0.044357 -0.021467 -0.966012 0.257603
-0.575613 0.520792 -0.630433 0.000000 -0.747409 -0.664364 0.095106 -0.982766 -0.158511 -0.269630 -0.962964 0.000000 0.000000 -0.997459 -0.071247 0.000000 -0.999056 -0.043437 0.000000 -0.979715 0.200396 -0.044357 -0.998031 -0.044357 -0.021467 -0.966012 0.257603
-0.624712 0.505719 -0.594964 0.000000 -0.784883 -0.619644 0.063564 -0.985245 -0.158910 -0.269630 -0.962964 0.000000 0.000000 -0.997459 -0.071247 0.000000 -0.999056 -0.043437 0.000000 -0.979715 0.200396 -0.044357 -0.998031 -0.044357 -0.021467 -0.966012 0.257603
-0.666359 0.491001 -0.561144 0.000000 -0.784883 -0.619644 0.063564 -0.985245 -0.158910 -0.269630 -0.962964 0.000000 -0.023742 -0.997178 -0.071227 0.000000 -0.999056 -0.043437 0.000000 -0.979715 0.200396 -0.044357 -0.998031 -0.044357 -0.021467 -0.966012 0.257603
-0.677708 0.463695 -0.570701 0.000000 -0.825307 -0.564684 0.063564 -0.985245 -0.158910 -0.269630 -0.962964 0.000000 -0.023193 -0.997307 -0.069580 0.000000 -0.999056 -0.043437 0.000000 -0.979715 0.200396 -0.044357 -0.998031 -0.044357 -0.021467 -0.966012 0.257603
