0.482867 0.836970 -0.257529 0.533396 -0.656488 -0.533396 0.091203 -0.972829 -0.212806 -0.294086 -0.955779 0.000000 -0.024383 -0.999703 0.000000 0.000000 -0.999014 -0.044401 -0.042796 -0.984309 0.171184 -0.044357 -0.998031 -0.044357 -0.061533 -0.984525 0.164087
0.484200 0.830057 -0.276686 0.547885 -0.632175 -0.547885 0.091203 -0.972829 -0.212806 -0.294086 -0.955779 0.000000 -0.048708 -0.998516 -0.024354 0.000000 -0.999014 -0.044401 -0.042630 -0.980500 0.191837 -0.044302 -0.996805 -0.066454 -0.061072 -0.977153 0.203574
0.450669 0.826227 -0.338002 0.548860 -0.591080 -0.591080 0.091203 -0.972829 -0.212806 -0.294086 -0.955779 0.000000 -0.048708 -0.998516 -0.024354 0.000000 -0.999014 -0.044401 -0.042630 -0.980500 0.191837 -0.045303 -0.996659 -0.067954 -0.040757 -0.978167 0.203785
0.486664 0.811107 -0.324443 0.514496 -0.514496 -0.685994 0.060943 -0.975084 -0.213300 -0.294086 -0.955779 0.000000 -0.048708 -0.998516 -0.024354 0.000000 -0.999014 -0.044401 -0.042630 -0.980500 0.191837 -0.045303 -0.996659 -0.067954 -0.040757 -0.978167 0.203785
0.360000 0.800000 -0.480000 0.467345 -0.509831 -0.722261 0.060943 -0.975084 -0.213300 -0.294086 -0.955779 0.000000 -0.048708 -0.998516 -0.024354 0.000000 -0.999014 -0.044401 -0.042630 -0.980500 0.191837 -0.045303 -0.996659 -0.067954 -0.040757 -0.978167 0.203785
0.252199 0.798630 -0.546431 0.360000 -0.480000 -0.800000 0.060943 -0.975084 -0.213300 -0.259973 -0.965616 0.000000 -0.048708 -0.998516 -0.024354 0.000000 -0.999014 -0.044401 -0.042630 -0.980500 0.191837 -0.045303 -0.996659 -0.067954 -0.040757 -0.978167 0.203785
0.000000 0.761939 -0.647648 0.243935 -0.528525 -0.813116 0.060943 -0.975084 -0.213300 -0.269630 -0.962964 0.000000 -0.048708 -0.998516 -0.024354 0.000000 -0.999014 -0.044401 -0.021330 -0.981169 0.191968 -0.045303 -0.996659 -0.067954 -0.040757 -0.978167 0.203785
-0.219286 0.720511 -0.657858 0.248922 -0.663792 -0.705279 0.030514 -0.976445 -0.213597 -0.269630 -0.962964 0.000000 -0.048708 -0.998516 -0.024354 0.000000 -0.997785 -0.066519 -0.021238 -0.976956 0.212382 -0.045303 -0.996659 -0.067954 -0.040757 -0.978167 0.203785
-0.326720 0.626213 -0.707893 0.131181 -0.743358 -0.655904 0.030514 -0.976445 -0.213597 -0.269630 -0.962964 0.000000 -0.048708 -0.998516 -0.024354 0.000000 -0.997785 -0.066519 -0.021238 -0.976956 0.212382 -0.045303 -0.996659 -0.067954 -0.040757 -0.978167 0.203785
-0.480129 0.581209 -0.657018 0.000000 -0.768221 -0.640184 0.030514 -0.976445 -0.213597 -0.269630 -0.962964 0.000000 -0.048708 -0.998516 -0.024354 0.000000 -0.997785 -0.066519 -0.021138 -0.972362 0.232521 -0.046349 -0.996503 -0.069523 -0.040757 -0.978167 0.203785
-0.602073 0.551900 -0.576987 -0.042333 -0.804334 -0.592667 0.060943 -0.975084 -0.213300 -0.304776 -0.952424 0.000000 -0.048708 -0.998516 -0.024354 0.000000 -0.997785 -0.066519 -0.021138 -0.972362 0.232521 -0.046349 -0.996503 -0.069523 -0.040757 -0.978167 0.203785
-0.685994 0.514496 -0.514496 -0.086548 -0.822210 -0.562565 0.060523 -0.968364 -0.242091 -0.304555 -0.951734 0.038069 -0.048665 -0.997629 -0.048665 0.000000 -0.999014 -0.044401 -0.021138 -0.972362 0.232521 -0.046349 -0.996503 -0.069523 -0.020391 -0.978777 0.203912
-0.711430 0.533573 -0.457348 -0.129219 -0.818388 -0.559950 0.058798 -0.970169 -0.235192 -0.304555 -0.951734 0.038069 -0.048665 -0.997629 -0.048665 0.000000 -0.999014 -0.044401 -0.021138 -0.972362 0.232521 -0.046349 -0.996503 -0.069523 -0.020472 -0.982666 0.184250
-0.743066 0.520146 -0.421071 -0.129219 -0.818388 -0.559950 0.058798 -0.970169 -0.235192 -0.304555 -0.951734 0.038069 -0.048665 -0.997629 -0.048665 0.000000 -0.999014 -0.044401 -0.021138 -0.972362 0.232521 -0.046349 -0.996503 -0.069523 -0.020472 -0.982666 0.184250
-0.770915 0.497365 -0.397892 -0.133897 -0.803379 -0.580218 0.058798 -0.970169 -0.235192 -0.304776 -0.952424 0.000000 -0.047511 -0.997740 -0.047511 0.000000 -0.999014 -0.044401 -0.021138 -0.972362 0.232521 -0.046349 -0.996503 -0.069523 -0.020472 -0.982666 0.184250
-0.778413 0.502202 -0.376651 -0.133897 -0.803379 -0.580218 0.058798 -0.970169 -0.235192 -0.280000 -0.960000 0.000000 -0.047511 -0.997740 -0.047511 0.000000 -0.999014 -0.044401 -0.021138 -0.972362 0.232521 -0.046349 -0.996503 -0.069523 -0.020472 -0.982666 0.184250
-0.765014 0.527596 -0.369317 -0.172774 -0.777482 -0.604708 0.029437 -0.971429 -0.235498 -0.280000 -0.960000 0.000000 -0.071167 -0.996335 -0.047445 0.000000 -0.998969 -0.045408 -0.020712 -0.973479 0.227836 -0.046349 -0.996503 -0.069523 -0.020472 -0.982666 0.184250
-0.751731 0.481108 -0.451039 -0.178707 -0.759504 -0.625474 0.029437 -0.971429 -0.235498 -0.242536 -0.970143 0.000000 -0.071167 -0.996335 -0.047445 0.000000 -0.998969 -0.045408 0.000000 -0.973688 0.227884 -0.046349 -0.996503 -0.069523 -0.020472 -0.982666 0.184250
-0.746219 0.454220 -0.486664 -0.178707 -0.759504 -0.625474 0.029437 -0.971429 -0.235498 -0.242338 -0.969351 -0.040390 -0.071167 -0.996335 -0.047445 0.000000 -0.998969 -0.045408 0.000000 -0.973688 0.227884 -0.046349 -0.996503 -0.069523 -0.020472 -0.982666 0.184250
-0.748539 0.436648 -0.499026 -0.134976 -0.764866 -0.629890 0.030303 -0.969697 -0.242424 -0.242338 -0.969351 -0.040390 -0.071167 -0.996335 -0.047445 0.000000 -0.998969 -0.045408 0.000000 -0.973688 0.227884 -0.046262 -0.994635 -0.092524 -0.020391 -0.978777 0.203912
-0.712173 0.464461 -0.526389 -0.133897 -0.803379 -0.580218 0.030303 -0.969697 -0.242424 -0.242536 -0.970143 0.000000 -0.072889 -0.996156 -0.048593 0.000000 -0.998969 -0.045408 0.000000 -0.973688 0.227884 -0.045222 -0.994874 -0.090443 -0.020391 -0.978777 0.203912
-0.722285 0.439652 -0.533863 -0.133897 -0.803379 -0.580218 0.030303 -0.969697 -0.242424 -0.242536 -0.970143 0.000000 -0.072889 -0.996156 -0.048593 0.000000 -0.998969 -0.045408 0.000000 -0.973688 0.227884 -0.045222 -0.994874 -0.090443 -0.020391 -0.978777 0.203912
-0.736807 0.429804 -0.521905 -0.089712 -0.807410 -0.583130 0.030303 -0.969697 -0.242424 -0.242536 -0.970143 0.000000 -0.072889 -0.996156 -0.048593 0.000000 -0.998969 -0.045408 0.000000 -0.973688 0.227884 -0.045222 -0.994874 -0.090443 -0.020391 -0.978777 0.203912
-0.724947 0.422885 -0.543710 -0.089712 -0.807410 -0.583130 0.029437 -0.971429 -0.235498 -0.242536 -0.970143 0.000000 -0.072889 -0.996156 -0.048593 0.000000 -0.998969 -0.045408 0.000000 -0.973688 0.227884 -0.045222 -0.994874 -0.090443 -0.020391 -0.978777 0.203912
-0.715542 0.447214 -0.536656 -0.086548 -0.822210 -0.562565 0.029437 -0.971429 -0.235498 -0.203954 -0.978980 0.000000 -0.072889 -0.996156 -0.048593 0.000000 -0.998969 -0.045408 0.000000 -0.968918 0.247383 -0.045222 -0.994874 -0.090443 -0.020391 -0.978777 0.203912
-0.715542 0.447214 -0.536656 -0.086548 -0.822210 -0.562565 0.029630 -0.977805 -0.207413 -0.203785 -0.978167 -0.040757 -0.072889 -0.996156 -0.048593 0.000000 -0.998969 -0.045408 0.000000 -0.968918 0.247383 -0.045222 -0.994874 -0.090443 -0.020391 -0.978777 0.203912
-0.692532 0.432832 -0.577110 -0.088648 -0.842160 -0.531891 0.029630 -0.977805 -0.207413 -0.195965 -0.979827 -0.039193 -0.072889 -0.996156 -0.048593 0.000000 -0.998969 -0.045408 0.000000 -0.968918 0.247383 -0.045222 -0.994874 -0.090443 -0.020391 -0.978777 0.203912
