0.324918 0.866449 -0.379071 0.686064 -0.605351 -0.403567 0.091203 -0.972829 -0.212806 -0.232670 -0.969458 -0.077557 0.000000 -0.997334 -0.072976 0.110324 -0.992916 -0.044130 0.021786 -0.980348 0.196070 -0.088345 -0.993884 -0.066259 -0.043345 -0.975270 0.216727
0.336199 0.868514 -0.364216 0.702863 -0.578829 -0.413449 0.091203 -0.972829 -0.212806 -0.232670 -0.969458 -0.077557 0.000000 -0.997334 -0.072976 0.110324 -0.992916 -0.044130 0.021786 -0.980348 0.196070 -0.088345 -0.993884 -0.066259 -0.043345 -0.975270 0.216727
0.384702 0.865580 -0.320585 0.706496 -0.457144 -0.540262 0.091203 -0.972829 -0.212806 -0.232670 -0.969458 -0.077557 0.000000 -0.997334 -0.072976 0.110324 -0.992916 -0.044130 0.021786 -0.980348 0.196070 -0.088345 -0.993884 -0.066259 -0.043345 -0.975270 0.216727
0.450669 0.826227 -0.338002 0.674919 -0.379642 -0.632737 0.091203 -0.972829 -0.212806 -0.232670 -0.969458 -0.077557 0.000000 -0.997334 -0.072976 0.110324 -0.992916 -0.044130 0.021786 -0.980348 0.196070 -0.088345 -0.993884 -0.066259 -0.043345 -0.975270 0.216727
0.451626 0.790345 -0.413990 0.622305 -0.414870 -0.663792 0.090577 -0.966155 -0.241539 -0.233197 -0.971653 -0.038866 0.000000 -0.997459 -0.071247 0.110324 -0.992916 -0.044130 0.021786 -0.980348 0.196070 -0.088345 -0.993884 -0.066259 -0.043345 -0.975270 0.216727
0.379049 0.758098 -0.530669 0.540262 -0.457144 -0.706496 0.090577 -0.966155 -0.241539 -0.233197 -0.971653 -0.038866 0.000000 -0.997459 -0.071247 0.110324 -0.992916 -0.044130 0.021786 -0.980348 0.196070 -0.088345 -0.993884 -0.066259 -0.043345 -0.975270 0.216727
0.155230 0.698535 -0.698535 0.494451 -0.453247 -0.741677 0.090577 -0.966155 -0.241539 -0.233197 -0.971653 -0.038866 0.000000 -0.998868 -0.047565 0.110324 -0.992916 -0.044130 0.021786 -0.980348 0.196070 -0.088345 -0.993884 -0.066259 -0.043345 -0.975270 0.216727
-0.143131 0.644091 -0.751439 0.406558 -0.487869 -0.772460 0.090577 -0.966155 -0.241539 -0.233197 -0.971653 -0.038866 0.000000 -0.998868 -0.047565 0.110324 -0.992916 -0.044130 0.021786 -0.980348 0.196070 -0.088345 -0.993884 -0.066259 -0.043345 -0.975270 0.216727
-0.338182 0.584132 -0.737851 0.367118 -0.571072 -0.734235 0.090577 -0.966155 -0.241539 -0.232670 -0.969458 -0.077557 0.000000 -0.998868 -0.047565 0.110324 -0.992916 -0.044130 0.021786 -0.980348 0.196070 -0.088345 -0.993884 -0.066259 -0.043345 -0.975270 0.216727
-0.440036 0.557379 -0.704058 0.263635 -0.602595 -0.753244 0.090577 -0.966155 -0.241539 -0.232670 -0.969458 -0.077557 0.000000 -0.998868 -0.047565 0.110324 -0.992916 -0.044130 0.021786 -0.980348 0.196070 -0.088345 -0.993884 -0.066259 -0.043345 -0.975270 0.216727
-0.585597 0.529826 -0.613483 0.147043 -0.661693 -0.735215 0.090577 -0.966155 -0.241539 -0.232670 -0.969458 -0.077557 0.000000 -0.998812 -0.048723 0.110324 -0.992916 -0.044130 0.021786 -0.980348 0.196070 -0.088345 -0.993884 -0.066259 -0.043345 -0.975270 0.216727
-0.652051 0.495559 -0.573805 0.074227 -0.705156 -0.705156 0.090577 -0.966155 -0.241539 -0.232670 -0.969458 -0.077557 0.000000 -0.998812 -0.048723 0.110324 -0.992916 -0.044130 0.021786 -0.980348 0.196070 -0.088345 -0.993884 -0.066259 -0.043345 -0.975270 0.216727
-0.703526 0.502519 -0.502519 0.037190 -0.706618 -0.706618 0.090577 -0.966155 -0.241539 -0.232670 -0.969458 -0.077557 0.000000 -0.998812 -0.048723 0.110324 -0.992916 -0.044130 0.021786 -0.980348 0.196070 -0.088345 -0.993884 -0.066259 -0.043345 -0.975270 0.216727
-0.712351 0.508822 -0.483381 0.000000 -0.725953 -0.687745 0.090577 -0.966155 -0.241539 -0.232670 -0.969458 -0.077557 0.000000 -0.998812 -0.048723 0.110324 -0.992916 -0.044130 0.021786 -0.980348 0.196070 -0.088345 -0.993884 -0.066259 -0.043345 -0.975270 0.216727
-0.733062 0.505560 -0.455004 0.000000 -0.745241 -0.666795 0.089883 -0.958754 -0.269650 -0.233197 -0.971653 -0.038866 0.000000 -0.998868 -0.047565 0.110324 -0.992916 -0.044130 0.021786 -0.980348 0.196070 -0.088345 -0.993884 -0.066259 -0.065233 -0.978492 0.195698
-0.741399 0.511310 -0.434613 -0.040357 -0.726421 -0.686064 0.087370 -0.961074 -0.262111 -0.279776 -0.959233 -0.039968 0.000000 -0.998868 -0.047565 0.110324 -0.992916 -0.044130 0.021786 -0.980348 0.196070 -0.088345 -0.993884 -0.066259 -0.065233 -0.978492 0.195698
-0.759485 0.497594 -0.419026 -0.041487 -0.746766 -0.663792 0.087370 -0.961074 -0.262111 -0.279776 -0.959233 -0.039968 0.000000 -0.998868 -0.047565 0.110324 -0.992916 -0.044130 0.021786 -0.980348 0.196070 -0.088345 -0.993884 -0.066259 -0.065233 -0.978492 0.195698
-0.788110 0.472866 -0.394055 -0.041487 -0.746766 -0.663792 0.087370 -0.961074 -0.262111 -0.279776 -0.959233 -0.039968 0.000000 -0.998868 -0.047565 0.110324 -0.992916 -0.044130 0.021786 -0.980348 0.196070 -0.088345 -0.993884 -0.066259 -0.065233 -0.978492 0.195698
-0.788110 0.472866 -0.394055 -0.041487 -0.746766 -0.663792 0.087370 -0.961074 -0.262111 -0.279776 -0.959233 -0.039968 0.000000 -0.998868 -0.047565 0.110324 -0.992916 -0.044130 0.021786 -0.980348 0.196070 -0.088345 -0.993884 -0.066259 -0.043540 -0.979651 0.195930
-0.787822 0.461827 -0.407494 -0.041487 -0.746766 -0.663792 0.084989 -0.963208 -0.254967 -0.290910 -0.955847 -0.041559 0.000000 -0.997459 -0.071247 0.110324 -0.992916 -0.044130 0.021786 -0.980348 0.196070 -0.088345 -0.993884 -0.066259 -0.043540 -0.979651 0.195930
-0.806490 0.444960 -0.389340 -0.041559 -0.706496 -0.706496 0.084989 -0.963208 -0.254967 -0.290910 -0.955847 -0.041559 0.000000 -0.997459 -0.071247 0.110324 -0.992916 -0.044130 0.021786 -0.980348 0.196070 -0.088345 -0.993884 -0.066259 -0.043540 -0.979651 0.195930
-0.807114 0.417473 -0.417473 -0.042796 -0.684737 -0.727533 0.084989 -0.963208 -0.254967 -0.290910 -0.955847 -0.041559 -0.023742 -0.997178 -0.071227 0.110324 -0.992916 -0.044130 0.021786 -0.980348 0.196070 -0.088345 -0.993884 -0.066259 -0.043540 -0.979651 0.195930
-0.744073 0.486509 -0.457891 -0.042796 -0.684737 -0.727533 0.084989 -0.963208 -0.254967 -0.291162 -0.956674 0.000000 -0.023742 -0.997178 -0.071227 0.110324 -0.992916 -0.044130 0.021786 -0.980348 0.196070 -0.088345 -0.993884 -0.066259 -0.043540 -0.979651 0.195930
-0.710526 0.511578 -0.483157 -0.042796 -0.684737 -0.727533 0.084989 -0.963208 -0.254967 -0.291162 -0.956674 0.000000 -0.023742 -0.997178 -0.071227 0.110324 -0.992916 -0.044130 0.021786 -0.980348 0.196070 -0.088345 -0.993884 -0.066259 -0.043540 -0.979651 0.195930
-0.696018 0.522013 -0.493013 -0.042796 -0.684737 -0.727533 0.084989 -0.963208 -0.254967 -0.291162 -0.956674 0.000000 -0.023742 -0.997178 -0.071227 0.110324 -0.992916 -0.044130 0.021786 -0.980348 0.196070 -0.088345 -0.993884 -0.066259 -0.043540 -0.979651 0.195930
-0.685994 0.514496 -0.514496 -0.044151 -0.706417 -0.706417 0.082729 -0.965173 -0.248187 -0.303204 -0.952926 0.000000 -0.023742 -0.997178 -0.071227 0.110324 -0.992916 -0.044130 0.021786 -0.980348 0.196070 -0.088345 -0.993884 -0.066259 -0.043540 -0.979651 0.195930
-0.675855 0.535052 -0.506891 -0.044151 -0.706417 -0.706417 0.082729 -0.965173 -0.248187 -0.303204 -0.952926 0.000000 -0.023742 -0.997178 -0.071227 0.110324 -0.992916 -0.044130 0.021786 -0.980348 0.196070 -0.088345 -0.993884 -0.066259 -0.043540 -0.979651 0.195930
-0.690724 0.524950 -0.497321 0.000000 -0.707107 -0.707107 0.085575 -0.969846 -0.228199 -0.291162 -0.956674 0.000000 -0.023742 -0.997178 -0.071227 0.110324 -0.992916 -0.044130 0.021786 -0.980348 0.196070 -0.088345 -0.993884 -0.066259 -0.043540 -0.979651 0.195930
