0.429772 0.778962 -0.456633 0.525924 -0.768658 -0.364101 0.123975 -0.960807 -0.247950 -0.269630 -0.962964 0.000000 0.000000 -0.997459 -0.071247 0.023243 -0.999460 -0.023243 -0.041398 -0.972853 0.227689 -0.046449 -0.998651 0.023224 -0.041586 -0.977260 0.207928
0.438892 0.768061 -0.466323 0.525924 -0.768658 -0.364101 0.120386 -0.963087 -0.240772 -0.269430 -0.962250 -0.038490 0.000000 -0.997459 -0.071247 0.023243 -0.999460 -0.023243 -0.041398 -0.972853 0.227689 -0.046461 -0.998920 0.000000 -0.041586 -0.977260 0.207928
0.562254 0.722897 -0.401610 0.525924 -0.768658 -0.364101 0.090577 -0.966155 -0.241539 -0.269430 -0.962250 -0.038490 0.000000 -0.997459 -0.071247 0.023243 -0.999460 -0.023243 -0.041398 -0.972853 0.227689 -0.046461 -0.998920 0.000000 -0.041586 -0.977260 0.207928
0.675886 0.675886 -0.293864 0.556349 -0.684737 -0.470757 0.091203 -0.972829 -0.212806 -0.269430 -0.962250 -0.038490 0.000000 -0.997459 -0.071247 0.023243 -0.999460 -0.023243 -0.041398 -0.972853 0.227689 -0.046461 -0.998920 0.000000 -0.041586 -0.977260 0.207928
0.732134 0.614993 -0.292854 0.496929 -0.677631 -0.542105 0.090577 -0.966155 -0.241539 -0.269630 -0.962964 0.000000 0.000000 -0.997459 -0.071247 0.023243 -0.999460 -0.023243 -0.041398 -0.972853 0.227689 -0.046461 -0.998920 0.000000 -0.041586 -0.977260 0.207928
0.563326 0.657213 -0.500734 0.449921 -0.674882 -0.584898 0.090577 -0.966155 -0.241539 -0.269630 -0.962964 0.000000 0.000000 -0.997459 -0.071247 0.023243 -0.999460 -0.023243 -0.041398 -0.972853 0.227689 -0.046461 -0.998920 0.000000 -0.041586 -0.977260 0.207928
0.473118 0.691481 -0.545906 0.413449 -0.578829 -0.702863 0.062807 -0.973515 -0.219826 -0.259973 -0.965616 0.000000 0.000000 -0.997459 -0.071247 0.023243 -0.999460 -0.023243 -0.041398 -0.972853 0.227689 -0.046461 -0.998920 0.000000 -0.041586 -0.977260 0.207928
0.151078 0.679851 -0.717620 0.275625 -0.551249 -0.787499 0.062807 -0.973515 -0.219826 -0.259973 -0.965616 0.000000 0.000000 -0.997459 -0.071247 0.023243 -0.999460 -0.023243 -0.041398 -0.972853 0.227689 -0.046449 -0.998651 -0.023224 -0.041586 -0.977260 0.207928
-0.104320 0.591148 -0.799788 0.196116 -0.588348 -0.784465 0.062807 -0.973515 -0.219826 -0.259973 -0.965616 0.000000 0.000000 -0.997459 -0.071247 0.023243 -0.999460 -0.023243 -0.020712 -0.973479 0.227836 -0.046449 -0.998651 -0.023224 -0.041586 -0.977260 0.207928
-0.325935 0.503718 -0.800022 0.122988 -0.614940 -0.778924 0.062807 -0.973515 -0.219826 -0.259973 -0.965616 0.000000 0.000000 -0.997459 -0.071247 0.023243 -0.999460 -0.023243 -0.020712 -0.973479 0.227836 -0.046449 -0.998651 -0.023224 -0.041586 -0.977260 0.207928
-0.505276 0.478683 -0.718024 0.080517 -0.684394 -0.724653 0.063214 -0.979816 -0.189642 -0.259973 -0.965616 0.000000 0.000000 -0.997459 -0.071247 0.023243 -0.999460 -0.023243 -0.020712 -0.973479 0.227836 -0.046449 -0.998651 -0.023224 -0.041586 -0.977260 0.207928
-0.599813 0.499844 -0.624805 0.000000 -0.727013 -0.686624 0.062807 -0.973515 -0.219826 -0.259973 -0.965616 0.000000 0.000000 -0.997459 -0.071247 0.023243 -0.999460 -0.023243 -0.020712 -0.973479 0.227836 -0.023224 -0.998651 -0.046449 -0.041586 -0.977260 0.207928
-0.584956 0.534090 -0.610389 -0.082761 -0.744845 -0.662085 0.062807 -0.973515 -0.219826 -0.259973 -0.965616 0.000000 0.000000 -0.997459 -0.071247 0.023243 -0.999460 -0.023243 -0.020712 -0.973479 0.227836 -0.023243 -0.999460 -0.023243 -0.041586 -0.977260 0.207928
-0.557872 0.637568 -0.531306 -0.176998 -0.778792 -0.601793 0.062348 -0.966394 -0.249392 -0.269630 -0.962964 0.000000 -0.023742 -0.997178 -0.071227 0.023243 -0.999460 -0.023243 -0.020712 -0.973479 0.227836 -0.023243 -0.999460 -0.023243 -0.041586 -0.977260 0.207928
-0.640853 0.566908 -0.517612 -0.118033 -0.826234 -0.550823 0.093296 -0.964054 -0.248788 -0.269630 -0.962964 0.000000 -0.023742 -0.997178 -0.071227 0.023243 -0.999460 -0.023243 -0.020712 -0.973479 0.227836 -0.023243 -0.999460 -0.023243 -0.041586 -0.977260 0.207928
-0.651584 0.473879 -0.592349 0.044677 -0.893534 -0.446767 0.092538 -0.956226 -0.277614 -0.269630 -0.962964 0.000000 -0.023742 -0.997178 -0.071227 0.023243 -0.999460 -0.023243 -0.020712 -0.973479 0.227836 -0.023243 -0.999460 -0.023243 -0.041586 -0.977260 0.207928
-0.646508 0.452556 -0.614183 0.046524 -0.883960 -0.465242 0.091713 -0.947698 -0.305709 -0.233373 -0.972387 0.000000 -0.023742 -0.997178 -0.071227 0.023250 -0.999730 0.000000 -0.041398 -0.972853 0.227689 -0.023243 -0.999460 -0.023243 -0.041586 -0.977260 0.207928
-0.639602 0.426401 -0.639602 0.000000 -0.853282 -0.521450 0.094444 -0.944443 -0.314814 -0.233373 -0.972387 0.000000 -0.023696 -0.995216 -0.094782 0.023243 -0.999460 -0.023243 -0.041398 -0.972853 0.227689 -0.023243 -0.999460 -0.023243 -0.041586 -0.977260 0.207928
-0.612240 0.396155 -0.684268 0.000000 -0.839570 -0.543251 0.124214 -0.931605 -0.341589 -0.233373 -0.972387 0.000000 -0.023696 -0.995216 -0.094782 0.023250 -0.999730 0.000000 -0.041398 -0.972853 0.227689 -0.023243 -0.999460 -0.023243 -0.041586 -0.977260 0.207928
-0.612240 0.396155 -0.684268 0.000000 -0.794358 -0.607450 0.124214 -0.931605 -0.341589 -0.233197 -0.971653 -0.038866 -0.023150 -0.995434 -0.092599 0.023250 -0.999730 0.000000 -0.041398 -0.972853 0.227689 0.000000 -0.999730 -0.023250 -0.041586 -0.977260 0.207928
-0.612240 0.396155 -0.684268 0.000000 -0.810679 -0.585491 0.124214 -0.931605 -0.341589 -0.233197 -0.971653 -0.038866 -0.023150 -0.995434 -0.092599 0.023250 -0.999730 0.000000 -0.041398 -0.972853 0.227689 -0.022716 -0.999484 -0.022716 -0.042448 -0.976296 0.212238
-0.588882 0.433913 -0.681863 -0.043811 -0.788594 -0.613351 0.124214 -0.931605 -0.341589 -0.233197 -0.971653 -0.038866 -0.023150 -0.995434 -0.092599 0.023243 -0.999460 0.023243 -0.041586 -0.977260 0.207928 -0.022721 -0.999742 0.000000 -0.042448 -0.976296 0.212238
-0.569005 0.449215 -0.688796 -0.043811 -0.788594 -0.613351 0.124214 -0.931605 -0.341589 -0.233197 -0.971653 -0.038866 -0.023150 -0.995434 -0.092599 0.023243 -0.999460 0.023243 -0.041586 -0.977260 0.207928 -0.022721 -0.999742 0.000000 -0.042448 -0.976296 0.212238
-0.588745 0.441559 -0.677057 -0.043811 -0.788594 -0.613351 0.125491 -0.941184 -0.313728 -0.233197 -0.971653 -0.038866 -0.023150 -0.995434 -0.092599 0.023243 -0.999460 0.023243 -0.041586 -0.977260 0.207928 -0.022721 -0.999742 0.000000 -0.042448 -0.976296 0.212238
-0.574000 0.417454 -0.704454 0.045502 -0.864530 -0.500517 0.095346 -0.953463 -0.286039 -0.233197 -0.971653 -0.038866 -0.023150 -0.995434 -0.092599 0.023243 -0.999460 0.023243 -0.041586 -0.977260 0.207928 -0.022721 -0.999742 0.000000 -0.042448 -0.976296 0.212238
-0.574000 0.417454 -0.704454 0.046524 -0.883960 -0.465242 0.093296 -0.964054 -0.248788 -0.233197 -0.971653 -0.038866 -0.023193 -0.997307 -0.069580 0.023243 -0.999460 0.023243 -0.041586 -0.977260 0.207928 -0.045408 -0.998969 0.000000 -0.042448 -0.976296 0.212238
-0.556108 0.423702 -0.714997 0.046524 -0.883960 -0.465242 0.062348 -0.966394 -0.249392 -0.233197 -0.971653 -0.038866 -0.023193 -0.997307 -0.069580 0.023250 -0.999730 0.000000 -0.041586 -0.977260 0.207928 -0.045408 -0.998969 0.000000 -0.042448 -0.976296 0.212238
-0.562254 0.401610 -0.722897 0.046524 -0.883960 -0.465242 0.060943 -0.975084 -0.213300 -0.233197 -0.971653 -0.038866 -0.023193 -0.997307 -0.069580 0.023250 -0.999730 0.000000 -0.041586 -0.977260 0.207928 -0.045408 -0.998969 0.000000 -0.042448 -0.976296 0.212238
-0.551487 0.393919 -0.735316 0.047511 -0.902717 -0.427603 0.030700 -0.982409 -0.184202 -0.233197 -0.971653 -0.038866 -0.023193 -0.997307 -0.069580 0.023250 -0.999730 0.000000 -0.041586 -0.977260 0.207928 -0.045408 -0.998969 0.000000 -0.042448 -0.976296 0.212238
-0.580154 0.395559 -0.712007 0.141264 -0.894675 -0.423793 0.031654 -0.981288 -0.189927 -0.224702 -0.973708 -0.037450 -0.023193 -0.997307 -0.069580 0.023250 -0.999730 0.000000 -0.041586 -0.977260 0.207928 -0.045408 -0.998969 0.000000 -0.042448 -0.976296 0.212238
-0.580154 0.395559 -0.712007 0.141264 -0.894675 -0.423793 0.031654 -0.981288 -0.189927 -0.224702 -0.973708 -0.037450 -0.023193 -0.997307 -0.069580 0.023250 -0.999730 0.000000 -0.041586 -0.977260 0.207928 -0.045408 -0.998969 0.000000 -0.042448 -0.976296 0.212238
-0.569368 0.388205 -0.724650 0.141264 -0.894675 -0.423793 0.000000 -0.981780 -0.190022 -0.224860 -0.974391 0.000000 -0.023193 -0.997307 -0.069580 0.023250 -0.999730 0.000000 -0.041586 -0.977260 0.207928 -0.045408 -0.998969 0.000000 -0.042448 -0.976296 0.212238
-0.569368 0.388205 -0.724650 0.141264 -0.894675 -0.423793 0.000000 -0.981780 -0.190022 -0.224860 -0.974391 0.000000 -0.023193 -0.997307 -0.069580 0.023250 -0.999730 0.000000 -0.041586 -0.977260 0.207928 -0.045408 -0.998969 0.000000 -0.042448 -0.976296 0.212238
