0.588662 0.796425 -0.138509 0.531891 -0.620539 -0.576215 0.094585 -0.977378 -0.189170 -0.269430 -0.962250 -0.038490 0.000000 -0.998868 -0.047565 0.000000 -0.999056 -0.043437 0.000000 -0.979715 0.200396 -0.043396 -0.998115 -0.043396 -0.021921 -0.964532 0.263054
0.618450 0.765700 -0.176700 0.425628 -0.595880 -0.681005 0.094585 -0.977378 -0.189170 -0.269430 -0.962250 -0.038490 0.000000 -0.998868 -0.047565 0.000000 -0.999056 -0.043437 0.000000 -0.979715 0.200396 -0.043396 -0.998115 -0.043396 -0.021921 -0.964532 0.263054
0.338002 0.826227 -0.450669 0.331042 -0.579324 -0.744845 0.094585 -0.977378 -0.189170 -0.269430 -0.962250 -0.038490 0.000000 -0.998868 -0.047565 0.000000 -0.999056 -0.043437 0.000000 -0.979715 0.200396 -0.043396 -0.998115 -0.043396 -0.021921 -0.964532 0.263054
0.215387 0.789754 -0.574367 0.246390 -0.574911 -0.780236 0.094585 -0.977378 -0.189170 -0.269430 -0.962250 -0.038490 0.000000 -0.998868 -0.047565 0.000000 -0.999056 -0.043437 0.000000 -0.979715 0.200396 -0.044357 -0.998031 -0.044357 -0.021467 -0.966012 0.257603
-0.032862 0.722965 -0.690103 0.082339 -0.617540 -0.782218 0.093980 -0.971124 -0.219286 -0.269630 -0.962964 0.000000 0.000000 -0.997459 -0.071247 0.000000 -0.999056 -0.043437 0.000000 -0.979715 0.200396 -0.044357 -0.998031 -0.044357 -0.021467 -0.966012 0.257603
-0.299208 0.628337 -0.718100 0.040226 -0.643614 -0.764292 0.093980 -0.971124 -0.219286 -0.269630 -0.962964 0.000000 0.000000 -0.997459 -0.071247 0.000000 -0.999056 -0.043437 0.000000 -0.979715 0.200396 -0.044357 -0.998031 -0.044357 -0.021467 -0.966012 0.257603
-0.496364 0.583957 -0.642353 0.000000 -0.707107 -0.707107 0.093980 -0.971124 -0.219286 -0.269630 -0.962964 0.000000 0.000000 -0.997459 -0.071247 0.000000 -0.999056 -0.043437 0.000000 -0.975133 0.221621 -0.044357 -0.998031 -0.044357 -0.021467 -0.966012 0.257603
-0.619471 0.542037 -0.567848 0.000000 -0.789352 -0.613941 0.093980 -0.971124 -0.219286 -0.269630 -0.962964 0.000000 0.000000 -0.997459 -0.071247 0.000000 -0.999056 -0.043437 0.000000 -0.975133 0.221621 -0.066454 -0.996805 -0.044302 -0.021582 -0.971173 0.237398
-0.641243 0.542590 -0.542590 0.000000 -0.825307 -0.564684 0.093980 -0.971124 -0.219286 -0.269630 -0.962964 0.000000 0.000000 -0.997459 -0.071247 0.000000 -0.999056 -0.043437 0.000000 -0.975133 0.221621 -0.066454 -0.996805 -0.044302 -0.021582 -0.971173 0.237398
-0.685583 0.538672 -0.489702 0.000000 -0.825307 -0.564684 0.093980 -0.971124 -0.219286 -0.269630 -0.962964 0.000000 0.000000 -0.997459 -0.071247 0.000000 -0.999056 -0.043437 0.000000 -0.975133 0.221621 -0.066454 -0.996805 -0.044302 -0.021582 -0.971173 0.237398
-0.680552 0.554524 -0.478907 -0.043396 -0.824530 -0.564152 0.093980 -0.971124 -0.219286 -0.269630 -0.962964 0.000000 0.000000 -0.997459 -0.071247 0.000000 -0.999056 -0.043437 0.000000 -0.975133 0.221621 -0.066454 -0.996805 -0.044302 -0.021582 -0.971173 0.237398
-0.684353 0.562147 -0.464383 0.000000 -0.857493 -0.514496 0.091203 -0.972829 -0.212806 -0.280000 -0.960000 0.000000 0.000000 -0.997459 -0.071247 0.000000 -0.999056 -0.043437 0.000000 -0.975133 0.221621 -0.066454 -0.996805 -0.044302 -0.021582 -0.971173 0.237398
-0.674926 0.571092 -0.467257 0.000000 -0.845489 -0.533993 0.121212 -0.969697 -0.212121 -0.280000 -0.960000 0.000000 -0.023742 -0.997178 -0.071227 0.000000 -0.999056 -0.043437 0.000000 -0.975133 0.221621 -0.066454 -0.996805 -0.044302 -0.021582 -0.971173 0.237398
-0.676665 0.595465 -0.433066 -0.042333 -0.804334 -0.592667 0.121212 -0.969697 -0.212121 -0.279776 -0.959233 -0.039968 -0.023742 -0.997178 -0.071227 0.000000 -0.999056 -0.043437 0.000000 -0.975133 0.221621 -0.066454 -0.996805 -0.044302 -0.021582 -0.971173 0.237398
-0.664109 0.581096 -0.470411 -0.043811 -0.788594 -0.613351 0.091203 -0.972829 -0.212806 -0.242338 -0.969351 -0.040390 -0.023742 -0.997178 -0.071227 0.000000 -0.999056 -0.043437 0.000000 -0.975133 0.221621 -0.066454 -0.996805 -0.044302 -0.021582 -0.971173 0.237398
-0.656875 0.599755 -0.456956 -0.085049 -0.765438 -0.637865 0.090577 -0.966155 -0.241539 -0.242536 -0.970143 0.000000 -0.023742 -0.997178 -0.071227 0.000000 -0.999056 -0.043437 0.000000 -0.975133 0.221621 -0.066454 -0.996805 -0.044302 -0.021582 -0.971173 0.237398
-0.656875 0.599755 -0.456956 -0.085049 -0.765438 -0.637865 0.090577 -0.966155 -0.241539 -0.242536 -0.970143 0.000000 -0.023742 -0.997178 -0.071227 0.000000 -0.999056 -0.043437 0.000000 -0.975133 0.221621 -0.066454 -0.996805 -0.044302 -0.021582 -0.971173 0.237398
-0.668142 0.580993 -0.464794 -0.085049 -0.765438 -0.637865 0.093980 -0.971124 -0.219286 -0.242536 -0.970143 0.000000 -0.023742 -0.997178 -0.071227 0.000000 -0.999056 -0.043437 0.000000 -0.975133 0.221621 -0.066454 -0.996805 -0.044302 -0.021582 -0.971173 0.237398
-0.651584 0.592349 -0.473879 -0.123613 -0.741677 -0.659269 0.062807 -0.973515 -0.219826 -0.242536 -0.970143 0.000000 -0.023742 -0.997178 -0.071227 0.000000 -0.999056 -0.043437 0.000000 -0.975133 0.221621 -0.067954 -0.996659 -0.045303 -0.021582 -0.971173 0.237398
-0.640174 0.611075 -0.465581 -0.119904 -0.759393 -0.639489 0.063214 -0.979816 -0.189642 -0.242536 -0.970143 0.000000 -0.023742 -0.997178 -0.071227 0.000000 -0.999056 -0.043437 0.000000 -0.975133 0.221621 -0.067954 -0.996659 -0.045303 -0.021582 -0.971173 0.237398
-0.631413 0.602712 -0.487910 -0.126099 -0.798630 -0.588464 0.063214 -0.979816 -0.189642 -0.242536 -0.970143 0.000000 -0.023742 -0.997178 -0.071227 0.000000 -0.999056 -0.043437 0.000000 -0.975133 0.221621 -0.067954 -0.996659 -0.045303 -0.021582 -0.971173 0.237398
-0.642353 0.583957 -0.496364 -0.126099 -0.798630 -0.588464 0.031654 -0.981288 -0.189927 -0.242338 -0.969351 0.040390 -0.023742 -0.997178 -0.071227 0.000000 -0.999056 -0.043437 0.000000 -0.975133 0.221621 -0.067954 -0.996659 -0.045303 -0.021582 -0.971173 0.237398
