0.356291 0.814379 -0.458088 0.608229 -0.760286 -0.228086 0.095539 -0.987241 -0.127386 -0.242338 -0.969351 -0.040390 0.024922 -0.996890 -0.074767 0.068006 -0.997427 -0.022669 0.042173 -0.991067 0.126519 0.067591 -0.991333 -0.112651 0.000000 -0.981393 0.192012
0.337691 0.831239 -0.441596 0.649063 -0.725423 -0.229081 0.098639 -0.986394 -0.131519 -0.224702 -0.973708 -0.037450 0.024318 -0.997039 -0.072954 0.068006 -0.997427 -0.022669 0.042173 -0.991067 0.126519 0.067591 -0.991333 -0.112651 0.000000 -0.981393 0.192012
0.317999 0.847998 -0.423999 0.649063 -0.725423 -0.229081 0.099015 -0.990148 -0.099015 -0.224702 -0.973708 -0.037450 0.024318 -0.997039 -0.072954 0.067954 -0.996659 -0.045303 0.042052 -0.988215 0.147181 0.067591 -0.991333 -0.112651 0.000000 -0.981393 0.192012
0.321518 0.857382 -0.401898 0.692294 -0.692294 -0.203616 0.099015 -0.990148 -0.099015 -0.224702 -0.973708 -0.037450 0.024318 -0.997039 -0.072954 0.067954 -0.996659 -0.045303 0.042052 -0.988215 0.147181 0.067591 -0.991333 -0.112651 0.000000 -0.981393 0.192012
0.324918 0.866449 -0.379071 0.686064 -0.686064 -0.242140 0.099015 -0.990148 -0.099015 -0.259794 -0.964951 -0.037113 0.024318 -0.997039 -0.072954 0.067954 -0.996659 -0.045303 0.021040 -0.988871 0.147279 0.067591 -0.991333 -0.112651 0.000000 -0.981393 0.192012
0.355531 0.875154 -0.328183 0.678915 -0.678915 -0.279553 0.098639 -0.986394 -0.131519 -0.259973 -0.965616 0.000000 0.024318 -0.997039 -0.072954 0.067954 -0.996659 -0.045303 0.021040 -0.988871 0.147279 0.067591 -0.991333 -0.112651 0.000000 -0.981393 0.192012
0.421408 0.870910 -0.252845 0.614940 -0.696932 -0.368964 0.098639 -0.986394 -0.131519 -0.259973 -0.965616 0.000000 0.024318 -0.997039 -0.072954 0.067954 -0.996659 -0.045303 0.021040 -0.988871 0.147279 0.067591 -0.991333 -0.112651 0.000000 -0.981393 0.192012
0.477878 0.836287 -0.268806 0.550334 -0.719667 -0.423334 0.098639 -0.986394 -0.131519 -0.259973 -0.965616 0.000000 0.024318 -0.997039 -0.072954 0.067954 -0.996659 -0.045303 0.021040 -0.988871 0.147279 0.067591 -0.991333 -0.112651 0.000000 -0.981393 0.192012
0.498707 0.792065 -0.352029 0.419591 -0.755263 -0.503509 0.098163 -0.981630 -0.163605 -0.259973 -0.965616 0.000000 0.024318 -0.997039 -0.072954 0.067954 -0.996659 -0.045303 0.021040 -0.988871 0.147279 0.067591 -0.991333 -0.112651 0.000000 -0.981393 0.192012
0.418040 0.766406 -0.487713 0.369586 -0.657041 -0.657041 0.098163 -0.981630 -0.163605 -0.224860 -0.974391 0.000000 0.024318 -0.997039 -0.072954 0.067954 -0.996659 -0.045303 0.021040 -0.988871 0.147279 0.067591 -0.991333 -0.112651 0.000000 -0.981393 0.192012
0.110808 0.738717 -0.664845 0.315244 -0.630488 -0.709299 0.098163 -0.981630 -0.163605 -0.224860 -0.974391 0.000000 0.024318 -0.997039 -0.072954 0.066454 -0.996805 -0.044302 0.021487 -0.988391 0.150407 0.067591 -0.991333 -0.112651 -0.021330 -0.981169 0.191968
-0.135691 0.610608 -0.780222 0.324176 -0.648353 -0.688875 0.097590 -0.975900 -0.195180 -0.224860 -0.974391 0.000000 0.024318 -0.997039 -0.072954 0.066454 -0.996805 -0.044302 0.021487 -0.988391 0.150407 0.045118 -0.992593 -0.112795 0.000000 -0.981393 0.192012
-0.360342 0.510485 -0.780742 0.159490 -0.717707 -0.677834 0.097590 -0.975900 -0.195180 -0.259973 -0.965616 0.000000 0.000000 -0.997334 -0.072976 0.066454 -0.996805 -0.044302 0.021413 -0.984986 0.171302 0.045118 -0.992593 -0.112795 0.000000 -0.981393 0.192012
-0.532647 0.503055 -0.680604 0.082339 -0.782218 -0.617540 0.129641 -0.972306 -0.194461 -0.259973 -0.965616 0.000000 0.024318 -0.997039 -0.072954 0.066454 -0.996805 -0.044302 0.000000 -0.985212 0.171341 0.045118 -0.992593 -0.112795 0.000000 -0.981393 0.192012
-0.622513 0.474295 -0.622513 0.040927 -0.818546 -0.572982 0.128765 -0.965734 -0.225338 -0.259973 -0.965616 0.000000 0.024318 -0.997039 -0.072954 0.066372 -0.995585 -0.066372 0.000000 -0.981393 0.192012 0.045118 -0.992593 -0.112795 0.000000 -0.981393 0.192012
-0.651584 0.473879 -0.592349 0.040456 -0.849569 -0.525924 0.096926 -0.969256 -0.226160 -0.224860 -0.974391 0.000000 0.024318 -0.997039 -0.072954 0.066372 -0.995585 -0.066372 0.000000 -0.981393 0.192012 0.045118 -0.992593 -0.112795 0.000000 -0.981393 0.192012
-0.634039 0.483077 -0.603847 0.000000 -0.868243 -0.496139 0.096926 -0.969256 -0.226160 -0.259973 -0.965616 0.000000 0.000000 -0.997459 -0.071247 0.066372 -0.995585 -0.066372 0.000000 -0.981393 0.192012 0.045118 -0.992593 -0.112795 -0.021330 -0.981169 0.191968
-0.655291 0.468065 -0.592882 -0.041310 -0.867502 -0.495715 0.124878 -0.967805 -0.218537 -0.269630 -0.962964 0.000000 0.000000 -0.997459 -0.071247 0.066372 -0.995585 -0.066372 0.000000 -0.981393 0.192012 0.044130 -0.992916 -0.110324 -0.021786 -0.980348 0.196070
-0.606061 0.515152 -0.606061 -0.040622 -0.893689 -0.446844 0.128765 -0.965734 -0.225338 -0.269630 -0.962964 0.000000 0.000000 -0.997459 -0.071247 0.066372 -0.995585 -0.066372 0.000000 -0.981393 0.192012 0.066114 -0.991709 -0.110190 -0.021786 -0.980348 0.196070
-0.586353 0.524631 -0.617213 -0.042145 -0.885044 -0.463595 0.128765 -0.965734 -0.225338 -0.269630 -0.962964 0.000000 0.000000 -0.997459 -0.071247 0.066372 -0.995585 -0.066372 0.000000 -0.981393 0.192012 0.066114 -0.991709 -0.110190 -0.021786 -0.980348 0.196070
-0.586353 0.524631 -0.617213 -0.042145 -0.885044 -0.463595 0.128765 -0.965734 -0.225338 -0.269630 -0.962964 0.000000 0.000000 -0.997459 -0.071247 0.066372 -0.995585 -0.066372 0.000000 -0.981393 0.192012 0.066114 -0.991709 -0.110190 -0.021786 -0.980348 0.196070
-0.565546 0.534127 -0.628384 0.000000 -0.885832 -0.464007 0.128765 -0.965734 -0.225338 -0.269630 -0.962964 0.000000 0.023742 -0.997178 -0.071227 0.066372 -0.995585 -0.066372 0.000000 -0.981393 0.192012 0.066114 -0.991709 -0.110190 -0.021786 -0.980348 0.196070
-0.575230 0.514679 -0.635780 0.042145 -0.885044 -0.463595 0.129641 -0.972306 -0.194461 -0.269630 -0.962964 0.000000 0.023742 -0.997178 -0.071227 0.066372 -0.995585 -0.066372 0.000000 -0.981393 0.192012 0.066114 -0.991709 -0.110190 -0.021786 -0.980348 0.196070
-0.575230 0.514679 -0.635780 0.042954 -0.902027 -0.429537 0.096926 -0.969256 -0.226160 -0.269430 -0.962250 0.038490 0.000000 -0.997459 -0.071247 0.066372 -0.995585 -0.066372 -0.021330 -0.981169 0.191968 0.044130 -0.992916 -0.110324 -0.021786 -0.980348 0.196070
-0.565546 0.534127 -0.628384 0.042145 -0.885044 -0.463595 0.063214 -0.979816 -0.189642 -0.269430 -0.962250 0.038490 0.000000 -0.997459 -0.071247 0.066372 -0.995585 -0.066372 -0.021330 -0.981169 0.191968 0.044130 -0.992916 -0.110324 -0.021786 -0.980348 0.196070
-0.565546 0.534127 -0.628384 0.042145 -0.885044 -0.463595 0.061898 -0.990375 -0.123797 -0.269630 -0.962964 0.000000 0.000000 -0.997459 -0.071247 0.066372 -0.995585 -0.066372 -0.021330 -0.981169 0.191968 0.044130 -0.992916 -0.110324 -0.021786 -0.980348 0.196070
-0.574989 0.511101 -0.638877 0.043769 -0.875376 -0.481457 0.030165 -0.995440 -0.090495 -0.269630 -0.962964 0.000000 0.000000 -0.997459 -0.071247 0.066372 -0.995585 -0.066372 -0.021330 -0.981169 0.191968 0.044130 -0.992916 -0.110324 -0.021786 -0.980348 0.196070
-0.563326 0.500734 -0.657213 0.043769 -0.875376 -0.481457 0.031099 -0.995153 -0.093296 -0.259973 -0.965616 0.000000 0.000000 -0.997459 -0.071247 0.044302 -0.996805 -0.066454 -0.021330 -0.981169 0.191968 0.045118 -0.992593 -0.112795 -0.021330 -0.981169 0.191968
-0.556846 0.529004 -0.640373 0.042145 -0.885044 -0.463595 0.031099 -0.995153 -0.093296 -0.259973 -0.965616 0.000000 0.000000 -0.997459 -0.071247 0.044302 -0.996805 -0.066454 -0.021330 -0.981169 0.191968 0.045118 -0.992593 -0.112795 -0.021330 -0.981169 0.191968
-0.546971 0.519622 -0.656365 0.042145 -0.885044 -0.463595 0.030994 -0.991801 -0.123975 -0.259794 -0.964951 0.037113 0.000000 -0.997459 -0.071247 0.044302 -0.996805 -0.066454 -0.021330 -0.981169 0.191968 0.045118 -0.992593 -0.112795 -0.021330 -0.981169 0.191968
-0.557872 0.531306 -0.637568 0.042145 -0.885044 -0.463595 0.031099 -0.995153 -0.093296 -0.259794 -0.964951 0.037113 0.000000 -0.997459 -0.071247 0.044302 -0.996805 -0.066454 -0.021330 -0.981169 0.191968 0.045118 -0.992593 -0.112795 -0.021330 -0.981169 0.191968
