0.472208
0.792480
-0.352058
0.537064
-0.675978
-0.452504
0.090669
-0.971878
-0.212316
-0.249495
-0.967094
-0.027662
-0.007405
-0.998455
-0.048248
0.041530
-0.997275
-0.041386
0.002447
-0.978920
0.201668
-0.047820
-0.995761
-0.061175
-0.029505
-0.974874
0.218661
-0.636081
0.508135
-0.567970
-0.013636
-0.816400
-0.559924
0.059273
-0.973798
-0.214935
-0.251762
-0.966435
-0.002136
-0.026554
-0.997492
-0.058789
0.036456
-0.997428
-0.040101
0.002397
-0.975824
0.216951
-0.051094
-0.995797
-0.059471
-0.032024
-0.976434
0.211315
0.529604
0.399132
9.263227
