0.314378 0.838340 -0.445368 0.538064 -0.768662 -0.345898 0.097590 -0.975900 -0.195180 -0.259794 -0.964951 -0.037113 0.023742 -0.997178 -0.071227 0.022669 -0.997427 -0.068006 -0.020806 -0.977894 0.208063 0.022576 -0.993352 -0.112881 -0.021238 -0.976956 0.212382
0.341515 0.840651 -0.420326 0.538064 -0.768662 -0.345898 0.097590 -0.975900 -0.195180 -0.259794 -0.964951 -0.037113 0.023742 -0.997178 -0.071227 0.022669 -0.997427 -0.068006 -0.020806 -0.977894 0.208063 0.022576 -0.993352 -0.112881 -0.021238 -0.976956 0.212382
0.439554 0.824163 -0.357137 0.517932 -0.756978 -0.398410 0.097590 -0.975900 -0.195180 -0.259794 -0.964951 -0.037113 0.023742 -0.997178 -0.071227 0.022669 -0.997427 -0.068006 -0.020806 -0.977894 0.208063 0.023094 -0.993042 -0.115470 -0.021238 -0.976956 0.212382
0.534522 0.801784 -0.267261 0.475457 -0.713186 -0.515079 0.097590 -0.975900 -0.195180 -0.259794 -0.964951 -0.037113 0.023742 -0.997178 -0.071227 0.022669 -0.997427 -0.068006 -0.020806 -0.977894 0.208063 0.023094 -0.993042 -0.115470 -0.021238 -0.976956 0.212382
0.560859 0.778971 -0.280430 0.403567 -0.686064 -0.605351 0.097590 -0.975900 -0.195180 -0.259794 -0.964951 -0.037113 0.023742 -0.997178 -0.071227 0.022669 -0.997427 -0.068006 -0.020806 -0.977894 0.208063 0.023094 -0.993042 -0.115470 -0.021238 -0.976956 0.212382
0.552052 0.759072 -0.345033 0.414870 -0.663792 -0.622305 0.097590 -0.975900 -0.195180 -0.259794 -0.964951 -0.037113 0.023742 -0.997178 -0.071227 0.022669 -0.997427 -0.068006 -0.020806 -0.977894 0.208063 0.023094 -0.993042 -0.115470 -0.021238 -0.976956 0.212382
0.353009 0.784465 -0.509902 0.368964 -0.614940 -0.696932 0.097590 -0.975900 -0.195180 -0.259794 -0.964951 -0.037113 0.023742 -0.997178 -0.071227 0.022669 -0.997427 -0.068006 -0.020806 -0.977894 0.208063 0.023094 -0.993042 -0.115470 -0.021238 -0.976956 0.212382
0.000000 0.745241 -0.666795 0.323117 -0.605844 -0.727013 0.098163 -0.981630 -0.163605 -0.259794 -0.964951 -0.037113 0.023742 -0.997178 -0.071227 0.022669 -0.997427 -0.068006 -0.020806 -0.977894 0.208063 0.023094 -0.993042 -0.115470 -0.021238 -0.976956 0.212382
-0.223835 0.639529 -0.735459 0.240578 -0.601445 -0.761831 0.097590 -0.975900 -0.195180 -0.259973 -0.965616 0.000000 0.023742 -0.997178 -0.071227 0.022669 -0.997427 -0.068006 0.000000 -0.978106 0.208108 0.046151 -0.992249 -0.115378 -0.042448 -0.976296 0.212238
-0.384185 0.591054 -0.709265 0.159490 -0.677834 -0.717707 0.065233 -0.978492 -0.195698 -0.259973 -0.965616 0.000000 0.023742 -0.997178 -0.071227 0.045303 -0.996659 -0.067954 -0.020806 -0.977894 0.208063 0.046151 -0.992249 -0.115378 -0.042448 -0.976296 0.212238
-0.537186 0.537186 -0.650278 0.123613 -0.741677 -0.659269 0.065618 -0.984268 -0.164045 -0.259973 -0.965616 0.000000 0.023742 -0.997178 -0.071227 0.045303 -0.996659 -0.067954 -0.020806 -0.977894 0.208063 0.046151 -0.992249 -0.115378 -0.042448 -0.976296 0.212238
-0.576870 0.548026 -0.605713 0.082339 -0.782218 -0.617540 0.065618 -0.984268 -0.164045 -0.259973 -0.965616 0.000000 0.023742 -0.997178 -0.071227 0.045303 -0.996659 -0.067954 -0.020806 -0.977894 0.208063 0.046151 -0.992249 -0.115378 -0.042448 -0.976296 0.212238
-0.566219 0.536418 -0.625821 0.040927 -0.818546 -0.572982 0.065618 -0.984268 -0.164045 -0.259973 -0.965616 0.000000 0.000000 -0.997459 -0.071247 0.045303 -0.996659 -0.067954 -0.020806 -0.977894 0.208063 0.046262 -0.994635 -0.092524 -0.042630 -0.980500 0.191837
-0.624712 0.505719 -0.594964 0.041310 -0.867502 -0.495715 0.065618 -0.984268 -0.164045 -0.259973 -0.965616 0.000000 0.000000 -0.997459 -0.071247 0.045303 -0.996659 -0.067954 -0.020806 -0.977894 0.208063 0.046262 -0.994635 -0.092524 -0.042630 -0.980500 0.191837
-0.627147 0.501718 -0.595790 0.041310 -0.867502 -0.495715 0.065618 -0.984268 -0.164045 -0.259973 -0.965616 0.000000 0.000000 -0.997459 -0.071247 0.045303 -0.996659 -0.067954 -0.020806 -0.977894 0.208063 0.046262 -0.994635 -0.092524 -0.042630 -0.980500 0.191837
-0.624695 0.468521 -0.624695 0.000000 -0.885832 -0.464007 0.065618 -0.984268 -0.164045 -0.259973 -0.965616 0.000000 0.000000 -0.997459 -0.071247 0.045303 -0.996659 -0.067954 -0.020806 -0.977894 0.208063 0.046262 -0.994635 -0.092524 -0.042630 -0.980500 0.191837
-0.585597 0.529826 -0.613483 0.000000 -0.894427 -0.447214 0.065233 -0.978492 -0.195698 -0.259973 -0.965616 0.000000 0.000000 -0.997459 -0.071247 0.045303 -0.996659 -0.067954 -0.020806 -0.977894 0.208063 0.046151 -0.992249 -0.115378 -0.042448 -0.976296 0.212238
-0.567848 0.542037 -0.619471 0.000000 -0.894427 -0.447214 0.097590 -0.975900 -0.195180 -0.259973 -0.965616 0.000000 0.000000 -0.997459 -0.071247 0.045303 -0.996659 -0.067954 -0.020806 -0.977894 0.208063 0.046151 -0.992249 -0.115378 -0.042448 -0.976296 0.212238
-0.556846 0.529004 -0.640373 0.000000 -0.894427 -0.447214 0.097590 -0.975900 -0.195180 -0.259973 -0.965616 0.000000 0.000000 -0.997459 -0.071247 0.045303 -0.996659 -0.067954 -0.020806 -0.977894 0.208063 0.046151 -0.992249 -0.115378 -0.042448 -0.976296 0.212238
-0.565711 0.511834 -0.646527 0.000000 -0.902861 -0.429934 0.097590 -0.975900 -0.195180 -0.259973 -0.965616 0.000000 0.000000 -0.997459 -0.071247 0.045303 -0.996659 -0.067954 -0.020806 -0.977894 0.208063 0.046151 -0.992249 -0.115378 -0.042448 -0.976296 0.212238
-0.554700 0.499230 -0.665640 0.000000 -0.902861 -0.429934 0.097590 -0.975900 -0.195180 -0.259973 -0.965616 0.000000 0.000000 -0.997459 -0.071247 0.045303 -0.996659 -0.067954 -0.020806 -0.977894 0.208063 0.046151 -0.992249 -0.115378 -0.042448 -0.976296 0.212238
-0.545311 0.516610 -0.660113 0.000000 -0.885832 -0.464007 0.097590 -0.975900 -0.195180 -0.259973 -0.965616 0.000000 0.000000 -0.997459 -0.071247 0.045303 -0.996659 -0.067954 -0.020806 -0.977894 0.208063 0.046151 -0.992249 -0.115378 -0.042448 -0.976296 0.212238
-0.532647 0.503055 -0.680604 0.000000 -0.885832 -0.464007 0.096926 -0.969256 -0.226160 -0.259794 -0.964951 0.037113 0.000000 -0.997459 -0.071247 0.045303 -0.996659 -0.067954 -0.020806 -0.977894 0.208063 0.046151 -0.992249 -0.115378 -0.042448 -0.976296 0.212238
-0.562322 0.477973 -0.674786 0.000000 -0.876216 -0.481919 0.096926 -0.969256 -0.226160 -0.259794 -0.964951 0.037113 0.000000 -0.997459 -0.071247 0.045303 -0.996659 -0.067954 -0.020806 -0.977894 0.208063 0.046151 -0.992249 -0.115378 -0.042448 -0.976296 0.212238
-0.562322 0.477973 -0.674786 0.000000 -0.865426 -0.501036 0.096926 -0.969256 -0.226160 -0.259794 -0.964951 0.037113 0.000000 -0.997459 -0.071247 0.045303 -0.996659 -0.067954 -0.020806 -0.977894 0.208063 0.046151 -0.992249 -0.115378 -0.042448 -0.976296 0.212238
