0.442642 0.807171 -0.390567 0.438250 -0.876501 -0.199205 0.149873 -0.959185 -0.239796 -0.233373 -0.972387 0.000000 0.024354 -0.998516 -0.048708 0.000000 -0.997880 -0.065079 0.021874 -0.984327 0.174991 -0.045361 -0.997940 -0.045361 -0.021238 -0.976956 0.212382
0.437037 0.815803 -0.378766 0.416305 -0.874241 -0.249783 0.148741 -0.951943 -0.267734 -0.269630 -0.962964 0.000000 0.024354 -0.998516 -0.048708 0.000000 -0.997880 -0.065079 0.022355 -0.983624 0.178841 -0.045361 -0.997940 -0.045361 -0.021688 -0.975957 0.216879
0.488514 0.833347 -0.258625 0.411693 -0.864556 -0.288185 0.149873 -0.959185 -0.239796 -0.269430 -0.962250 -0.038490 0.024354 -0.998516 -0.048708 0.000000 -0.997880 -0.065079 0.000000 -0.983870 0.178885 -0.045361 -0.997940 -0.045361 -0.021688 -0.975957 0.216879
0.529183 0.823173 -0.205793 0.426790 -0.853579 -0.298753 0.149873 -0.959185 -0.239796 -0.269430 -0.962250 -0.038490 0.024354 -0.998516 -0.048708 0.000000 -0.997880 -0.065079 0.000000 -0.983870 0.178885 -0.045361 -0.997940 -0.045361 -0.043345 -0.975270 0.216727
0.542415 0.827896 -0.142741 0.421076 -0.842152 -0.336861 0.148741 -0.951943 -0.267734 -0.269430 -0.962250 -0.038490 0.024354 -0.998516 -0.048708 0.000000 -0.997880 -0.065079 0.000000 -0.979715 0.200396 -0.045361 -0.997940 -0.045361 -0.043345 -0.975270 0.216727
0.577350 0.808290 -0.115470 0.422200 -0.802181 -0.422200 0.119470 -0.955756 -0.268806 -0.233197 -0.971653 -0.038866 0.000000 -0.998812 -0.048723 0.000000 -0.997880 -0.065079 0.000000 -0.979715 0.200396 -0.045361 -0.997940 -0.045361 -0.043345 -0.975270 0.216727
0.353007 0.866471 -0.353007 0.433148 -0.736352 -0.519778 0.119470 -0.955756 -0.268806 -0.233197 -0.971653 -0.038866 0.000000 -0.998812 -0.048723 0.000000 -0.997880 -0.065079 0.000000 -0.979715 0.200396 -0.045361 -0.997940 -0.045361 -0.043345 -0.975270 0.216727
0.244302 0.837606 -0.488603 0.400099 -0.711287 -0.577920 0.153069 -0.949029 -0.275525 -0.233197 -0.971653 -0.038866 0.024354 -0.998516 -0.048708 0.000000 -0.997880 -0.065079 0.000000 -0.979715 0.200396 -0.045361 -0.997940 -0.045361 -0.043345 -0.975270 0.216727
0.034219 0.787044 -0.615947 0.400099 -0.711287 -0.577920 0.154303 -0.956681 -0.246885 -0.269430 -0.962250 -0.038490 0.024354 -0.998516 -0.048708 0.000000 -0.997880 -0.065079 0.000000 -0.979715 0.200396 -0.045303 -0.996659 -0.067954 -0.043345 -0.975270 0.216727
-0.207267 0.725433 -0.656344 0.368964 -0.696932 -0.614940 0.123975 -0.960807 -0.247950 -0.269430 -0.962250 -0.038490 0.000000 -0.998812 -0.048723 0.000000 -0.997880 -0.065079 0.000000 -0.979715 0.200396 -0.067867 -0.995383 -0.067867 -0.021688 -0.975957 0.216879
-0.252856 0.600533 -0.758567 0.085049 -0.765438 -0.637865 0.124878 -0.967805 -0.218537 -0.269430 -0.962250 -0.038490 0.000000 -0.997334 -0.072976 0.000000 -0.997880 -0.065079 0.000000 -0.979715 0.200396 -0.067867 -0.995383 -0.067867 -0.021688 -0.975957 0.216879
-0.451466 0.507899 -0.733632 0.043811 -0.788594 -0.613351 0.124878 -0.967805 -0.218537 -0.269430 -0.962250 -0.038490 0.000000 -0.997334 -0.072976 0.000000 -0.997880 -0.065079 0.000000 -0.979715 0.200396 -0.067867 -0.995383 -0.067867 -0.021688 -0.975957 0.216879
-0.564218 0.504827 -0.653305 0.000000 -0.838444 -0.544988 0.125677 -0.973996 -0.188515 -0.269430 -0.962250 -0.038490 0.000000 -0.998812 -0.048723 0.000000 -0.997880 -0.065079 -0.022261 -0.979472 0.200347 -0.067867 -0.995383 -0.067867 -0.021688 -0.975957 0.216879
-0.634039 0.483077 -0.603847 0.000000 -0.868243 -0.496139 0.125677 -0.973996 -0.188515 -0.269430 -0.962250 -0.038490 -0.024354 -0.998516 -0.048708 0.000000 -0.997880 -0.065079 -0.022157 -0.974893 0.221567 -0.066372 -0.995585 -0.066372 -0.022157 -0.974893 0.221567
-0.897085 0.276026 -0.345033 0.000000 -0.877896 -0.478852 0.094585 -0.977378 -0.189170 -0.233197 -0.971653 -0.038866 -0.023776 -0.998586 -0.047552 0.000000 -0.997880 -0.065079 -0.022157 -0.974893 0.221567 -0.066372 -0.995585 -0.066372 -0.044281 -0.974176 0.221404
-0.671519 0.510355 -0.537215 0.000000 -0.910366 -0.413803 0.094585 -0.977378 -0.189170 -0.233197 -0.971653 -0.038866 -0.023776 -0.998586 -0.047552 0.000000 -0.997880 -0.065079 -0.022157 -0.974893 0.221567 -0.066372 -0.995585 -0.066372 -0.044281 -0.974176 0.221404
-0.695376 0.508159 -0.508159 0.000000 -0.894427 -0.447214 0.093980 -0.971124 -0.219286 -0.269630 -0.962964 0.000000 -0.023776 -0.998586 -0.047552 0.000000 -0.997880 -0.065079 -0.022157 -0.974893 0.221567 -0.066372 -0.995585 -0.066372 -0.044281 -0.974176 0.221404
-0.671519 0.510355 -0.537215 0.000000 -0.885832 -0.464007 0.062807 -0.973515 -0.219826 -0.269630 -0.962964 0.000000 -0.023776 -0.998586 -0.047552 0.000000 -0.997880 -0.065079 -0.022157 -0.974893 0.221567 -0.067867 -0.995383 -0.067867 -0.043345 -0.975270 0.216727
-0.662266 0.529813 -0.529813 0.000000 -0.857493 -0.514496 0.062807 -0.973515 -0.219826 -0.269630 -0.962964 0.000000 -0.023776 -0.998586 -0.047552 0.000000 -0.997880 -0.065079 -0.022157 -0.974893 0.221567 -0.067867 -0.995383 -0.067867 -0.043345 -0.975270 0.216727
-0.637568 0.531306 -0.557872 0.000000 -0.845489 -0.533993 0.063214 -0.979816 -0.189642 -0.269630 -0.962964 0.000000 -0.023776 -0.998586 -0.047552 0.000000 -0.997880 -0.065079 -0.022157 -0.974893 0.221567 -0.067867 -0.995383 -0.067867 -0.043345 -0.975270 0.216727
-0.646997 0.539164 -0.539164 0.000000 -0.825307 -0.564684 0.062807 -0.973515 -0.219826 -0.269430 -0.962250 0.038490 -0.023776 -0.998586 -0.047552 0.000000 -0.997880 -0.065079 -0.022157 -0.974893 0.221567 -0.067867 -0.995383 -0.067867 -0.043345 -0.975270 0.216727
-0.637568 0.531306 -0.557872 0.000000 -0.825307 -0.564684 0.062807 -0.973515 -0.219826 -0.269430 -0.962250 0.038490 -0.023776 -0.998586 -0.047552 0.000000 -0.997880 -0.065079 -0.022157 -0.974893 0.221567 -0.067867 -0.995383 -0.067867 -0.043345 -0.975270 0.216727
-0.621395 0.540343 -0.567360 0.000000 -0.845489 -0.533993 0.062807 -0.973515 -0.219826 -0.269430 -0.962250 0.038490 -0.023776 -0.998586 -0.047552 0.000000 -0.997880 -0.065079 -0.022157 -0.974893 0.221567 -0.067867 -0.995383 -0.067867 -0.043345 -0.975270 0.216727
-0.630433 0.520792 -0.575613 0.000000 -0.845489 -0.533993 0.062807 -0.973515 -0.219826 -0.269430 -0.962250 0.038490 -0.023776 -0.998586 -0.047552 0.000000 -0.997880 -0.065079 -0.022157 -0.974893 0.221567 -0.067867 -0.995383 -0.067867 -0.043345 -0.975270 0.216727
-0.635780 0.514679 -0.575230 0.000000 -0.845489 -0.533993 0.031450 -0.974958 -0.220152 -0.268833 -0.960119 0.076810 -0.023776 -0.998586 -0.047552 0.000000 -0.997880 -0.065079 -0.022157 -0.974893 0.221567 -0.067867 -0.995383 -0.067867 -0.043345 -0.975270 0.216727
