0.307434 0.888143 -0.341593 0.787499 -0.275625 -0.551249 0.120386 -0.963087 -0.240772 -0.233197 -0.971653 -0.038866 0.000000 -0.999703 -0.024383 0.110405 -0.993641 -0.022081 0.021688 -0.975957 0.216879 -0.086306 -0.992523 -0.086306 -0.022043 -0.969907 0.242477
0.307434 0.888143 -0.341593 0.787499 -0.275625 -0.551249 0.090577 -0.966155 -0.241539 -0.233197 -0.971653 -0.038866 0.000000 -0.999703 -0.024383 0.110405 -0.993641 -0.022081 0.021688 -0.975957 0.216879 -0.086306 -0.992523 -0.086306 -0.022043 -0.969907 0.242477
0.371232 0.877457 -0.303735 0.771822 -0.284356 -0.568711 0.089883 -0.958754 -0.269650 -0.233197 -0.971653 -0.038866 0.000000 -0.999703 -0.024383 0.110405 -0.993641 -0.022081 0.021688 -0.975957 0.216879 -0.086306 -0.992523 -0.086306 -0.022043 -0.969907 0.242477
0.389640 0.850124 -0.354218 0.771822 -0.284356 -0.568711 0.089883 -0.958754 -0.269650 -0.233197 -0.971653 -0.038866 0.000000 -0.999703 -0.024383 0.110405 -0.993641 -0.022081 0.021688 -0.975957 0.216879 -0.086306 -0.992523 -0.086306 -0.022043 -0.969907 0.242477
0.431610 0.827253 -0.359675 0.727013 -0.323117 -0.605844 0.089883 -0.958754 -0.269650 -0.233197 -0.971653 -0.038866 0.000000 -0.999703 -0.024383 0.110405 -0.993641 -0.022081 0.021688 -0.975957 0.216879 -0.086306 -0.992523 -0.086306 -0.022043 -0.969907 0.242477
0.408248 0.816497 -0.408248 0.605844 -0.323117 -0.727013 0.060523 -0.968364 -0.242091 -0.233197 -0.971653 -0.038866 0.000000 -0.998812 -0.048723 0.110405 -0.993641 -0.022081 0.021688 -0.975957 0.216879 -0.086306 -0.992523 -0.086306 -0.022043 -0.969907 0.242477
0.302156 0.793159 -0.528773 0.533396 -0.328244 -0.779579 0.060523 -0.968364 -0.242091 -0.233197 -0.971653 -0.038866 0.000000 -0.998812 -0.048723 0.110405 -0.993641 -0.022081 0.021688 -0.975957 0.216879 -0.088195 -0.992191 -0.088195 -0.021582 -0.971173 0.237398
0.100056 0.767093 -0.633685 0.400963 -0.360867 -0.842023 0.060057 -0.960913 -0.270257 -0.233373 -0.972387 0.000000 0.000000 -0.998812 -0.048723 0.110405 -0.993641 -0.022081 0.021688 -0.975957 0.216879 -0.088345 -0.993884 -0.066259 -0.021582 -0.971173 0.237398
-0.133482 0.700779 -0.700779 0.314270 -0.392837 -0.864242 0.060057 -0.960913 -0.270257 -0.233373 -0.972387 0.000000 0.000000 -0.998812 -0.048723 0.110405 -0.993641 -0.022081 0.021688 -0.975957 0.216879 -0.088345 -0.993884 -0.066259 -0.021582 -0.971173 0.237398
-0.256100 0.654477 -0.711388 0.205152 -0.533396 -0.820610 0.030303 -0.969697 -0.242424 -0.233373 -0.972387 0.000000 0.000000 -0.998812 -0.048723 0.110405 -0.993641 -0.022081 0.021688 -0.975957 0.216879 -0.088345 -0.993884 -0.066259 -0.021582 -0.971173 0.237398
-0.374032 0.614481 -0.694631 0.191600 -0.613121 -0.766402 0.030303 -0.969697 -0.242424 -0.233373 -0.972387 0.000000 0.000000 -0.998812 -0.048723 0.110405 -0.993641 -0.022081 0.021688 -0.975957 0.216879 -0.088345 -0.993884 -0.066259 -0.021582 -0.971173 0.237398
-0.475499 0.581165 -0.660415 0.113552 -0.643459 -0.757011 0.030303 -0.969697 -0.242424 -0.233373 -0.972387 0.000000 0.000000 -0.998812 -0.048723 0.110405 -0.993641 -0.022081 0.021688 -0.975957 0.216879 -0.088345 -0.993884 -0.066259 -0.021688 -0.975957 0.216879
-0.568291 0.543583 -0.617708 0.000000 -0.687745 -0.725953 0.030303 -0.969697 -0.242424 -0.233373 -0.972387 0.000000 0.000000 -0.998812 -0.048723 0.110405 -0.993641 -0.022081 0.021688 -0.975957 0.216879 -0.088345 -0.993884 -0.066259 -0.021688 -0.975957 0.216879
-0.626372 0.551207 -0.551207 0.000000 -0.668965 -0.743294 0.030514 -0.976445 -0.213597 -0.233197 -0.971653 -0.038866 0.000000 -0.998812 -0.048723 0.110405 -0.993641 -0.022081 0.021688 -0.975957 0.216879 -0.088345 -0.993884 -0.066259 -0.021688 -0.975957 0.216879
-0.684922 0.553207 -0.474177 0.000000 -0.668965 -0.743294 0.030514 -0.976445 -0.213597 -0.233197 -0.971653 -0.038866 0.000000 -0.998812 -0.048723 0.110405 -0.993641 -0.022081 0.021688 -0.975957 0.216879 -0.088345 -0.993884 -0.066259 -0.021688 -0.975957 0.216879
-0.701678 0.566740 -0.431802 -0.039193 -0.666283 -0.744669 0.030514 -0.976445 -0.213597 -0.233197 -0.971653 -0.038866 0.000000 -0.998812 -0.048723 0.110405 -0.993641 -0.022081 0.021688 -0.975957 0.216879 -0.088345 -0.993884 -0.066259 -0.021688 -0.975957 0.216879
-0.717532 0.579545 -0.386363 -0.039193 -0.666283 -0.744669 0.030303 -0.969697 -0.242424 -0.195965 -0.979827 -0.039193 0.000000 -0.998812 -0.048723 0.110405 -0.993641 -0.022081 0.021688 -0.975957 0.216879 -0.088345 -0.993884 -0.066259 -0.021688 -0.975957 0.216879
-0.703737 0.591139 -0.394093 -0.040357 -0.686064 -0.726421 0.029437 -0.971429 -0.235498 -0.203785 -0.978167 -0.040757 0.000000 -0.998812 -0.048723 0.110405 -0.993641 -0.022081 0.021688 -0.975957 0.216879 -0.088345 -0.993884 -0.066259 -0.021688 -0.975957 0.216879
-0.681500 0.622239 -0.385196 -0.080517 -0.684394 -0.724653 0.029437 -0.971429 -0.235498 -0.203785 -0.978167 -0.040757 0.000000 -0.998812 -0.048723 0.110405 -0.993641 -0.022081 0.021688 -0.975957 0.216879 -0.088345 -0.993884 -0.066259 -0.021688 -0.975957 0.216879
-0.681500 0.622239 -0.385196 -0.080517 -0.684394 -0.724653 0.029437 -0.971429 -0.235498 -0.203785 -0.978167 -0.040757 0.024354 -0.998516 -0.048708 0.110405 -0.993641 -0.022081 0.021688 -0.975957 0.216879 -0.086447 -0.994144 -0.064836 -0.022261 -0.979472 0.200347
-0.665141 0.634908 -0.393038 -0.080517 -0.684394 -0.724653 0.029437 -0.971429 -0.235498 -0.203785 -0.978167 -0.040757 0.024354 -0.998516 -0.048708 0.110405 -0.993641 -0.022081 0.021238 -0.976956 0.212382 -0.086447 -0.994144 -0.064836 -0.022261 -0.979472 0.200347
-0.657082 0.627215 -0.418143 -0.080517 -0.684394 -0.724653 0.028421 -0.966315 -0.255789 -0.212430 -0.977176 0.000000 0.024354 -0.998516 -0.048708 0.110405 -0.993641 -0.022081 0.021238 -0.976956 0.212382 -0.086447 -0.994144 -0.064836 -0.022261 -0.979472 0.200347
-0.648745 0.619256 -0.442326 -0.082903 -0.704673 -0.704673 0.028421 -0.966315 -0.255789 -0.212238 -0.976296 -0.042448 0.024354 -0.998516 -0.048708 0.110405 -0.993641 -0.022081 0.021238 -0.976956 0.212382 -0.086447 -0.994144 -0.064836 -0.022261 -0.979472 0.200347
-0.665340 0.607485 -0.433918 -0.041559 -0.706496 -0.706496 0.028421 -0.966315 -0.255789 -0.212238 -0.976296 -0.042448 0.024354 -0.998516 -0.048708 0.110405 -0.993641 -0.022081 0.021238 -0.976956 0.212382 -0.086447 -0.994144 -0.064836 -0.022261 -0.979472 0.200347
-0.656875 0.599755 -0.456956 -0.041559 -0.706496 -0.706496 0.028421 -0.966315 -0.255789 -0.212238 -0.976296 -0.042448 0.024354 -0.998516 -0.048708 0.110405 -0.993641 -0.022081 0.021238 -0.976956 0.212382 -0.086447 -0.994144 -0.064836 -0.022261 -0.979472 0.200347
-0.656875 0.599755 -0.456956 -0.041559 -0.706496 -0.706496 0.028421 -0.966315 -0.255789 -0.212238 -0.976296 -0.042448 0.024354 -0.998516 -0.048708 0.110405 -0.993641 -0.022081 0.021238 -0.976956 0.212382 -0.086447 -0.994144 -0.064836 -0.022261 -0.979472 0.200347
