0.418268 0.836536 -0.353919 0.632175 -0.547885 -0.547885 0.091203 -0.972829 -0.212806 -0.269430 -0.962250 -0.038490 -0.048708 -0.998516 -0.024354 0.023243 -0.999460 -0.023243 -0.020391 -0.978777 0.203912 -0.046349 -0.996503 -0.069523 0.000000 -0.978980 0.203954
0.507500 0.797499 -0.326250 0.644305 -0.472490 -0.601351 0.091203 -0.972829 -0.212806 -0.269430 -0.962250 -0.038490 -0.048708 -0.998516 -0.024354 0.023243 -0.999460 -0.023243 -0.020391 -0.978777 0.203912 -0.045303 -0.996659 -0.067954 0.000000 -0.978106 0.208108
0.571454 0.761939 -0.304776 0.668410 -0.459532 -0.584858 0.091203 -0.972829 -0.212806 -0.269430 -0.962250 -0.038490 -0.048708 -0.998516 -0.024354 0.023243 -0.999460 -0.023243 -0.020391 -0.978777 0.203912 -0.045303 -0.996659 -0.067954 0.000000 -0.978106 0.208108
0.613572 0.690268 -0.383482 0.644305 -0.472490 -0.601351 0.060943 -0.975084 -0.213300 -0.269430 -0.962250 -0.038490 -0.048708 -0.998516 -0.024354 0.023243 -0.999460 -0.023243 -0.020391 -0.978777 0.203912 -0.045303 -0.996659 -0.067954 0.000000 -0.978106 0.208108
0.619987 0.658737 -0.426241 0.584858 -0.459532 -0.668410 0.060943 -0.975084 -0.213300 -0.269430 -0.962250 -0.038490 -0.048708 -0.998516 -0.024354 0.023243 -0.999460 -0.023243 -0.020391 -0.978777 0.203912 -0.045303 -0.996659 -0.067954 0.000000 -0.978106 0.208108
0.478471 0.677834 -0.558217 0.494451 -0.453247 -0.741677 0.060943 -0.975084 -0.213300 -0.269430 -0.962250 -0.038490 -0.048708 -0.998516 -0.024354 0.023243 -0.999460 -0.023243 -0.020391 -0.978777 0.203912 -0.045303 -0.996659 -0.067954 0.000000 -0.978106 0.208108
0.197952 0.673036 -0.712627 0.406558 -0.487869 -0.772460 0.060523 -0.968364 -0.242091 -0.269630 -0.962964 0.000000 -0.048708 -0.998516 -0.024354 0.023243 -0.999460 -0.023243 -0.020391 -0.978777 0.203912 -0.045222 -0.994874 -0.090443 0.000000 -0.978106 0.208108
-0.146450 0.622414 -0.768865 0.317971 -0.516704 -0.794929 0.060523 -0.968364 -0.242091 -0.269630 -0.962964 0.000000 -0.048708 -0.998516 -0.024354 0.023243 -0.999460 -0.023243 -0.020391 -0.978777 0.203912 -0.045222 -0.994874 -0.090443 0.000000 -0.978106 0.208108
-0.386896 0.548102 -0.741550 0.277787 -0.595257 -0.753992 0.060523 -0.968364 -0.242091 -0.269630 -0.962964 0.000000 -0.048665 -0.997629 -0.048665 0.023243 -0.999460 -0.023243 -0.020391 -0.978777 0.203912 -0.045222 -0.994874 -0.090443 0.000000 -0.978106 0.208108
-0.407211 0.552643 -0.727162 0.123823 -0.701665 -0.701665 0.060523 -0.968364 -0.242091 -0.269630 -0.962964 0.000000 -0.048665 -0.997629 -0.048665 0.023243 -0.999460 -0.023243 -0.020391 -0.978777 0.203912 -0.045222 -0.994874 -0.090443 0.000000 -0.978106 0.208108
-0.461827 0.570492 -0.679157 0.041274 -0.784214 -0.619116 0.060523 -0.968364 -0.242091 -0.269630 -0.962964 0.000000 -0.048665 -0.997629 -0.048665 0.023243 -0.999460 -0.023243 -0.020391 -0.978777 0.203912 -0.045222 -0.994874 -0.090443 0.000000 -0.978106 0.208108
-0.495559 0.573805 -0.652051 0.000000 -0.819232 -0.573462 0.060523 -0.968364 -0.242091 -0.269630 -0.962964 0.000000 -0.048665 -0.997629 -0.048665 0.023243 -0.999460 -0.023243 -0.020391 -0.978777 0.203912 -0.045222 -0.994874 -0.090443 0.000000 -0.978106 0.208108
-0.495559 0.573805 -0.652051 -0.041885 -0.837708 -0.544510 0.060523 -0.968364 -0.242091 -0.269630 -0.962964 0.000000 -0.047511 -0.997740 -0.047511 0.023243 -0.999460 -0.023243 -0.020391 -0.978777 0.203912 -0.045222 -0.994874 -0.090443 0.000000 -0.978106 0.208108
-0.496234 0.600704 -0.626822 -0.120580 -0.844061 -0.522514 0.060523 -0.968364 -0.242091 -0.269630 -0.962964 0.000000 -0.047511 -0.997740 -0.047511 0.022716 -0.999484 -0.022716 -0.020712 -0.973479 0.227836 -0.045222 -0.994874 -0.090443 0.000000 -0.978106 0.208108
-0.532058 0.585264 -0.611867 -0.083551 -0.835512 -0.543083 0.060523 -0.968364 -0.242091 -0.269630 -0.962964 0.000000 -0.047552 -0.998586 -0.023776 0.022698 -0.998711 -0.045396 -0.020712 -0.973479 0.227836 -0.045222 -0.994874 -0.090443 0.000000 -0.978106 0.208108
-0.529826 0.585597 -0.613483 -0.084440 -0.802181 -0.591080 0.060523 -0.968364 -0.242091 -0.269630 -0.962964 0.000000 -0.047552 -0.998586 -0.023776 0.022698 -0.998711 -0.045396 -0.020712 -0.973479 0.227836 -0.045222 -0.994874 -0.090443 0.000000 -0.978106 0.208108
-0.538912 0.595640 -0.595640 -0.082339 -0.782218 -0.617540 0.060523 -0.968364 -0.242091 -0.269630 -0.962964 0.000000 -0.047552 -0.998586 -0.023776 0.022698 -0.998711 -0.045396 -0.020712 -0.973479 0.227836 -0.045222 -0.994874 -0.090443 0.000000 -0.978106 0.208108
-0.538912 0.595640 -0.595640 -0.041274 -0.784214 -0.619116 0.060523 -0.968364 -0.242091 -0.269430 -0.962250 -0.038490 -0.071227 -0.997178 -0.023742 0.022698 -0.998711 -0.045396 -0.020712 -0.973479 0.227836 -0.045222 -0.994874 -0.090443 0.000000 -0.982155 0.188072
-0.557619 0.586967 -0.586967 -0.042640 -0.767523 -0.639602 0.060523 -0.968364 -0.242091 -0.269430 -0.962250 -0.038490 -0.071227 -0.997178 -0.023742 0.022698 -0.998711 -0.045396 -0.020712 -0.973479 0.227836 -0.045222 -0.994874 -0.090443 0.000000 -0.982155 0.188072
-0.557619 0.586967 -0.586967 -0.042640 -0.767523 -0.639602 0.060523 -0.968364 -0.242091 -0.259794 -0.964951 -0.037113 -0.072954 -0.997039 -0.024318 0.022698 -0.998711 -0.045396 -0.020712 -0.973479 0.227836 -0.044302 -0.996805 -0.066454 0.000000 -0.982155 0.188072
-0.536895 0.596550 -0.596550 -0.042640 -0.767523 -0.639602 0.060523 -0.968364 -0.242091 -0.259794 -0.964951 -0.037113 -0.072954 -0.997039 -0.024318 0.022698 -0.998711 -0.045396 -0.020712 -0.973479 0.227836 -0.045303 -0.996659 -0.067954 0.000000 -0.982872 0.184289
-0.536895 0.596550 -0.596550 -0.042640 -0.767523 -0.639602 0.060523 -0.968364 -0.242091 -0.259794 -0.964951 -0.037113 -0.072954 -0.997039 -0.024318 0.022716 -0.999484 -0.022716 -0.020712 -0.973479 0.227836 -0.045303 -0.996659 -0.067954 0.000000 -0.982872 0.184289
-0.536895 0.596550 -0.596550 -0.042640 -0.767523 -0.639602 0.060523 -0.968364 -0.242091 -0.224702 -0.973708 -0.037450 -0.072954 -0.997039 -0.024318 0.022716 -0.999484 -0.022716 -0.020712 -0.973479 0.227836 -0.045303 -0.996659 -0.067954 0.000000 -0.982872 0.184289
-0.527363 0.585959 -0.615257 -0.042640 -0.767523 -0.639602 0.060523 -0.968364 -0.242091 -0.224702 -0.973708 -0.037450 -0.072954 -0.997039 -0.024318 0.022716 -0.999484 -0.022716 0.000000 -0.973688 0.227884 -0.045303 -0.996659 -0.067954 0.000000 -0.982872 0.184289
-0.536418 0.566219 -0.625821 -0.042640 -0.767523 -0.639602 0.060523 -0.968364 -0.242091 -0.224702 -0.973708 -0.037450 -0.072954 -0.997039 -0.024318 0.022716 -0.999484 -0.022716 0.000000 -0.968918 0.247383 -0.045303 -0.996659 -0.067954 0.000000 -0.982872 0.184289
-0.536418 0.566219 -0.625821 -0.042640 -0.767523 -0.639602 0.058798 -0.970169 -0.235192 -0.224702 -0.973708 -0.037450 -0.072954 -0.997039 -0.024318 0.022716 -0.999484 -0.022716 0.000000 -0.968918 0.247383 -0.045303 -0.996659 -0.067954 0.000000 -0.982872 0.184289
-0.536418 0.566219 -0.625821 -0.042640 -0.767523 -0.639602 0.059183 -0.976519 -0.207140 -0.224702 -0.973708 -0.037450 -0.071227 -0.997178 -0.023742 0.022716 -0.999484 -0.022716 0.000000 -0.968918 0.247383 -0.022669 -0.997427 -0.068006 0.000000 -0.982872 0.184289
-0.555708 0.526460 -0.643451 0.000000 -0.768221 -0.640184 0.029630 -0.977805 -0.207413 -0.224702 -0.973708 -0.037450 -0.071227 -0.997178 -0.023742 0.022716 -0.999484 -0.022716 0.000000 -0.968918 0.247383 -0.022669 -0.997427 -0.068006 0.000000 -0.982872 0.184289
