0.382484 0.815966 -0.433482 0.642999 -0.718646 -0.264764 0.151724 -0.940691 -0.303449 -0.233373 -0.972387 0.000000 0.000000 -0.998812 -0.048723 0.044390 -0.998768 0.022195 0.020892 -0.981941 0.188031 0.000000 -1.000000 0.000000 0.020611 -0.968712 0.247331
0.389340 0.806490 -0.444960 0.642999 -0.718646 -0.264764 0.156174 -0.937043 -0.312348 -0.233197 -0.971653 -0.038866 0.024354 -0.998516 -0.048708 0.045396 -0.998711 0.022698 0.000000 -0.982155 0.188072 0.000000 -0.999742 -0.022721 0.020207 -0.969944 0.242486
0.528419 0.777087 -0.341918 0.686064 -0.605351 -0.403567 0.150278 -0.931725 -0.330612 -0.242536 -0.970143 0.000000 0.024354 -0.998516 -0.048708 0.022721 -0.999742 0.000000 0.020806 -0.977894 0.208063 0.000000 -0.999742 -0.022721 0.020207 -0.969944 0.242486
0.568241 0.777593 -0.269167 0.611354 -0.652111 -0.448327 0.150278 -0.931725 -0.330612 -0.242536 -0.970143 0.000000 0.000000 -0.998812 -0.048723 0.022721 -0.999742 0.000000 0.021238 -0.976956 0.212382 0.000000 -0.999742 -0.022721 0.000000 -0.970143 0.242536
0.609112 0.769405 -0.192351 0.670755 -0.544988 -0.503066 0.120714 -0.935536 -0.331964 -0.242536 -0.970143 0.000000 0.000000 -0.998812 -0.048723 0.022721 -0.999742 0.000000 0.021238 -0.976956 0.212382 -0.022716 -0.999484 -0.022716 0.020207 -0.969944 0.242486
0.640126 0.741199 -0.202145 0.670755 -0.503066 -0.544988 0.146176 -0.935529 -0.321588 -0.252199 -0.966762 -0.042033 0.000000 -0.998812 -0.048723 0.022721 -0.999742 0.000000 0.000000 -0.977176 0.212430 -0.022716 -0.999484 -0.022716 0.020207 -0.969944 0.242486
0.618853 0.721995 -0.309426 0.668410 -0.459532 -0.584858 0.146176 -0.935529 -0.321588 -0.252199 -0.966762 -0.042033 -0.024318 -0.997039 -0.072954 0.022721 -0.999742 0.000000 0.000000 -0.977176 0.212430 -0.022716 -0.999484 -0.022716 0.020207 -0.969944 0.242486
0.386622 0.773245 -0.502609 0.568711 -0.446844 -0.690578 0.117393 -0.939148 -0.322832 -0.252422 -0.967617 0.000000 -0.024318 -0.997039 -0.072954 0.022721 -0.999742 0.000000 0.000000 -0.977176 0.212430 -0.023243 -0.999460 -0.023243 0.000000 -0.970143 0.242536
0.116863 0.740135 -0.662226 0.485071 -0.485071 -0.727607 0.118470 -0.947758 -0.296174 -0.242536 -0.970143 0.000000 0.000000 -0.997334 -0.072976 0.000000 -1.000000 0.000000 0.000000 -0.977176 0.212430 -0.023243 -0.999460 -0.023243 0.000000 -0.970143 0.242536
-0.108112 0.684712 -0.720750 0.353009 -0.509902 -0.784465 0.089883 -0.958754 -0.269650 -0.242338 -0.969351 -0.040390 -0.024318 -0.997039 -0.072954 0.000000 -1.000000 0.000000 0.000000 -0.977176 0.212430 -0.023243 -0.999460 -0.023243 0.000000 -0.970143 0.242536
-0.241052 0.616022 -0.749940 0.255841 -0.639602 -0.724882 0.090577 -0.966155 -0.241539 -0.279776 -0.959233 -0.039968 -0.048593 -0.996156 -0.072889 0.000000 -0.999730 0.023250 -0.021238 -0.976956 0.212382 -0.023243 -0.999460 -0.023243 0.000000 -0.970143 0.242536
-0.315854 0.607412 -0.728894 0.085358 -0.682863 -0.725542 0.088581 -0.974389 -0.206689 -0.279776 -0.959233 -0.039968 -0.048593 -0.996156 -0.072889 -0.023224 -0.998651 0.046449 -0.021238 -0.976956 0.212382 -0.023243 -0.999460 -0.023243 0.000000 -0.970143 0.242536
-0.485425 0.595749 -0.639879 0.041559 -0.706496 -0.706496 0.088581 -0.974389 -0.206689 -0.279776 -0.959233 -0.039968 -0.048593 -0.996156 -0.072889 -0.023224 -0.998651 0.046449 -0.021238 -0.976956 0.212382 -0.023243 -0.999460 -0.023243 -0.020207 -0.969944 0.242486
-0.577350 0.577350 -0.577350 0.000000 -0.728200 -0.685365 0.058798 -0.970169 -0.235192 -0.280000 -0.960000 0.000000 -0.072782 -0.994689 -0.072782 -0.023224 -0.998651 0.046449 -0.021238 -0.976956 0.212382 -0.023243 -0.999460 -0.023243 -0.020303 -0.974531 0.223330
-0.638350 0.567422 -0.520137 -0.043396 -0.824530 -0.564152 0.059183 -0.976519 -0.207140 -0.279776 -0.959233 -0.039968 -0.048665 -0.997629 -0.048665 0.000000 -0.998969 0.045408 -0.021238 -0.976956 0.212382 -0.023243 -0.999460 -0.023243 -0.020303 -0.974531 0.223330
-0.700517 0.548230 -0.456859 -0.042835 -0.856706 -0.514024 0.058798 -0.970169 -0.235192 -0.280000 -0.960000 0.000000 -0.048665 -0.997629 -0.048665 0.000000 -0.999742 0.022721 -0.021238 -0.976956 0.212382 -0.046449 -0.998651 -0.023224 0.000000 -0.974732 0.223376
-0.735215 0.514650 -0.441129 -0.044677 -0.893534 -0.446767 0.058798 -0.970169 -0.235192 -0.280000 -0.960000 0.000000 -0.048665 -0.997629 -0.048665 0.000000 -0.999742 0.022721 -0.021238 -0.976956 0.212382 -0.045396 -0.998711 -0.022698 0.000000 -0.974732 0.223376
-0.656875 0.599755 -0.456956 -0.087287 -0.872872 -0.480079 0.058798 -0.970169 -0.235192 -0.279776 -0.959233 -0.039968 -0.048665 -0.997629 -0.048665 0.000000 -0.999753 -0.022217 -0.021138 -0.972362 0.232521 -0.045396 -0.998711 -0.022698 0.000000 -0.974732 0.223376
-0.758761 0.541972 -0.361315 -0.089712 -0.807410 -0.583130 0.058371 -0.963119 -0.262669 -0.280000 -0.960000 0.000000 -0.048665 -0.997629 -0.048665 -0.022211 -0.999507 -0.022211 -0.021138 -0.972362 0.232521 -0.045396 -0.998711 -0.022698 0.000000 -0.974732 0.223376
-0.719871 0.582752 -0.377075 -0.130435 -0.782609 -0.608696 0.058371 -0.963119 -0.262669 -0.291162 -0.956674 0.000000 -0.048665 -0.997629 -0.048665 -0.022211 -0.999507 -0.022211 -0.021138 -0.972362 0.232521 -0.045396 -0.998711 -0.022698 0.000000 -0.974732 0.223376
-0.710336 0.575034 -0.405906 -0.130435 -0.782609 -0.608696 0.029223 -0.964352 -0.263005 -0.252199 -0.966762 0.042033 -0.048665 -0.997629 -0.048665 -0.022211 -0.999507 -0.022211 -0.021138 -0.972362 0.232521 -0.045396 -0.998711 -0.022698 0.000000 -0.974732 0.223376
-0.655291 0.592882 -0.468065 -0.130435 -0.782609 -0.608696 0.030069 -0.962216 -0.270623 -0.242338 -0.969351 0.040390 -0.048665 -0.997629 -0.048665 0.000000 -0.999753 -0.022217 -0.021138 -0.972362 0.232521 -0.045396 -0.998711 -0.022698 0.000000 -0.974732 0.223376
-0.659028 0.573068 -0.487108 -0.089712 -0.807410 -0.583130 0.030069 -0.962216 -0.270623 -0.242536 -0.970143 0.000000 -0.048665 -0.997629 -0.048665 -0.022716 -0.999484 -0.022716 -0.021138 -0.972362 0.232521 -0.045396 -0.998711 -0.022698 0.000000 -0.974732 0.223376
-0.649759 0.565008 -0.508507 -0.089712 -0.807410 -0.583130 0.029437 -0.971429 -0.235498 -0.242536 -0.970143 0.000000 -0.048665 -0.997629 -0.048665 -0.022716 -0.999484 -0.022716 -0.021138 -0.972362 0.232521 -0.045396 -0.998711 -0.022698 0.000000 -0.974732 0.223376
-0.639382 0.583784 -0.500386 -0.089712 -0.807410 -0.583130 0.029437 -0.971429 -0.235498 -0.242338 -0.969351 0.040390 -0.048665 -0.997629 -0.048665 -0.022716 -0.999484 -0.022716 -0.021138 -0.972362 0.232521 -0.045396 -0.998711 -0.022698 0.000000 -0.974732 0.223376
