0.510841 0.830116 -0.223493 0.652111 -0.611354 -0.448327 0.120386 -0.963087 -0.240772 -0.268833 -0.960119 -0.076810 0.000000 -0.998812 -0.048723 0.000000 -0.998969 -0.045408 -0.020892 -0.981941 0.188031 -0.023224 -0.998651 -0.046449 0.000000 -0.975716 0.219038
0.562310 0.793849 -0.231539 0.655386 -0.573462 -0.491539 0.120386 -0.963087 -0.240772 -0.232670 -0.969458 -0.077557 0.000000 -0.998812 -0.048723 0.000000 -0.998969 -0.045408 -0.020892 -0.981941 0.188031 -0.023224 -0.998651 -0.046449 0.000000 -0.975716 0.219038
0.618853 0.721995 -0.309426 0.646696 -0.517357 -0.560470 0.093296 -0.964054 -0.248788 -0.224702 -0.973708 -0.037450 0.000000 -0.998812 -0.048723 -0.023243 -0.999460 -0.023243 -0.020892 -0.981941 0.188031 -0.023224 -0.998651 -0.046449 0.000000 -0.975716 0.219038
0.371391 0.742781 -0.557086 0.601351 -0.472490 -0.644305 0.093296 -0.964054 -0.248788 -0.224702 -0.973708 -0.037450 0.000000 -0.997334 -0.072976 -0.022716 -0.999484 -0.022716 -0.020892 -0.981941 0.188031 -0.023224 -0.998651 -0.046449 0.000000 -0.975716 0.219038
0.271244 0.736235 -0.619987 0.453247 -0.494451 -0.741677 0.093980 -0.971124 -0.219286 -0.224702 -0.973708 -0.037450 0.000000 -0.997334 -0.072976 -0.022698 -0.998711 -0.045396 -0.020892 -0.981941 0.188031 -0.023224 -0.998651 -0.046449 0.000000 -0.975716 0.219038
0.000000 0.707107 -0.707107 0.321029 -0.561801 -0.762444 0.063214 -0.979816 -0.189642 -0.224702 -0.973708 -0.037450 0.000000 -0.997334 -0.072976 -0.022698 -0.998711 -0.045396 -0.020892 -0.981941 0.188031 -0.023224 -0.998651 -0.046449 0.000000 -0.975716 0.219038
-0.326078 0.622513 -0.711443 0.234798 -0.626128 -0.743527 0.063564 -0.985245 -0.158910 -0.224702 -0.973708 -0.037450 0.000000 -0.997334 -0.072976 0.000000 -0.998969 -0.045408 -0.020892 -0.981941 0.188031 -0.023224 -0.998651 -0.046449 0.000000 -0.975716 0.219038
-0.392541 0.560772 -0.729004 0.123823 -0.701665 -0.701665 0.061633 -0.986134 -0.154083 -0.224702 -0.973708 -0.037450 0.000000 -0.997459 -0.071247 0.000000 -0.998969 -0.045408 -0.020892 -0.981941 0.188031 -0.023224 -0.998651 -0.046449 0.000000 -0.974732 0.223376
-0.527371 0.527371 -0.666153 0.082761 -0.744845 -0.662085 0.030861 -0.987541 -0.154303 -0.224860 -0.974391 0.000000 0.000000 -0.997459 -0.071247 0.000000 -0.998969 -0.045408 -0.020892 -0.981941 0.188031 -0.023224 -0.998651 -0.046449 0.000000 -0.974732 0.223376
-0.629740 0.454812 -0.629740 0.042333 -0.804334 -0.592667 0.030861 -0.987541 -0.154303 -0.224860 -0.974391 0.000000 0.000000 -0.997459 -0.071247 -0.023243 -0.999460 0.023243 -0.020892 -0.981941 0.188031 -0.023224 -0.998651 -0.046449 0.000000 -0.974732 0.223376
-0.706562 0.392534 -0.588802 0.042333 -0.804334 -0.592667 0.030861 -0.987541 -0.154303 -0.224860 -0.974391 0.000000 0.000000 -0.997459 -0.071247 -0.022721 -0.999742 0.000000 -0.020892 -0.981941 0.188031 -0.023224 -0.998651 -0.046449 0.000000 -0.978980 0.203954
-0.698297 0.436436 -0.567367 0.000000 -0.838444 -0.544988 0.031654 -0.981288 -0.189927 -0.216930 -0.976187 0.000000 0.000000 -0.997459 -0.071247 -0.022721 -0.999742 0.000000 -0.021330 -0.981169 0.191968 -0.023224 -0.998651 -0.046449 0.000000 -0.978980 0.203954
-0.688247 0.412948 -0.596481 0.000000 -0.857493 -0.514496 0.031654 -0.981288 -0.189927 -0.216930 -0.976187 0.000000 0.000000 -0.997459 -0.071247 -0.023250 -0.999730 0.000000 -0.021238 -0.976956 0.212382 -0.023224 -0.998651 -0.046449 0.000000 -0.978980 0.203954
-0.621997 0.475645 -0.621997 0.043769 -0.875376 -0.481457 0.063214 -0.979816 -0.189642 -0.224860 -0.974391 0.000000 0.000000 -0.997459 -0.071247 -0.023250 -0.999730 0.000000 -0.021238 -0.976956 0.212382 -0.023224 -0.998651 -0.046449 0.000000 -0.978980 0.203954
-0.619586 0.481900 -0.619586 0.043769 -0.875376 -0.481457 0.062807 -0.973515 -0.219826 -0.224702 -0.973708 -0.037450 0.000000 -0.997459 -0.071247 -0.023250 -0.999730 0.000000 -0.021238 -0.976956 0.212382 -0.023224 -0.998651 -0.046449 0.000000 -0.978980 0.203954
-0.611052 0.503220 -0.611052 0.043769 -0.875376 -0.481457 0.031450 -0.974958 -0.220152 -0.188713 -0.981307 -0.037743 -0.023742 -0.997178 -0.071227 -0.023250 -0.999730 0.000000 -0.021238 -0.976956 0.212382 -0.023224 -0.998651 -0.046449 0.000000 -0.978980 0.203954
-0.598785 0.486513 -0.636209 0.043769 -0.875376 -0.481457 0.032191 -0.965734 -0.257529 -0.188713 -0.981307 -0.037743 -0.023742 -0.997178 -0.071227 -0.023250 -0.999730 0.000000 -0.021238 -0.976956 0.212382 -0.023224 -0.998651 -0.046449 0.000000 -0.978980 0.203954
-0.598785 0.486513 -0.636209 0.087287 -0.872872 -0.480079 0.031911 -0.957338 -0.287202 -0.188847 -0.982006 0.000000 -0.023742 -0.997178 -0.071227 -0.023250 -0.999730 0.000000 -0.021238 -0.976956 0.212382 -0.023224 -0.998651 -0.046449 0.000000 -0.978980 0.203954
-0.588348 0.509902 -0.627572 0.087287 -0.872872 -0.480079 0.063725 -0.955879 -0.286764 -0.188847 -0.982006 0.000000 -0.023776 -0.998586 -0.047552 -0.023243 -0.999460 0.023243 -0.021238 -0.976956 0.212382 -0.023224 -0.998651 -0.046449 0.000000 -0.978980 0.203954
-0.615457 0.492366 -0.615457 0.090722 -0.861858 -0.498970 0.063725 -0.955879 -0.286764 -0.188847 -0.982006 0.000000 -0.023776 -0.998586 -0.047552 -0.023243 -0.999460 0.023243 -0.021238 -0.976956 0.212382 -0.023224 -0.998651 -0.046449 0.000000 -0.978980 0.203954
-0.598785 0.486513 -0.636209 0.090722 -0.861858 -0.498970 0.063725 -0.955879 -0.286764 -0.188847 -0.982006 0.000000 -0.023776 -0.998586 -0.047552 0.000000 -1.000000 0.000000 -0.021238 -0.976956 0.212382 -0.023224 -0.998651 -0.046449 0.000000 -0.978980 0.203954
-0.575230 0.514679 -0.635780 0.088648 -0.842160 -0.531891 0.063725 -0.955879 -0.286764 -0.188847 -0.982006 0.000000 -0.023776 -0.998586 -0.047552 -0.023796 -0.999434 0.023796 -0.021238 -0.976956 0.212382 -0.022669 -0.997427 -0.068006 0.000000 -0.978980 0.203954
-0.564218 0.504827 -0.653305 0.088648 -0.842160 -0.531891 0.063725 -0.955879 -0.286764 -0.188847 -0.982006 0.000000 -0.023776 -0.998586 -0.047552 -0.023776 -0.998586 0.047552 -0.021238 -0.976956 0.212382 -0.045303 -0.996659 -0.067954 0.000000 -0.978980 0.203954
-0.545311 0.516610 -0.660113 0.087287 -0.872872 -0.480079 0.063725 -0.955879 -0.286764 -0.188847 -0.982006 0.000000 -0.023776 -0.998586 -0.047552 -0.023243 -0.999460 0.023243 -0.021238 -0.976956 0.212382 -0.045303 -0.996659 -0.067954 0.000000 -0.978980 0.203954
-0.564218 0.504827 -0.653305 0.087287 -0.872872 -0.480079 0.064282 -0.964237 -0.257130 -0.188847 -0.982006 0.000000 -0.023776 -0.998586 -0.047552 -0.023250 -0.999730 0.000000 -0.021238 -0.976956 0.212382 -0.045303 -0.996659 -0.067954 0.000000 -0.978980 0.203954
-0.545311 0.516610 -0.660113 0.087287 -0.872872 -0.480079 0.064786 -0.971795 -0.226752 -0.188847 -0.982006 0.000000 -0.023776 -0.998586 -0.047552 -0.023243 -0.999460 0.023243 -0.021238 -0.976956 0.212382 -0.045303 -0.996659 -0.067954 0.000000 -0.978980 0.203954
-0.564218 0.504827 -0.653305 0.087287 -0.872872 -0.480079 0.064786 -0.971795 -0.226752 -0.188847 -0.982006 0.000000 -0.023776 -0.998586 -0.047552 -0.023243 -0.999460 0.023243 -0.021238 -0.976956 0.212382 -0.045303 -0.996659 -0.067954 0.000000 -0.978980 0.203954
-0.543462 0.513270 -0.664231 0.087287 -0.872872 -0.480079 0.065233 -0.978492 -0.195698 -0.188847 -0.982006 0.000000 -0.023776 -0.998586 -0.047552 -0.023243 -0.999460 0.023243 -0.021238 -0.976956 0.212382 -0.045303 -0.996659 -0.067954 0.000000 -0.978980 0.203954
-0.551825 0.490511 -0.674453 0.087287 -0.872872 -0.480079 0.065233 -0.978492 -0.195698 -0.188847 -0.982006 0.000000 -0.023776 -0.998586 -0.047552 -0.023243 -0.999460 0.023243 -0.021238 -0.976956 0.212382 -0.045303 -0.996659 -0.067954 0.000000 -0.978980 0.203954
-0.563326 0.500734 -0.657213 0.085436 -0.854358 -0.512615 0.032669 -0.980057 -0.196011 -0.224860 -0.974391 0.000000 -0.023776 -0.998586 -0.047552 -0.023250 -0.999730 0.000000 -0.021238 -0.976956 0.212382 -0.045303 -0.996659 -0.067954 0.000000 -0.978980 0.203954
-0.529958 0.498784 -0.685828 0.085436 -0.854358 -0.512615 0.032669 -0.980057 -0.196011 -0.224860 -0.974391 0.000000 -0.023776 -0.998586 -0.047552 -0.022721 -0.999742 0.000000 -0.021238 -0.976956 0.212382 -0.045303 -0.996659 -0.067954 0.000000 -0.978980 0.203954
-0.560044 0.466704 -0.684499 0.085436 -0.854358 -0.512615 0.031654 -0.981288 -0.189927 -0.224860 -0.974391 0.000000 -0.023776 -0.998586 -0.047552 -0.022721 -0.999742 0.000000 -0.021238 -0.976956 0.212382 -0.045361 -0.997940 -0.045361 0.000000 -0.978980 0.203954
