0.611583 0.750579 -0.250193 0.287456 -0.821302 -0.492781 0.091756 -0.978726 -0.183511 -0.269430 -0.962250 -0.038490 0.000000 -0.997459 -0.071247 0.000000 -0.999056 -0.043437 0.000000 -0.975133 0.221621 -0.045303 -0.996659 -0.067954 -0.021582 -0.971173 0.237398
0.619780 0.732467 -0.281718 0.207257 -0.787575 -0.580319 0.091756 -0.978726 -0.183511 -0.269430 -0.962250 -0.038490 0.000000 -0.997459 -0.071247 0.000000 -0.999056 -0.043437 0.000000 -0.975133 0.221621 -0.045303 -0.996659 -0.067954 -0.021582 -0.971173 0.237398
0.353007 0.802288 -0.481373 0.203616 -0.692294 -0.692294 0.060943 -0.975084 -0.213300 -0.269630 -0.962964 0.000000 0.000000 -0.997459 -0.071247 0.000000 -0.999056 -0.043437 0.000000 -0.975133 0.221621 -0.045303 -0.996659 -0.067954 -0.021582 -0.971173 0.237398
0.036131 0.758761 -0.650366 0.241747 -0.644658 -0.725241 0.060943 -0.975084 -0.213300 -0.269630 -0.962964 0.000000 -0.023742 -0.997178 -0.071227 0.000000 -0.999056 -0.043437 0.000000 -0.975133 0.221621 -0.045303 -0.996659 -0.067954 -0.021582 -0.971173 0.237398
-0.302874 0.639401 -0.706706 0.202278 -0.606835 -0.768658 0.063214 -0.979816 -0.189642 -0.269630 -0.962964 0.000000 -0.023742 -0.997178 -0.071227 0.000000 -0.999056 -0.043437 0.000000 -0.975133 0.221621 -0.045303 -0.996659 -0.067954 -0.021582 -0.971173 0.237398
-0.519622 0.546971 -0.656365 0.163028 -0.611354 -0.774382 0.063214 -0.979816 -0.189642 -0.269630 -0.962964 0.000000 -0.023742 -0.997178 -0.071227 0.000000 -0.999056 -0.043437 0.000000 -0.975133 0.221621 -0.045303 -0.996659 -0.067954 -0.021582 -0.971173 0.237398
-0.611052 0.503220 -0.611052 0.085358 -0.682863 -0.725542 0.063214 -0.979816 -0.189642 -0.269630 -0.962964 0.000000 -0.023742 -0.997178 -0.071227 0.000000 -0.999056 -0.043437 0.000000 -0.975133 0.221621 -0.045303 -0.996659 -0.067954 -0.021582 -0.971173 0.237398
-0.694879 0.481070 -0.534522 0.085049 -0.765438 -0.637865 0.031654 -0.981288 -0.189927 -0.269630 -0.962964 0.000000 -0.023742 -0.997178 -0.071227 0.000000 -0.999056 -0.043437 0.000000 -0.975133 0.221621 -0.045361 -0.997940 -0.045361 -0.021582 -0.971173 0.237398
-0.711430 0.457348 -0.533573 0.089712 -0.807410 -0.583130 0.031654 -0.981288 -0.189927 -0.269630 -0.962964 0.000000 -0.023742 -0.997178 -0.071227 0.000000 -0.999056 -0.043437 0.000000 -0.975133 0.221621 -0.045361 -0.997940 -0.045361 -0.021582 -0.971173 0.237398
-0.712351 0.483381 -0.508822 0.086548 -0.822210 -0.562565 0.031654 -0.981288 -0.189927 -0.269630 -0.962964 0.000000 -0.023742 -0.997178 -0.071227 0.000000 -0.999056 -0.043437 0.000000 -0.975133 0.221621 -0.045361 -0.997940 -0.045361 -0.021582 -0.971173 0.237398
-0.712351 0.483381 -0.508822 0.088648 -0.842160 -0.531891 0.031654 -0.981288 -0.189927 -0.269630 -0.962964 0.000000 -0.023742 -0.997178 -0.071227 0.000000 -0.999056 -0.043437 0.000000 -0.975133 0.221621 -0.045361 -0.997940 -0.045361 -0.021582 -0.971173 0.237398
-0.699472 0.492221 -0.518128 0.090722 -0.861858 -0.498970 0.031450 -0.974958 -0.220152 -0.269630 -0.962964 0.000000 -0.023742 -0.997178 -0.071227 0.000000 -0.999056 -0.043437 0.000000 -0.975133 0.221621 -0.045303 -0.996659 -0.067954 -0.021582 -0.971173 0.237398
-0.667545 0.513496 -0.539171 0.089087 -0.890871 -0.445435 0.062807 -0.973515 -0.219826 -0.269630 -0.962964 0.000000 -0.023742 -0.997178 -0.071227 0.000000 -0.999056 -0.043437 0.000000 -0.975133 0.221621 -0.045303 -0.996659 -0.067954 -0.021582 -0.971173 0.237398
-0.652940 0.522352 -0.548469 0.089087 -0.890871 -0.445435 0.062807 -0.973515 -0.219826 -0.269630 -0.962964 0.000000 -0.023742 -0.997178 -0.071227 0.000000 -0.999056 -0.043437 0.000000 -0.975133 0.221621 -0.067867 -0.995383 -0.067867 -0.021582 -0.971173 0.237398
-0.636670 0.504030 -0.583614 0.089087 -0.890871 -0.445435 0.062807 -0.973515 -0.219826 -0.269630 -0.962964 0.000000 -0.023742 -0.997178 -0.071227 0.000000 -0.999056 -0.043437 0.000000 -0.975133 0.221621 -0.067867 -0.995383 -0.067867 -0.021582 -0.971173 0.237398
-0.636670 0.504030 -0.583614 0.089087 -0.890871 -0.445435 0.062348 -0.966394 -0.249392 -0.269630 -0.962964 0.000000 -0.023742 -0.997178 -0.071227 0.000000 -0.999056 -0.043437 0.000000 -0.975133 0.221621 -0.067867 -0.995383 -0.067867 -0.021582 -0.971173 0.237398
-0.636670 0.504030 -0.583614 0.044677 -0.893534 -0.446767 0.062348 -0.966394 -0.249392 -0.269630 -0.962964 0.000000 -0.023742 -0.997178 -0.071227 0.000000 -0.999056 -0.043437 0.000000 -0.975133 0.221621 -0.067867 -0.995383 -0.067867 -0.021582 -0.971173 0.237398
-0.645124 0.483843 -0.591364 0.044677 -0.893534 -0.446767 0.062348 -0.966394 -0.249392 -0.269630 -0.962964 0.000000 -0.023742 -0.997178 -0.071227 0.000000 -0.999056 -0.043437 0.000000 -0.975133 0.221621 -0.067867 -0.995383 -0.067867 -0.021582 -0.971173 0.237398
-0.634885 0.476164 -0.608432 0.044677 -0.893534 -0.446767 0.062348 -0.966394 -0.249392 -0.269630 -0.962964 0.000000 -0.023742 -0.997178 -0.071227 0.000000 -0.999056 -0.043437 0.000000 -0.975133 0.221621 -0.067867 -0.995383 -0.067867 -0.021582 -0.971173 0.237398
-0.634885 0.476164 -0.608432 0.044677 -0.893534 -0.446767 0.062348 -0.966394 -0.249392 -0.269630 -0.962964 0.000000 -0.023742 -0.997178 -0.071227 0.000000 -0.999056 -0.043437 0.000000 -0.975133 0.221621 -0.067867 -0.995383 -0.067867 -0.021582 -0.971173 0.237398
-0.653439 0.462853 -0.598986 0.043769 -0.875376 -0.481457 0.062807 -0.973515 -0.219826 -0.269630 -0.962964 0.000000 -0.023742 -0.997178 -0.071227 0.000000 -0.999056 -0.043437 0.000000 -0.975133 0.221621 -0.067867 -0.995383 -0.067867 -0.021582 -0.971173 0.237398
-0.653439 0.462853 -0.598986 0.043769 -0.875376 -0.481457 0.064786 -0.971795 -0.226752 -0.224860 -0.974391 0.000000 -0.023742 -0.997178 -0.071227 0.000000 -0.999056 -0.043437 0.000000 -0.975133 0.221621 -0.067867 -0.995383 -0.067867 -0.021582 -0.971173 0.237398
-0.661581 0.441054 -0.606450 0.043769 -0.875376 -0.481457 0.065233 -0.978492 -0.195698 -0.224860 -0.974391 0.000000 -0.023742 -0.997178 -0.071227 0.000000 -0.999056 -0.043437 0.000000 -0.975133 0.221621 -0.067867 -0.995383 -0.067867 -0.021582 -0.971173 0.237398
-0.650552 0.433701 -0.623446 0.043769 -0.875376 -0.481457 0.065233 -0.978492 -0.195698 -0.224860 -0.974391 0.000000 -0.023742 -0.997178 -0.071227 0.000000 -0.999056 -0.043437 0.000000 -0.975133 0.221621 -0.067867 -0.995383 -0.067867 -0.021582 -0.971173 0.237398
