0.554774 0.750577 -0.358971 0.284356 -0.771822 -0.568711 0.096926 -0.969256 -0.226160 -0.188311 -0.979217 -0.075324 0.000000 -0.997459 -0.071247 0.044401 -0.999014 0.000000 -0.021786 -0.980348 0.196070 -0.043274 -0.995307 -0.086548 -0.044281 -0.974176 0.221404
0.541116 0.732098 -0.413795 0.202278 -0.768658 -0.606835 0.096926 -0.969256 -0.226160 -0.188311 -0.979217 -0.075324 0.000000 -0.997459 -0.071247 0.044401 -0.999014 0.000000 -0.021786 -0.980348 0.196070 -0.043274 -0.995307 -0.086548 -0.044281 -0.974176 0.221404
0.203653 0.814613 -0.543075 0.203616 -0.692294 -0.692294 0.096926 -0.969256 -0.226160 -0.188311 -0.979217 -0.075324 0.000000 -0.997459 -0.071247 0.044401 -0.999014 0.000000 -0.021688 -0.975957 0.216879 -0.043274 -0.995307 -0.086548 -0.044281 -0.974176 0.221404
-0.035158 0.773479 -0.632846 0.158986 -0.635943 -0.755182 0.096926 -0.969256 -0.226160 -0.188311 -0.979217 -0.075324 0.000000 -0.997459 -0.071247 0.044401 -0.999014 0.000000 -0.021688 -0.975957 0.216879 -0.043274 -0.995307 -0.086548 -0.044281 -0.974176 0.221404
-0.362462 0.659022 -0.659022 0.154303 -0.617213 -0.771517 0.096176 -0.961756 -0.256468 -0.188713 -0.981307 -0.037743 0.000000 -0.997459 -0.071247 0.044401 -0.999014 0.000000 0.000000 -0.976187 0.216930 -0.043274 -0.995307 -0.086548 -0.044281 -0.974176 0.221404
-0.610608 0.542763 -0.576686 0.119145 -0.595726 -0.794301 0.096926 -0.969256 -0.226160 -0.188713 -0.981307 -0.037743 0.000000 -0.997459 -0.071247 0.044401 -0.999014 0.000000 0.000000 -0.976187 0.216930 -0.043274 -0.995307 -0.086548 -0.044281 -0.974176 0.221404
-0.746219 0.454220 -0.486664 0.078206 -0.664753 -0.742959 0.096926 -0.969256 -0.226160 -0.224702 -0.973708 -0.037450 0.000000 -0.997459 -0.071247 0.044401 -0.999014 0.000000 0.000000 -0.976187 0.216930 -0.043274 -0.995307 -0.086548 -0.044281 -0.974176 0.221404
-0.778962 0.456633 -0.429772 0.039253 -0.706562 -0.706562 0.096926 -0.969256 -0.226160 -0.224702 -0.973708 -0.037450 0.000000 -0.997459 -0.071247 0.044401 -0.999014 0.000000 0.000000 -0.976187 0.216930 -0.043274 -0.995307 -0.086548 -0.044281 -0.974176 0.221404
-0.823778 0.329511 -0.461316 0.041487 -0.746766 -0.663792 0.096926 -0.969256 -0.226160 -0.224702 -0.973708 -0.037450 -0.023742 -0.997178 -0.071227 0.044401 -0.999014 0.000000 0.000000 -0.976187 0.216930 -0.043274 -0.995307 -0.086548 -0.044281 -0.974176 0.221404
-0.832409 0.299667 -0.466149 0.042640 -0.767523 -0.639602 0.096926 -0.969256 -0.226160 -0.224702 -0.973708 -0.037450 -0.023742 -0.997178 -0.071227 0.044401 -0.999014 0.000000 0.000000 -0.976187 0.216930 -0.066259 -0.993884 -0.088345 -0.044281 -0.974176 0.221404
-0.862366 0.265343 -0.431183 0.042640 -0.767523 -0.639602 0.096926 -0.969256 -0.226160 -0.224231 -0.971666 -0.074744 -0.023742 -0.997178 -0.071227 0.044401 -0.999014 0.000000 0.000000 -0.976187 0.216930 -0.066259 -0.993884 -0.088345 -0.044281 -0.974176 0.221404
-0.835067 0.313150 -0.452328 0.042640 -0.767523 -0.639602 0.096926 -0.969256 -0.226160 -0.224231 -0.971666 -0.074744 -0.023742 -0.997178 -0.071227 0.044401 -0.999014 0.000000 0.000000 -0.976187 0.216930 -0.066372 -0.995585 -0.066372 -0.044281 -0.974176 0.221404
-0.810140 0.317011 -0.493129 0.043811 -0.788594 -0.613351 0.096926 -0.969256 -0.226160 -0.224231 -0.971666 -0.074744 -0.023742 -0.997178 -0.071227 0.044401 -0.999014 0.000000 0.000000 -0.976187 0.216930 -0.066372 -0.995585 -0.066372 -0.044281 -0.974176 0.221404
-0.767520 0.400445 -0.500556 0.042333 -0.804334 -0.592667 0.096926 -0.969256 -0.226160 -0.224231 -0.971666 -0.074744 -0.023742 -0.997178 -0.071227 0.044401 -0.999014 0.000000 0.000000 -0.976187 0.216930 -0.066372 -0.995585 -0.066372 -0.044281 -0.974176 0.221404
-0.746219 0.454220 -0.486664 0.043396 -0.824530 -0.564152 0.096926 -0.969256 -0.226160 -0.224231 -0.971666 -0.074744 -0.023742 -0.997178 -0.071227 0.044401 -0.999014 0.000000 0.000000 -0.976187 0.216930 -0.066372 -0.995585 -0.066372 -0.044281 -0.974176 0.221404
-0.746219 0.454220 -0.486664 0.043396 -0.824530 -0.564152 0.096926 -0.969256 -0.226160 -0.224231 -0.971666 -0.074744 -0.023742 -0.997178 -0.071227 0.044401 -0.999014 0.000000 0.000000 -0.976187 0.216930 -0.066372 -0.995585 -0.066372 -0.044281 -0.974176 0.221404
-0.719862 0.490815 -0.490815 0.043396 -0.824530 -0.564152 0.096926 -0.969256 -0.226160 -0.224231 -0.971666 -0.074744 -0.023742 -0.997178 -0.071227 0.044401 -0.999014 0.000000 0.000000 -0.976187 0.216930 -0.066372 -0.995585 -0.066372 -0.044281 -0.974176 0.221404
-0.719862 0.490815 -0.490815 0.043396 -0.824530 -0.564152 0.096926 -0.969256 -0.226160 -0.224231 -0.971666 -0.074744 -0.023742 -0.997178 -0.071227 0.044401 -0.999014 0.000000 0.000000 -0.976187 0.216930 -0.066372 -0.995585 -0.066372 -0.044281 -0.974176 0.221404
-0.723714 0.471988 -0.503453 0.044455 -0.844653 -0.533465 0.096176 -0.961756 -0.256468 -0.224702 -0.973708 -0.037450 -0.023742 -0.997178 -0.071227 0.044401 -0.999014 0.000000 0.000000 -0.976187 0.216930 -0.066372 -0.995585 -0.066372 -0.044281 -0.974176 0.221404
-0.712173 0.464461 -0.526389 0.088648 -0.842160 -0.531891 0.096176 -0.961756 -0.256468 -0.224702 -0.973708 -0.037450 -0.023742 -0.997178 -0.071227 0.044401 -0.999014 0.000000 0.000000 -0.976187 0.216930 -0.066372 -0.995585 -0.066372 -0.044281 -0.974176 0.221404
