0.387657 0.732242 -0.559950 0.620539 -0.576215 -0.531891 0.030514 -0.976445 -0.213597 -0.269630 -0.962964 0.000000 -0.048665 -0.997629 -0.048665 0.066503 -0.997540 -0.022168 0.021238 -0.976956 0.212382 -0.067867 -0.995383 -0.067867 0.000000 -0.981393 0.192012
0.443924 0.726421 -0.524637 0.576215 -0.620539 -0.531891 0.030514 -0.976445 -0.213597 -0.269630 -0.962964 0.000000 -0.072889 -0.996156 -0.048593 0.066503 -0.997540 -0.022168 0.021238 -0.976956 0.212382 -0.067867 -0.995383 -0.067867 0.000000 -0.981393 0.192012
0.477359 0.737737 -0.477359 0.547885 -0.547885 -0.632175 0.030514 -0.976445 -0.213597 -0.269430 -0.962250 -0.038490 -0.072889 -0.996156 -0.048593 0.066503 -0.997540 -0.022168 0.021238 -0.976956 0.212382 -0.067867 -0.995383 -0.067867 0.000000 -0.981393 0.192012
0.390137 0.741261 -0.546192 0.491539 -0.573462 -0.655386 0.030514 -0.976445 -0.213597 -0.269430 -0.962250 -0.038490 -0.072889 -0.996156 -0.048593 0.066503 -0.997540 -0.022168 0.021238 -0.976956 0.212382 -0.067954 -0.996659 -0.045303 0.000000 -0.981393 0.192012
0.390137 0.741261 -0.546192 0.398410 -0.517932 -0.756978 0.030514 -0.976445 -0.213597 -0.269430 -0.962250 -0.038490 -0.072889 -0.996156 -0.048593 0.066503 -0.997540 -0.022168 0.021238 -0.976956 0.212382 -0.067954 -0.996659 -0.045303 0.000000 -0.981393 0.192012
0.316033 0.737410 -0.596951 0.342376 -0.494543 -0.798878 0.030514 -0.976445 -0.213597 -0.269430 -0.962250 -0.038490 -0.072889 -0.996156 -0.048593 0.066503 -0.997540 -0.022168 0.021238 -0.976956 0.212382 -0.067954 -0.996659 -0.045303 0.000000 -0.981393 0.192012
0.032651 0.783628 -0.620372 0.217500 -0.507500 -0.833749 0.030514 -0.976445 -0.213597 -0.269430 -0.962250 -0.038490 -0.072889 -0.996156 -0.048593 0.066503 -0.997540 -0.022168 0.021238 -0.976956 0.212382 -0.067954 -0.996659 -0.045303 0.000000 -0.981393 0.192012
-0.193548 0.709677 -0.677419 0.112827 -0.488915 -0.865004 0.030514 -0.976445 -0.213597 -0.269430 -0.962250 -0.038490 -0.072889 -0.996156 -0.048593 0.066503 -0.997540 -0.022168 0.021238 -0.976956 0.212382 -0.067954 -0.996659 -0.045303 0.000000 -0.981393 0.192012
-0.400617 0.616334 -0.677967 0.000000 -0.536875 -0.843661 0.030303 -0.969697 -0.242424 -0.269630 -0.962964 0.000000 -0.072889 -0.996156 -0.048593 0.066503 -0.997540 -0.022168 0.021238 -0.976956 0.212382 -0.067954 -0.996659 -0.045303 0.000000 -0.981393 0.192012
-0.632979 0.517892 -0.575435 -0.076472 -0.535303 -0.841191 0.030303 -0.969697 -0.242424 -0.269630 -0.962964 0.000000 -0.072889 -0.996156 -0.048593 0.066503 -0.997540 -0.022168 0.021238 -0.976956 0.212382 -0.067954 -0.996659 -0.045303 0.000000 -0.981393 0.192012
-0.724181 0.501356 -0.473503 -0.115470 -0.577350 -0.808290 0.030303 -0.969697 -0.242424 -0.269630 -0.962964 0.000000 -0.072889 -0.996156 -0.048593 0.066503 -0.997540 -0.022168 0.021238 -0.976956 0.212382 -0.067954 -0.996659 -0.045303 0.000000 -0.981393 0.192012
-0.749135 0.481586 -0.454832 -0.119145 -0.595726 -0.794301 0.030303 -0.969697 -0.242424 -0.280000 -0.960000 0.000000 -0.072889 -0.996156 -0.048593 0.066503 -0.997540 -0.022168 0.021238 -0.976956 0.212382 -0.067954 -0.996659 -0.045303 0.000000 -0.981393 0.192012
-0.758143 0.487377 -0.433224 -0.127000 -0.635001 -0.762001 0.029437 -0.971429 -0.235498 -0.291162 -0.956674 0.000000 -0.072889 -0.996156 -0.048593 0.066454 -0.996805 -0.044302 0.021238 -0.976956 0.212382 -0.067954 -0.996659 -0.045303 0.000000 -0.981393 0.192012
-0.759485 0.497594 -0.419026 -0.127458 -0.679775 -0.722261 0.029437 -0.971429 -0.235498 -0.291162 -0.956674 0.000000 -0.072889 -0.996156 -0.048593 0.066503 -0.997540 -0.022168 0.021238 -0.976956 0.212382 -0.067867 -0.995383 -0.067867 0.000000 -0.981393 0.192012
-0.759485 0.497594 -0.419026 -0.131432 -0.700973 -0.700973 0.028618 -0.973018 -0.228946 -0.303204 -0.952926 0.000000 -0.072889 -0.996156 -0.048593 0.066454 -0.996805 -0.044302 0.021238 -0.976956 0.212382 -0.067867 -0.995383 -0.067867 0.000000 -0.981393 0.192012
-0.748064 0.507615 -0.427465 -0.131432 -0.700973 -0.700973 0.000000 -0.973417 -0.229039 -0.263117 -0.964764 0.000000 -0.096986 -0.994104 -0.048493 0.066454 -0.996805 -0.044302 0.021238 -0.976956 0.212382 -0.067867 -0.995383 -0.067867 0.000000 -0.981393 0.192012
-0.735938 0.517882 -0.436111 -0.174078 -0.696311 -0.696311 0.000000 -0.971850 -0.235600 -0.263117 -0.964764 0.000000 -0.096986 -0.994104 -0.048493 0.066519 -0.997785 0.000000 0.021330 -0.981169 0.191968 -0.067867 -0.995383 -0.067867 0.000000 -0.985212 0.171341
-0.735938 0.517882 -0.436111 -0.174078 -0.696311 -0.696311 0.029437 -0.971429 -0.235498 -0.263117 -0.964764 0.000000 -0.072889 -0.996156 -0.048593 0.066519 -0.997785 0.000000 0.021330 -0.981169 0.191968 -0.067867 -0.995383 -0.067867 0.000000 -0.985212 0.171341
-0.718403 0.545986 -0.431042 -0.209427 -0.670166 -0.712052 0.029223 -0.964352 -0.263005 -0.263117 -0.964764 0.000000 -0.072889 -0.996156 -0.048593 0.066519 -0.997785 0.000000 0.021330 -0.981169 0.191968 -0.067867 -0.995383 -0.067867 0.000000 -0.985212 0.171341
-0.718403 0.545986 -0.431042 -0.215766 -0.690451 -0.690451 0.029437 -0.971429 -0.235498 -0.316228 -0.948683 0.000000 -0.072889 -0.996156 -0.048593 0.066519 -0.997785 0.000000 0.021330 -0.981169 0.191968 -0.067867 -0.995383 -0.067867 0.000000 -0.985821 0.167799
-0.725502 0.537409 -0.429927 -0.127458 -0.722261 -0.679775 0.029437 -0.971429 -0.235498 -0.316228 -0.948683 0.000000 -0.072889 -0.996156 -0.048593 0.066519 -0.997785 0.000000 0.021238 -0.976956 0.212382 -0.067867 -0.995383 -0.067867 0.000000 -0.985821 0.167799
-0.737034 0.491356 -0.464058 -0.087875 -0.746937 -0.659062 0.030514 -0.976445 -0.213597 -0.303204 -0.952926 0.000000 -0.072889 -0.996156 -0.048593 0.066503 -0.997540 -0.022168 0.021238 -0.976956 0.212382 -0.067867 -0.995383 -0.067867 0.000000 -0.985821 0.167799
