0.603860 0.730988 -0.317821 0.403567 -0.686064 -0.605351 0.091756 -0.978726 -0.183511 -0.304555 -0.951734 -0.038069 -0.024354 -0.998516 -0.048708 0.046411 -0.997844 -0.046411 -0.020391 -0.978777 0.203912 -0.045303 -0.996659 -0.067954 0.000000 -0.973688 0.227884
0.584206 0.701047 -0.408944 0.313786 -0.745241 -0.588348 0.091756 -0.978726 -0.183511 -0.304555 -0.951734 -0.038069 -0.024354 -0.998516 -0.048708 0.046411 -0.997844 -0.046411 -0.020391 -0.978777 0.203912 -0.045303 -0.996659 -0.067954 0.000000 -0.973688 0.227884
0.479632 0.685189 -0.548151 0.323117 -0.605844 -0.727013 0.091203 -0.972829 -0.212806 -0.304776 -0.952424 0.000000 -0.024354 -0.998516 -0.048708 0.046411 -0.997844 -0.046411 -0.020391 -0.978777 0.203912 -0.046349 -0.996503 -0.069523 0.000000 -0.974732 0.223376
0.147242 0.699400 -0.699400 0.233373 -0.583432 -0.777910 0.091203 -0.972829 -0.212806 -0.304555 -0.951734 -0.038069 -0.024354 -0.998516 -0.048708 0.046411 -0.997844 -0.046411 -0.020391 -0.978777 0.203912 -0.046349 -0.996503 -0.069523 0.000000 -0.974732 0.223376
-0.250801 0.609088 -0.752403 0.188311 -0.527271 -0.828568 0.091203 -0.972829 -0.212806 -0.304555 -0.951734 -0.038069 -0.024354 -0.998516 -0.048708 0.046411 -0.997844 -0.046411 -0.020391 -0.978777 0.203912 -0.046349 -0.996503 -0.069523 0.000000 -0.974732 0.223376
-0.429804 0.521905 -0.736807 0.119145 -0.595726 -0.794301 0.091203 -0.972829 -0.212806 -0.304555 -0.951734 -0.038069 -0.024354 -0.998516 -0.048708 0.046411 -0.997844 -0.046411 -0.020391 -0.978777 0.203912 -0.046349 -0.996503 -0.069523 0.000000 -0.974732 0.223376
-0.549783 0.445063 -0.706864 0.090815 -0.726523 -0.681115 0.091203 -0.972829 -0.212806 -0.304555 -0.951734 -0.038069 -0.024354 -0.998516 -0.048708 0.046411 -0.997844 -0.046411 -0.020391 -0.978777 0.203912 -0.046349 -0.996503 -0.069523 0.000000 -0.974732 0.223376
-0.568465 0.444885 -0.692044 0.044992 -0.809858 -0.584898 0.091203 -0.972829 -0.212806 -0.304555 -0.951734 -0.038069 -0.024354 -0.998516 -0.048708 0.046411 -0.997844 -0.046411 -0.020391 -0.978777 0.203912 -0.046349 -0.996503 -0.069523 0.000000 -0.974732 0.223376
-0.640184 0.460933 -0.614577 0.044455 -0.844653 -0.533465 0.091203 -0.972829 -0.212806 -0.304555 -0.951734 -0.038069 -0.024354 -0.998516 -0.048708 0.046411 -0.997844 -0.046411 -0.020391 -0.978777 0.203912 0.000000 -0.997684 -0.068024 0.000000 -0.974732 0.223376
-0.650284 0.468204 -0.598261 -0.044455 -0.844653 -0.533465 0.091203 -0.972829 -0.212806 -0.304555 -0.951734 -0.038069 -0.047511 -0.997740 -0.047511 0.046411 -0.997844 -0.046411 -0.020391 -0.978777 0.203912 0.000000 -0.997684 -0.068024 0.000000 -0.978980 0.203954
-0.650284 0.468204 -0.598261 -0.045502 -0.864530 -0.500517 0.091203 -0.972829 -0.212806 -0.304555 -0.951734 -0.038069 -0.047511 -0.997740 -0.047511 0.046411 -0.997844 -0.046411 -0.020391 -0.978777 0.203912 0.000000 -0.997684 -0.068024 0.000000 -0.978980 0.203954
-0.648209 0.479111 -0.591843 -0.045502 -0.864530 -0.500517 0.060943 -0.975084 -0.213300 -0.269430 -0.962250 -0.038490 -0.047511 -0.997740 -0.047511 0.046411 -0.997844 -0.046411 -0.020303 -0.974531 0.223330 0.000000 -0.997684 -0.068024 0.000000 -0.978980 0.203954
-0.624695 0.468521 -0.624695 -0.045502 -0.864530 -0.500517 0.060523 -0.968364 -0.242091 -0.269630 -0.962964 0.000000 -0.047511 -0.997740 -0.047511 0.046411 -0.997844 -0.046411 -0.020303 -0.974531 0.223330 0.000000 -0.997684 -0.068024 0.000000 -0.978980 0.203954
-0.580847 0.458563 -0.672560 -0.045502 -0.864530 -0.500517 0.060523 -0.968364 -0.242091 -0.269630 -0.962964 0.000000 -0.046411 -0.997844 -0.046411 0.046411 -0.997844 -0.046411 -0.020303 -0.974531 0.223330 0.000000 -0.997684 -0.068024 0.000000 -0.978980 0.203954
-0.536656 0.447214 -0.715542 -0.045502 -0.864530 -0.500517 0.060523 -0.968364 -0.242091 -0.269630 -0.962964 0.000000 -0.046411 -0.997844 -0.046411 0.046411 -0.997844 -0.046411 -0.020303 -0.974531 0.223330 0.000000 -0.997684 -0.068024 0.000000 -0.978980 0.203954
-0.548230 0.456859 -0.700517 -0.044455 -0.844653 -0.533465 0.060523 -0.968364 -0.242091 -0.269430 -0.962250 -0.038490 -0.046411 -0.997844 -0.046411 0.046411 -0.997844 -0.046411 -0.020303 -0.974531 0.223330 -0.022669 -0.997427 -0.068006 0.000000 -0.978980 0.203954
-0.536656 0.447214 -0.715542 -0.044455 -0.844653 -0.533465 0.060523 -0.968364 -0.242091 -0.269430 -0.962250 -0.038490 -0.046411 -0.997844 -0.046411 0.046411 -0.997844 -0.046411 0.000000 -0.974732 0.223376 -0.022669 -0.997427 -0.068006 0.000000 -0.978980 0.203954
-0.561256 0.472637 -0.679416 0.000000 -0.838444 -0.544988 0.060523 -0.968364 -0.242091 -0.269430 -0.962250 -0.038490 -0.046411 -0.997844 -0.046411 0.046449 -0.998651 -0.023224 0.000000 -0.974732 0.223376 -0.022669 -0.997427 -0.068006 0.000000 -0.978980 0.203954
-0.557379 0.440036 -0.704058 0.000000 -0.825307 -0.564684 0.060057 -0.960913 -0.270257 -0.269630 -0.962964 0.000000 -0.046411 -0.997844 -0.046411 0.046449 -0.998651 -0.023224 0.000000 -0.974732 0.223376 -0.022669 -0.997427 -0.068006 0.000000 -0.978980 0.203954
-0.557379 0.440036 -0.704058 0.000000 -0.825307 -0.564684 0.060057 -0.960913 -0.270257 -0.304776 -0.952424 0.000000 -0.046411 -0.997844 -0.046411 0.046449 -0.998651 -0.023224 0.000000 -0.974732 0.223376 -0.045303 -0.996659 -0.067954 0.000000 -0.978980 0.203954
-0.557379 0.440036 -0.704058 0.000000 -0.825307 -0.564684 0.060523 -0.968364 -0.242091 -0.304776 -0.952424 0.000000 -0.046411 -0.997844 -0.046411 0.046449 -0.998651 -0.023224 0.000000 -0.974732 0.223376 -0.045303 -0.996659 -0.067954 0.000000 -0.978980 0.203954
-0.577110 0.432832 -0.692532 0.000000 -0.825307 -0.564684 0.060523 -0.968364 -0.242091 -0.304776 -0.952424 0.000000 -0.046411 -0.997844 -0.046411 0.046411 -0.997844 -0.046411 0.000000 -0.974732 0.223376 -0.045303 -0.996659 -0.067954 0.000000 -0.978980 0.203954
-0.577110 0.432832 -0.692532 0.000000 -0.825307 -0.564684 0.060943 -0.975084 -0.213300 -0.304776 -0.952424 0.000000 -0.046411 -0.997844 -0.046411 0.046449 -0.998651 -0.023224 0.000000 -0.974732 0.223376 -0.045303 -0.996659 -0.067954 0.000000 -0.978980 0.203954
-0.577110 0.432832 -0.692532 0.000000 -0.825307 -0.564684 0.058798 -0.970169 -0.235192 -0.304555 -0.951734 0.038069 -0.046411 -0.997844 -0.046411 0.046449 -0.998651 -0.023224 0.000000 -0.974732 0.223376 -0.045303 -0.996659 -0.067954 0.000000 -0.978980 0.203954
-0.577110 0.432832 -0.692532 0.000000 -0.825307 -0.564684 0.029630 -0.977805 -0.207413 -0.304555 -0.951734 0.038069 -0.047511 -0.997740 -0.047511 0.046449 -0.998651 -0.023224 0.000000 -0.974732 0.223376 -0.045303 -0.996659 -0.067954 0.000000 -0.978980 0.203954
-0.577110 0.432832 -0.692532 0.000000 -0.825307 -0.564684 0.029630 -0.977805 -0.207413 -0.304555 -0.951734 0.038069 -0.047511 -0.997740 -0.047511 0.046449 -0.998651 -0.023224 0.000000 -0.974732 0.223376 -0.045303 -0.996659 -0.067954 0.000000 -0.978980 0.203954
-0.569803 0.455842 -0.683763 0.000000 -0.838444 -0.544988 0.028796 -0.979051 -0.201569 -0.304776 -0.952424 0.000000 -0.047511 -0.997740 -0.047511 0.046449 -0.998651 -0.023224 0.000000 -0.974732 0.223376 -0.045303 -0.996659 -0.067954 0.000000 -0.978980 0.203954
