0.457496 0.823492 -0.335497 0.685994 -0.514496 -0.514496 0.158991 -0.953945 -0.254385 -0.242338 -0.969351 0.040390 0.024354 -0.998516 -0.048708 0.088195 -0.992191 -0.088195 0.042248 -0.971711 0.232366 -0.043427 -0.998821 -0.021713 -0.021582 -0.971173 0.237398
0.457496 0.823492 -0.335497 0.700973 -0.525730 -0.481919 0.158991 -0.953945 -0.254385 -0.242338 -0.969351 0.040390 0.024318 -0.997039 -0.072954 0.088195 -0.992191 -0.088195 0.042248 -0.971711 0.232366 -0.043427 -0.998821 -0.021713 -0.021688 -0.975957 0.216879
0.439219 0.815693 -0.376473 0.700973 -0.525730 -0.481919 0.158991 -0.953945 -0.254385 -0.242338 -0.969351 0.040390 0.024354 -0.998516 -0.048708 0.088195 -0.992191 -0.088195 0.042248 -0.971711 0.232366 -0.043427 -0.998821 -0.021713 -0.021688 -0.975957 0.216879
0.363649 0.826475 -0.429767 0.685994 -0.514496 -0.514496 0.124878 -0.967805 -0.218537 -0.242536 -0.970143 0.000000 0.024354 -0.998516 -0.048708 0.088195 -0.992191 -0.088195 0.042248 -0.971711 0.232366 -0.043427 -0.998821 -0.021713 -0.021688 -0.975957 0.216879
0.240098 0.823193 -0.514496 0.660979 -0.484718 -0.572848 0.121212 -0.969697 -0.212121 -0.242536 -0.970143 0.000000 0.024354 -0.998516 -0.048708 0.088195 -0.992191 -0.088195 0.042248 -0.971711 0.232366 -0.043427 -0.998821 -0.021713 -0.021688 -0.975957 0.216879
0.100560 0.838002 -0.536321 0.514496 -0.514496 -0.685994 0.093980 -0.971124 -0.219286 -0.233197 -0.971653 0.038866 0.024354 -0.998516 -0.048708 0.088195 -0.992191 -0.088195 0.042448 -0.976296 0.212238 -0.043427 -0.998821 -0.021713 -0.021688 -0.975957 0.216879
0.000000 0.811534 -0.584305 0.384111 -0.512148 -0.768221 0.091203 -0.972829 -0.212806 -0.233197 -0.971653 0.038866 0.000000 -0.998812 -0.048723 0.088195 -0.992191 -0.088195 0.042448 -0.976296 0.212238 -0.043427 -0.998821 -0.021713 -0.021688 -0.975957 0.216879
-0.252856 0.758567 -0.600533 0.287456 -0.492781 -0.821302 0.061314 -0.981023 -0.183942 -0.269430 -0.962250 0.038490 0.000000 -0.998812 -0.048723 0.088195 -0.992191 -0.088195 0.042448 -0.976296 0.212238 -0.043427 -0.998821 -0.021713 -0.021688 -0.975957 0.216879
-0.382352 0.669116 -0.637253 0.123091 -0.492366 -0.861640 0.061633 -0.986134 -0.154083 -0.269430 -0.962250 0.038490 0.000000 -0.998812 -0.048723 0.088195 -0.992191 -0.088195 0.042448 -0.976296 0.212238 -0.043427 -0.998821 -0.021713 -0.021786 -0.980348 0.196070
-0.586510 0.586510 -0.558581 0.039873 -0.478471 -0.877197 0.030861 -0.987541 -0.154303 -0.269430 -0.962250 0.038490 0.000000 -0.998812 -0.048723 0.088195 -0.992191 -0.088195 0.042448 -0.976296 0.212238 -0.043427 -0.998821 -0.021713 -0.021786 -0.980348 0.196070
-0.659028 0.573068 -0.487108 0.000000 -0.544988 -0.838444 0.030994 -0.991801 -0.123975 -0.269630 -0.962964 0.000000 0.000000 -0.997334 -0.072976 0.088195 -0.992191 -0.088195 0.042448 -0.976296 0.212238 -0.043427 -0.998821 -0.021713 -0.021786 -0.980348 0.196070
-0.674786 0.562322 -0.477973 -0.041274 -0.619116 -0.784214 0.030994 -0.991801 -0.123975 -0.269630 -0.962964 0.000000 0.000000 -0.997334 -0.072976 0.088195 -0.992191 -0.088195 0.042448 -0.976296 0.212238 -0.043427 -0.998821 -0.021713 -0.021786 -0.980348 0.196070
-0.715542 0.536656 -0.447214 -0.041487 -0.663792 -0.746766 0.000000 -0.992734 -0.120331 -0.196116 -0.980581 0.000000 0.000000 -0.997334 -0.072976 0.088195 -0.992191 -0.088195 0.042448 -0.976296 0.212238 -0.043427 -0.998821 -0.021713 -0.021786 -0.980348 0.196070
-0.715542 0.536656 -0.447214 -0.082903 -0.704673 -0.704673 0.000000 -0.989359 -0.145494 -0.196116 -0.980581 0.000000 0.000000 -0.998812 -0.048723 0.088195 -0.992191 -0.088195 0.042448 -0.976296 0.212238 -0.043427 -0.998821 -0.021713 -0.021786 -0.980348 0.196070
-0.722285 0.533863 -0.439652 -0.085358 -0.725542 -0.682863 0.029801 -0.983433 -0.178806 -0.196116 -0.980581 0.000000 0.000000 -0.998752 -0.049938 0.088195 -0.992191 -0.088195 0.042448 -0.976296 0.212238 -0.043427 -0.998821 -0.021713 -0.021786 -0.980348 0.196070
-0.688796 0.569005 -0.449215 -0.127458 -0.722261 -0.679775 0.057520 -0.977835 -0.201319 -0.203954 -0.978980 0.000000 0.000000 -0.998752 -0.049938 0.088195 -0.992191 -0.088195 0.042448 -0.976296 0.212238 -0.043427 -0.998821 -0.021713 -0.021786 -0.980348 0.196070
-0.640174 0.611075 -0.465581 -0.168880 -0.717741 -0.675521 0.059183 -0.976519 -0.207140 -0.203954 -0.978980 0.000000 0.000000 -0.998752 -0.049938 0.088195 -0.992191 -0.088195 0.042448 -0.976296 0.212238 -0.043427 -0.998821 -0.021713 -0.021874 -0.984327 0.174991
-0.656875 0.599755 -0.456956 -0.168880 -0.717741 -0.675521 0.058798 -0.970169 -0.235192 -0.203785 -0.978167 -0.040757 -0.024961 -0.998441 -0.049922 0.088195 -0.992191 -0.088195 0.042448 -0.976296 0.212238 -0.043427 -0.998821 -0.021713 -0.021874 -0.984327 0.174991
-0.628828 0.628828 -0.457330 -0.209427 -0.712052 -0.670166 0.087370 -0.961074 -0.262111 -0.212430 -0.977176 0.000000 -0.024354 -0.998516 -0.048708 0.088195 -0.992191 -0.088195 0.042448 -0.976296 0.212238 -0.043427 -0.998821 -0.021713 -0.021874 -0.984327 0.174991
-0.640174 0.611075 -0.465581 -0.215766 -0.690451 -0.690451 0.087370 -0.961074 -0.262111 -0.212430 -0.977176 0.000000 -0.024354 -0.998516 -0.048708 0.088195 -0.992191 -0.088195 0.042448 -0.976296 0.212238 -0.043427 -0.998821 -0.021713 -0.021874 -0.984327 0.174991
-0.631413 0.602712 -0.487910 -0.215766 -0.690451 -0.690451 0.087370 -0.961074 -0.262111 -0.212430 -0.977176 0.000000 -0.024354 -0.998516 -0.048708 0.088195 -0.992191 -0.088195 0.042448 -0.976296 0.212238 -0.043427 -0.998821 -0.021713 -0.021874 -0.984327 0.174991
-0.631413 0.602712 -0.487910 -0.215766 -0.690451 -0.690451 0.087370 -0.961074 -0.262111 -0.203954 -0.978980 0.000000 -0.024354 -0.998516 -0.048708 0.088195 -0.992191 -0.088195 0.042448 -0.976296 0.212238 -0.043427 -0.998821 -0.021713 -0.021413 -0.984986 0.171302
-0.631413 0.602712 -0.487910 -0.215766 -0.690451 -0.690451 0.087370 -0.961074 -0.262111 -0.203954 -0.978980 0.000000 -0.024354 -0.998516 -0.048708 0.088195 -0.992191 -0.088195 0.042448 -0.976296 0.212238 -0.043427 -0.998821 -0.021713 -0.021413 -0.984986 0.171302
