0.736050 0.630900 -0.245350 0.584858 -0.668410 -0.459532 0.094585 -0.977378 -0.189170 -0.151620 -0.985527 -0.075810 0.000000 -0.998868 -0.047565 0.044390 -0.998768 -0.022195 -0.021582 -0.971173 0.237398 -0.064700 -0.992062 -0.107833 -0.044055 -0.969201 0.242300
0.775880 0.564276 -0.282138 0.544988 -0.670755 -0.503066 0.093980 -0.971124 -0.219286 -0.151947 -0.987658 -0.037987 0.000000 -0.998868 -0.047565 0.044390 -0.998768 -0.022195 -0.021582 -0.971173 0.237398 -0.064700 -0.992062 -0.107833 -0.044055 -0.969201 0.242300
0.669374 0.629999 -0.393750 0.491539 -0.655386 -0.573462 0.128765 -0.965734 -0.225338 -0.188713 -0.981307 -0.037743 0.000000 -0.998868 -0.047565 0.044390 -0.998768 -0.022195 -0.021582 -0.971173 0.237398 -0.064700 -0.992062 -0.107833 -0.044055 -0.969201 0.242300
0.340655 0.719161 -0.605609 0.404226 -0.646762 -0.646762 0.128765 -0.965734 -0.225338 -0.188713 -0.981307 -0.037743 0.000000 -0.997459 -0.071247 0.044390 -0.998768 -0.022195 -0.021582 -0.971173 0.237398 -0.064700 -0.992062 -0.107833 -0.044055 -0.969201 0.242300
0.039193 0.666283 -0.744669 0.333333 -0.666667 -0.666667 0.128765 -0.965734 -0.225338 -0.188713 -0.981307 -0.037743 0.000000 -0.997459 -0.071247 0.044390 -0.998768 -0.022195 -0.021582 -0.971173 0.237398 -0.064700 -0.992062 -0.107833 -0.044055 -0.969201 0.242300
-0.181969 0.618693 -0.764268 0.203616 -0.692294 -0.692294 0.096926 -0.969256 -0.226160 -0.188713 -0.981307 -0.037743 0.000000 -0.997459 -0.071247 0.044390 -0.998768 -0.022195 -0.021582 -0.971173 0.237398 -0.064700 -0.992062 -0.107833 -0.044055 -0.969201 0.242300
-0.397607 0.550533 -0.734045 0.075974 -0.759737 -0.645777 0.096926 -0.969256 -0.226160 -0.188311 -0.979217 -0.075324 0.000000 -0.997459 -0.071247 0.044390 -0.998768 -0.022195 -0.021582 -0.971173 0.237398 -0.064700 -0.992062 -0.107833 -0.044055 -0.969201 0.242300
-0.575230 0.514679 -0.635780 0.000000 -0.826227 -0.563337 0.096926 -0.969256 -0.226160 -0.188311 -0.979217 -0.075324 0.000000 -0.997459 -0.071247 0.044401 -0.999014 0.000000 -0.021688 -0.975957 0.216879 -0.064700 -0.992062 -0.107833 -0.044055 -0.969201 0.242300
-0.634039 0.483077 -0.603847 0.000000 -0.870563 -0.492057 0.096926 -0.969256 -0.226160 -0.188311 -0.979217 -0.075324 0.000000 -0.997459 -0.071247 0.044401 -0.999014 0.000000 -0.021688 -0.975957 0.216879 -0.064700 -0.992062 -0.107833 -0.044055 -0.969201 0.242300
-0.717011 0.451451 -0.531119 0.000000 -0.894427 -0.447214 0.096926 -0.969256 -0.226160 -0.224231 -0.971666 -0.074744 0.000000 -0.997459 -0.071247 0.044401 -0.999014 0.000000 -0.021688 -0.975957 0.216879 -0.043274 -0.995307 -0.086548 -0.044055 -0.969201 0.242300
-0.727079 0.457791 -0.511648 -0.037242 -0.893807 -0.446903 0.096926 -0.969256 -0.226160 -0.224231 -0.971666 -0.074744 0.000000 -0.997459 -0.071247 0.044401 -0.999014 0.000000 -0.021688 -0.975957 0.216879 -0.043274 -0.995307 -0.086548 -0.044055 -0.969201 0.242300
-0.749135 0.454832 -0.481586 -0.039193 -0.901441 -0.431124 0.096926 -0.969256 -0.226160 -0.224231 -0.971666 -0.074744 0.000000 -0.997459 -0.071247 0.044401 -0.999014 0.000000 -0.021688 -0.975957 0.216879 -0.043274 -0.995307 -0.086548 -0.044055 -0.969201 0.242300
