0.394055 0.788110 -0.472866 0.627730 -0.460336 -0.627730 0.060943 -0.975084 -0.213300 -0.269430 -0.962250 -0.038490 -0.048665 -0.997629 -0.048665 0.068006 -0.997427 -0.022669 0.020892 -0.981941 0.188031 -0.067867 -0.995383 -0.067867 -0.021330 -0.981169 0.191968
0.394055 0.788110 -0.472866 0.627730 -0.460336 -0.627730 0.060943 -0.975084 -0.213300 -0.269430 -0.962250 -0.038490 -0.048665 -0.997629 -0.048665 0.068006 -0.997427 -0.022669 0.020892 -0.981941 0.188031 -0.067867 -0.995383 -0.067867 -0.021330 -0.981169 0.191968
0.439648 0.759393 -0.479616 0.601351 -0.472490 -0.644305 0.060943 -0.975084 -0.213300 -0.269430 -0.962250 -0.038490 -0.048665 -0.997629 -0.048665 0.068006 -0.997427 -0.022669 0.020892 -0.981941 0.188031 -0.067867 -0.995383 -0.067867 -0.021330 -0.981169 0.191968
0.419591 0.755263 -0.503509 0.601351 -0.472490 -0.644305 0.060943 -0.975084 -0.213300 -0.269430 -0.962250 -0.038490 -0.048665 -0.997629 -0.048665 0.068006 -0.997427 -0.022669 0.020892 -0.981941 0.188031 -0.067867 -0.995383 -0.067867 -0.021330 -0.981169 0.191968
0.485071 0.727607 -0.485071 0.601351 -0.472490 -0.644305 0.060943 -0.975084 -0.213300 -0.269430 -0.962250 -0.038490 -0.048665 -0.997629 -0.048665 0.068006 -0.997427 -0.022669 0.020892 -0.981941 0.188031 -0.067867 -0.995383 -0.067867 -0.021330 -0.981169 0.191968
0.589015 0.692959 -0.415775 0.544988 -0.503066 -0.670755 0.060943 -0.975084 -0.213300 -0.269430 -0.962250 -0.038490 -0.048665 -0.997629 -0.048665 0.068006 -0.997427 -0.022669 0.020892 -0.981941 0.188031 -0.067867 -0.995383 -0.067867 -0.021330 -0.981169 0.191968
0.473016 0.743311 -0.473016 0.453247 -0.494451 -0.741677 0.060943 -0.975084 -0.213300 -0.269430 -0.962250 -0.038490 -0.048665 -0.997629 -0.048665 0.068006 -0.997427 -0.022669 0.020892 -0.981941 0.188031 -0.067867 -0.995383 -0.067867 -0.021330 -0.981169 0.191968
0.290000 0.761249 -0.580000 0.360000 -0.480000 -0.800000 0.060943 -0.975084 -0.213300 -0.269430 -0.962250 -0.038490 -0.048665 -0.997629 -0.048665 0.068006 -0.997427 -0.022669 0.020892 -0.981941 0.188031 -0.067867 -0.995383 -0.067867 -0.021330 -0.981169 0.191968
0.072122 0.757279 -0.649097 0.195665 -0.469596 -0.860927 0.060943 -0.975084 -0.213300 -0.269430 -0.962250 -0.038490 -0.048665 -0.997629 -0.048665 0.068006 -0.997427 -0.022669 0.020892 -0.981941 0.188031 -0.067867 -0.995383 -0.067867 -0.021330 -0.981169 0.191968
-0.303218 0.673817 -0.673817 0.152388 -0.457164 -0.876230 0.060943 -0.975084 -0.213300 -0.269430 -0.962250 -0.038490 -0.048593 -0.996156 -0.072889 0.066503 -0.997540 -0.022168 0.021330 -0.981169 0.191968 -0.067867 -0.995383 -0.067867 -0.021330 -0.981169 0.191968
-0.487910 0.602712 -0.631413 0.116598 -0.505259 -0.855054 0.060943 -0.975084 -0.213300 -0.269430 -0.962250 -0.038490 -0.048593 -0.996156 -0.072889 0.066503 -0.997540 -0.022168 0.021330 -0.981169 0.191968 -0.067867 -0.995383 -0.067867 -0.021330 -0.981169 0.191968
-0.621395 0.567360 -0.540343 0.035944 -0.611052 -0.790774 0.060943 -0.975084 -0.213300 -0.269430 -0.962250 -0.038490 -0.048593 -0.996156 -0.072889 0.066503 -0.997540 -0.022168 0.021330 -0.981169 0.191968 -0.067867 -0.995383 -0.067867 -0.021330 -0.981169 0.191968
-0.652051 0.573805 -0.495559 0.000000 -0.650791 -0.759257 0.060943 -0.975084 -0.213300 -0.269430 -0.962250 -0.038490 -0.048593 -0.996156 -0.072889 0.066503 -0.997540 -0.022168 0.021330 -0.981169 0.191968 -0.067867 -0.995383 -0.067867 -0.021330 -0.981169 0.191968
-0.660415 0.581165 -0.475499 -0.036131 -0.650366 -0.758761 0.060943 -0.975084 -0.213300 -0.269430 -0.962250 -0.038490 -0.048593 -0.996156 -0.072889 0.066503 -0.997540 -0.022168 0.021330 -0.981169 0.191968 -0.067867 -0.995383 -0.067867 -0.021330 -0.981169 0.191968
-0.660415 0.581165 -0.475499 -0.072310 -0.686946 -0.723102 0.059183 -0.976519 -0.207140 -0.279776 -0.959233 -0.039968 -0.048593 -0.996156 -0.072889 0.066503 -0.997540 -0.022168 0.021330 -0.981169 0.191968 -0.067867 -0.995383 -0.067867 -0.021330 -0.981169 0.191968
-0.668631 0.588395 -0.454669 -0.110808 -0.664845 -0.738717 0.059183 -0.976519 -0.207140 -0.279776 -0.959233 -0.039968 -0.048593 -0.996156 -0.072889 0.066503 -0.997540 -0.022168 0.021330 -0.981169 0.191968 -0.067867 -0.995383 -0.067867 -0.021330 -0.981169 0.191968
-0.653439 0.598986 -0.462853 -0.076194 -0.685745 -0.723842 0.059183 -0.976519 -0.207140 -0.279108 -0.956943 -0.079745 -0.048593 -0.996156 -0.072889 0.066503 -0.997540 -0.022168 0.021330 -0.981169 0.191968 -0.067867 -0.995383 -0.067867 -0.021413 -0.984986 0.171302
-0.637415 0.609701 -0.471133 -0.076194 -0.685745 -0.723842 0.058798 -0.970169 -0.235192 -0.279108 -0.956943 -0.079745 -0.048593 -0.996156 -0.072889 0.066503 -0.997540 -0.022168 0.021330 -0.981169 0.191968 -0.067867 -0.995383 -0.067867 -0.021413 -0.984986 0.171302
-0.602712 0.631413 -0.487910 -0.120289 -0.681638 -0.721734 0.058798 -0.970169 -0.235192 -0.279108 -0.956943 -0.079745 -0.048593 -0.996156 -0.072889 0.066503 -0.997540 -0.022168 0.021330 -0.981169 0.191968 -0.067867 -0.995383 -0.067867 -0.021413 -0.984986 0.171302
-0.594207 0.622503 -0.509321 -0.123823 -0.701665 -0.701665 0.089883 -0.958754 -0.269650 -0.279776 -0.959233 -0.039968 -0.048593 -0.996156 -0.072889 0.066503 -0.997540 -0.022168 0.021330 -0.981169 0.191968 -0.067867 -0.995383 -0.067867 -0.021413 -0.984986 0.171302
-0.622503 0.594207 -0.509321 -0.082903 -0.704673 -0.704673 0.089883 -0.958754 -0.269650 -0.279776 -0.959233 -0.039968 -0.048593 -0.996156 -0.072889 0.066503 -0.997540 -0.022168 0.021330 -0.981169 0.191968 -0.067867 -0.995383 -0.067867 -0.021413 -0.984986 0.171302
-0.604708 0.604708 -0.518321 -0.085358 -0.682863 -0.725542 0.062348 -0.966394 -0.249392 -0.241747 -0.966988 -0.080582 -0.072782 -0.994689 -0.072782 0.066503 -0.997540 -0.022168 0.021238 -0.976956 0.212382 -0.067867 -0.995383 -0.067867 -0.021413 -0.984986 0.171302
-0.604708 0.604708 -0.518321 -0.088045 -0.704361 -0.704361 0.063725 -0.955879 -0.286764 -0.242338 -0.969351 -0.040390 -0.072782 -0.994689 -0.072782 0.066503 -0.997540 -0.022168 0.000000 -0.977176 0.212430 -0.067867 -0.995383 -0.067867 -0.021413 -0.984986 0.171302
-0.613483 0.585597 -0.529826 -0.044151 -0.706417 -0.706417 0.064282 -0.964237 -0.257130 -0.242338 -0.969351 -0.040390 -0.072782 -0.994689 -0.072782 0.066503 -0.997540 -0.022168 0.000000 -0.977176 0.212430 -0.067867 -0.995383 -0.067867 -0.021413 -0.984986 0.171302
-0.613483 0.585597 -0.529826 -0.042796 -0.727533 -0.684737 0.064786 -0.971795 -0.226752 -0.242338 -0.969351 -0.040390 -0.074582 -0.994422 -0.074582 0.066503 -0.997540 -0.022168 0.000000 -0.977176 0.212430 -0.067867 -0.995383 -0.067867 -0.021413 -0.984986 0.171302
-0.621395 0.567360 -0.540343 0.000000 -0.749838 -0.661622 0.065233 -0.978492 -0.195698 -0.242338 -0.969351 -0.040390 -0.074582 -0.994422 -0.074582 0.066503 -0.997540 -0.022168 0.000000 -0.977176 0.212430 -0.067867 -0.995383 -0.067867 -0.021413 -0.984986 0.171302
-0.637568 0.557872 -0.531306 0.044065 -0.749110 -0.660979 0.065233 -0.978492 -0.195698 -0.242536 -0.970143 0.000000 -0.074582 -0.994422 -0.074582 0.066503 -0.997540 -0.022168 0.000000 -0.977176 0.212430 -0.067867 -0.995383 -0.067867 -0.021413 -0.984986 0.171302
