0.437413 0.847488 -0.300722 0.630488 -0.709299 -0.315244 0.123975 -0.960807 -0.247950 -0.269630 -0.962964 0.000000 0.000000 -0.998812 -0.048723 0.045222 -0.994874 -0.090443 0.042630 -0.980500 0.191837 -0.086548 -0.995307 -0.043274 -0.021688 -0.975957 0.216879
0.480640 0.819916 -0.311003 0.578829 -0.702863 -0.413449 0.123975 -0.960807 -0.247950 -0.269630 -0.962964 0.000000 0.000000 -0.998812 -0.048723 0.045222 -0.994874 -0.090443 0.042630 -0.980500 0.191837 -0.086548 -0.995307 -0.043274 -0.021688 -0.975957 0.216879
0.553637 0.775091 -0.304500 0.425628 -0.681005 -0.595880 0.123975 -0.960807 -0.247950 -0.269630 -0.962964 0.000000 0.000000 -0.997334 -0.072976 0.045222 -0.994874 -0.090443 0.042630 -0.980500 0.191837 -0.086548 -0.995307 -0.043274 -0.021688 -0.975957 0.216879
0.538334 0.747686 -0.388797 0.375653 -0.542610 -0.751305 0.123975 -0.960807 -0.247950 -0.269630 -0.962964 0.000000 0.000000 -0.997334 -0.072976 0.045222 -0.994874 -0.090443 0.042630 -0.980500 0.191837 -0.086548 -0.995307 -0.043274 -0.021688 -0.975957 0.216879
0.173240 0.762255 -0.623663 0.330759 -0.454794 -0.826898 0.123975 -0.960807 -0.247950 -0.269630 -0.962964 0.000000 0.000000 -0.998812 -0.048723 0.045222 -0.994874 -0.090443 0.042630 -0.980500 0.191837 -0.086548 -0.995307 -0.043274 -0.021688 -0.975957 0.216879
-0.193548 0.709677 -0.677419 0.269032 -0.461197 -0.845529 0.123975 -0.960807 -0.247950 -0.269630 -0.962964 0.000000 0.000000 -0.998868 -0.047565 0.045118 -0.992593 -0.112795 0.042448 -0.976296 0.212238 -0.086548 -0.995307 -0.043274 -0.021688 -0.975957 0.216879
-0.451613 0.580645 -0.677419 0.163163 -0.489490 -0.856608 0.124878 -0.967805 -0.218537 -0.269430 -0.962250 -0.038490 -0.023776 -0.998586 -0.047552 0.045118 -0.992593 -0.112795 0.041586 -0.977260 0.207928 -0.086548 -0.995307 -0.043274 -0.043345 -0.975270 0.216727
-0.585959 0.527363 -0.615257 0.040927 -0.572982 -0.818546 0.093980 -0.971124 -0.219286 -0.269430 -0.962250 -0.038490 -0.023776 -0.998586 -0.047552 0.045118 -0.992593 -0.112795 0.041586 -0.977260 0.207928 -0.086548 -0.995307 -0.043274 -0.043345 -0.975270 0.216727
-0.635001 0.533401 -0.558801 0.000000 -0.644136 -0.764911 0.093980 -0.971124 -0.219286 -0.269430 -0.962250 -0.038490 -0.023776 -0.998586 -0.047552 0.045118 -0.992593 -0.112795 0.041586 -0.977260 0.207928 -0.086548 -0.995307 -0.043274 -0.043540 -0.979651 0.195930
-0.715542 0.447214 -0.536656 -0.042796 -0.684737 -0.727533 0.093980 -0.971124 -0.219286 -0.269430 -0.962250 -0.038490 -0.023776 -0.998586 -0.047552 0.045118 -0.992593 -0.112795 0.041586 -0.977260 0.207928 -0.065064 -0.997645 -0.021688 -0.043540 -0.979651 0.195930
-0.772991 0.432875 -0.463794 -0.041559 -0.706496 -0.706496 0.093980 -0.971124 -0.219286 -0.269430 -0.962250 -0.038490 -0.023776 -0.998586 -0.047552 0.045118 -0.992593 -0.112795 0.042448 -0.976296 0.212238 -0.065064 -0.997645 -0.021688 -0.043540 -0.979651 0.195930
-0.757054 0.427900 -0.493731 -0.042796 -0.727533 -0.684737 0.091203 -0.972829 -0.212806 -0.269430 -0.962250 -0.038490 0.000000 -0.998868 -0.047565 0.045118 -0.992593 -0.112795 0.042448 -0.976296 0.212238 -0.065064 -0.997645 -0.021688 -0.043540 -0.979651 0.195930
-0.742464 0.438729 -0.506225 -0.044065 -0.749110 -0.660979 0.090577 -0.966155 -0.241539 -0.269630 -0.962964 0.000000 0.000000 -0.998868 -0.047565 0.045118 -0.992593 -0.112795 0.042448 -0.976296 0.212238 -0.065064 -0.997645 -0.021688 -0.043540 -0.979651 0.195930
-0.723102 0.470016 -0.506171 -0.044065 -0.749110 -0.660979 0.088007 -0.968079 -0.234686 -0.280000 -0.960000 0.000000 0.000000 -0.998868 -0.047565 0.045118 -0.992593 -0.112795 0.042448 -0.976296 0.212238 -0.066503 -0.997540 -0.022168 -0.042630 -0.980500 0.191837
-0.705156 0.482475 -0.519589 -0.044065 -0.749110 -0.660979 0.088007 -0.968079 -0.234686 -0.280000 -0.960000 0.000000 0.000000 -0.998868 -0.047565 0.045118 -0.992593 -0.112795 0.042448 -0.976296 0.212238 -0.066503 -0.997540 -0.022168 -0.042630 -0.980500 0.191837
-0.671754 0.485156 -0.559795 -0.044065 -0.749110 -0.660979 0.088007 -0.968079 -0.234686 -0.279776 -0.959233 -0.039968 0.000000 -0.998868 -0.047565 0.045118 -0.992593 -0.112795 0.042448 -0.976296 0.212238 -0.066503 -0.997540 -0.022168 -0.042630 -0.980500 0.191837
-0.659469 0.512920 -0.549557 -0.044065 -0.749110 -0.660979 0.088007 -0.968079 -0.234686 -0.279776 -0.959233 -0.039968 0.000000 -0.998868 -0.047565 0.045118 -0.992593 -0.112795 0.042448 -0.976296 0.212238 -0.066503 -0.997540 -0.022168 -0.042630 -0.980500 0.191837
-0.673817 0.505363 -0.539054 0.000000 -0.749838 -0.661622 0.087370 -0.961074 -0.262111 -0.280000 -0.960000 0.000000 0.000000 -0.998868 -0.047565 0.045118 -0.992593 -0.112795 0.042448 -0.976296 0.212238 -0.066503 -0.997540 -0.022168 -0.042630 -0.980500 0.191837
-0.646843 0.523635 -0.554437 0.000000 -0.749838 -0.661622 0.087370 -0.961074 -0.262111 -0.280000 -0.960000 0.000000 0.000000 -0.998868 -0.047565 0.045118 -0.992593 -0.112795 0.041586 -0.977260 0.207928 -0.066503 -0.997540 -0.022168 -0.042630 -0.980500 0.191837
-0.625821 0.536418 -0.566219 0.000000 -0.749838 -0.661622 0.087370 -0.961074 -0.262111 -0.280000 -0.960000 0.000000 0.000000 -0.998868 -0.047565 0.045118 -0.992593 -0.112795 0.041586 -0.977260 0.207928 -0.066503 -0.997540 -0.022168 -0.042630 -0.980500 0.191837
-0.615257 0.527363 -0.585959 0.000000 -0.771930 -0.635707 0.088007 -0.968079 -0.234686 -0.280000 -0.960000 0.000000 0.000000 -0.998868 -0.047565 0.045118 -0.992593 -0.112795 0.041586 -0.977260 0.207928 -0.066503 -0.997540 -0.022168 -0.042630 -0.980500 0.191837
-0.605713 0.548026 -0.576870 0.000000 -0.771930 -0.635707 0.090577 -0.966155 -0.241539 -0.280000 -0.960000 0.000000 0.000000 -0.998868 -0.047565 0.045118 -0.992593 -0.112795 0.041586 -0.977260 0.207928 -0.066503 -0.997540 -0.022168 -0.042630 -0.980500 0.191837
-0.605713 0.548026 -0.576870 0.000000 -0.771930 -0.635707 0.090577 -0.966155 -0.241539 -0.280000 -0.960000 0.000000 0.000000 -0.998868 -0.047565 0.045118 -0.992593 -0.112795 0.041586 -0.977260 0.207928 -0.066503 -0.997540 -0.022168 -0.042630 -0.980500 0.191837
-0.623502 0.538479 -0.566820 0.000000 -0.771930 -0.635707 0.091203 -0.972829 -0.212806 -0.280000 -0.960000 0.000000 0.000000 -0.998868 -0.047565 0.045118 -0.992593 -0.112795 0.041586 -0.977260 0.207928 -0.066519 -0.997785 0.000000 -0.042630 -0.980500 0.191837
-0.623502 0.538479 -0.566820 0.000000 -0.771930 -0.635707 0.060523 -0.968364 -0.242091 -0.242338 -0.969351 0.040390 0.000000 -0.998868 -0.047565 0.045118 -0.992593 -0.112795 0.041586 -0.977260 0.207928 -0.066519 -0.997785 0.000000 -0.042630 -0.980500 0.191837
-0.623502 0.538479 -0.566820 0.000000 -0.771930 -0.635707 0.060943 -0.975084 -0.213300 -0.242338 -0.969351 0.040390 0.000000 -0.998868 -0.047565 0.045222 -0.994874 -0.090443 0.041757 -0.981299 0.187908 -0.066519 -0.997785 0.000000 -0.042630 -0.980500 0.191837
-0.623502 0.538479 -0.566820 0.000000 -0.771930 -0.635707 0.060943 -0.975084 -0.213300 -0.242338 -0.969351 0.040390 0.000000 -0.998868 -0.047565 0.045222 -0.994874 -0.090443 0.041757 -0.981299 0.187908 -0.066519 -0.997785 0.000000 -0.042630 -0.980500 0.191837
-0.623502 0.538479 -0.566820 0.000000 -0.771930 -0.635707 0.060943 -0.975084 -0.213300 -0.242338 -0.969351 0.040390 0.000000 -0.998868 -0.047565 0.045222 -0.994874 -0.090443 0.041757 -0.981299 0.187908 -0.066519 -0.997785 0.000000 -0.042630 -0.980500 0.191837
-0.613960 0.558146 -0.558146 0.000000 -0.789352 -0.613941 0.060943 -0.975084 -0.213300 -0.242338 -0.969351 0.040390 0.000000 -0.998868 -0.047565 0.045222 -0.994874 -0.090443 0.041757 -0.981299 0.187908 -0.088540 -0.996073 0.000000 -0.042630 -0.980500 0.191837
