0.275241 0.880771 -0.385337 0.669374 -0.629999 -0.393750 0.093980 -0.971124 -0.219286 -0.242338 -0.969351 -0.040390 0.000000 -0.998752 -0.049938 0.045222 -0.994874 -0.090443 0.020892 -0.981941 0.188031 -0.066454 -0.996805 -0.044302 -0.042448 -0.976296 0.212238
0.280828 0.898650 -0.336994 0.674624 -0.595257 -0.436522 0.094585 -0.977378 -0.189170 -0.242338 -0.969351 -0.040390 0.000000 -0.998752 -0.049938 0.045222 -0.994874 -0.090443 0.020892 -0.981941 0.188031 -0.066454 -0.996805 -0.044302 -0.042448 -0.976296 0.212238
0.306384 0.891299 -0.334237 0.674624 -0.595257 -0.436522 0.094585 -0.977378 -0.189170 -0.242338 -0.969351 -0.040390 0.000000 -0.998752 -0.049938 0.045222 -0.994874 -0.090443 0.020892 -0.981941 0.188031 -0.066454 -0.996805 -0.044302 -0.042448 -0.976296 0.212238
0.364216 0.868514 -0.336199 0.611354 -0.652111 -0.448327 0.093980 -0.971124 -0.219286 -0.242536 -0.970143 0.000000 0.000000 -0.998752 -0.049938 0.045222 -0.994874 -0.090443 0.020892 -0.981941 0.188031 -0.066503 -0.997540 -0.022168 -0.042448 -0.976296 0.212238
0.449680 0.815044 -0.365365 0.514496 -0.685994 -0.514496 0.093980 -0.971124 -0.219286 -0.242536 -0.970143 0.000000 0.000000 -0.998752 -0.049938 0.045222 -0.994874 -0.090443 0.020892 -0.981941 0.188031 -0.066503 -0.997540 -0.022168 -0.042448 -0.976296 0.212238
0.410877 0.763057 -0.498922 0.447214 -0.715542 -0.536656 0.064786 -0.971795 -0.226752 -0.233373 -0.972387 0.000000 0.000000 -0.998752 -0.049938 0.045118 -0.992593 -0.112795 0.020806 -0.977894 0.208063 -0.066503 -0.997540 -0.022168 -0.042448 -0.976296 0.212238
0.294489 0.752583 -0.588978 0.352865 -0.661622 -0.661622 0.064786 -0.971795 -0.226752 -0.233373 -0.972387 0.000000 0.000000 -0.998752 -0.049938 0.045118 -0.992593 -0.112795 0.020806 -0.977894 0.208063 -0.066503 -0.997540 -0.022168 -0.042448 -0.976296 0.212238
0.091842 0.704118 -0.704118 0.313363 -0.671492 -0.671492 0.064786 -0.971795 -0.226752 -0.233373 -0.972387 0.000000 0.000000 -0.998752 -0.049938 0.045118 -0.992593 -0.112795 0.020806 -0.977894 0.208063 -0.066503 -0.997540 -0.022168 -0.042448 -0.976296 0.212238
-0.121604 0.638419 -0.760022 0.312737 -0.625474 -0.714827 0.064786 -0.971795 -0.226752 -0.233373 -0.972387 0.000000 0.000000 -0.998812 -0.048723 0.045118 -0.992593 -0.112795 0.020806 -0.977894 0.208063 -0.066503 -0.997540 -0.022168 -0.042448 -0.976296 0.212238
-0.316228 0.569210 -0.758947 0.260870 -0.565217 -0.782609 0.064786 -0.971795 -0.226752 -0.233373 -0.972387 0.000000 0.000000 -0.998812 -0.048723 0.045118 -0.992593 -0.112795 0.020806 -0.977894 0.208063 -0.066503 -0.997540 -0.022168 -0.063600 -0.975198 0.212000
-0.488223 0.518736 -0.701820 0.214176 -0.599694 -0.771035 0.064786 -0.971795 -0.226752 -0.233373 -0.972387 0.000000 0.000000 -0.998812 -0.048723 0.045118 -0.992593 -0.112795 0.020806 -0.977894 0.208063 -0.066503 -0.997540 -0.022168 -0.063600 -0.975198 0.212000
-0.556846 0.529004 -0.640373 0.174078 -0.696311 -0.696311 0.064786 -0.971795 -0.226752 -0.233373 -0.972387 0.000000 0.000000 -0.998812 -0.048723 0.045118 -0.992593 -0.112795 0.020806 -0.977894 0.208063 -0.066503 -0.997540 -0.022168 -0.063873 -0.979389 0.191620
-0.640373 0.529004 -0.556846 0.131432 -0.700973 -0.700973 0.064786 -0.971795 -0.226752 -0.233373 -0.972387 0.000000 0.000000 -0.998812 -0.048723 0.045118 -0.992593 -0.112795 0.020806 -0.977894 0.208063 -0.066503 -0.997540 -0.022168 -0.063873 -0.979389 0.191620
-0.691280 0.510946 -0.510946 0.087875 -0.746937 -0.659062 0.064786 -0.971795 -0.226752 -0.233373 -0.972387 0.000000 0.000000 -0.998812 -0.048723 0.045118 -0.992593 -0.112795 0.020806 -0.977894 0.208063 -0.066503 -0.997540 -0.022168 -0.063873 -0.979389 0.191620
-0.716817 0.507746 -0.477878 0.087875 -0.746937 -0.659062 0.064786 -0.971795 -0.226752 -0.233373 -0.972387 0.000000 0.000000 -0.998812 -0.048723 0.045118 -0.992593 -0.112795 0.020806 -0.977894 0.208063 -0.066503 -0.997540 -0.022168 -0.063873 -0.979389 0.191620
-0.723714 0.503453 -0.471988 0.090443 -0.768767 -0.633102 0.096926 -0.969256 -0.226160 -0.233197 -0.971653 -0.038866 0.000000 -0.998812 -0.048723 0.045118 -0.992593 -0.112795 0.020806 -0.977894 0.208063 -0.066503 -0.997540 -0.022168 -0.063873 -0.979389 0.191620
-0.694850 0.550090 -0.463233 0.045361 -0.771136 -0.635053 0.096926 -0.969256 -0.226160 -0.233197 -0.971653 -0.038866 0.000000 -0.998812 -0.048723 0.045118 -0.992593 -0.112795 0.020806 -0.977894 0.208063 -0.066503 -0.997540 -0.022168 -0.063873 -0.979389 0.191620
-0.659028 0.573068 -0.487108 0.045361 -0.771136 -0.635053 0.096926 -0.969256 -0.226160 -0.233197 -0.971653 -0.038866 -0.024354 -0.998516 -0.048708 0.045118 -0.992593 -0.112795 0.020806 -0.977894 0.208063 -0.066503 -0.997540 -0.022168 -0.063873 -0.979389 0.191620
-0.648209 0.591843 -0.479111 0.043811 -0.788594 -0.613351 0.096926 -0.969256 -0.226160 -0.233197 -0.971653 -0.038866 0.000000 -0.998812 -0.048723 0.045118 -0.992593 -0.112795 0.020806 -0.977894 0.208063 -0.066503 -0.997540 -0.022168 -0.063873 -0.979389 0.191620
-0.639382 0.583784 -0.500386 0.043811 -0.788594 -0.613351 0.096926 -0.969256 -0.226160 -0.233197 -0.971653 -0.038866 0.000000 -0.998812 -0.048723 0.045118 -0.992593 -0.112795 0.020806 -0.977894 0.208063 -0.066503 -0.997540 -0.022168 -0.063873 -0.979389 0.191620
-0.629017 0.601668 -0.492274 0.043811 -0.788594 -0.613351 0.093296 -0.964054 -0.248788 -0.242338 -0.969351 -0.040390 0.000000 -0.998812 -0.048723 0.045118 -0.992593 -0.112795 0.020806 -0.977894 0.208063 -0.066503 -0.997540 -0.022168 -0.063873 -0.979389 0.191620
-0.630433 0.575613 -0.520792 0.043811 -0.788594 -0.613351 0.093296 -0.964054 -0.248788 -0.242338 -0.969351 -0.040390 0.000000 -0.998812 -0.048723 0.045118 -0.992593 -0.112795 0.020806 -0.977894 0.208063 -0.088518 -0.995829 -0.022130 -0.065233 -0.978492 0.195698
-0.625821 0.536418 -0.566219 0.043811 -0.788594 -0.613351 0.062348 -0.966394 -0.249392 -0.203785 -0.978167 -0.040757 0.000000 -0.998812 -0.048723 0.045118 -0.992593 -0.112795 0.000000 -0.978106 0.208108 -0.088518 -0.995829 -0.022130 -0.065233 -0.978492 0.195698
