0.497511 0.801545 -0.331674 0.294484 -0.920263 -0.257674 0.130396 -0.977972 -0.162995 -0.269430 -0.962250 -0.038490 0.000000 -0.998812 -0.048723 0.022168 -0.997540 -0.066503 -0.021138 -0.972362 0.232521 0.023150 -0.995434 -0.092599 -0.042448 -0.976296 0.212238
0.476182 0.803557 -0.357137 0.288300 -0.900937 -0.324337 0.130396 -0.977972 -0.162995 -0.269430 -0.962250 -0.038490 0.000000 -0.998812 -0.048723 0.022168 -0.997540 -0.066503 -0.021138 -0.972362 0.232521 0.023150 -0.995434 -0.092599 -0.042448 -0.976296 0.212238
0.452885 0.785001 -0.422693 0.294086 -0.882258 -0.367607 0.130396 -0.977972 -0.162995 -0.269430 -0.962250 -0.038490 0.000000 -0.998812 -0.048723 0.022195 -0.998768 -0.044390 -0.021138 -0.972362 0.232521 0.023150 -0.995434 -0.092599 -0.042448 -0.976296 0.212238
0.267261 0.801784 -0.534522 0.304776 -0.761939 -0.571454 0.098163 -0.981630 -0.163605 -0.269430 -0.962250 -0.038490 0.000000 -0.998812 -0.048723 0.022195 -0.998768 -0.044390 -0.021138 -0.972362 0.232521 0.023150 -0.995434 -0.092599 -0.042448 -0.976296 0.212238
0.102658 0.752825 -0.650167 0.277787 -0.753992 -0.595257 0.098163 -0.981630 -0.163605 -0.269430 -0.962250 -0.038490 0.000000 -0.998812 -0.048723 0.022195 -0.998768 -0.044390 -0.021138 -0.972362 0.232521 0.023150 -0.995434 -0.092599 -0.042448 -0.976296 0.212238
-0.098163 0.687141 -0.719862 0.203279 -0.731804 -0.650493 0.098163 -0.981630 -0.163605 -0.269430 -0.962250 -0.038490 0.000000 -0.997334 -0.072976 0.022168 -0.997540 -0.066503 -0.021138 -0.972362 0.232521 0.023150 -0.995434 -0.092599 -0.042448 -0.976296 0.212238
-0.310535 0.590017 -0.745284 0.127000 -0.762001 -0.635001 0.097590 -0.975900 -0.195180 -0.269630 -0.962964 0.000000 0.000000 -0.997334 -0.072976 0.022168 -0.997540 -0.066503 -0.021138 -0.972362 0.232521 0.023150 -0.995434 -0.092599 -0.042448 -0.976296 0.212238
-0.454003 0.539129 -0.709380 0.084440 -0.802181 -0.591080 0.097590 -0.975900 -0.195180 -0.269630 -0.962964 0.000000 -0.024318 -0.997039 -0.072954 0.022168 -0.997540 -0.066503 -0.021138 -0.972362 0.232521 0.023150 -0.995434 -0.092599 -0.042448 -0.976296 0.212238
-0.566219 0.536418 -0.625821 0.084440 -0.802181 -0.591080 0.097590 -0.975900 -0.195180 -0.269630 -0.962964 0.000000 0.000000 -0.997334 -0.072976 0.022168 -0.997540 -0.066503 -0.021138 -0.972362 0.232521 0.023150 -0.995434 -0.092599 -0.042448 -0.976296 0.212238
-0.565546 0.534127 -0.628384 0.000000 -0.825307 -0.564684 0.097590 -0.975900 -0.195180 -0.269630 -0.962964 0.000000 0.000000 -0.997334 -0.072976 0.022168 -0.997540 -0.066503 -0.021138 -0.972362 0.232521 0.023150 -0.995434 -0.092599 -0.042448 -0.976296 0.212238
-0.557139 0.557139 -0.615785 0.000000 -0.868243 -0.496139 0.097590 -0.975900 -0.195180 -0.269630 -0.962964 0.000000 0.000000 -0.997334 -0.072976 0.022168 -0.997540 -0.066503 -0.021031 -0.967403 0.252366 0.023150 -0.995434 -0.092599 -0.042448 -0.976296 0.212238
-0.548026 0.576870 -0.605713 0.000000 -0.894427 -0.447214 0.097590 -0.975900 -0.195180 -0.269630 -0.962964 0.000000 0.000000 -0.997334 -0.072976 0.022168 -0.997540 -0.066503 -0.021031 -0.967403 0.252366 0.023150 -0.995434 -0.092599 -0.042448 -0.976296 0.212238
-0.567733 0.567733 -0.596120 0.040622 -0.893689 -0.446844 0.094585 -0.977378 -0.189170 -0.280000 -0.960000 0.000000 0.000000 -0.995275 -0.097100 0.022168 -0.997540 -0.066503 -0.021031 -0.967403 0.252366 0.023150 -0.995434 -0.092599 -0.042448 -0.976296 0.212238
-0.534994 0.534994 -0.653882 0.041345 -0.909588 -0.413449 0.094585 -0.977378 -0.189170 -0.316228 -0.948683 0.000000 0.000000 -0.995275 -0.097100 0.022168 -0.997540 -0.066503 -0.021031 -0.967403 0.252366 0.023150 -0.995434 -0.092599 -0.042448 -0.976296 0.212238
-0.493013 0.522013 -0.696018 0.042033 -0.924729 -0.378298 0.094585 -0.977378 -0.189170 -0.315981 -0.947943 -0.039498 0.000000 -0.995275 -0.097100 0.022168 -0.997540 -0.066503 -0.021031 -0.967403 0.252366 0.023150 -0.995434 -0.092599 -0.042448 -0.976296 0.212238
-0.503055 0.532647 -0.680604 0.041345 -0.909588 -0.413449 0.094585 -0.977378 -0.189170 -0.315981 -0.947943 -0.039498 0.000000 -0.995275 -0.097100 0.022168 -0.997540 -0.066503 -0.021031 -0.967403 0.252366 0.023150 -0.995434 -0.092599 -0.042448 -0.976296 0.212238
-0.485516 0.542636 -0.685435 0.041345 -0.909588 -0.413449 0.096926 -0.969256 -0.226160 -0.316228 -0.948683 0.000000 0.000000 -0.995275 -0.097100 0.022168 -0.997540 -0.066503 -0.021031 -0.967403 0.252366 0.022628 -0.995638 -0.090513 -0.042448 -0.976296 0.212238
-0.485516 0.542636 -0.685435 0.041345 -0.909588 -0.413449 0.096926 -0.969256 -0.226160 -0.316228 -0.948683 0.000000 0.000000 -0.995275 -0.097100 0.022168 -0.997540 -0.066503 -0.021031 -0.967403 0.252366 0.022628 -0.995638 -0.090513 -0.042448 -0.976296 0.212238
-0.485516 0.542636 -0.685435 0.041345 -0.909588 -0.413449 0.128765 -0.965734 -0.225338 -0.316228 -0.948683 0.000000 0.000000 -0.995275 -0.097100 0.022168 -0.997540 -0.066503 -0.021031 -0.967403 0.252366 0.022628 -0.995638 -0.090513 -0.042448 -0.976296 0.212238
-0.463233 0.550090 -0.694850 0.041345 -0.909588 -0.413449 0.097590 -0.975900 -0.195180 -0.280000 -0.960000 0.000000 0.000000 -0.995275 -0.097100 0.022168 -0.997540 -0.066503 -0.021031 -0.967403 0.252366 0.022628 -0.995638 -0.090513 -0.042448 -0.976296 0.212238
-0.470588 0.529412 -0.705882 0.041345 -0.909588 -0.413449 0.063214 -0.979816 -0.189642 -0.280000 -0.960000 0.000000 0.000000 -0.995275 -0.097100 0.022168 -0.997540 -0.066503 -0.021031 -0.967403 0.252366 0.022628 -0.995638 -0.090513 -0.042448 -0.976296 0.212238
-0.485071 0.485071 -0.727607 0.042954 -0.902027 -0.429537 0.063214 -0.979816 -0.189642 -0.280000 -0.960000 0.000000 0.000000 -0.995275 -0.097100 0.022168 -0.997540 -0.066503 -0.021031 -0.967403 0.252366 0.022628 -0.995638 -0.090513 -0.042448 -0.976296 0.212238
-0.477878 0.507746 -0.716817 0.042954 -0.902027 -0.429537 0.063214 -0.979816 -0.189642 -0.280000 -0.960000 0.000000 0.000000 -0.995275 -0.097100 0.022168 -0.997540 -0.066503 -0.021031 -0.967403 0.252366 0.022628 -0.995638 -0.090513 -0.042448 -0.976296 0.212238
-0.485071 0.485071 -0.727607 0.042954 -0.902027 -0.429537 0.062807 -0.973515 -0.219826 -0.279776 -0.959233 0.039968 -0.024268 -0.994982 -0.097071 0.022168 -0.997540 -0.066503 -0.021031 -0.967403 0.252366 0.022628 -0.995638 -0.090513 -0.042448 -0.976296 0.212238
