0.429178 0.807864 -0.403932 0.421076 -0.842152 -0.336861 0.062807 -0.973515 -0.219826 -0.233373 -0.972387 0.000000 0.000000 -0.998812 -0.048723 0.000000 -0.997880 -0.065079 0.000000 -0.975133 0.221621 -0.044302 -0.996805 -0.066454 -0.021238 -0.976956 0.212382
0.407585 0.840645 -0.356637 0.454794 -0.826898 -0.330759 0.062807 -0.973515 -0.219826 -0.233373 -0.972387 0.000000 0.000000 -0.998812 -0.048723 0.000000 -0.997880 -0.065079 0.000000 -0.975133 0.221621 -0.044302 -0.996805 -0.066454 -0.021238 -0.976956 0.212382
0.414641 0.855198 -0.310981 0.454794 -0.826898 -0.330759 0.062807 -0.973515 -0.219826 -0.233373 -0.972387 0.000000 0.000000 -0.998812 -0.048723 0.000000 -0.997880 -0.065079 0.000000 -0.975133 0.221621 -0.044302 -0.996805 -0.066454 -0.021238 -0.976956 0.212382
0.445063 0.863945 -0.235621 0.448327 -0.815139 -0.366813 0.062807 -0.973515 -0.219826 -0.233373 -0.972387 0.000000 0.000000 -0.998812 -0.048723 0.000000 -0.997880 -0.065079 0.000000 -0.975133 0.221621 -0.044302 -0.996805 -0.066454 -0.021238 -0.976956 0.212382
0.490079 0.844026 -0.217813 0.463595 -0.800755 -0.379305 0.062807 -0.973515 -0.219826 -0.233373 -0.972387 0.000000 0.000000 -0.998812 -0.048723 0.000000 -0.997880 -0.065079 0.000000 -0.975133 0.221621 -0.044302 -0.996805 -0.066454 -0.021238 -0.976956 0.212382
0.492827 0.848758 -0.191655 0.470757 -0.813125 -0.342368 0.062807 -0.973515 -0.219826 -0.233373 -0.972387 0.000000 0.000000 -0.998812 -0.048723 0.000000 -0.997880 -0.065079 0.000000 -0.975133 0.221621 -0.045303 -0.996659 -0.067954 -0.021238 -0.976956 0.212382
0.559308 0.794805 -0.235498 0.436436 -0.829228 -0.349149 0.062807 -0.973515 -0.219826 -0.233373 -0.972387 0.000000 0.000000 -0.998812 -0.048723 0.000000 -0.997880 -0.065079 0.000000 -0.975133 0.221621 -0.045303 -0.996659 -0.067954 -0.021238 -0.976956 0.212382
0.614993 0.761420 -0.204998 0.386583 -0.816120 -0.429537 0.062807 -0.973515 -0.219826 -0.233373 -0.972387 0.000000 0.000000 -0.998812 -0.048723 0.000000 -0.999056 -0.043437 0.000000 -0.979715 0.200396 -0.045303 -0.996659 -0.067954 -0.021238 -0.976956 0.212382
0.596285 0.745356 -0.298142 0.335377 -0.796521 -0.503066 0.062807 -0.973515 -0.219826 -0.233373 -0.972387 0.000000 0.000000 -0.998812 -0.048723 0.000000 -0.999056 -0.043437 0.000000 -0.979715 0.200396 -0.045303 -0.996659 -0.067954 -0.021238 -0.976956 0.212382
0.326250 0.797499 -0.507500 0.295015 -0.716465 -0.632175 0.062807 -0.973515 -0.219826 -0.233373 -0.972387 0.000000 0.000000 -0.998812 -0.048723 0.000000 -0.999056 -0.043437 0.000000 -0.979715 0.200396 -0.067867 -0.995383 -0.067867 -0.021238 -0.976956 0.212382
0.074125 0.741249 -0.667124 0.248922 -0.705279 -0.663792 0.062807 -0.973515 -0.219826 -0.233373 -0.972387 0.000000 0.000000 -0.998812 -0.048723 0.000000 -0.999056 -0.043437 0.000000 -0.979715 0.200396 -0.067867 -0.995383 -0.067867 -0.021238 -0.976956 0.212382
-0.151376 0.635780 -0.756881 0.127458 -0.722261 -0.679775 0.062807 -0.973515 -0.219826 -0.233373 -0.972387 0.000000 -0.023776 -0.998586 -0.047552 0.000000 -0.999056 -0.043437 0.000000 -0.979715 0.200396 -0.067867 -0.995383 -0.067867 -0.021238 -0.976956 0.212382
-0.384610 0.549442 -0.741747 0.085049 -0.765438 -0.637865 0.031450 -0.974958 -0.220152 -0.233373 -0.972387 0.000000 -0.023776 -0.998586 -0.047552 0.000000 -0.999056 -0.043437 0.000000 -0.975133 0.221621 -0.067867 -0.995383 -0.067867 -0.021238 -0.976956 0.212382
-0.604708 0.518321 -0.604708 0.084440 -0.802181 -0.591080 0.031450 -0.974958 -0.220152 -0.233373 -0.972387 0.000000 -0.023776 -0.998586 -0.047552 0.000000 -0.999056 -0.043437 0.000000 -0.975133 0.221621 -0.067867 -0.995383 -0.067867 -0.021238 -0.976956 0.212382
-0.679416 0.472637 -0.561256 0.043396 -0.824530 -0.564152 0.031450 -0.974958 -0.220152 -0.233373 -0.972387 0.000000 -0.023776 -0.998586 -0.047552 0.000000 -0.999056 -0.043437 0.000000 -0.975133 0.221621 -0.067867 -0.995383 -0.067867 -0.021238 -0.976956 0.212382
-0.721037 0.463524 -0.515026 0.044455 -0.844653 -0.533465 0.031654 -0.981288 -0.189927 -0.233373 -0.972387 0.000000 -0.023776 -0.998586 -0.047552 0.000000 -0.999056 -0.043437 0.000000 -0.975133 0.221621 -0.067867 -0.995383 -0.067867 -0.021688 -0.975957 0.216879
-0.712351 0.508822 -0.483381 0.042835 -0.856706 -0.514024 0.031654 -0.981288 -0.189927 -0.233373 -0.972387 0.000000 -0.023776 -0.998586 -0.047552 0.000000 -0.999056 -0.043437 0.000000 -0.975133 0.221621 -0.067867 -0.995383 -0.067867 -0.021688 -0.975957 0.216879
-0.703526 0.502519 -0.502519 0.044677 -0.893534 -0.446767 0.031450 -0.974958 -0.220152 -0.233373 -0.972387 0.000000 -0.023776 -0.998586 -0.047552 0.000000 -0.999056 -0.043437 0.000000 -0.975133 0.221621 -0.067867 -0.995383 -0.067867 -0.021582 -0.971173 0.237398
-0.703526 0.502519 -0.502519 0.044677 -0.893534 -0.446767 0.031450 -0.974958 -0.220152 -0.233373 -0.972387 0.000000 -0.023776 -0.998586 -0.047552 0.000000 -0.999056 -0.043437 0.000000 -0.975133 0.221621 -0.067867 -0.995383 -0.067867 -0.021582 -0.971173 0.237398
-0.690494 0.511477 -0.511477 0.000000 -0.894427 -0.447214 0.031450 -0.974958 -0.220152 -0.233373 -0.972387 0.000000 -0.023776 -0.998586 -0.047552 0.000000 -0.999056 -0.043437 0.000000 -0.975133 0.221621 -0.067867 -0.995383 -0.067867 -0.021582 -0.971173 0.237398
-0.658703 0.532029 -0.532029 0.000000 -0.902861 -0.429934 0.031450 -0.974958 -0.220152 -0.233373 -0.972387 0.000000 -0.023776 -0.998586 -0.047552 0.000000 -0.999056 -0.043437 0.000000 -0.975133 0.221621 -0.067867 -0.995383 -0.067867 -0.021582 -0.971173 0.237398
-0.658703 0.532029 -0.532029 0.000000 -0.902861 -0.429934 0.062348 -0.966394 -0.249392 -0.233197 -0.971653 0.038866 -0.023776 -0.998586 -0.047552 0.000000 -0.999056 -0.043437 0.000000 -0.975133 0.221621 -0.067867 -0.995383 -0.067867 -0.021582 -0.971173 0.237398
-0.643996 0.540957 -0.540957 0.000000 -0.902861 -0.429934 0.064282 -0.964237 -0.257130 -0.233197 -0.971653 0.038866 -0.023742 -0.997178 -0.071227 0.000000 -0.999056 -0.043437 0.000000 -0.975133 0.221621 -0.067867 -0.995383 -0.067867 -0.021582 -0.971173 0.237398
-0.635001 0.533401 -0.558801 0.000000 -0.919145 -0.393919 0.064282 -0.964237 -0.257130 -0.233197 -0.971653 0.038866 -0.023742 -0.997178 -0.071227 0.000000 -0.999056 -0.043437 0.000000 -0.975133 0.221621 -0.067867 -0.995383 -0.067867 -0.021582 -0.971173 0.237398
-0.625979 0.525822 -0.575901 0.000000 -0.919145 -0.393919 0.064786 -0.971795 -0.226752 -0.233197 -0.971653 0.038866 -0.023742 -0.997178 -0.071227 0.000000 -0.999056 -0.043437 0.000000 -0.975133 0.221621 -0.067867 -0.995383 -0.067867 -0.021688 -0.975957 0.216879
-0.625979 0.525822 -0.575901 0.000000 -0.919145 -0.393919 0.062807 -0.973515 -0.219826 -0.233197 -0.971653 0.038866 -0.023742 -0.997178 -0.071227 0.000000 -0.999056 -0.043437 0.000000 -0.975133 0.221621 -0.067867 -0.995383 -0.067867 -0.021688 -0.975957 0.216879
-0.625979 0.525822 -0.575901 0.000000 -0.919145 -0.393919 0.063214 -0.979816 -0.189642 -0.233197 -0.971653 0.038866 -0.047445 -0.996335 -0.071167 0.000000 -0.999056 -0.043437 0.000000 -0.975133 0.221621 -0.067867 -0.995383 -0.067867 -0.021688 -0.975957 0.216879
