0.421076 0.842152 -0.336861 0.547885 -0.632175 -0.547885 0.091756 -0.978726 -0.183511 -0.269430 -0.962250 -0.038490 0.000000 -0.999717 -0.023803 0.110324 -0.992916 -0.044130 0.021786 -0.980348 0.196070 -0.088345 -0.993884 -0.066259 -0.066340 -0.972985 0.221133
0.458455 0.830949 -0.315188 0.504844 -0.631055 -0.588984 0.091756 -0.978726 -0.183511 -0.268833 -0.960119 -0.076810 0.000000 -0.999717 -0.023803 0.110324 -0.992916 -0.044130 0.021786 -0.980348 0.196070 -0.088345 -0.993884 -0.066259 -0.066340 -0.972985 0.221133
0.470996 0.794805 -0.382684 0.472490 -0.644305 -0.601351 0.091756 -0.978726 -0.183511 -0.232670 -0.969458 -0.077557 0.000000 -0.999717 -0.023803 0.110324 -0.992916 -0.044130 0.021786 -0.980348 0.196070 -0.088345 -0.993884 -0.066259 -0.066340 -0.972985 0.221133
0.401808 0.774916 -0.487910 0.436436 -0.698297 -0.567367 0.091756 -0.978726 -0.183511 -0.232670 -0.969458 -0.077557 0.000000 -0.999717 -0.023803 0.110324 -0.992916 -0.044130 0.021786 -0.980348 0.196070 -0.088345 -0.993884 -0.066259 -0.066340 -0.972985 0.221133
0.304500 0.775091 -0.553637 0.389833 -0.693037 -0.606407 0.091756 -0.978726 -0.183511 -0.232670 -0.969458 -0.077557 0.000000 -0.999717 -0.023803 0.110324 -0.992916 -0.044130 0.021786 -0.980348 0.196070 -0.088345 -0.993884 -0.066259 -0.066340 -0.972985 0.221133
0.114100 0.770172 -0.627548 0.342682 -0.685365 -0.642529 0.091756 -0.978726 -0.183511 -0.232670 -0.969458 -0.077557 0.000000 -0.998868 -0.047565 0.110324 -0.992916 -0.044130 0.021786 -0.980348 0.196070 -0.088345 -0.993884 -0.066259 -0.066340 -0.972985 0.221133
-0.062715 0.721219 -0.689862 0.254457 -0.593732 -0.763370 0.091203 -0.972829 -0.212806 -0.233197 -0.971653 -0.038866 0.000000 -0.997459 -0.071247 0.110324 -0.992916 -0.044130 0.021688 -0.975957 0.216879 -0.088345 -0.993884 -0.066259 -0.066340 -0.972985 0.221133
-0.197990 0.707107 -0.678823 0.157500 -0.393750 -0.905624 0.091203 -0.972829 -0.212806 -0.269430 -0.962250 -0.038490 0.000000 -0.997459 -0.071247 0.110324 -0.992916 -0.044130 0.021688 -0.975957 0.216879 -0.088345 -0.993884 -0.066259 -0.066340 -0.972985 0.221133
-0.366338 0.610563 -0.702147 0.075539 -0.415464 -0.906467 0.091203 -0.972829 -0.212806 -0.269430 -0.962250 -0.038490 0.000000 -0.997459 -0.071247 0.110324 -0.992916 -0.044130 0.021688 -0.975957 0.216879 -0.088345 -0.993884 -0.066259 -0.066340 -0.972985 0.221133
-0.543600 0.543600 -0.639529 0.035466 -0.461062 -0.886659 0.091203 -0.972829 -0.212806 -0.269430 -0.962250 -0.038490 0.000000 -0.997459 -0.071247 0.110324 -0.992916 -0.044130 0.021688 -0.975957 0.216879 -0.088345 -0.993884 -0.066259 -0.066340 -0.972985 0.221133
-0.648209 0.479111 -0.591843 0.000000 -0.546268 -0.837611 0.060943 -0.975084 -0.213300 -0.233197 -0.971653 -0.038866 0.000000 -0.997459 -0.071247 0.110324 -0.992916 -0.044130 0.021688 -0.975957 0.216879 -0.088345 -0.993884 -0.066259 -0.066340 -0.972985 0.221133
-0.689672 0.468977 -0.551737 -0.037851 -0.605609 -0.794862 0.060523 -0.968364 -0.242091 -0.233197 -0.971653 -0.038866 0.000000 -0.998868 -0.047565 0.110324 -0.992916 -0.044130 0.021688 -0.975957 0.216879 -0.088345 -0.993884 -0.066259 -0.064942 -0.974126 0.216473
-0.689672 0.468977 -0.551737 -0.075974 -0.645777 -0.759737 0.060523 -0.968364 -0.242091 -0.233197 -0.971653 -0.038866 0.000000 -0.998868 -0.047565 0.110324 -0.992916 -0.044130 0.021688 -0.975957 0.216879 -0.088345 -0.993884 -0.066259 -0.064942 -0.974126 0.216473
-0.679157 0.461827 -0.570492 -0.038180 -0.687243 -0.725423 0.058798 -0.970169 -0.235192 -0.242338 -0.969351 -0.040390 0.000000 -0.998868 -0.047565 0.110324 -0.992916 -0.044130 0.021688 -0.975957 0.216879 -0.088345 -0.993884 -0.066259 -0.064942 -0.974126 0.216473
-0.679157 0.461827 -0.570492 -0.041559 -0.706496 -0.706496 0.058798 -0.970169 -0.235192 -0.242338 -0.969351 -0.040390 0.000000 -0.998868 -0.047565 0.110324 -0.992916 -0.044130 0.021688 -0.975957 0.216879 -0.088345 -0.993884 -0.066259 -0.064942 -0.974126 0.216473
-0.680666 0.490079 -0.544533 -0.040357 -0.726421 -0.686064 0.058798 -0.970169 -0.235192 -0.242338 -0.969351 -0.040390 0.000000 -0.998920 -0.046461 0.110324 -0.992916 -0.044130 0.021688 -0.975957 0.216879 -0.088345 -0.993884 -0.066259 -0.064942 -0.974126 0.216473
-0.680666 0.490079 -0.544533 -0.042640 -0.767523 -0.639602 0.057166 -0.971825 -0.228665 -0.252199 -0.966762 -0.042033 -0.023224 -0.998651 -0.046449 0.110324 -0.992916 -0.044130 0.021688 -0.975957 0.216879 -0.088345 -0.993884 -0.066259 -0.064942 -0.974126 0.216473
-0.694879 0.481070 -0.534522 0.000000 -0.768221 -0.640184 0.057166 -0.971825 -0.228665 -0.252199 -0.966762 -0.042033 -0.023224 -0.998651 -0.046449 0.110324 -0.992916 -0.044130 0.021688 -0.975957 0.216879 -0.088345 -0.993884 -0.066259 -0.064942 -0.974126 0.216473
-0.680666 0.490079 -0.544533 0.000000 -0.789352 -0.613941 0.057166 -0.971825 -0.228665 -0.252199 -0.966762 -0.042033 -0.023224 -0.998651 -0.046449 0.110324 -0.992916 -0.044130 0.021688 -0.975957 0.216879 -0.088345 -0.993884 -0.066259 -0.064942 -0.974126 0.216473
-0.661802 0.502969 -0.555914 0.042333 -0.804334 -0.592667 0.057166 -0.971825 -0.228665 -0.252199 -0.966762 -0.042033 -0.023224 -0.998651 -0.046449 0.110324 -0.992916 -0.044130 0.021688 -0.975957 0.216879 -0.086447 -0.994144 -0.064836 -0.066340 -0.972985 0.221133
