0.386494 0.837404 -0.386494 0.635943 -0.437211 -0.635943 0.060943 -0.975084 -0.213300 -0.233197 -0.971653 -0.038866 0.000000 -0.998868 -0.047565 0.110324 -0.992916 -0.044130 0.021688 -0.975957 0.216879 -0.086447 -0.994144 -0.064836 -0.067798 -0.971767 0.225992
0.431610 0.827253 -0.359675 0.639489 -0.359712 -0.679457 0.060943 -0.975084 -0.213300 -0.233197 -0.971653 -0.038866 0.000000 -0.998868 -0.047565 0.110324 -0.992916 -0.044130 0.021688 -0.975957 0.216879 -0.086447 -0.994144 -0.064836 -0.067798 -0.971767 0.225992
0.437014 0.837611 -0.327761 0.639489 -0.359712 -0.679457 0.060943 -0.975084 -0.213300 -0.233197 -0.971653 -0.038866 0.000000 -0.998868 -0.047565 0.110324 -0.992916 -0.044130 0.021688 -0.975957 0.216879 -0.086447 -0.994144 -0.064836 -0.067798 -0.971767 0.225992
0.500741 0.808890 -0.308148 0.605844 -0.323117 -0.727013 0.060943 -0.975084 -0.213300 -0.233197 -0.971653 -0.038866 0.000000 -0.997459 -0.071247 0.110324 -0.992916 -0.044130 0.021688 -0.975957 0.216879 -0.086447 -0.994144 -0.064836 -0.067798 -0.971767 0.225992
0.448327 0.815139 -0.366813 0.516704 -0.317971 -0.794929 0.060943 -0.975084 -0.213300 -0.233197 -0.971653 -0.038866 0.000000 -0.997459 -0.071247 0.110324 -0.992916 -0.044130 0.021688 -0.975957 0.216879 -0.086447 -0.994144 -0.064836 -0.067798 -0.971767 0.225992
0.272681 0.818044 -0.506408 0.408248 -0.408248 -0.816497 0.060943 -0.975084 -0.213300 -0.233197 -0.971653 -0.038866 0.000000 -0.997459 -0.071247 0.110324 -0.992916 -0.044130 0.021688 -0.975957 0.216879 -0.086447 -0.994144 -0.064836 -0.067798 -0.971767 0.225992
-0.035944 0.790774 -0.611052 0.324443 -0.486664 -0.811107 0.060943 -0.975084 -0.213300 -0.233197 -0.971653 -0.038866 0.000000 -0.997459 -0.071247 0.110324 -0.992916 -0.044130 0.021688 -0.975957 0.216879 -0.086447 -0.994144 -0.064836 -0.067798 -0.971767 0.225992
-0.254385 0.699559 -0.667761 0.321029 -0.561801 -0.762444 0.060943 -0.975084 -0.213300 -0.233197 -0.971653 -0.038866 0.000000 -0.997459 -0.071247 0.110324 -0.992916 -0.044130 0.021688 -0.975957 0.216879 -0.086447 -0.994144 -0.064836 -0.067798 -0.971767 0.225992
-0.377486 0.609785 -0.696897 0.191600 -0.613121 -0.766402 0.060523 -0.968364 -0.242091 -0.233197 -0.971653 -0.038866 0.000000 -0.997459 -0.071247 0.110324 -0.992916 -0.044130 0.021688 -0.975957 0.216879 -0.086447 -0.994144 -0.064836 -0.066340 -0.972985 0.221133
-0.473879 0.592349 -0.651584 0.075974 -0.645777 -0.759737 0.060523 -0.968364 -0.242091 -0.233197 -0.971653 -0.038866 0.000000 -0.997459 -0.071247 0.110324 -0.992916 -0.044130 0.021688 -0.975957 0.216879 -0.086447 -0.994144 -0.064836 -0.066340 -0.972985 0.221133
-0.576870 0.548026 -0.605713 0.038069 -0.647179 -0.761387 0.060523 -0.968364 -0.242091 -0.233197 -0.971653 -0.038866 0.000000 -0.997459 -0.071247 0.110324 -0.992916 -0.044130 0.021688 -0.975957 0.216879 -0.086447 -0.994144 -0.064836 -0.066340 -0.972985 0.221133
-0.623502 0.538479 -0.566820 0.000000 -0.687745 -0.725953 0.060523 -0.968364 -0.242091 -0.233197 -0.971653 -0.038866 0.023742 -0.997178 -0.071227 0.110324 -0.992916 -0.044130 0.021688 -0.975957 0.216879 -0.086447 -0.994144 -0.064836 -0.066340 -0.972985 0.221133
-0.623502 0.566820 -0.538479 -0.039253 -0.706562 -0.706562 0.060523 -0.968364 -0.242091 -0.233197 -0.971653 -0.038866 0.023742 -0.997178 -0.071227 0.110324 -0.992916 -0.044130 0.021688 -0.975957 0.216879 -0.086447 -0.994144 -0.064836 -0.066340 -0.972985 0.221133
-0.680257 0.518291 -0.518291 -0.040357 -0.726421 -0.686064 0.090577 -0.966155 -0.241539 -0.233197 -0.971653 -0.038866 0.023742 -0.997178 -0.071227 0.110324 -0.992916 -0.044130 0.021688 -0.975957 0.216879 -0.086447 -0.994144 -0.064836 -0.066340 -0.972985 0.221133
-0.712173 0.526389 -0.464461 -0.042796 -0.727533 -0.684737 0.090577 -0.966155 -0.241539 -0.233197 -0.971653 -0.038866 0.000000 -0.997459 -0.071247 0.110324 -0.992916 -0.044130 0.021688 -0.975957 0.216879 -0.086447 -0.994144 -0.064836 -0.067798 -0.971767 0.225992
-0.709380 0.539129 -0.454003 -0.042640 -0.767523 -0.639602 0.090577 -0.966155 -0.241539 -0.233197 -0.971653 -0.038866 0.000000 -0.998868 -0.047565 0.110324 -0.992916 -0.044130 0.021688 -0.975957 0.216879 -0.086447 -0.994144 -0.064836 -0.067798 -0.971767 0.225992
-0.705882 0.529412 -0.470588 -0.042640 -0.767523 -0.639602 0.088007 -0.968079 -0.234686 -0.242338 -0.969351 -0.040390 0.000000 -0.998868 -0.047565 0.110324 -0.992916 -0.044130 0.021688 -0.975957 0.216879 -0.086447 -0.994144 -0.064836 -0.067798 -0.971767 0.225992
-0.685435 0.542636 -0.485516 -0.042640 -0.767523 -0.639602 0.058798 -0.970169 -0.235192 -0.203785 -0.978167 -0.040757 0.000000 -0.998868 -0.047565 0.110324 -0.992916 -0.044130 0.021688 -0.975957 0.216879 -0.086447 -0.994144 -0.064836 -0.067798 -0.971767 0.225992
-0.657213 0.563326 -0.500734 -0.042640 -0.767523 -0.639602 0.058798 -0.970169 -0.235192 -0.203785 -0.978167 -0.040757 0.000000 -0.998868 -0.047565 0.110324 -0.992916 -0.044130 0.021688 -0.975957 0.216879 -0.086447 -0.994144 -0.064836 -0.067798 -0.971767 0.225992
-0.664231 0.543462 -0.513270 -0.042640 -0.767523 -0.639602 0.058798 -0.970169 -0.235192 -0.203785 -0.978167 -0.040757 0.000000 -0.998868 -0.047565 0.110324 -0.992916 -0.044130 0.021688 -0.975957 0.216879 -0.086447 -0.994144 -0.064836 -0.067798 -0.971767 0.225992
-0.660113 0.545311 -0.516610 -0.042640 -0.767523 -0.639602 0.058798 -0.970169 -0.235192 -0.203785 -0.978167 -0.040757 0.000000 -0.998868 -0.047565 0.110324 -0.992916 -0.044130 0.021688 -0.975957 0.216879 -0.086447 -0.994144 -0.064836 -0.067798 -0.971767 0.225992
-0.660113 0.545311 -0.516610 -0.042640 -0.767523 -0.639602 0.058798 -0.970169 -0.235192 -0.203785 -0.978167 -0.040757 0.000000 -0.998868 -0.047565 0.110324 -0.992916 -0.044130 0.021688 -0.975957 0.216879 -0.086447 -0.994144 -0.064836 -0.067798 -0.971767 0.225992
-0.675855 0.535052 -0.506891 -0.042640 -0.767523 -0.639602 0.060523 -0.968364 -0.242091 -0.203785 -0.978167 -0.040757 0.000000 -0.998868 -0.047565 0.110324 -0.992916 -0.044130 0.021688 -0.975957 0.216879 -0.086447 -0.994144 -0.064836 -0.067798 -0.971767 0.225992
-0.650278 0.537186 -0.537186 -0.087370 -0.786334 -0.611593 0.058798 -0.970169 -0.235192 -0.212238 -0.976296 -0.042448 0.000000 -0.998868 -0.047565 0.110324 -0.992916 -0.044130 0.021688 -0.975957 0.216879 -0.086447 -0.994144 -0.064836 -0.067798 -0.971767 0.225992
-0.650278 0.537186 -0.537186 -0.087370 -0.786334 -0.611593 0.057520 -0.977835 -0.201319 -0.212238 -0.976296 -0.042448 0.000000 -0.998868 -0.047565 0.110324 -0.992916 -0.044130 0.021688 -0.975957 0.216879 -0.086447 -0.994144 -0.064836 -0.067798 -0.971767 0.225992
-0.628384 0.565546 -0.534127 -0.087370 -0.786334 -0.611593 0.057520 -0.977835 -0.201319 -0.212238 -0.976296 -0.042448 0.000000 -0.998868 -0.047565 0.110324 -0.992916 -0.044130 0.021688 -0.975957 0.216879 -0.086447 -0.994144 -0.064836 -0.067798 -0.971767 0.225992
-0.636364 0.545455 -0.545455 -0.087370 -0.786334 -0.611593 0.086102 -0.975820 -0.200904 -0.252199 -0.966762 -0.042033 0.000000 -0.998868 -0.047565 0.110324 -0.992916 -0.044130 0.021688 -0.975957 0.216879 -0.086447 -0.994144 -0.064836 -0.068129 -0.976516 0.204387
-0.636364 0.545455 -0.545455 -0.090443 -0.768767 -0.633102 0.057520 -0.977835 -0.201319 -0.252422 -0.967617 0.000000 0.000000 -0.998868 -0.047565 0.088453 -0.995098 -0.044227 0.043345 -0.975270 0.216727 -0.086447 -0.994144 -0.064836 -0.068129 -0.976516 0.204387
-0.643451 0.526460 -0.555708 -0.044065 -0.749110 -0.660979 0.059183 -0.976519 -0.207140 -0.242536 -0.970143 0.000000 0.000000 -0.997575 -0.069598 0.088453 -0.995098 -0.044227 0.043345 -0.975270 0.216727 -0.086447 -0.994144 -0.064836 -0.068129 -0.976516 0.204387
-0.643451 0.526460 -0.555708 -0.044065 -0.749110 -0.660979 0.059183 -0.976519 -0.207140 -0.242536 -0.970143 0.000000 0.000000 -0.997575 -0.069598 0.088453 -0.995098 -0.044227 0.043345 -0.975270 0.216727 -0.086447 -0.994144 -0.064836 -0.068129 -0.976516 0.204387
