0.619586 0.757271 -0.206529 0.536656 -0.715542 -0.447214 0.094585 -0.977378 -0.189170 -0.269630 -0.962964 0.000000 0.000000 -0.998868 -0.047565 0.000000 -0.999056 -0.043437 0.000000 -0.979715 0.200396 -0.044357 -0.998031 -0.044357 -0.021467 -0.966012 0.257603
0.613121 0.728082 -0.306561 0.542105 -0.677631 -0.496929 0.094585 -0.977378 -0.189170 -0.269630 -0.962964 0.000000 0.000000 -0.998868 -0.047565 0.000000 -0.999056 -0.043437 0.000000 -0.979715 0.200396 -0.044357 -0.998031 -0.044357 -0.021467 -0.966012 0.257603
0.597531 0.709568 -0.373457 0.496929 -0.677631 -0.542105 0.094585 -0.977378 -0.189170 -0.269630 -0.962964 0.000000 0.000000 -0.998868 -0.047565 0.000000 -0.999056 -0.043437 0.000000 -0.979715 0.200396 -0.044357 -0.998031 -0.044357 -0.021467 -0.966012 0.257603
0.570701 0.677708 -0.463695 0.438108 -0.657162 -0.613351 0.094585 -0.977378 -0.189170 -0.269630 -0.962964 0.000000 0.000000 -0.998868 -0.047565 0.000000 -0.999056 -0.043437 0.000000 -0.979715 0.200396 -0.044357 -0.998031 -0.044357 -0.021467 -0.966012 0.257603
0.173867 0.730242 -0.660695 0.324176 -0.648353 -0.688875 0.094585 -0.977378 -0.189170 -0.269630 -0.962964 0.000000 0.023776 -0.998586 -0.047552 0.000000 -0.999056 -0.043437 0.000000 -0.979715 0.200396 -0.044357 -0.998031 -0.044357 -0.021467 -0.966012 0.257603
-0.034381 0.653233 -0.756376 0.164122 -0.697518 -0.697518 0.094585 -0.977378 -0.189170 -0.269630 -0.962964 0.000000 0.023776 -0.998586 -0.047552 0.000000 -0.999056 -0.043437 0.000000 -0.975133 0.221621 -0.044357 -0.998031 -0.044357 -0.021467 -0.966012 0.257603
-0.301511 0.542720 -0.783929 0.082903 -0.704673 -0.704673 0.094585 -0.977378 -0.189170 -0.269630 -0.962964 0.000000 0.000000 -0.998868 -0.047565 0.000000 -0.999056 -0.043437 0.000000 -0.975133 0.221621 -0.044357 -0.998031 -0.044357 -0.021467 -0.966012 0.257603
-0.488223 0.518736 -0.701820 0.041487 -0.746766 -0.663792 0.094585 -0.977378 -0.189170 -0.269630 -0.962964 0.000000 0.000000 -0.998868 -0.047565 0.000000 -0.999056 -0.043437 0.000000 -0.975133 0.221621 -0.044357 -0.998031 -0.044357 -0.021467 -0.966012 0.257603
-0.607553 0.511624 -0.607553 0.041274 -0.784214 -0.619116 0.094585 -0.977378 -0.189170 -0.269630 -0.962964 0.000000 0.000000 -0.998868 -0.047565 0.000000 -0.999056 -0.043437 0.000000 -0.975133 0.221621 -0.044357 -0.998031 -0.044357 -0.021467 -0.966012 0.257603
-0.606061 0.515152 -0.606061 0.040456 -0.849569 -0.525924 0.094585 -0.977378 -0.189170 -0.269630 -0.962964 0.000000 0.000000 -0.998868 -0.047565 0.000000 -0.999056 -0.043437 0.000000 -0.975133 0.221621 -0.044357 -0.998031 -0.044357 -0.021467 -0.966012 0.257603
-0.596550 0.536895 -0.596550 0.040622 -0.893689 -0.446844 0.094585 -0.977378 -0.189170 -0.269630 -0.962964 0.000000 0.000000 -0.998868 -0.047565 0.000000 -0.999056 -0.043437 0.000000 -0.975133 0.221621 -0.044357 -0.998031 -0.044357 -0.021467 -0.966012 0.257603
-0.586353 0.524631 -0.617213 0.041345 -0.909588 -0.413449 0.094585 -0.977378 -0.189170 -0.269630 -0.962964 0.000000 0.000000 -0.998920 -0.046461 0.000000 -0.999056 -0.043437 0.000000 -0.975133 0.221621 -0.044357 -0.998031 -0.044357 -0.021467 -0.966012 0.257603
-0.576757 0.544715 -0.608799 0.041345 -0.909588 -0.413449 0.094585 -0.977378 -0.189170 -0.269630 -0.962964 0.000000 0.000000 -0.998920 -0.046461 0.000000 -0.999056 -0.043437 0.000000 -0.975133 0.221621 -0.044357 -0.998031 -0.044357 -0.021467 -0.966012 0.257603
-0.543600 0.543600 -0.639529 0.042954 -0.902027 -0.429537 0.094585 -0.977378 -0.189170 -0.269630 -0.962964 0.000000 0.000000 -0.998920 -0.046461 0.000000 -0.999056 -0.043437 0.000000 -0.975133 0.221621 -0.044357 -0.998031 -0.044357 -0.021467 -0.966012 0.257603
-0.543600 0.543600 -0.639529 0.000000 -0.902861 -0.429934 0.094585 -0.977378 -0.189170 -0.269630 -0.962964 0.000000 0.000000 -0.998920 -0.046461 0.000000 -0.999056 -0.043437 0.000000 -0.975133 0.221621 -0.044357 -0.998031 -0.044357 -0.021467 -0.966012 0.257603
-0.543600 0.543600 -0.639529 0.042954 -0.902027 -0.429537 0.094585 -0.977378 -0.189170 -0.269630 -0.962964 0.000000 0.000000 -0.998920 -0.046461 0.000000 -0.999056 -0.043437 0.000000 -0.975133 0.221621 -0.044357 -0.998031 -0.044357 -0.021467 -0.966012 0.257603
-0.529813 0.529813 -0.662266 0.000000 -0.876216 -0.481919 0.094585 -0.977378 -0.189170 -0.269630 -0.962964 0.000000 0.000000 -0.998920 -0.046461 0.000000 -0.999056 -0.043437 0.000000 -0.975133 0.221621 -0.044357 -0.998031 -0.044357 -0.021467 -0.966012 0.257603
-0.529813 0.529813 -0.662266 0.000000 -0.876216 -0.481919 0.124878 -0.967805 -0.218537 -0.269630 -0.962964 0.000000 0.000000 -0.998920 -0.046461 0.000000 -0.999056 -0.043437 0.000000 -0.975133 0.221621 -0.044357 -0.998031 -0.044357 -0.021467 -0.966012 0.257603
-0.529813 0.529813 -0.662266 0.000000 -0.876216 -0.481919 0.124878 -0.967805 -0.218537 -0.269630 -0.962964 0.000000 0.000000 -0.998920 -0.046461 0.000000 -0.999056 -0.043437 0.000000 -0.975133 0.221621 -0.044357 -0.998031 -0.044357 -0.021467 -0.966012 0.257603
-0.505363 0.539054 -0.673817 0.000000 -0.894427 -0.447214 0.124878 -0.967805 -0.218537 -0.269630 -0.962964 0.000000 0.000000 -0.998920 -0.046461 0.000000 -0.999056 -0.043437 0.000000 -0.975133 0.221621 -0.044357 -0.998031 -0.044357 -0.021467 -0.966012 0.257603
-0.505363 0.539054 -0.673817 0.000000 -0.894427 -0.447214 0.124878 -0.967805 -0.218537 -0.269630 -0.962964 0.000000 0.000000 -0.998920 -0.046461 0.000000 -0.999056 -0.043437 0.000000 -0.975133 0.221621 -0.044357 -0.998031 -0.044357 -0.021467 -0.966012 0.257603
-0.518291 0.518291 -0.680257 0.000000 -0.894427 -0.447214 0.094585 -0.977378 -0.189170 -0.269630 -0.962964 0.000000 0.000000 -0.998920 -0.046461 0.000000 -0.999056 -0.043437 0.000000 -0.975133 0.221621 -0.044357 -0.998031 -0.044357 -0.021467 -0.966012 0.257603
-0.518291 0.518291 -0.680257 0.000000 -0.894427 -0.447214 0.094585 -0.977378 -0.189170 -0.269630 -0.962964 0.000000 0.000000 -0.998920 -0.046461 0.000000 -0.999056 -0.043437 0.000000 -0.975133 0.221621 -0.044357 -0.998031 -0.044357 -0.021467 -0.966012 0.257603
