0.397894 0.881052 -0.255789 0.561801 -0.642058 -0.521672 0.093296 -0.964054 -0.248788 -0.233373 -0.972387 0.000000 -0.024984 -0.999376 -0.024984 0.045222 -0.994874 -0.090443 0.041757 -0.981299 0.187908 -0.065064 -0.997645 -0.021688 -0.043345 -0.975270 0.216727
0.466173 0.844939 -0.262222 0.519170 -0.678915 -0.519170 0.093296 -0.964054 -0.248788 -0.233373 -0.972387 0.000000 -0.024961 -0.998441 -0.049922 0.045222 -0.994874 -0.090443 0.041757 -0.981299 0.187908 -0.065064 -0.997645 -0.021688 -0.043345 -0.975270 0.216727
0.530100 0.795150 -0.294500 0.499567 -0.707719 -0.499567 0.093296 -0.964054 -0.248788 -0.233197 -0.971653 -0.038866 -0.024961 -0.998441 -0.049922 0.045222 -0.994874 -0.090443 0.041757 -0.981299 0.187908 -0.065064 -0.997645 -0.021688 -0.043345 -0.975270 0.216727
0.634029 0.691669 -0.345834 0.341432 -0.725542 -0.597505 0.093296 -0.964054 -0.248788 -0.233197 -0.971653 -0.038866 -0.024961 -0.998441 -0.049922 0.045222 -0.994874 -0.090443 0.041757 -0.981299 0.187908 -0.065018 -0.996942 -0.043345 -0.043345 -0.975270 0.216727
0.599755 0.656875 -0.456956 0.295015 -0.716465 -0.632175 0.093296 -0.964054 -0.248788 -0.233197 -0.971653 -0.038866 0.000000 -0.998752 -0.049938 0.045222 -0.994874 -0.090443 0.041757 -0.981299 0.187908 -0.086548 -0.995307 -0.043274 -0.043345 -0.975270 0.216727
0.332116 0.724616 -0.603847 0.241747 -0.644658 -0.725241 0.093296 -0.964054 -0.248788 -0.233197 -0.971653 -0.038866 0.000000 -0.998752 -0.049938 0.045222 -0.994874 -0.090443 0.041757 -0.981299 0.187908 -0.086548 -0.995307 -0.043274 -0.043345 -0.975270 0.216727
0.127386 0.668776 -0.732469 0.196116 -0.588348 -0.784465 0.093980 -0.971124 -0.219286 -0.233197 -0.971653 -0.038866 0.000000 -0.997334 -0.072976 0.045222 -0.994874 -0.090443 0.041757 -0.981299 0.187908 -0.086548 -0.995307 -0.043274 -0.043345 -0.975270 0.216727
-0.180743 0.632599 -0.753094 0.161690 -0.565916 -0.808452 0.096926 -0.969256 -0.226160 -0.233197 -0.971653 -0.038866 -0.024318 -0.997039 -0.072954 0.045222 -0.994874 -0.090443 0.041586 -0.977260 0.207928 -0.086548 -0.995307 -0.043274 -0.043345 -0.975270 0.216727
-0.424828 0.576552 -0.697932 0.118033 -0.550823 -0.826234 0.096926 -0.969256 -0.226160 -0.233197 -0.971653 -0.038866 -0.024318 -0.997039 -0.072954 0.045222 -0.994874 -0.090443 0.041586 -0.977260 0.207928 -0.086548 -0.995307 -0.043274 -0.043345 -0.975270 0.216727
-0.602712 0.487910 -0.631413 0.081650 -0.571548 -0.816497 0.096926 -0.969256 -0.226160 -0.233197 -0.971653 -0.038866 0.000000 -0.997334 -0.072976 0.045222 -0.994874 -0.090443 0.041586 -0.977260 0.207928 -0.086548 -0.995307 -0.043274 -0.043345 -0.975270 0.216727
-0.685875 0.501216 -0.527596 0.039968 -0.599521 -0.799361 0.096926 -0.969256 -0.226160 -0.233197 -0.971653 -0.038866 0.000000 -0.997334 -0.072976 0.045222 -0.994874 -0.090443 0.041586 -0.977260 0.207928 -0.065064 -0.997645 -0.021688 -0.043345 -0.975270 0.216727
-0.704765 0.487914 -0.515021 0.042640 -0.639602 -0.767523 0.096176 -0.961756 -0.256468 -0.233373 -0.972387 0.000000 0.000000 -0.998812 -0.048723 0.045222 -0.994874 -0.090443 0.021238 -0.976956 0.212382 -0.065064 -0.997645 -0.021688 -0.043345 -0.975270 0.216727
-0.704765 0.515021 -0.487914 0.000000 -0.664364 -0.747409 0.093980 -0.971124 -0.219286 -0.242536 -0.970143 0.000000 0.000000 -0.998812 -0.048723 0.045222 -0.994874 -0.090443 0.021238 -0.976956 0.212382 -0.065064 -0.997645 -0.021688 -0.044488 -0.978745 0.200198
-0.704765 0.515021 -0.487914 0.000000 -0.707107 -0.707107 0.093980 -0.971124 -0.219286 -0.242536 -0.970143 0.000000 0.000000 -0.998812 -0.048723 0.045222 -0.994874 -0.090443 0.021238 -0.976956 0.212382 -0.066503 -0.997540 -0.022168 -0.043540 -0.979651 0.195930
-0.680666 0.544533 -0.490079 0.000000 -0.728200 -0.685365 0.062807 -0.973515 -0.219826 -0.203785 -0.978167 -0.040757 0.000000 -0.998868 -0.047565 0.045222 -0.994874 -0.090443 0.021238 -0.976956 0.212382 -0.066503 -0.997540 -0.022168 -0.043540 -0.979651 0.195930
-0.665640 0.554700 -0.499230 0.000000 -0.728200 -0.685365 0.062807 -0.973515 -0.219826 -0.203785 -0.978167 -0.040757 0.000000 -0.998868 -0.047565 0.045222 -0.994874 -0.090443 0.021238 -0.976956 0.212382 -0.066503 -0.997540 -0.022168 -0.043540 -0.979651 0.195930
-0.649759 0.565008 -0.508507 0.000000 -0.728200 -0.685365 0.062807 -0.973515 -0.219826 -0.203785 -0.978167 -0.040757 0.000000 -0.998868 -0.047565 0.045222 -0.994874 -0.090443 0.021238 -0.976956 0.212382 -0.066503 -0.997540 -0.022168 -0.043540 -0.979651 0.195930
-0.633504 0.547117 -0.547117 -0.042796 -0.727533 -0.684737 0.062348 -0.966394 -0.249392 -0.203954 -0.978980 0.000000 0.000000 -0.999717 -0.023803 0.045222 -0.994874 -0.090443 0.021238 -0.976956 0.212382 -0.066503 -0.997540 -0.022168 -0.043540 -0.979651 0.195930
-0.615785 0.557139 -0.557139 -0.042796 -0.727533 -0.684737 0.060523 -0.968364 -0.242091 -0.212430 -0.977176 0.000000 0.000000 -0.999717 -0.023803 0.045222 -0.994874 -0.090443 0.021238 -0.976956 0.212382 -0.066503 -0.997540 -0.022168 -0.043540 -0.979651 0.195930
-0.615785 0.557139 -0.557139 -0.044065 -0.749110 -0.660979 0.060523 -0.968364 -0.242091 -0.212430 -0.977176 0.000000 0.000000 -0.999717 -0.023803 0.045222 -0.994874 -0.090443 0.021238 -0.976956 0.212382 -0.066503 -0.997540 -0.022168 -0.043540 -0.979651 0.195930
-0.615785 0.557139 -0.557139 -0.044065 -0.749110 -0.660979 0.060523 -0.968364 -0.242091 -0.212430 -0.977176 0.000000 0.000000 -0.999717 -0.023803 0.045222 -0.994874 -0.090443 0.021238 -0.976956 0.212382 -0.066454 -0.996805 -0.044302 -0.043540 -0.979651 0.195930
-0.576870 0.548026 -0.605713 -0.045361 -0.771136 -0.635053 0.060523 -0.968364 -0.242091 -0.212430 -0.977176 0.000000 0.000000 -0.999717 -0.023803 0.045222 -0.994874 -0.090443 0.021238 -0.976956 0.212382 -0.066454 -0.996805 -0.044302 -0.043540 -0.979651 0.195930
-0.567733 0.567733 -0.596120 -0.043811 -0.788594 -0.613351 0.060943 -0.975084 -0.213300 -0.212430 -0.977176 0.000000 0.000000 -0.999717 -0.023803 0.045222 -0.994874 -0.090443 0.021238 -0.976956 0.212382 -0.066454 -0.996805 -0.044302 -0.043540 -0.979651 0.195930
-0.567733 0.567733 -0.596120 -0.043811 -0.788594 -0.613351 0.060943 -0.975084 -0.213300 -0.212430 -0.977176 0.000000 0.000000 -0.999717 -0.023803 0.045222 -0.994874 -0.090443 0.021238 -0.976956 0.212382 -0.066454 -0.996805 -0.044302 -0.043540 -0.979651 0.195930
-0.567733 0.567733 -0.596120 -0.043811 -0.788594 -0.613351 0.061314 -0.981023 -0.183942 -0.212430 -0.977176 0.000000 0.000000 -0.999717 -0.023803 0.045222 -0.994874 -0.090443 0.021238 -0.976956 0.212382 -0.066503 -0.997540 -0.022168 -0.043540 -0.979651 0.195930
-0.567733 0.567733 -0.596120 -0.043811 -0.788594 -0.613351 0.060943 -0.975084 -0.213300 -0.212238 -0.976296 0.042448 0.000000 -0.999717 -0.023803 0.045222 -0.994874 -0.090443 0.021238 -0.976956 0.212382 -0.066503 -0.997540 -0.022168 -0.043540 -0.979651 0.195930
