0.596951 0.737410 -0.316033 0.480000 -0.600000 -0.640000 0.093980 -0.971124 -0.219286 -0.259973 -0.965616 0.000000 -0.024354 -0.998516 -0.048708 0.000000 -0.999056 -0.043437 -0.022261 -0.979472 0.200347 -0.067867 -0.995383 -0.067867 -0.021688 -0.975957 0.216879
0.368925 0.768594 -0.522644 0.401610 -0.562254 -0.722897 0.093980 -0.971124 -0.219286 -0.269630 -0.962964 0.000000 -0.024354 -0.998516 -0.048708 0.000000 -0.999056 -0.043437 -0.022261 -0.979472 0.200347 -0.067867 -0.995383 -0.067867 -0.021688 -0.975957 0.216879
0.031404 0.722285 -0.690882 0.331042 -0.579324 -0.744845 0.093980 -0.971124 -0.219286 -0.269630 -0.962964 0.000000 -0.024354 -0.998516 -0.048708 0.000000 -0.999056 -0.043437 -0.022261 -0.979472 0.200347 -0.067867 -0.995383 -0.067867 -0.021688 -0.975957 0.216879
-0.227736 0.597808 -0.768610 0.179425 -0.672842 -0.717698 0.063214 -0.979816 -0.189642 -0.269630 -0.962964 0.000000 -0.024354 -0.998516 -0.048708 0.000000 -0.999056 -0.043437 -0.022261 -0.979472 0.200347 -0.067867 -0.995383 -0.067867 -0.021688 -0.975957 0.216879
-0.374343 0.547117 -0.748686 0.000000 -0.729537 -0.683941 0.063214 -0.979816 -0.189642 -0.269630 -0.962964 0.000000 -0.024354 -0.998516 -0.048708 0.000000 -0.999056 -0.043437 -0.022261 -0.979472 0.200347 -0.067867 -0.995383 -0.067867 -0.021688 -0.975957 0.216879
-0.555708 0.526460 -0.643451 0.000000 -0.789352 -0.613941 0.063214 -0.979816 -0.189642 -0.269630 -0.962964 0.000000 -0.024354 -0.998516 -0.048708 0.000000 -0.999056 -0.043437 -0.022261 -0.979472 0.200347 -0.067867 -0.995383 -0.067867 -0.043345 -0.975270 0.216727
-0.585959 0.527363 -0.615257 0.000000 -0.825307 -0.564684 0.063214 -0.979816 -0.189642 -0.269630 -0.962964 0.000000 -0.024354 -0.998516 -0.048708 0.000000 -0.999056 -0.043437 -0.022261 -0.979472 0.200347 -0.067867 -0.995383 -0.067867 -0.043345 -0.975270 0.216727
-0.596550 0.536895 -0.596550 0.000000 -0.825307 -0.564684 0.063214 -0.979816 -0.189642 -0.269630 -0.962964 0.000000 -0.047511 -0.997740 -0.047511 0.000000 -0.999056 -0.043437 -0.022261 -0.979472 0.200347 -0.067867 -0.995383 -0.067867 -0.043133 -0.970495 0.237232
-0.623502 0.538479 -0.566820 0.000000 -0.857493 -0.514496 0.063214 -0.979816 -0.189642 -0.269630 -0.962964 0.000000 -0.047511 -0.997740 -0.047511 0.000000 -0.999056 -0.043437 -0.022261 -0.979472 0.200347 -0.067867 -0.995383 -0.067867 -0.043133 -0.970495 0.237232
-0.630907 0.548615 -0.548615 0.000000 -0.857493 -0.514496 0.063214 -0.979816 -0.189642 -0.269630 -0.962964 0.000000 -0.047511 -0.997740 -0.047511 0.000000 -0.999056 -0.043437 -0.022261 -0.979472 0.200347 -0.067867 -0.995383 -0.067867 -0.043133 -0.970495 0.237232
-0.603178 0.550728 -0.576953 0.000000 -0.876216 -0.481919 0.063214 -0.979816 -0.189642 -0.269630 -0.962964 0.000000 -0.047511 -0.997740 -0.047511 0.000000 -0.999056 -0.043437 -0.022261 -0.979472 0.200347 -0.067867 -0.995383 -0.067867 -0.043133 -0.970495 0.237232
-0.594055 0.542398 -0.594055 0.000000 -0.876216 -0.481919 0.063214 -0.979816 -0.189642 -0.269630 -0.962964 0.000000 -0.023776 -0.998586 -0.047552 0.000000 -0.999056 -0.043437 -0.022261 -0.979472 0.200347 -0.067867 -0.995383 -0.067867 -0.043133 -0.970495 0.237232
-0.594055 0.542398 -0.594055 0.000000 -0.876216 -0.481919 0.065233 -0.978492 -0.195698 -0.269630 -0.962964 0.000000 -0.023776 -0.998586 -0.047552 0.000000 -0.999056 -0.043437 -0.022261 -0.979472 0.200347 -0.067867 -0.995383 -0.067867 -0.043133 -0.970495 0.237232
-0.594452 0.568606 -0.568606 0.000000 -0.838444 -0.544988 0.064786 -0.971795 -0.226752 -0.269630 -0.962964 0.000000 -0.023776 -0.998586 -0.047552 0.000000 -0.999056 -0.043437 -0.022261 -0.979472 0.200347 -0.067867 -0.995383 -0.067867 -0.043133 -0.970495 0.237232
-0.612300 0.559057 -0.559057 0.000000 -0.825307 -0.564684 0.064786 -0.971795 -0.226752 -0.269630 -0.962964 0.000000 -0.046411 -0.997844 -0.046411 0.000000 -0.999056 -0.043437 -0.022261 -0.979472 0.200347 -0.067867 -0.995383 -0.067867 -0.043133 -0.970495 0.237232
-0.621395 0.567360 -0.540343 0.000000 -0.789352 -0.613941 0.064786 -0.971795 -0.226752 -0.269630 -0.962964 0.000000 -0.046411 -0.997844 -0.046411 0.000000 -0.999056 -0.043437 -0.022261 -0.979472 0.200347 -0.067867 -0.995383 -0.067867 -0.043133 -0.970495 0.237232
-0.630907 0.548615 -0.548615 0.000000 -0.789352 -0.613941 0.064786 -0.971795 -0.226752 -0.269630 -0.962964 0.000000 -0.046411 -0.997844 -0.046411 0.000000 -0.999056 -0.043437 -0.022261 -0.979472 0.200347 -0.067867 -0.995383 -0.067867 -0.043133 -0.970495 0.237232
-0.640373 0.529004 -0.556846 0.000000 -0.789352 -0.613941 0.064786 -0.971795 -0.226752 -0.269630 -0.962964 0.000000 -0.046411 -0.997844 -0.046411 0.000000 -0.999056 -0.043437 -0.022261 -0.979472 0.200347 -0.067867 -0.995383 -0.067867 -0.043133 -0.970495 0.237232
-0.660113 0.516610 -0.545311 0.000000 -0.789352 -0.613941 0.064282 -0.964237 -0.257130 -0.269430 -0.962250 0.038490 -0.046411 -0.997844 -0.046411 0.000000 -0.999056 -0.043437 -0.022261 -0.979472 0.200347 -0.067867 -0.995383 -0.067867 -0.043133 -0.970495 0.237232
