0.353009 0.784465 -0.509902 0.562565 -0.562565 -0.605839 0.030514 -0.976445 -0.213597 -0.269430 -0.962250 -0.038490 -0.047445 -0.996335 -0.071167 0.044401 -0.999014 0.000000 0.000000 -0.981393 0.192012 -0.067867 -0.995383 -0.067867 -0.042630 -0.980500 0.191837
0.406558 0.772460 -0.487869 0.547885 -0.547885 -0.632175 0.030514 -0.976445 -0.213597 -0.233197 -0.971653 -0.038866 -0.047445 -0.996335 -0.071167 0.044401 -0.999014 0.000000 0.000000 -0.981393 0.192012 -0.067867 -0.995383 -0.067867 -0.042630 -0.980500 0.191837
0.453247 0.741677 -0.494451 0.576371 -0.535202 -0.617540 0.030514 -0.976445 -0.213597 -0.233197 -0.971653 -0.038866 -0.047445 -0.996335 -0.071167 0.044401 -0.999014 0.000000 0.000000 -0.980581 0.196116 -0.067867 -0.995383 -0.067867 -0.042630 -0.980500 0.191837
0.467345 0.722261 -0.509831 0.588984 -0.504844 -0.631055 0.060943 -0.975084 -0.213300 -0.269430 -0.962250 -0.038490 -0.047445 -0.996335 -0.071167 0.044401 -0.999014 0.000000 0.000000 -0.980581 0.196116 -0.067867 -0.995383 -0.067867 -0.042630 -0.980500 0.191837
0.492922 0.716977 -0.492922 0.588984 -0.504844 -0.631055 0.060943 -0.975084 -0.213300 -0.269430 -0.962250 -0.038490 -0.047445 -0.996335 -0.071167 0.044401 -0.999014 0.000000 0.021786 -0.980348 0.196070 -0.067867 -0.995383 -0.067867 -0.042630 -0.980500 0.191837
0.442807 0.752773 -0.487088 0.576371 -0.535202 -0.617540 0.060943 -0.975084 -0.213300 -0.269430 -0.962250 -0.038490 -0.047445 -0.996335 -0.071167 0.044401 -0.999014 0.000000 0.021786 -0.980348 0.196070 -0.067867 -0.995383 -0.067867 -0.042630 -0.980500 0.191837
0.392419 0.784837 -0.479623 0.519170 -0.519170 -0.678915 0.060943 -0.975084 -0.213300 -0.269430 -0.962250 -0.038490 -0.047445 -0.996335 -0.071167 0.044401 -0.999014 0.000000 0.021786 -0.980348 0.196070 -0.067867 -0.995383 -0.067867 -0.042448 -0.976296 0.212238
0.281581 0.804518 -0.522937 0.475457 -0.515079 -0.713186 0.060523 -0.968364 -0.242091 -0.269630 -0.962964 0.000000 -0.047445 -0.996335 -0.071167 0.044401 -0.999014 0.000000 0.021786 -0.980348 0.196070 -0.067867 -0.995383 -0.067867 -0.021238 -0.976956 0.212382
0.190209 0.798878 -0.570627 0.353009 -0.509902 -0.784465 0.062348 -0.966394 -0.249392 -0.269630 -0.962964 0.000000 -0.047445 -0.996335 -0.071167 0.044401 -0.999014 0.000000 0.021786 -0.980348 0.196070 -0.067867 -0.995383 -0.067867 -0.021238 -0.976956 0.212382
0.000000 0.820905 -0.571064 0.236067 -0.511478 -0.826234 0.062807 -0.973515 -0.219826 -0.269630 -0.962964 0.000000 -0.047445 -0.996335 -0.071167 0.044401 -0.999014 0.000000 0.021786 -0.980348 0.196070 -0.067867 -0.995383 -0.067867 -0.021238 -0.976956 0.212382
-0.206529 0.757271 -0.619586 0.154649 -0.502609 -0.850569 0.062807 -0.973515 -0.219826 -0.269430 -0.962250 -0.038490 -0.047445 -0.996335 -0.071167 0.044401 -0.999014 0.000000 0.021786 -0.980348 0.196070 -0.067867 -0.995383 -0.067867 -0.021238 -0.976956 0.212382
-0.362069 0.691223 -0.625393 0.076866 -0.461197 -0.883962 0.031450 -0.974958 -0.220152 -0.269430 -0.962250 -0.038490 -0.047445 -0.996335 -0.071167 0.044401 -0.999014 0.000000 0.021786 -0.980348 0.196070 -0.067867 -0.995383 -0.067867 -0.021238 -0.976956 0.212382
-0.556553 0.587473 -0.587473 -0.037113 -0.519589 -0.853610 0.031450 -0.974958 -0.220152 -0.269430 -0.962250 -0.038490 -0.047445 -0.996335 -0.071167 0.044401 -0.999014 0.000000 0.021688 -0.975957 0.216879 -0.067867 -0.995383 -0.067867 -0.021238 -0.976956 0.212382
-0.671519 0.510355 -0.537215 -0.077267 -0.579501 -0.811301 0.031450 -0.974958 -0.220152 -0.269430 -0.962250 -0.038490 -0.047445 -0.996335 -0.071167 0.044401 -0.999014 0.000000 0.021688 -0.975957 0.216879 -0.067867 -0.995383 -0.067867 -0.021238 -0.976956 0.212382
-0.760529 0.445827 -0.472052 -0.154303 -0.617213 -0.771517 0.030514 -0.976445 -0.213597 -0.279776 -0.959233 -0.039968 -0.047445 -0.996335 -0.071167 0.044401 -0.999014 0.000000 0.021688 -0.975957 0.216879 -0.067867 -0.995383 -0.067867 -0.021238 -0.976956 0.212382
-0.840339 0.395454 -0.370738 -0.163846 -0.655386 -0.737309 0.029437 -0.971429 -0.235498 -0.291162 -0.956674 0.000000 -0.071067 -0.994937 -0.071067 0.044401 -0.999014 0.000000 0.021688 -0.975957 0.216879 -0.067867 -0.995383 -0.067867 -0.021330 -0.981169 0.191968
-0.840339 0.395454 -0.370738 -0.168880 -0.675521 -0.717741 0.029437 -0.971429 -0.235498 -0.291162 -0.956674 0.000000 -0.071067 -0.994937 -0.071067 0.044401 -0.999014 0.000000 0.021688 -0.975957 0.216879 -0.067867 -0.995383 -0.067867 -0.021330 -0.981169 0.191968
-0.840651 0.420326 -0.341515 -0.248922 -0.663792 -0.705279 0.028618 -0.973018 -0.228946 -0.303204 -0.952926 0.000000 -0.071067 -0.994937 -0.071067 0.044401 -0.999014 0.000000 0.021688 -0.975957 0.216879 -0.067867 -0.995383 -0.067867 -0.021330 -0.981169 0.191968
-0.857382 0.401898 -0.321518 -0.287213 -0.656488 -0.697518 0.028618 -0.973018 -0.228946 -0.303204 -0.952926 0.000000 -0.071067 -0.994937 -0.071067 0.044401 -0.999014 0.000000 0.021688 -0.975957 0.216879 -0.067867 -0.995383 -0.067867 -0.021330 -0.981169 0.191968
-0.840297 0.433701 -0.325276 -0.242140 -0.686064 -0.686064 0.028618 -0.973018 -0.228946 -0.303204 -0.952926 0.000000 -0.071067 -0.994937 -0.071067 0.044401 -0.999014 0.000000 0.021688 -0.975957 0.216879 -0.067867 -0.995383 -0.067867 -0.021330 -0.981169 0.191968
-0.823213 0.454186 -0.340640 -0.287213 -0.697518 -0.656488 0.028618 -0.973018 -0.228946 -0.303204 -0.952926 0.000000 -0.071067 -0.994937 -0.071067 0.044401 -0.999014 0.000000 0.021688 -0.975957 0.216879 -0.067867 -0.995383 -0.067867 -0.021330 -0.981169 0.191968
-0.813733 0.464991 -0.348743 -0.287213 -0.697518 -0.656488 0.029223 -0.964352 -0.263005 -0.316228 -0.948683 0.000000 -0.071067 -0.994937 -0.071067 0.044401 -0.999014 0.000000 0.021238 -0.976956 0.212382 -0.067867 -0.995383 -0.067867 -0.021330 -0.981169 0.191968
-0.794805 0.470996 -0.382684 -0.287213 -0.697518 -0.656488 0.029223 -0.964352 -0.263005 -0.316228 -0.948683 0.000000 -0.071067 -0.994937 -0.071067 0.044401 -0.999014 0.000000 0.021238 -0.976956 0.212382 -0.067867 -0.995383 -0.067867 -0.021330 -0.981169 0.191968
-0.785001 0.452885 -0.422693 -0.287213 -0.697518 -0.656488 0.029223 -0.964352 -0.263005 -0.315906 -0.947717 -0.045129 -0.071067 -0.994937 -0.071067 0.044401 -0.999014 0.000000 0.021238 -0.976956 0.212382 -0.067867 -0.995383 -0.067867 -0.021330 -0.981169 0.191968
