0.505276 0.718024 -0.478683 0.385518 -0.856706 -0.342682 0.063214 -0.979816 -0.189642 -0.269630 -0.962964 0.000000 0.000000 -0.998812 -0.048723 0.000000 -0.999056 -0.043437 0.000000 -0.983870 0.178885 -0.066454 -0.996805 -0.044302 -0.021688 -0.975957 0.216879
0.522352 0.757410 -0.391764 0.366508 -0.855186 -0.366508 0.063214 -0.979816 -0.189642 -0.269630 -0.962964 0.000000 0.000000 -0.998812 -0.048723 0.000000 -0.999056 -0.043437 0.000000 -0.983870 0.178885 -0.066454 -0.996805 -0.044302 -0.021688 -0.975957 0.216879
0.540419 0.772028 -0.334545 0.366508 -0.855186 -0.366508 0.065233 -0.978492 -0.195698 -0.269630 -0.962964 0.000000 0.000000 -0.998812 -0.048723 0.000000 -0.999056 -0.043437 0.000000 -0.983870 0.178885 -0.066454 -0.996805 -0.044302 -0.021688 -0.975957 0.216879
0.578547 0.762630 -0.289273 0.319744 -0.839329 -0.439648 0.065233 -0.978492 -0.195698 -0.269630 -0.962964 0.000000 0.000000 -0.998812 -0.048723 0.000000 -0.999056 -0.043437 0.000000 -0.983870 0.178885 -0.066454 -0.996805 -0.044302 -0.021688 -0.975957 0.216879
0.598986 0.762346 -0.245040 0.317971 -0.794929 -0.516704 0.065233 -0.978492 -0.195698 -0.269630 -0.962964 0.000000 0.000000 -0.998812 -0.048723 0.000000 -0.999056 -0.043437 0.000000 -0.983870 0.178885 -0.044357 -0.998031 -0.044357 -0.043345 -0.975270 0.216727
0.584462 0.751451 -0.306147 0.281581 -0.804518 -0.522937 0.064786 -0.971795 -0.226752 -0.269630 -0.962964 0.000000 0.000000 -0.998812 -0.048723 0.000000 -0.999056 -0.043437 0.000000 -0.983870 0.178885 -0.044357 -0.998031 -0.044357 -0.043345 -0.975270 0.216727
0.413167 0.794552 -0.444949 0.197952 -0.712627 -0.673036 0.065233 -0.978492 -0.195698 -0.269630 -0.962964 0.000000 0.000000 -0.998812 -0.048723 0.000000 -0.999056 -0.043437 0.000000 -0.983870 0.178885 -0.044357 -0.998031 -0.044357 -0.043345 -0.975270 0.216727
0.249207 0.783221 -0.569615 0.154303 -0.617213 -0.771517 0.063214 -0.979816 -0.189642 -0.269630 -0.962964 0.000000 0.000000 -0.998868 -0.047565 0.000000 -0.999056 -0.043437 0.000000 -0.983870 0.178885 -0.044357 -0.998031 -0.044357 -0.043345 -0.975270 0.216727
-0.212000 0.741999 -0.635999 0.153168 -0.574380 -0.804132 0.062807 -0.973515 -0.219826 -0.269430 -0.962250 0.038490 -0.023742 -0.997178 -0.071227 0.000000 -0.999056 -0.043437 0.000000 -0.979715 0.200396 -0.044357 -0.998031 -0.044357 -0.043345 -0.975270 0.216727
-0.366338 0.610563 -0.702147 0.041274 -0.619116 -0.784214 0.062807 -0.973515 -0.219826 -0.269430 -0.962250 0.038490 -0.023742 -0.997178 -0.071227 0.000000 -0.999056 -0.043437 0.000000 -0.979715 0.200396 -0.044357 -0.998031 -0.044357 -0.043345 -0.975270 0.216727
-0.566341 0.514856 -0.643569 0.041487 -0.663792 -0.746766 0.063214 -0.979816 -0.189642 -0.269430 -0.962250 0.038490 -0.023742 -0.997178 -0.071227 0.000000 -0.999056 -0.043437 0.000000 -0.979715 0.200396 -0.044357 -0.998031 -0.044357 -0.043345 -0.975270 0.216727
-0.694879 0.481070 -0.534522 0.000000 -0.707107 -0.707107 0.031654 -0.981288 -0.189927 -0.269430 -0.962250 0.038490 -0.023742 -0.997178 -0.071227 0.000000 -0.999056 -0.043437 0.000000 -0.979715 0.200396 -0.044357 -0.998031 -0.044357 -0.043345 -0.975270 0.216727
-0.712351 0.483381 -0.508822 0.000000 -0.789352 -0.613941 0.031654 -0.981288 -0.189927 -0.269430 -0.962250 0.038490 -0.023193 -0.997307 -0.069580 0.000000 -0.999056 -0.043437 0.000000 -0.979715 0.200396 -0.045361 -0.997940 -0.045361 -0.043345 -0.975270 0.216727
-0.742371 0.460782 -0.486381 0.000000 -0.810679 -0.585491 0.031654 -0.981288 -0.189927 -0.269430 -0.962250 0.038490 -0.023193 -0.997307 -0.069580 0.000000 -0.999056 -0.043437 0.000000 -0.979715 0.200396 -0.045361 -0.997940 -0.045361 -0.043345 -0.975270 0.216727
-0.753541 0.452124 -0.477242 0.000000 -0.845489 -0.533993 0.031654 -0.981288 -0.189927 -0.269430 -0.962250 0.038490 -0.023193 -0.997307 -0.069580 0.000000 -0.999056 -0.043437 0.000000 -0.979715 0.200396 -0.045361 -0.997940 -0.045361 -0.043345 -0.975270 0.216727
-0.762493 0.457496 -0.457496 0.000000 -0.845489 -0.533993 0.031654 -0.981288 -0.189927 -0.269630 -0.962964 0.000000 -0.023193 -0.997307 -0.069580 0.000000 -0.999056 -0.043437 0.000000 -0.979715 0.200396 -0.045361 -0.997940 -0.045361 -0.043345 -0.975270 0.216727
-0.751537 0.466472 -0.466472 0.000000 -0.857493 -0.514496 0.031654 -0.981288 -0.189927 -0.269630 -0.962964 0.000000 -0.023193 -0.997307 -0.069580 0.000000 -0.999056 -0.043437 0.000000 -0.979715 0.200396 -0.045361 -0.997940 -0.045361 -0.043345 -0.975270 0.216727
-0.739923 0.475665 -0.475665 0.000000 -0.857493 -0.514496 0.063214 -0.979816 -0.189642 -0.280000 -0.960000 0.000000 -0.023193 -0.997307 -0.069580 0.000000 -0.999056 -0.043437 0.000000 -0.979715 0.200396 -0.045361 -0.997940 -0.045361 -0.043345 -0.975270 0.216727
-0.718024 0.478683 -0.505276 0.000000 -0.876216 -0.481919 0.062807 -0.973515 -0.219826 -0.280000 -0.960000 0.000000 -0.023193 -0.997307 -0.069580 0.000000 -0.999056 -0.043437 0.000000 -0.979715 0.200396 -0.067954 -0.996659 -0.045303 -0.021688 -0.975957 0.216879
-0.708322 0.472215 -0.524683 0.000000 -0.876216 -0.481919 0.062807 -0.973515 -0.219826 -0.280000 -0.960000 0.000000 -0.023193 -0.997307 -0.069580 0.000000 -0.999056 -0.043437 0.000000 -0.979715 0.200396 -0.067954 -0.996659 -0.045303 -0.021688 -0.975957 0.216879
