0.375293 0.788116 -0.487881 0.591080 -0.591080 -0.548860 0.059523 -0.982125 -0.178568 -0.269430 -0.962250 -0.038490 -0.048665 -0.997629 -0.048665 0.066503 -0.997540 -0.022168 0.021238 -0.976956 0.212382 -0.067867 -0.995383 -0.067867 -0.021330 -0.981169 0.191968
0.401286 0.802572 -0.441415 0.591080 -0.548860 -0.591080 0.059523 -0.982125 -0.178568 -0.269430 -0.962250 -0.038490 -0.048665 -0.997629 -0.048665 0.066503 -0.997540 -0.022168 0.021238 -0.976956 0.212382 -0.067867 -0.995383 -0.067867 -0.021330 -0.981169 0.191968
0.414513 0.787575 -0.455965 0.591080 -0.548860 -0.591080 0.059523 -0.982125 -0.178568 -0.269430 -0.962250 -0.038490 -0.048665 -0.997629 -0.048665 0.066503 -0.997540 -0.022168 0.021238 -0.976956 0.212382 -0.067867 -0.995383 -0.067867 -0.021330 -0.981169 0.191968
0.414513 0.787575 -0.455965 0.591080 -0.548860 -0.591080 0.059523 -0.982125 -0.178568 -0.269430 -0.962250 -0.038490 -0.048665 -0.997629 -0.048665 0.066503 -0.997540 -0.022168 0.021238 -0.976956 0.212382 -0.067867 -0.995383 -0.067867 -0.021330 -0.981169 0.191968
0.439648 0.759393 -0.479616 0.562565 -0.562565 -0.605839 0.059523 -0.982125 -0.178568 -0.269430 -0.962250 -0.038490 -0.048665 -0.997629 -0.048665 0.066503 -0.997540 -0.022168 0.021238 -0.976956 0.212382 -0.067867 -0.995383 -0.067867 -0.021330 -0.981169 0.191968
0.426562 0.775567 -0.465340 0.478471 -0.558217 -0.677834 0.059523 -0.982125 -0.178568 -0.269430 -0.962250 -0.038490 -0.048665 -0.997629 -0.048665 0.066503 -0.997540 -0.022168 0.021238 -0.976956 0.212382 -0.067867 -0.995383 -0.067867 -0.021330 -0.981169 0.191968
0.356313 0.752217 -0.554265 0.390137 -0.546192 -0.741261 0.061314 -0.981023 -0.183942 -0.269430 -0.962250 -0.038490 -0.048665 -0.997629 -0.048665 0.066503 -0.997540 -0.022168 0.021238 -0.976956 0.212382 -0.067867 -0.995383 -0.067867 -0.021330 -0.981169 0.191968
0.158986 0.755182 -0.635943 0.259259 -0.518519 -0.814815 0.061314 -0.981023 -0.183942 -0.279776 -0.959233 -0.039968 -0.048665 -0.997629 -0.048665 0.066503 -0.997540 -0.022168 0.021238 -0.976956 0.212382 -0.067867 -0.995383 -0.067867 -0.021330 -0.981169 0.191968
-0.108112 0.720750 -0.684712 0.188311 -0.527271 -0.828568 0.063214 -0.979816 -0.189642 -0.279776 -0.959233 -0.039968 -0.048665 -0.997629 -0.048665 0.066503 -0.997540 -0.022168 0.021238 -0.976956 0.212382 -0.067867 -0.995383 -0.067867 -0.021330 -0.981169 0.191968
-0.325991 0.651981 -0.684580 0.036588 -0.402469 -0.914702 0.063214 -0.979816 -0.189642 -0.279776 -0.959233 -0.039968 -0.048665 -0.997629 -0.048665 0.066503 -0.997540 -0.022168 0.021238 -0.976956 0.212382 -0.067867 -0.995383 -0.067867 -0.021330 -0.981169 0.191968
-0.456956 0.599755 -0.656875 -0.109181 -0.400331 -0.909843 0.063214 -0.979816 -0.189642 -0.279776 -0.959233 -0.039968 -0.047511 -0.997740 -0.047511 0.066503 -0.997540 -0.022168 0.021238 -0.976956 0.212382 -0.067867 -0.995383 -0.067867 -0.021330 -0.981169 0.191968
-0.639382 0.500386 -0.583784 -0.116598 -0.505259 -0.855054 0.063564 -0.985245 -0.158910 -0.279776 -0.959233 -0.039968 -0.047511 -0.997740 -0.047511 0.066503 -0.997540 -0.022168 0.021238 -0.976956 0.212382 -0.067867 -0.995383 -0.067867 -0.021330 -0.981169 0.191968
-0.730545 0.469636 -0.495727 -0.121967 -0.569181 -0.813116 0.063564 -0.985245 -0.158910 -0.279776 -0.959233 -0.039968 -0.047511 -0.997740 -0.047511 0.066503 -0.997540 -0.022168 0.021238 -0.976956 0.212382 -0.067867 -0.995383 -0.067867 -0.021330 -0.981169 0.191968
-0.742371 0.486381 -0.460782 -0.127000 -0.635001 -0.762001 0.063564 -0.985245 -0.158910 -0.279776 -0.959233 -0.039968 -0.047511 -0.997740 -0.047511 0.066503 -0.997540 -0.022168 0.021238 -0.976956 0.212382 -0.067867 -0.995383 -0.067867 -0.021330 -0.981169 0.191968
-0.781375 0.453701 -0.428496 -0.127000 -0.635001 -0.762001 0.061314 -0.981023 -0.183942 -0.290910 -0.955847 -0.041559 -0.047511 -0.997740 -0.047511 0.066503 -0.997540 -0.022168 0.021238 -0.976956 0.212382 -0.067867 -0.995383 -0.067867 -0.021330 -0.981169 0.191968
-0.797512 0.473523 -0.373834 -0.127458 -0.679775 -0.722261 0.060943 -0.975084 -0.213300 -0.291162 -0.956674 0.000000 -0.047511 -0.997740 -0.047511 0.066503 -0.997540 -0.022168 0.021238 -0.976956 0.212382 -0.067867 -0.995383 -0.067867 -0.021330 -0.981169 0.191968
-0.799002 0.449439 -0.399501 -0.131432 -0.700973 -0.700973 0.062807 -0.973515 -0.219826 -0.291162 -0.956674 0.000000 -0.047511 -0.997740 -0.047511 0.066503 -0.997540 -0.022168 0.021238 -0.976956 0.212382 -0.067867 -0.995383 -0.067867 -0.021330 -0.981169 0.191968
-0.797762 0.463217 -0.386014 -0.127458 -0.679775 -0.722261 0.060943 -0.975084 -0.213300 -0.341743 -0.939793 0.000000 -0.047445 -0.996335 -0.071167 0.066503 -0.997540 -0.022168 0.021238 -0.976956 0.212382 -0.066372 -0.995585 -0.066372 -0.021786 -0.980348 0.196070
-0.788110 0.472866 -0.394055 -0.131432 -0.700973 -0.700973 0.060943 -0.975084 -0.213300 -0.341743 -0.939793 0.000000 -0.047445 -0.996335 -0.071167 0.066503 -0.997540 -0.022168 0.021238 -0.976956 0.212382 -0.066372 -0.995585 -0.066372 -0.021786 -0.980348 0.196070
-0.788110 0.472866 -0.394055 -0.088045 -0.704361 -0.704361 0.060943 -0.975084 -0.213300 -0.341432 -0.938937 -0.042679 -0.047445 -0.996335 -0.071167 0.066503 -0.997540 -0.022168 0.021238 -0.976956 0.212382 -0.066372 -0.995585 -0.066372 -0.021786 -0.980348 0.196070
-0.788110 0.472866 -0.394055 -0.088045 -0.704361 -0.704361 0.060943 -0.975084 -0.213300 -0.341432 -0.938937 -0.042679 -0.048593 -0.996156 -0.072889 0.066503 -0.997540 -0.022168 0.021238 -0.976956 0.212382 -0.066372 -0.995585 -0.066372 -0.021786 -0.980348 0.196070
-0.769309 0.477502 -0.424446 -0.088045 -0.704361 -0.704361 0.060943 -0.975084 -0.213300 -0.341432 -0.938937 -0.042679 -0.048593 -0.996156 -0.072889 0.066454 -0.996805 -0.044302 0.021238 -0.976956 0.212382 -0.066372 -0.995585 -0.066372 -0.021786 -0.980348 0.196070
-0.769309 0.477502 -0.424446 -0.088045 -0.704361 -0.704361 0.059183 -0.976519 -0.207140 -0.355643 -0.933564 -0.044455 -0.048593 -0.996156 -0.072889 0.066454 -0.996805 -0.044302 0.021238 -0.976956 0.212382 -0.066372 -0.995585 -0.066372 -0.021786 -0.980348 0.196070
-0.778962 0.456633 -0.429772 -0.044151 -0.706417 -0.706417 0.058798 -0.970169 -0.235192 -0.355995 -0.934488 0.000000 -0.048593 -0.996156 -0.072889 0.066454 -0.996805 -0.044302 0.021238 -0.976956 0.212382 -0.066372 -0.995585 -0.066372 -0.021786 -0.980348 0.196070
-0.769851 0.451292 -0.451292 -0.044151 -0.706417 -0.706417 0.059183 -0.976519 -0.207140 -0.355995 -0.934488 0.000000 -0.048593 -0.996156 -0.072889 0.066454 -0.996805 -0.044302 0.021238 -0.976956 0.212382 -0.066372 -0.995585 -0.066372 -0.021786 -0.980348 0.196070
-0.769851 0.451292 -0.451292 -0.044151 -0.706417 -0.706417 0.059183 -0.976519 -0.207140 -0.355995 -0.934488 0.000000 -0.048593 -0.996156 -0.072889 0.066454 -0.996805 -0.044302 0.021238 -0.976956 0.212382 -0.066372 -0.995585 -0.066372 -0.021786 -0.980348 0.196070
-0.746837 0.470231 -0.470231 -0.088045 -0.704361 -0.704361 0.059183 -0.976519 -0.207140 -0.355995 -0.934488 0.000000 -0.048593 -0.996156 -0.072889 0.066454 -0.996805 -0.044302 0.021238 -0.976956 0.212382 -0.066372 -0.995585 -0.066372 -0.021786 -0.980348 0.196070
-0.756448 0.476282 -0.448265 -0.085358 -0.682863 -0.725542 0.061314 -0.981023 -0.183942 -0.341743 -0.939793 0.000000 -0.048593 -0.996156 -0.072889 0.066454 -0.996805 -0.044302 0.021238 -0.976956 0.212382 -0.066372 -0.995585 -0.066372 -0.021786 -0.980348 0.196070
