0.625779 0.736210 -0.257674 0.419591 -0.755263 -0.503509 0.096176 -0.961756 -0.256468 -0.188311 -0.979217 -0.075324 -0.023742 -0.997178 -0.071227 0.022211 -0.999507 -0.022211 0.000000 -0.976187 0.216930 -0.086126 -0.990450 -0.107658 -0.044281 -0.974176 0.221404
0.625166 0.729360 -0.277851 0.371787 -0.784883 -0.495715 0.096176 -0.961756 -0.256468 -0.188311 -0.979217 -0.075324 -0.023742 -0.997178 -0.071227 0.022211 -0.999507 -0.022211 0.000000 -0.976187 0.216930 -0.086126 -0.990450 -0.107658 -0.044281 -0.974176 0.221404
0.394623 0.717496 -0.573997 0.335377 -0.796521 -0.503066 0.096176 -0.961756 -0.256468 -0.188311 -0.979217 -0.075324 -0.023742 -0.997178 -0.071227 0.022211 -0.999507 -0.022211 0.000000 -0.976187 0.216930 -0.086126 -0.990450 -0.107658 -0.044281 -0.974176 0.221404
0.324176 0.688875 -0.648353 0.248069 -0.744208 -0.620174 0.096176 -0.961756 -0.256468 -0.188311 -0.979217 -0.075324 -0.023742 -0.997178 -0.071227 0.022211 -0.999507 -0.022211 0.000000 -0.976187 0.216930 -0.086126 -0.990450 -0.107658 -0.044281 -0.974176 0.221404
0.040226 0.643614 -0.764292 0.203279 -0.731804 -0.650493 0.096176 -0.961756 -0.256468 -0.188311 -0.979217 -0.075324 -0.023742 -0.997178 -0.071227 0.022211 -0.999507 -0.022211 0.000000 -0.976187 0.216930 -0.086126 -0.990450 -0.107658 -0.044281 -0.974176 0.221404
-0.148556 0.557086 -0.817059 0.229081 -0.725423 -0.649063 0.096176 -0.961756 -0.256468 -0.188311 -0.979217 -0.075324 -0.023742 -0.997178 -0.071227 0.022211 -0.999507 -0.022211 0.000000 -0.976187 0.216930 -0.064836 -0.994144 -0.086447 -0.044281 -0.974176 0.221404
-0.338983 0.493067 -0.801234 0.077267 -0.811301 -0.579501 0.096176 -0.961756 -0.256468 -0.188311 -0.979217 -0.075324 -0.023742 -0.997178 -0.071227 0.022211 -0.999507 -0.022211 0.000000 -0.976187 0.216930 -0.064836 -0.994144 -0.086447 -0.044281 -0.974176 0.221404
-0.542636 0.485516 -0.685435 0.000000 -0.843661 -0.536875 0.096176 -0.961756 -0.256468 -0.188311 -0.979217 -0.075324 -0.023742 -0.997178 -0.071227 0.022211 -0.999507 -0.022211 0.000000 -0.976187 0.216930 -0.043274 -0.995307 -0.086548 -0.044281 -0.974176 0.221404
-0.653305 0.504827 -0.564218 -0.039103 -0.860268 -0.508340 0.096176 -0.961756 -0.256468 -0.188311 -0.979217 -0.075324 -0.023742 -0.997178 -0.071227 0.022211 -0.999507 -0.022211 0.000000 -0.976187 0.216930 -0.043274 -0.995307 -0.086548 -0.044281 -0.974176 0.221404
-0.680604 0.503055 -0.532647 -0.040622 -0.893689 -0.446844 0.096176 -0.961756 -0.256468 -0.188311 -0.979217 -0.075324 -0.023742 -0.997178 -0.071227 0.022211 -0.999507 -0.022211 0.000000 -0.976187 0.216930 -0.043274 -0.995307 -0.086548 -0.044281 -0.974176 0.221404
-0.680604 0.532647 -0.503055 -0.039193 -0.901441 -0.431124 0.096176 -0.961756 -0.256468 -0.188311 -0.979217 -0.075324 -0.023742 -0.997178 -0.071227 0.022211 -0.999507 -0.022211 0.000000 -0.976187 0.216930 -0.043274 -0.995307 -0.086548 -0.066340 -0.972985 0.221133
-0.694850 0.550090 -0.463233 0.000000 -0.902134 -0.431455 0.096176 -0.961756 -0.256468 -0.188311 -0.979217 -0.075324 -0.023742 -0.997178 -0.071227 0.022211 -0.999507 -0.022211 0.000000 -0.976187 0.216930 -0.043274 -0.995307 -0.086548 -0.066340 -0.972985 0.221133
-0.679416 0.561256 -0.472637 0.000000 -0.894427 -0.447214 0.127775 -0.958315 -0.255551 -0.188311 -0.979217 -0.075324 -0.023742 -0.997178 -0.071227 0.022211 -0.999507 -0.022211 0.000000 -0.976187 0.216930 -0.043274 -0.995307 -0.086548 -0.066340 -0.972985 0.221133
-0.660113 0.545311 -0.516610 0.000000 -0.910366 -0.413803 0.123975 -0.960807 -0.247950 -0.195515 -0.977577 -0.078206 -0.023742 -0.997178 -0.071227 0.022211 -0.999507 -0.022211 0.000000 -0.976187 0.216930 -0.043274 -0.995307 -0.086548 -0.066340 -0.972985 0.221133
-0.642353 0.583957 -0.496364 0.000000 -0.894427 -0.447214 0.123975 -0.960807 -0.247950 -0.195515 -0.977577 -0.078206 -0.023742 -0.997178 -0.071227 0.022211 -0.999507 -0.022211 0.000000 -0.976187 0.216930 -0.043274 -0.995307 -0.086548 -0.066340 -0.972985 0.221133
-0.632979 0.575435 -0.517892 0.040622 -0.893689 -0.446844 0.123975 -0.960807 -0.247950 -0.232670 -0.969458 -0.077557 -0.023742 -0.997178 -0.071227 0.022211 -0.999507 -0.022211 0.000000 -0.976187 0.216930 -0.043274 -0.995307 -0.086548 -0.066340 -0.972985 0.221133
-0.615257 0.585959 -0.527363 0.040622 -0.893689 -0.446844 0.123975 -0.960807 -0.247950 -0.232670 -0.969458 -0.077557 -0.023742 -0.997178 -0.071227 0.022211 -0.999507 -0.022211 0.000000 -0.971399 0.237453 -0.064836 -0.994144 -0.086447 -0.066340 -0.972985 0.221133
-0.615257 0.585959 -0.527363 0.041345 -0.909588 -0.413449 0.123975 -0.960807 -0.247950 -0.232670 -0.969458 -0.077557 -0.023742 -0.997178 -0.071227 0.022211 -0.999507 -0.022211 0.000000 -0.971399 0.237453 -0.064836 -0.994144 -0.086447 -0.066340 -0.972985 0.221133
