0.398700 0.825879 -0.398700 0.441415 -0.802572 -0.401286 0.064786 -0.971795 -0.226752 -0.250962 -0.967997 0.000000 0.000000 -0.999717 -0.023803 0.022211 -0.999507 -0.022211 0.000000 -0.976187 0.216930 -0.064700 -0.992062 -0.107833 -0.066340 -0.972985 0.221133
0.421076 0.842152 -0.336861 0.434135 -0.789337 -0.434135 0.064786 -0.971795 -0.226752 -0.250962 -0.967997 0.000000 -0.023796 -0.999434 -0.023796 0.022211 -0.999507 -0.022211 0.000000 -0.976187 0.216930 -0.064700 -0.992062 -0.107833 -0.066340 -0.972985 0.221133
0.415191 0.860038 -0.296565 0.471041 -0.745815 -0.471041 0.064786 -0.971795 -0.226752 -0.216930 -0.976187 0.000000 -0.023796 -0.999434 -0.023796 0.022211 -0.999507 -0.022211 0.000000 -0.976187 0.216930 -0.064700 -0.992062 -0.107833 -0.044281 -0.974176 0.221404
0.469574 0.851103 -0.234787 0.431124 -0.744669 -0.509510 0.064786 -0.971795 -0.226752 -0.216930 -0.976187 0.000000 -0.023796 -0.999434 -0.023796 0.022211 -0.999507 -0.022211 0.000000 -0.976187 0.216930 -0.064700 -0.992062 -0.107833 -0.044281 -0.974176 0.221404
0.529183 0.823173 -0.205793 0.439648 -0.759393 -0.479616 0.064282 -0.964237 -0.257130 -0.216930 -0.976187 0.000000 -0.023776 -0.998586 -0.047552 0.022211 -0.999507 -0.022211 0.000000 -0.976187 0.216930 -0.064700 -0.992062 -0.107833 -0.044281 -0.974176 0.221404
0.572598 0.801638 -0.171780 0.353009 -0.784465 -0.509902 0.066336 -0.961869 -0.265343 -0.209401 -0.977207 -0.034900 -0.023776 -0.998586 -0.047552 0.022211 -0.999507 -0.022211 0.000000 -0.976187 0.216930 -0.064700 -0.992062 -0.107833 -0.044281 -0.974176 0.221404
0.597808 0.768610 -0.227736 0.281581 -0.804518 -0.522937 0.066336 -0.961869 -0.265343 -0.209401 -0.977207 -0.034900 -0.023776 -0.998586 -0.047552 0.022211 -0.999507 -0.022211 0.021688 -0.975957 0.216879 -0.064700 -0.992062 -0.107833 -0.044281 -0.974176 0.221404
0.596285 0.745356 -0.298142 0.254457 -0.763370 -0.593732 0.066336 -0.961869 -0.265343 -0.209401 -0.977207 -0.034900 -0.023776 -0.998586 -0.047552 0.044390 -0.998768 -0.022195 0.000000 -0.976187 0.216930 -0.043274 -0.995307 -0.086548 -0.044281 -0.974176 0.221404
0.260240 0.813250 -0.520480 0.215766 -0.690451 -0.690451 0.066336 -0.961869 -0.265343 -0.209401 -0.977207 -0.034900 -0.023776 -0.998586 -0.047552 0.044390 -0.998768 -0.022195 0.000000 -0.976187 0.216930 -0.043274 -0.995307 -0.086548 -0.044281 -0.974176 0.221404
0.000000 0.787505 -0.616308 0.168281 -0.631055 -0.757266 0.066336 -0.961869 -0.265343 -0.209401 -0.977207 -0.034900 -0.023776 -0.998586 -0.047552 0.044390 -0.998768 -0.022195 0.000000 -0.971399 0.237453 -0.043274 -0.995307 -0.086548 -0.044281 -0.974176 0.221404
-0.293864 0.675886 -0.675886 0.127000 -0.635001 -0.762001 0.066890 -0.969905 -0.234115 -0.209020 -0.975426 -0.069673 -0.023776 -0.998586 -0.047552 0.044390 -0.998768 -0.022195 0.000000 -0.971399 0.237453 -0.043274 -0.995307 -0.086548 -0.044281 -0.974176 0.221404
-0.529004 0.556846 -0.640373 0.131181 -0.655904 -0.743358 0.066890 -0.969905 -0.234115 -0.209020 -0.975426 -0.069673 -0.023776 -0.998586 -0.047552 0.044390 -0.998768 -0.022195 0.000000 -0.971399 0.237453 -0.043274 -0.995307 -0.086548 -0.044281 -0.974176 0.221404
-0.640373 0.529004 -0.556846 0.085358 -0.725542 -0.682863 0.066890 -0.969905 -0.234115 -0.209020 -0.975426 -0.069673 -0.023776 -0.998586 -0.047552 0.044390 -0.998768 -0.022195 0.000000 -0.971399 0.237453 -0.043274 -0.995307 -0.086548 -0.044281 -0.974176 0.221404
-0.685435 0.542636 -0.485516 0.085049 -0.765438 -0.637865 0.066890 -0.969905 -0.234115 -0.209020 -0.975426 -0.069673 -0.023776 -0.998586 -0.047552 0.044401 -0.999014 0.000000 0.000000 -0.976187 0.216930 -0.043274 -0.995307 -0.086548 -0.044281 -0.974176 0.221404
-0.731886 0.534840 -0.422242 0.082339 -0.782218 -0.617540 0.066890 -0.969905 -0.234115 -0.209020 -0.975426 -0.069673 0.000000 -0.998868 -0.047565 0.044401 -0.999014 0.000000 0.000000 -0.976187 0.216930 -0.043274 -0.995307 -0.086548 -0.044281 -0.974176 0.221404
-0.752910 0.529826 -0.390398 0.079745 -0.797452 -0.598089 0.066890 -0.969905 -0.234115 -0.209020 -0.975426 -0.069673 0.000000 -0.998969 -0.045408 0.044401 -0.999014 0.000000 0.000000 -0.976187 0.216930 -0.043274 -0.995307 -0.086548 -0.044281 -0.974176 0.221404
-0.748686 0.547117 -0.374343 0.000000 -0.800000 -0.600000 0.064786 -0.971795 -0.226752 -0.216366 -0.973645 -0.072122 0.000000 -0.998969 -0.045408 0.044401 -0.999014 0.000000 0.000000 -0.976187 0.216930 -0.043274 -0.995307 -0.086548 -0.044281 -0.974176 0.221404
-0.722285 0.533863 -0.439652 0.000000 -0.819232 -0.573462 0.064282 -0.964237 -0.257130 -0.216366 -0.973645 -0.072122 0.000000 -0.998969 -0.045408 0.044401 -0.999014 0.000000 0.000000 -0.976187 0.216930 -0.064836 -0.994144 -0.086447 -0.044055 -0.969201 0.242300
