0.596841 0.738947 -0.312631 0.560470 -0.646696 -0.517357 0.091203 -0.972829 -0.212806 -0.233197 -0.971653 -0.038866 0.000000 -0.998920 -0.046461 0.110324 -0.992916 -0.044130 0.021688 -0.975957 0.216879 -0.086447 -0.994144 -0.064836 -0.067437 -0.966597 0.247269
0.578799 0.723499 -0.376219 0.517357 -0.646696 -0.560470 0.091203 -0.972829 -0.212806 -0.232670 -0.969458 -0.077557 0.000000 -0.998920 -0.046461 0.110324 -0.992916 -0.044130 0.021688 -0.975957 0.216879 -0.086447 -0.994144 -0.064836 -0.067437 -0.966597 0.247269
0.506979 0.697097 -0.506979 0.472490 -0.601351 -0.644305 0.091203 -0.972829 -0.212806 -0.232670 -0.969458 -0.077557 0.000000 -0.998920 -0.046461 0.110324 -0.992916 -0.044130 0.021688 -0.975957 0.216879 -0.086447 -0.994144 -0.064836 -0.067437 -0.966597 0.247269
0.332116 0.724616 -0.603847 0.414870 -0.663792 -0.622305 0.091203 -0.972829 -0.212806 -0.232670 -0.969458 -0.077557 0.000000 -0.998920 -0.046461 0.110324 -0.992916 -0.044130 0.021688 -0.975957 0.216879 -0.086447 -0.994144 -0.064836 -0.067437 -0.966597 0.247269
0.088045 0.704361 -0.704361 0.368964 -0.696932 -0.614940 0.091203 -0.972829 -0.212806 -0.232670 -0.969458 -0.077557 0.000000 -0.998920 -0.046461 0.110324 -0.992916 -0.044130 0.021688 -0.975957 0.216879 -0.086447 -0.994144 -0.064836 -0.067437 -0.966597 0.247269
-0.160933 0.670552 -0.724196 0.332756 -0.707107 -0.623918 0.091203 -0.972829 -0.212806 -0.232670 -0.969458 -0.077557 0.000000 -0.998920 -0.046461 0.110324 -0.992916 -0.044130 0.021688 -0.975957 0.216879 -0.086447 -0.994144 -0.064836 -0.067437 -0.966597 0.247269
-0.326431 0.602642 -0.728193 0.286251 -0.736075 -0.613396 0.090577 -0.966155 -0.241539 -0.233197 -0.971653 -0.038866 0.000000 -0.998920 -0.046461 0.110324 -0.992916 -0.044130 0.021688 -0.975957 0.216879 -0.086447 -0.994144 -0.064836 -0.067437 -0.966597 0.247269
-0.452553 0.578262 -0.678829 0.271244 -0.736235 -0.619987 0.060523 -0.968364 -0.242091 -0.233197 -0.971653 -0.038866 0.000000 -0.998920 -0.046461 0.110324 -0.992916 -0.044130 0.021688 -0.975957 0.216879 -0.086447 -0.994144 -0.064836 -0.067798 -0.971767 0.225992
-0.592277 0.518242 -0.616955 0.159490 -0.717707 -0.677834 0.060523 -0.968364 -0.242091 -0.233197 -0.971653 -0.038866 0.000000 -0.998868 -0.047565 0.110324 -0.992916 -0.044130 0.021688 -0.975957 0.216879 -0.086447 -0.994144 -0.064836 -0.067798 -0.971767 0.225992
-0.610389 0.534090 -0.584956 0.078206 -0.742959 -0.664753 0.060523 -0.968364 -0.242091 -0.233197 -0.971653 -0.038866 0.000000 -0.998868 -0.047565 0.110324 -0.992916 -0.044130 0.021688 -0.975957 0.216879 -0.086447 -0.994144 -0.064836 -0.067798 -0.971767 0.225992
-0.643996 0.540957 -0.540957 -0.039193 -0.744669 -0.666283 0.060523 -0.968364 -0.242091 -0.233197 -0.971653 -0.038866 0.000000 -0.998868 -0.047565 0.110324 -0.992916 -0.044130 0.021688 -0.975957 0.216879 -0.086447 -0.994144 -0.064836 -0.067798 -0.971767 0.225992
-0.652940 0.548469 -0.522352 -0.076194 -0.723842 -0.685745 0.060523 -0.968364 -0.242091 -0.233197 -0.971653 -0.038866 0.000000 -0.998868 -0.047565 0.110324 -0.992916 -0.044130 0.021688 -0.975957 0.216879 -0.086447 -0.994144 -0.064836 -0.067798 -0.971767 0.225992
-0.671519 0.537215 -0.510355 -0.113878 -0.721230 -0.683271 0.060523 -0.968364 -0.242091 -0.233197 -0.971653 -0.038866 -0.023776 -0.998586 -0.047552 0.110324 -0.992916 -0.044130 0.021688 -0.975957 0.216879 -0.086447 -0.994144 -0.064836 -0.067798 -0.971767 0.225992
-0.680666 0.544533 -0.490079 -0.117041 -0.702247 -0.702247 0.060523 -0.968364 -0.242091 -0.233197 -0.971653 -0.038866 -0.023776 -0.998586 -0.047552 0.110324 -0.992916 -0.044130 0.021688 -0.975957 0.216879 -0.086447 -0.994144 -0.064836 -0.067798 -0.971767 0.225992
-0.674786 0.562322 -0.477973 -0.120289 -0.721734 -0.681638 0.058798 -0.970169 -0.235192 -0.242338 -0.969351 -0.040390 -0.023776 -0.998586 -0.047552 0.088453 -0.995098 -0.044227 0.043345 -0.975270 0.216727 -0.086447 -0.994144 -0.064836 -0.067798 -0.971767 0.225992
-0.674786 0.562322 -0.477973 -0.120289 -0.721734 -0.681638 0.088007 -0.968079 -0.234686 -0.242338 -0.969351 -0.040390 -0.023776 -0.998586 -0.047552 0.088453 -0.995098 -0.044227 0.043345 -0.975270 0.216727 -0.086447 -0.994144 -0.064836 -0.067798 -0.971767 0.225992
-0.679416 0.561256 -0.472637 -0.123823 -0.701665 -0.701665 0.088007 -0.968079 -0.234686 -0.242338 -0.969351 -0.040390 -0.023776 -0.998586 -0.047552 0.088453 -0.995098 -0.044227 0.043345 -0.975270 0.216727 -0.086447 -0.994144 -0.064836 -0.067798 -0.971767 0.225992
-0.674786 0.562322 -0.477973 -0.082761 -0.744845 -0.662085 0.087370 -0.961074 -0.262111 -0.242536 -0.970143 0.000000 -0.023776 -0.998586 -0.047552 0.088453 -0.995098 -0.044227 0.043345 -0.975270 0.216727 -0.086447 -0.994144 -0.064836 -0.067798 -0.971767 0.225992
-0.665640 0.554700 -0.499230 0.000000 -0.747409 -0.664364 0.084989 -0.963208 -0.254967 -0.252422 -0.967617 0.000000 -0.023224 -0.998651 -0.046449 0.088453 -0.995098 -0.044227 0.043345 -0.975270 0.216727 -0.086447 -0.994144 -0.064836 -0.067798 -0.971767 0.225992
-0.675855 0.535052 -0.506891 0.000000 -0.747409 -0.664364 0.084989 -0.963208 -0.254967 -0.252422 -0.967617 0.000000 -0.023224 -0.998651 -0.046449 0.088453 -0.995098 -0.044227 0.043345 -0.975270 0.216727 -0.086447 -0.994144 -0.064836 -0.067798 -0.971767 0.225992
-0.650278 0.537186 -0.537186 0.000000 -0.768221 -0.640184 0.085575 -0.969846 -0.228199 -0.252422 -0.967617 0.000000 -0.023224 -0.998651 -0.046449 0.088453 -0.995098 -0.044227 0.043345 -0.975270 0.216727 -0.086447 -0.994144 -0.064836 -0.067798 -0.971767 0.225992
-0.640373 0.529004 -0.556846 0.042640 -0.767523 -0.639602 0.088007 -0.968079 -0.234686 -0.252422 -0.967617 0.000000 -0.023224 -0.998651 -0.046449 0.088453 -0.995098 -0.044227 0.043345 -0.975270 0.216727 -0.086447 -0.994144 -0.064836 -0.067798 -0.971767 0.225992
