0.667860 0.696897 -0.261337 0.384812 -0.897895 -0.213785 0.065233 -0.978492 -0.195698 -0.224702 -0.973708 -0.037450 0.000000 -0.998812 -0.048723 0.044302 -0.996805 -0.066454 -0.042448 -0.976296 0.212238 0.023094 -0.993042 -0.115470 -0.020806 -0.977894 0.208063
0.649312 0.680232 -0.340116 0.395820 -0.879599 -0.263880 0.097590 -0.975900 -0.195180 -0.259794 -0.964951 -0.037113 0.000000 -0.998812 -0.048723 0.044302 -0.996805 -0.066454 -0.042448 -0.976296 0.212238 0.023094 -0.993042 -0.115470 -0.020806 -0.977894 0.208063
0.631581 0.664822 -0.398893 0.367452 -0.872699 -0.321521 0.096926 -0.969256 -0.226160 -0.259973 -0.965616 0.000000 0.000000 -0.998812 -0.048723 0.044302 -0.996805 -0.066454 -0.042448 -0.976296 0.212238 0.023094 -0.993042 -0.115470 -0.020806 -0.977894 0.208063
0.523504 0.698005 -0.488603 0.361773 -0.859210 -0.361773 0.096926 -0.969256 -0.226160 -0.259973 -0.965616 0.000000 0.000000 -0.998812 -0.048723 0.044302 -0.996805 -0.066454 -0.042448 -0.976296 0.212238 0.023094 -0.993042 -0.115470 -0.020806 -0.977894 0.208063
0.316033 0.737410 -0.596951 0.297402 -0.807233 -0.509831 0.097590 -0.975900 -0.195180 -0.259973 -0.965616 0.000000 0.000000 -0.998812 -0.048723 0.044302 -0.996805 -0.066454 -0.042448 -0.976296 0.212238 0.022576 -0.993352 -0.112881 -0.021238 -0.976956 0.212382
0.068802 0.688021 -0.722422 0.198419 -0.833360 -0.515889 0.063214 -0.979816 -0.189642 -0.259973 -0.965616 0.000000 0.000000 -0.998812 -0.048723 0.044302 -0.996805 -0.066454 -0.042448 -0.976296 0.212238 0.023094 -0.993042 -0.115470 -0.021238 -0.976956 0.212382
-0.029223 0.613678 -0.789015 0.037851 -0.908413 -0.416356 0.063214 -0.979816 -0.189642 -0.259973 -0.965616 0.000000 0.000000 -0.998812 -0.048723 0.044302 -0.996805 -0.066454 -0.021238 -0.976956 0.212382 0.046151 -0.992249 -0.115378 -0.042448 -0.976296 0.212238
-0.285738 0.519524 -0.805263 0.000000 -0.909065 -0.416655 0.063214 -0.979816 -0.189642 -0.259973 -0.965616 0.000000 0.000000 -0.998812 -0.048723 0.044302 -0.996805 -0.066454 -0.021238 -0.976956 0.212382 0.046151 -0.992249 -0.115378 -0.042448 -0.976296 0.212238
-0.438646 0.567659 -0.696673 0.000000 -0.923077 -0.384615 0.061314 -0.981023 -0.183942 -0.259973 -0.965616 0.000000 0.000000 -0.998812 -0.048723 0.044302 -0.996805 -0.066454 -0.021238 -0.976956 0.212382 0.046151 -0.992249 -0.115378 -0.042448 -0.976296 0.212238
-0.554700 0.499230 -0.665640 0.000000 -0.917070 -0.398726 0.061314 -0.981023 -0.183942 -0.259973 -0.965616 0.000000 0.000000 -0.998812 -0.048723 0.044302 -0.996805 -0.066454 -0.021238 -0.976956 0.212382 0.046151 -0.992249 -0.115378 -0.042448 -0.976296 0.212238
-0.632236 0.447834 -0.632236 0.000000 -0.917070 -0.398726 0.061314 -0.981023 -0.183942 -0.259973 -0.965616 0.000000 0.000000 -0.998812 -0.048723 0.044302 -0.996805 -0.066454 -0.021238 -0.976956 0.212382 0.046151 -0.992249 -0.115378 -0.042448 -0.976296 0.212238
-0.592349 0.473879 -0.651584 0.000000 -0.931243 -0.364399 0.063214 -0.979816 -0.189642 -0.259973 -0.965616 0.000000 0.000000 -0.998812 -0.048723 0.022168 -0.997540 -0.066503 0.000000 -0.977176 0.212430 0.046151 -0.992249 -0.115378 -0.042448 -0.976296 0.212238
-0.614183 0.452556 -0.646508 0.000000 -0.925547 -0.378633 0.063214 -0.979816 -0.189642 -0.294086 -0.955779 0.000000 0.000000 -0.997334 -0.072976 0.022168 -0.997540 -0.066503 0.000000 -0.977176 0.212430 0.023094 -0.993042 -0.115470 -0.021238 -0.976956 0.212382
-0.593442 0.461566 -0.659380 0.000000 -0.925547 -0.378633 0.097590 -0.975900 -0.195180 -0.294086 -0.955779 0.000000 0.000000 -0.997334 -0.072976 0.022168 -0.997540 -0.066503 0.000000 -0.977176 0.212430 0.023094 -0.993042 -0.115470 -0.021238 -0.976956 0.212382
-0.544533 0.490079 -0.680666 0.000000 -0.925547 -0.378633 0.097590 -0.975900 -0.195180 -0.294086 -0.955779 0.000000 -0.024318 -0.997039 -0.072954 0.022168 -0.997540 -0.066503 0.000000 -0.977176 0.212430 0.023094 -0.993042 -0.115470 -0.021238 -0.976956 0.212382
-0.564467 0.415923 -0.713011 0.000000 -0.919145 -0.393919 0.097590 -0.975900 -0.195180 -0.294086 -0.955779 0.000000 -0.024318 -0.997039 -0.072954 0.022168 -0.997540 -0.066503 0.000000 -0.977176 0.212430 0.023094 -0.993042 -0.115470 -0.021238 -0.976956 0.212382
-0.563050 0.406647 -0.719453 0.000000 -0.902861 -0.429934 0.097590 -0.975900 -0.195180 -0.294086 -0.955779 0.000000 -0.024318 -0.997039 -0.072954 0.022168 -0.997540 -0.066503 0.000000 -0.977176 0.212430 0.023094 -0.993042 -0.115470 -0.021238 -0.976956 0.212382
-0.534840 0.422242 -0.731886 0.000000 -0.902861 -0.429934 0.129641 -0.972306 -0.194461 -0.294086 -0.955779 0.000000 -0.024318 -0.997039 -0.072954 0.022168 -0.997540 -0.066503 0.000000 -0.977176 0.212430 0.023094 -0.993042 -0.115470 -0.021238 -0.976956 0.212382
-0.531949 0.413738 -0.738818 0.000000 -0.902861 -0.429934 0.133855 -0.970448 -0.200782 -0.294086 -0.955779 0.000000 -0.024318 -0.997039 -0.072954 0.022168 -0.997540 -0.066503 0.000000 -0.977176 0.212430 0.023094 -0.993042 -0.115470 -0.021238 -0.976956 0.212382
-0.541116 0.413795 -0.732098 0.000000 -0.902861 -0.429934 0.129641 -0.972306 -0.194461 -0.304776 -0.952424 0.000000 -0.024318 -0.997039 -0.072954 0.022168 -0.997540 -0.066503 0.000000 -0.977176 0.212430 0.023094 -0.993042 -0.115470 -0.021238 -0.976956 0.212382
-0.525338 0.437781 -0.729636 0.000000 -0.902861 -0.429934 0.128765 -0.965734 -0.225338 -0.304555 -0.951734 0.038069 -0.024318 -0.997039 -0.072954 0.022168 -0.997540 -0.066503 0.000000 -0.977176 0.212430 0.023094 -0.993042 -0.115470 -0.021238 -0.976956 0.212382
-0.521773 0.466850 -0.714006 0.000000 -0.902861 -0.429934 0.128765 -0.965734 -0.225338 -0.304776 -0.952424 0.000000 -0.024318 -0.997039 -0.072954 0.022168 -0.997540 -0.066503 0.000000 -0.977176 0.212430 0.023094 -0.993042 -0.115470 -0.021238 -0.976956 0.212382
-0.511648 0.457791 -0.727079 0.000000 -0.902861 -0.429934 0.128765 -0.965734 -0.225338 -0.304776 -0.952424 0.000000 -0.024318 -0.997039 -0.072954 0.022669 -0.997427 -0.068006 0.000000 -0.978106 0.208108 0.022576 -0.993352 -0.112881 -0.021238 -0.976956 0.212382
