0.000000 -0.973841 -0.227230 0.224702 -0.973708 0.037450 -0.251610 0.934551 -0.251610 -0.573462 -0.491539 -0.655386 0.023224 -0.998651 -0.046449 0.000000 -0.987763 -0.155963 0.039583 -0.989566 0.138539 -0.123693 -0.989541 -0.074216 -0.020068 -0.983349 0.180615
0.000000 -0.975441 -0.220261 0.233197 -0.971653 0.038866 -0.262705 0.938233 -0.225176 -0.573462 -0.491539 -0.655386 0.023224 -0.998651 -0.046449 0.000000 -0.987763 -0.155963 0.039583 -0.989566 0.138539 -0.123693 -0.989541 -0.074216 -0.040112 -0.982756 0.180506
0.000000 -0.975441 -0.220261 0.233197 -0.971653 0.038866 -0.327418 0.900400 -0.286491 -0.499567 -0.499567 -0.707719 0.000000 -0.998920 -0.046461 0.000000 -0.987763 -0.155963 0.039583 -0.989566 0.138539 -0.123693 -0.989541 -0.074216 -0.040112 -0.982756 0.180506
0.000000 -0.975441 -0.220261 0.233197 -0.971653 0.038866 -0.232873 0.931493 -0.279448 -0.401286 -0.441415 -0.802572 0.000000 -0.998920 -0.046461 0.000000 -0.987763 -0.155963 0.039583 -0.989566 0.138539 -0.123693 -0.989541 -0.074216 -0.040112 -0.982756 0.180506
0.000000 -0.975441 -0.220261 0.233197 -0.971653 0.038866 -0.130189 0.911322 -0.390567 -0.281581 -0.522937 -0.804518 0.000000 -0.999730 -0.023250 0.000000 -0.987763 -0.155963 0.039583 -0.989566 0.138539 -0.123693 -0.989541 -0.074216 -0.040112 -0.982756 0.180506
0.000000 -0.975441 -0.220261 0.233197 -0.971653 0.038866 -0.033059 0.826475 -0.562003 -0.134976 -0.764866 -0.629890 0.000000 -0.999730 -0.023250 0.000000 -0.987763 -0.155963 0.039583 -0.989566 0.138539 -0.123693 -0.989541 -0.074216 -0.040112 -0.982756 0.180506
0.000000 -0.975441 -0.220261 0.233197 -0.971653 0.038866 0.111629 0.781404 -0.613960 -0.133897 -0.803379 -0.580218 0.000000 -0.999730 -0.023250 0.000000 -0.987763 -0.155963 0.039583 -0.989566 0.138539 -0.123693 -0.989541 -0.074216 -0.040112 -0.982756 0.180506
0.000000 -0.975441 -0.220261 0.233197 -0.971653 0.038866 0.283755 0.693623 -0.662095 0.041487 -0.663792 -0.746766 0.000000 -0.998920 -0.046461 0.000000 -0.987763 -0.155963 0.039583 -0.989566 0.138539 -0.123693 -0.989541 -0.074216 -0.040112 -0.982756 0.180506
0.000000 -0.975441 -0.220261 0.233197 -0.971653 0.038866 0.459423 0.612564 -0.643192 0.040357 -0.686064 -0.726421 0.000000 -0.998920 -0.046461 0.000000 -0.987763 -0.155963 0.039583 -0.989566 0.138539 -0.123693 -0.989541 -0.074216 -0.040112 -0.982756 0.180506
0.000000 -0.981780 -0.190022 0.233197 -0.971653 0.038866 0.556022 0.556022 -0.617802 0.040357 -0.686064 -0.726421 0.000000 -0.998920 -0.046461 0.000000 -0.987763 -0.155963 0.039583 -0.989566 0.138539 -0.123693 -0.989541 -0.074216 -0.040112 -0.982756 0.180506
0.000000 -0.981780 -0.190022 0.233197 -0.971653 0.038866 0.617213 0.524631 -0.586353 0.000000 -0.686624 -0.727013 0.000000 -0.998868 -0.047565 0.000000 -0.987763 -0.155963 0.039583 -0.989566 0.138539 -0.123693 -0.989541 -0.074216 -0.040112 -0.982756 0.180506
0.000000 -0.981780 -0.190022 0.233197 -0.971653 0.038866 0.617213 0.524631 -0.586353 0.000000 -0.686624 -0.727013 0.000000 -0.998868 -0.047565 0.000000 -0.987763 -0.155963 0.039583 -0.989566 0.138539 -0.123693 -0.989541 -0.074216 -0.040112 -0.982756 0.180506
0.000000 -0.981780 -0.190022 0.195965 -0.979827 0.039193 0.657213 0.500734 -0.563326 -0.040357 -0.686064 -0.726421 0.000000 -0.998868 -0.047565 0.000000 -0.987763 -0.155963 0.039583 -0.989566 0.138539 -0.123693 -0.989541 -0.074216 -0.040112 -0.982756 0.180506
0.000000 -0.981780 -0.190022 0.195965 -0.979827 0.039193 0.649227 0.486921 -0.584305 -0.082903 -0.704673 -0.704673 0.000000 -0.998868 -0.047565 0.000000 -0.987763 -0.155963 0.039583 -0.989566 0.138539 -0.123693 -0.989541 -0.074216 -0.040112 -0.982756 0.180506
0.000000 -0.981780 -0.190022 0.195965 -0.979827 0.039193 0.619382 0.521585 -0.586783 -0.085358 -0.725542 -0.682863 0.000000 -0.998868 -0.047565 0.000000 -0.987763 -0.155963 0.039583 -0.989566 0.138539 -0.123693 -0.989541 -0.074216 -0.040112 -0.982756 0.180506
0.000000 -0.981780 -0.190022 0.195965 -0.979827 0.039193 0.598671 0.532152 -0.598671 -0.085358 -0.725542 -0.682863 0.000000 -0.999717 -0.023803 0.000000 -0.987763 -0.155963 0.039583 -0.989566 0.138539 -0.123693 -0.989541 -0.074216 -0.040112 -0.982756 0.180506
0.000000 -0.981780 -0.190022 0.188847 -0.982006 0.000000 0.619382 0.521585 -0.586783 -0.127458 -0.722261 -0.679775 0.000000 -0.999717 -0.023803 0.000000 -0.987763 -0.155963 0.039583 -0.989566 0.138539 -0.123693 -0.989541 -0.074216 -0.040112 -0.982756 0.180506
0.000000 -0.981780 -0.190022 0.188847 -0.982006 0.000000 0.619382 0.521585 -0.586783 -0.127458 -0.722261 -0.679775 -0.023796 -0.999434 -0.023796 0.000000 -0.987763 -0.155963 0.039583 -0.989566 0.138539 -0.123693 -0.989541 -0.074216 -0.040112 -0.982756 0.180506
0.000000 -0.981780 -0.190022 0.188847 -0.982006 0.000000 0.598671 0.532152 -0.598671 -0.168880 -0.717741 -0.675521 -0.023796 -0.999434 -0.023796 0.000000 -0.987763 -0.155963 0.039583 -0.989566 0.138539 -0.123693 -0.989541 -0.074216 -0.040112 -0.982756 0.180506
0.000000 -0.981780 -0.190022 0.188847 -0.982006 0.000000 0.588034 0.555366 -0.588034 -0.173749 -0.738433 -0.651558 -0.023796 -0.999434 -0.023796 0.000000 -0.987763 -0.155963 0.039583 -0.989566 0.138539 -0.123693 -0.989541 -0.074216 -0.040112 -0.982756 0.180506
0.000000 -0.981780 -0.190022 0.188847 -0.982006 0.000000 0.576757 0.544715 -0.608799 -0.173749 -0.738433 -0.651558 -0.023796 -0.999434 -0.023796 0.000000 -0.987763 -0.155963 0.039583 -0.989566 0.138539 -0.123693 -0.989541 -0.074216 -0.040112 -0.982756 0.180506
0.000000 -0.981780 -0.190022 0.188847 -0.982006 0.000000 0.544715 0.576757 -0.608799 -0.173749 -0.738433 -0.651558 -0.023796 -0.999434 -0.023796 0.000000 -0.987763 -0.155963 0.039583 -0.989566 0.138539 -0.123693 -0.989541 -0.074216 -0.040112 -0.982756 0.180506
0.000000 -0.981780 -0.190022 0.188847 -0.982006 0.000000 0.544715 0.576757 -0.608799 -0.173749 -0.738433 -0.651558 -0.023796 -0.999434 -0.023796 0.000000 -0.987763 -0.155963 0.039583 -0.989566 0.138539 -0.123693 -0.989541 -0.074216 -0.040112 -0.982756 0.180506
0.000000 -0.981780 -0.190022 0.196116 -0.980581 0.000000 0.544715 0.576757 -0.608799 -0.173749 -0.738433 -0.651558 -0.023796 -0.999434 -0.023796 0.000000 -0.987763 -0.155963 0.039583 -0.989566 0.138539 -0.123693 -0.989541 -0.074216 -0.040112 -0.982756 0.180506
0.000000 -0.981780 -0.190022 0.196116 -0.980581 0.000000 0.544715 0.576757 -0.608799 -0.173749 -0.738433 -0.651558 0.000000 -0.999717 -0.023803 0.000000 -0.987763 -0.155963 0.039583 -0.989566 0.138539 -0.123693 -0.989541 -0.074216 -0.040112 -0.982756 0.180506
0.000000 -0.981780 -0.190022 0.196116 -0.980581 0.000000 0.534655 0.597555 -0.597555 -0.173749 -0.738433 -0.651558 0.000000 -0.999717 -0.023803 0.049798 -0.995962 -0.074697 0.039583 -0.989566 0.138539 -0.123693 -0.989541 -0.074216 -0.040112 -0.982756 0.180506
0.000000 -0.975441 -0.220261 0.195965 -0.979827 0.039193 0.554774 0.554774 -0.620042 -0.173749 -0.738433 -0.651558 0.000000 -0.999717 -0.023803 0.049798 -0.995962 -0.074697 0.039583 -0.989566 0.138539 -0.123693 -0.989541 -0.074216 -0.040112 -0.982756 0.180506
0.000000 -0.975441 -0.220261 0.195965 -0.979827 0.039193 0.563326 0.500734 -0.657213 -0.214176 -0.771035 -0.599694 0.000000 -0.999717 -0.023803 0.025499 -0.994458 -0.101996 0.039583 -0.989566 0.138539 -0.123693 -0.989541 -0.074216 -0.040112 -0.982756 0.180506
0.000000 -0.975441 -0.220261 0.195965 -0.979827 0.039193 0.584206 0.408944 -0.701047 -0.212238 -0.806505 -0.551819 0.000000 -0.999717 -0.023803 0.025499 -0.994458 -0.101996 0.039583 -0.989566 0.138539 -0.123693 -0.989541 -0.074216 -0.040112 -0.982756 0.180506
