-0.032191 -0.965734 -0.257529 0.188713 -0.981307 -0.037743 -0.146944 0.955134 -0.257151 -0.584858 -0.459532 -0.668410 -0.023250 -0.999730 0.000000 0.047552 -0.998586 -0.023776 0.020137 -0.986733 0.161099 -0.120736 -0.990038 -0.072442 0.019992 -0.979608 0.199920
-0.032191 -0.965734 -0.257529 0.188713 -0.981307 -0.037743 -0.225176 0.938233 -0.262705 -0.601351 -0.472490 -0.644305 -0.023250 -0.999730 0.000000 0.047552 -0.998586 -0.023776 0.020137 -0.986733 0.161099 -0.120736 -0.990038 -0.072442 0.019992 -0.979608 0.199920
-0.032191 -0.965734 -0.257529 0.188713 -0.981307 -0.037743 -0.257960 0.902861 -0.343947 -0.572848 -0.484718 -0.660979 -0.023243 -0.999460 -0.023243 0.047552 -0.998586 -0.023776 0.020137 -0.986733 0.161099 -0.120736 -0.990038 -0.072442 0.019992 -0.979608 0.199920
-0.032191 -0.965734 -0.257529 0.188847 -0.982006 0.000000 -0.263880 0.879599 -0.395820 -0.514496 -0.514496 -0.685994 -0.023243 -0.999460 -0.023243 0.047552 -0.998586 -0.023776 0.020137 -0.986733 0.161099 -0.120736 -0.990038 -0.072442 0.019992 -0.979608 0.199920
-0.031220 -0.967805 -0.249756 0.188713 -0.981307 0.037743 -0.186299 0.838344 -0.512321 -0.433148 -0.519778 -0.736352 -0.023243 -0.999460 -0.023243 0.047552 -0.998586 -0.023776 0.020137 -0.986733 0.161099 -0.120736 -0.990038 -0.072442 0.019992 -0.979608 0.199920
-0.031220 -0.967805 -0.249756 0.188713 -0.981307 0.037743 -0.157991 0.789953 -0.592464 -0.350150 -0.568995 -0.744070 -0.023243 -0.999460 -0.023243 0.047552 -0.998586 -0.023776 0.020137 -0.986733 0.161099 -0.120736 -0.990038 -0.072442 0.019992 -0.979608 0.199920
-0.031450 -0.974958 -0.220152 0.188713 -0.981307 0.037743 0.040357 0.726421 -0.686064 -0.300676 -0.558398 -0.773166 -0.023243 -0.999460 -0.023243 0.047552 -0.998586 -0.023776 0.020137 -0.986733 0.161099 -0.120736 -0.990038 -0.072442 0.019992 -0.979608 0.199920
0.000000 -0.981780 -0.190022 0.188713 -0.981307 0.037743 0.250801 0.609088 -0.752403 -0.163028 -0.611354 -0.774382 -0.023243 -0.999460 -0.023243 0.047552 -0.998586 -0.023776 0.020137 -0.986733 0.161099 -0.120736 -0.990038 -0.072442 0.019909 -0.975523 0.218995
0.000000 -0.981780 -0.190022 0.188713 -0.981307 0.037743 0.498784 0.529958 -0.685828 -0.080257 -0.642058 -0.762444 -0.023243 -0.999460 -0.023243 0.047552 -0.998586 -0.023776 0.020137 -0.986733 0.161099 -0.120736 -0.990038 -0.072442 0.019909 -0.975523 0.218995
0.000000 -0.987241 -0.159232 0.188713 -0.981307 0.037743 0.653683 0.426315 -0.625262 -0.082761 -0.662085 -0.744845 0.000000 -0.999730 -0.023250 0.047552 -0.998586 -0.023776 0.020137 -0.986733 0.161099 -0.120736 -0.990038 -0.072442 0.019909 -0.975523 0.218995
0.000000 -0.987241 -0.159232 0.188713 -0.981307 0.037743 0.681005 0.425628 -0.595880 -0.082903 -0.704673 -0.704673 0.000000 -0.999730 -0.023250 0.047552 -0.998586 -0.023776 0.020068 -0.983349 0.180615 -0.120736 -0.990038 -0.072442 0.019909 -0.975523 0.218995
0.000000 -0.987241 -0.159232 0.188713 -0.981307 0.037743 0.687582 0.440052 -0.577569 -0.080257 -0.762444 -0.642058 0.000000 -0.999730 -0.023250 0.047552 -0.998586 -0.023776 0.020068 -0.983349 0.180615 -0.120913 -0.991484 -0.048365 0.019992 -0.979608 0.199920
0.000000 -0.987241 -0.159232 0.188713 -0.981307 0.037743 0.703732 0.460132 -0.541332 -0.116335 -0.775567 -0.620453 0.000000 -0.999730 -0.023250 0.047552 -0.998586 -0.023776 0.020068 -0.983349 0.180615 -0.120913 -0.991484 -0.048365 0.019992 -0.979608 0.199920
0.000000 -0.987241 -0.159232 0.188847 -0.982006 0.000000 0.698498 0.447039 -0.558799 -0.119145 -0.794301 -0.595726 0.000000 -0.999730 -0.023250 0.047552 -0.998586 -0.023776 0.020068 -0.983349 0.180615 -0.120913 -0.991484 -0.048365 0.019992 -0.979608 0.199920
0.000000 -0.986394 -0.164399 0.188847 -0.982006 0.000000 0.668142 0.464794 -0.580993 -0.121967 -0.813116 -0.569181 0.000000 -0.999730 -0.023250 0.047552 -0.998586 -0.023776 0.020068 -0.983349 0.180615 -0.120913 -0.991484 -0.048365 0.019992 -0.979608 0.199920
0.000000 -0.980581 -0.196116 0.188713 -0.981307 0.037743 0.653305 0.504827 -0.564218 -0.118033 -0.826234 -0.550823 0.000000 -0.999730 -0.023250 0.047552 -0.998586 -0.023776 0.020068 -0.983349 0.180615 -0.120913 -0.991484 -0.048365 0.019992 -0.979608 0.199920
-0.032669 -0.980057 -0.196011 0.188713 -0.981307 0.037743 0.615257 0.527363 -0.585959 -0.120580 -0.844061 -0.522514 0.000000 -0.999730 -0.023250 0.047552 -0.998586 -0.023776 0.020068 -0.983349 0.180615 -0.120913 -0.991484 -0.048365 0.019992 -0.979608 0.199920
-0.032444 -0.973329 -0.227110 0.188713 -0.981307 0.037743 0.604708 0.518321 -0.604708 -0.159872 -0.839329 -0.519584 0.000000 -0.999730 -0.023250 0.047552 -0.998586 -0.023776 0.020068 -0.983349 0.180615 -0.120913 -0.991484 -0.048365 0.019992 -0.979608 0.199920
-0.032444 -0.973329 -0.227110 0.188713 -0.981307 0.037743 0.604708 0.518321 -0.604708 -0.165380 -0.826898 -0.537484 0.000000 -0.999730 -0.023250 0.047552 -0.998586 -0.023776 0.020068 -0.983349 0.180615 -0.120913 -0.991484 -0.048365 0.019992 -0.979608 0.199920
-0.032444 -0.973329 -0.227110 0.188713 -0.981307 0.037743 0.604708 0.518321 -0.604708 -0.205152 -0.820610 -0.533396 0.000000 -0.999730 -0.023250 0.047552 -0.998586 -0.023776 0.020068 -0.983349 0.180615 -0.120913 -0.991484 -0.048365 0.019992 -0.979608 0.199920
-0.032444 -0.973329 -0.227110 0.188713 -0.981307 0.037743 0.594207 0.509321 -0.622503 -0.205152 -0.820610 -0.533396 0.000000 -0.999730 -0.023250 0.047552 -0.998586 -0.023776 0.020068 -0.983349 0.180615 -0.120913 -0.991484 -0.048365 0.019992 -0.979608 0.199920
-0.032444 -0.973329 -0.227110 0.188713 -0.981307 0.037743 0.594207 0.509321 -0.622503 -0.205152 -0.820610 -0.533396 0.000000 -0.999730 -0.023250 0.047552 -0.998586 -0.023776 0.020068 -0.983349 0.180615 -0.120913 -0.991484 -0.048365 0.019992 -0.979608 0.199920
