-0.031450 -0.974958 -0.220152 0.188847 -0.982006 0.000000 -0.052182 0.834909 -0.547909 -0.480000 -0.800000 -0.360000 -0.023243 -0.999460 -0.023243 0.048708 -0.998516 -0.024354 0.038713 -0.987179 0.154852 -0.072954 -0.997039 0.024318 -0.019745 -0.987248 0.157960
-0.031450 -0.974958 -0.220152 0.188847 -0.982006 0.000000 -0.053663 0.858616 -0.509803 -0.487869 -0.772460 -0.406558 -0.023243 -0.999460 -0.023243 0.048708 -0.998516 -0.024354 0.038713 -0.987179 0.154852 -0.072954 -0.997039 0.024318 -0.019745 -0.987248 0.157960
-0.031450 -0.974958 -0.220152 0.188713 -0.981307 -0.037743 -0.081439 0.868680 -0.488633 -0.487869 -0.772460 -0.406558 -0.023224 -0.998651 -0.046449 0.048708 -0.998516 -0.024354 0.038713 -0.987179 0.154852 -0.072954 -0.997039 0.024318 -0.019745 -0.987248 0.157960
-0.031220 -0.967805 -0.249756 0.188847 -0.982006 0.000000 -0.108306 0.866449 -0.487377 -0.471188 -0.771035 -0.428353 -0.023224 -0.998651 -0.046449 0.048708 -0.998516 -0.024354 0.038713 -0.987179 0.154852 -0.072954 -0.997039 0.024318 -0.019745 -0.987248 0.157960
-0.031220 -0.967805 -0.249756 0.188847 -0.982006 0.000000 -0.138145 0.856497 -0.497321 -0.487088 -0.752773 -0.442807 -0.023224 -0.998651 -0.046449 0.048708 -0.998516 -0.024354 0.038713 -0.987179 0.154852 -0.072954 -0.997039 0.024318 -0.019745 -0.987248 0.157960
-0.031220 -0.967805 -0.249756 0.188847 -0.982006 0.000000 -0.201569 0.892664 -0.403139 -0.396973 -0.749838 -0.529297 -0.023224 -0.998651 -0.046449 0.024376 -0.999406 -0.024376 0.038713 -0.987179 0.154852 -0.072954 -0.997039 -0.024318 -0.019680 -0.983993 0.177119
-0.031220 -0.967805 -0.249756 0.188847 -0.982006 0.000000 -0.241100 0.873986 -0.421924 -0.350150 -0.744070 -0.568995 -0.023224 -0.998651 -0.046449 0.024376 -0.999406 -0.024376 0.038713 -0.987179 0.154852 -0.072954 -0.997039 -0.024318 -0.020068 -0.983349 0.180615
-0.031220 -0.967805 -0.249756 0.188847 -0.982006 0.000000 -0.250736 0.846233 -0.470129 -0.310881 -0.754997 -0.577350 -0.023224 -0.998651 -0.046449 0.024376 -0.999406 -0.024376 0.038713 -0.987179 0.154852 -0.072954 -0.997039 -0.024318 -0.020068 -0.983349 0.180615
-0.031220 -0.967805 -0.249756 0.188847 -0.982006 0.000000 -0.225572 0.805614 -0.547817 -0.254457 -0.763370 -0.593732 -0.023224 -0.998651 -0.046449 0.024376 -0.999406 -0.024376 0.038713 -0.987179 0.154852 -0.072954 -0.997039 -0.024318 -0.020068 -0.983349 0.180615
-0.031220 -0.967805 -0.249756 0.188847 -0.982006 0.000000 -0.095588 0.764704 -0.637253 -0.219687 -0.790875 -0.571187 -0.023224 -0.998651 -0.046449 0.024376 -0.999406 -0.024376 0.038713 -0.987179 0.154852 -0.072954 -0.997039 -0.024318 -0.020068 -0.983349 0.180615
-0.031220 -0.967805 -0.249756 0.188847 -0.982006 0.000000 0.064150 0.705650 -0.705650 -0.290910 -0.789613 -0.540262 -0.023224 -0.998651 -0.046449 0.024376 -0.999406 -0.024376 0.038713 -0.987179 0.154852 -0.072954 -0.997039 -0.024318 -0.020068 -0.983349 0.180615
-0.031220 -0.967805 -0.249756 0.188847 -0.982006 0.000000 0.228665 0.628828 -0.743161 -0.151620 -0.833908 -0.530669 -0.023224 -0.998651 -0.046449 0.048723 -0.998812 0.000000 0.038713 -0.987179 0.154852 -0.072954 -0.997039 -0.024318 -0.019680 -0.983993 0.177119
-0.031220 -0.967805 -0.249756 0.188847 -0.982006 0.000000 0.409463 0.573249 -0.709736 -0.115470 -0.808290 -0.577350 -0.023224 -0.998651 -0.046449 0.047552 -0.998586 0.023776 0.038713 -0.987179 0.154852 -0.072954 -0.997039 -0.024318 -0.019680 -0.983993 0.177119
-0.031220 -0.967805 -0.249756 0.188847 -0.982006 0.000000 0.490079 0.544533 -0.680666 -0.079745 -0.797452 -0.598089 -0.023224 -0.998651 -0.046449 0.047552 -0.998586 0.023776 0.038822 -0.989965 0.135878 -0.072954 -0.997039 -0.024318 -0.019680 -0.983993 0.177119
-0.031450 -0.974958 -0.220152 0.188847 -0.982006 0.000000 0.557872 0.531306 -0.637568 -0.077267 -0.811301 -0.579501 0.000000 -0.998920 -0.046461 0.047552 -0.998586 0.023776 0.038822 -0.989965 0.135878 -0.097071 -0.994982 -0.024268 0.000000 -0.984183 0.177153
-0.031450 -0.974958 -0.220152 0.188847 -0.982006 0.000000 0.585264 0.532058 -0.611867 -0.079745 -0.797452 -0.598089 0.000000 -0.998920 -0.046461 0.047552 -0.998586 0.023776 0.038822 -0.989965 0.135878 -0.097071 -0.994982 -0.024268 0.000000 -0.984183 0.177153
-0.031450 -0.974958 -0.220152 0.188847 -0.982006 0.000000 0.594812 0.540738 -0.594812 -0.079745 -0.797452 -0.598089 0.000000 -0.998920 -0.046461 0.047565 -0.998868 0.000000 0.038822 -0.989965 0.135878 -0.097071 -0.994982 -0.024268 0.000000 -0.984183 0.177153
-0.031450 -0.974958 -0.220152 0.188847 -0.982006 0.000000 0.604386 0.549442 -0.576914 -0.081650 -0.816497 -0.571548 0.000000 -0.998920 -0.046461 0.047565 -0.998868 0.000000 0.038822 -0.989965 0.135878 -0.097071 -0.994982 -0.024268 0.000000 -0.984183 0.177153
-0.031450 -0.974958 -0.220152 0.188847 -0.982006 0.000000 0.595640 0.538912 -0.595640 -0.087370 -0.786334 -0.611593 0.000000 -0.998920 -0.046461 0.048723 -0.998812 0.000000 0.038822 -0.989965 0.135878 -0.097071 -0.994982 -0.024268 0.000000 -0.984183 0.177153
-0.062348 -0.966394 -0.249392 0.188847 -0.982006 0.000000 0.605713 0.548026 -0.576870 -0.085049 -0.765438 -0.637865 0.000000 -0.998920 -0.046461 0.048723 -0.998812 0.000000 0.038822 -0.989965 0.135878 -0.097071 -0.994982 -0.024268 0.000000 -0.980581 0.196116
-0.062348 -0.966394 -0.249392 0.188847 -0.982006 0.000000 0.576870 0.548026 -0.605713 -0.087370 -0.786334 -0.611593 0.000000 -0.998920 -0.046461 0.048723 -0.998812 0.000000 0.038822 -0.989965 0.135878 -0.097071 -0.994982 -0.024268 0.000000 -0.980581 0.196116
-0.062348 -0.966394 -0.249392 0.188847 -0.982006 0.000000 0.576870 0.548026 -0.605713 -0.130435 -0.782609 -0.608696 0.000000 -0.998920 -0.046461 0.048723 -0.998812 0.000000 0.038822 -0.989965 0.135878 -0.097071 -0.994982 -0.024268 0.000000 -0.980581 0.196116
-0.062348 -0.966394 -0.249392 0.188847 -0.982006 0.000000 0.576870 0.548026 -0.605713 -0.133897 -0.803379 -0.580218 0.000000 -0.998920 -0.046461 0.048723 -0.998812 0.000000 0.038822 -0.989965 0.135878 -0.097071 -0.994982 -0.024268 0.000000 -0.980581 0.196116
-0.064282 -0.964237 -0.257130 0.188713 -0.981307 -0.037743 0.548026 0.576870 -0.605713 -0.129219 -0.818388 -0.559950 0.000000 -0.998920 -0.046461 0.048723 -0.998812 0.000000 0.038822 -0.989965 0.135878 -0.097071 -0.994982 -0.024268 0.000000 -0.980581 0.196116
-0.064282 -0.964237 -0.257130 0.188713 -0.981307 -0.037743 0.548026 0.576870 -0.605713 -0.129219 -0.818388 -0.559950 0.000000 -0.998920 -0.046461 0.048708 -0.998516 -0.024354 0.038822 -0.989965 0.135878 -0.097071 -0.994982 -0.024268 0.000000 -0.980581 0.196116
-0.064786 -0.971795 -0.226752 0.188713 -0.981307 -0.037743 0.546459 0.576818 -0.607177 -0.129219 -0.818388 -0.559950 0.000000 -0.998920 -0.046461 0.024376 -0.999406 -0.024376 0.038822 -0.989965 0.135878 -0.097071 -0.994982 -0.024268 0.000000 -0.980581 0.196116
-0.064786 -0.971795 -0.226752 0.188713 -0.981307 -0.037743 0.556022 0.556022 -0.617802 -0.129219 -0.818388 -0.559950 0.000000 -0.998920 -0.046461 0.024376 -0.999406 -0.024376 0.038822 -0.989965 0.135878 -0.097071 -0.994982 -0.024268 0.000000 -0.980581 0.196116
-0.064786 -0.971795 -0.226752 0.188713 -0.981307 -0.037743 0.556022 0.556022 -0.617802 -0.129219 -0.818388 -0.559950 0.000000 -0.998920 -0.046461 0.024376 -0.999406 -0.024376 0.038822 -0.989965 0.135878 -0.097071 -0.994982 -0.024268 0.000000 -0.980581 0.196116
-0.064786 -0.971795 -0.226752 0.188713 -0.981307 -0.037743 0.556022 0.556022 -0.617802 -0.129219 -0.818388 -0.559950 0.000000 -0.999730 -0.023250 0.024376 -0.999406 -0.024376 0.038822 -0.989965 0.135878 -0.097071 -0.994982 -0.024268 0.000000 -0.980581 0.196116
-0.064786 -0.971795 -0.226752 0.188713 -0.981307 -0.037743 0.523635 0.554437 -0.646843 -0.132324 -0.838054 -0.529297 0.000000 -0.999730 -0.023250 0.024376 -0.999406 -0.024376 0.019422 -0.990525 0.135954 -0.097071 -0.994982 -0.024268 0.000000 -0.980581 0.196116
