-0.034627 -0.969561 -0.242390 0.242536 -0.970143 0.000000 -0.178800 0.929758 -0.321839 -0.695401 -0.424967 -0.579501 -0.069523 -0.996503 -0.046349 0.023150 -0.995434 0.092599 0.039337 -0.983422 0.177016 -0.120913 -0.991484 -0.048365 0.000000 -0.987441 0.157991
-0.034627 -0.969561 -0.242390 0.242536 -0.970143 0.000000 -0.235702 0.942809 -0.235702 -0.635943 -0.437211 -0.635943 -0.069523 -0.996503 -0.046349 0.023150 -0.995434 0.092599 0.039337 -0.983422 0.177016 -0.120913 -0.991484 -0.048365 0.000000 -0.987441 0.157991
-0.034627 -0.969561 -0.242390 0.242536 -0.970143 0.000000 -0.337484 0.911206 -0.236239 -0.627730 -0.460336 -0.627730 -0.069523 -0.996503 -0.046349 0.023150 -0.995434 0.092599 0.039337 -0.983422 0.177016 -0.120913 -0.991484 -0.048365 0.000000 -0.987441 0.157991
-0.034627 -0.969561 -0.242390 0.233373 -0.972387 0.000000 -0.301511 0.904534 -0.301511 -0.588984 -0.504844 -0.631055 -0.069430 -0.995168 -0.069430 0.023150 -0.995434 0.092599 0.039337 -0.983422 0.177016 -0.120913 -0.991484 -0.048365 0.000000 -0.987441 0.157991
-0.034627 -0.969561 -0.242390 0.233373 -0.972387 0.000000 -0.195515 0.899371 -0.391031 -0.544988 -0.503066 -0.670755 -0.069430 -0.995168 -0.069430 0.023193 -0.997307 0.069580 0.039337 -0.983422 0.177016 -0.120913 -0.991484 -0.048365 0.000000 -0.987441 0.157991
-0.034627 -0.969561 -0.242390 0.233373 -0.972387 0.000000 -0.041310 0.867502 -0.495715 -0.489083 -0.529840 -0.692868 -0.069430 -0.995168 -0.069430 0.023150 -0.995434 0.092599 0.039337 -0.983422 0.177016 -0.120913 -0.991484 -0.048365 0.019680 -0.983993 0.177119
-0.035829 -0.967375 -0.250801 0.233373 -0.972387 0.000000 0.119145 0.794301 -0.595726 -0.436436 -0.567367 -0.698297 -0.069430 -0.995168 -0.069430 0.023150 -0.995434 0.092599 0.039337 -0.983422 0.177016 -0.120913 -0.991484 -0.048365 0.019680 -0.983993 0.177119
0.000000 -0.961524 -0.274721 0.203785 -0.978167 0.040757 0.272063 0.699590 -0.660724 -0.350150 -0.568995 -0.744070 -0.046349 -0.996503 -0.069523 0.023193 -0.997307 0.069580 0.039337 -0.983422 0.177016 -0.120913 -0.991484 -0.048365 0.019680 -0.983993 0.177119
-0.034320 -0.960958 -0.274559 0.203954 -0.978980 0.000000 0.407307 0.610960 -0.678844 -0.263880 -0.659699 -0.703679 -0.023193 -0.997307 -0.069580 0.023193 -0.997307 0.069580 0.039337 -0.983422 0.177016 -0.120913 -0.991484 -0.048365 0.019680 -0.983993 0.177119
-0.034320 -0.960958 -0.274559 0.203954 -0.978980 0.000000 0.583784 0.500386 -0.639382 -0.367118 -0.734235 -0.571072 -0.046411 -0.997844 -0.046411 0.023193 -0.997307 0.069580 0.039337 -0.983422 0.177016 -0.120913 -0.991484 -0.048365 0.019608 -0.980392 0.196078
-0.034627 -0.969561 -0.242390 0.203954 -0.978980 0.000000 0.650284 0.468204 -0.598261 -0.338971 -0.762684 -0.550828 -0.046411 -0.997844 -0.046411 0.023193 -0.997307 0.069580 0.039337 -0.983422 0.177016 -0.120913 -0.991484 -0.048365 0.019608 -0.980392 0.196078
-0.034627 -0.969561 -0.242390 0.203954 -0.978980 0.000000 0.642294 0.488143 -0.590910 -0.290910 -0.789613 -0.540262 -0.046411 -0.997844 -0.046411 0.023193 -0.997307 0.069580 0.039337 -0.983422 0.177016 -0.120913 -0.991484 -0.048365 0.019608 -0.980392 0.196078
-0.034627 -0.969561 -0.242390 0.203954 -0.978980 0.000000 0.664920 0.460329 -0.588199 -0.290910 -0.789613 -0.540262 -0.046411 -0.997844 -0.046411 0.023224 -0.998651 0.046449 0.039337 -0.983422 0.177016 -0.120913 -0.991484 -0.048365 0.019608 -0.980392 0.196078
-0.034627 -0.969561 -0.242390 0.242536 -0.970143 0.000000 0.664920 0.460329 -0.588199 -0.290910 -0.789613 -0.540262 -0.023224 -0.998651 -0.046449 0.023224 -0.998651 0.046449 0.039337 -0.983422 0.177016 -0.120913 -0.991484 -0.048365 0.019608 -0.980392 0.196078
-0.034627 -0.969561 -0.242390 0.242536 -0.970143 0.000000 0.652051 0.495559 -0.573805 -0.290910 -0.789613 -0.540262 -0.023224 -0.998651 -0.046449 0.023224 -0.998651 0.046449 0.039337 -0.983422 0.177016 -0.120913 -0.991484 -0.048365 0.019608 -0.980392 0.196078
-0.034627 -0.969561 -0.242390 0.242536 -0.970143 0.000000 0.636670 0.504030 -0.583614 -0.290910 -0.789613 -0.540262 -0.023224 -0.998651 -0.046449 0.023224 -0.998651 0.046449 0.039337 -0.983422 0.177016 -0.120913 -0.991484 -0.048365 0.019608 -0.980392 0.196078
-0.034627 -0.969561 -0.242390 0.242536 -0.970143 0.000000 0.620490 0.512578 -0.593512 -0.290910 -0.789613 -0.540262 -0.023224 -0.998651 -0.046449 0.023224 -0.998651 0.046449 0.039337 -0.983422 0.177016 -0.120913 -0.991484 -0.048365 0.019608 -0.980392 0.196078
-0.034627 -0.969561 -0.242390 0.242536 -0.970143 0.000000 0.603476 0.521184 -0.603476 -0.290910 -0.789613 -0.540262 -0.023193 -0.997307 -0.069580 0.023224 -0.998651 0.046449 0.039337 -0.983422 0.177016 -0.120913 -0.991484 -0.048365 0.019608 -0.980392 0.196078
-0.034627 -0.969561 -0.242390 0.242536 -0.970143 0.000000 0.603476 0.521184 -0.603476 -0.290910 -0.789613 -0.540262 -0.023193 -0.997307 -0.069580 0.023224 -0.998651 0.046449 0.039337 -0.983422 0.177016 -0.120913 -0.991484 -0.048365 0.019608 -0.980392 0.196078
-0.034320 -0.960958 -0.274559 0.242338 -0.969351 0.040390 0.585597 0.529826 -0.613483 -0.290910 -0.789613 -0.540262 -0.023193 -0.997307 -0.069580 0.023224 -0.998651 0.046449 0.039337 -0.983422 0.177016 -0.120913 -0.991484 -0.048365 0.019608 -0.980392 0.196078
-0.034320 -0.960958 -0.274559 0.242338 -0.969351 0.040390 0.585597 0.529826 -0.613483 -0.290910 -0.789613 -0.540262 -0.023193 -0.997307 -0.069580 0.023224 -0.998651 0.046449 0.039337 -0.983422 0.177016 -0.120913 -0.991484 -0.048365 0.019608 -0.980392 0.196078
-0.034320 -0.960958 -0.274559 0.242338 -0.969351 0.040390 0.585597 0.529826 -0.613483 -0.290910 -0.789613 -0.540262 -0.023193 -0.997307 -0.069580 0.023224 -0.998651 0.046449 0.039337 -0.983422 0.177016 -0.120913 -0.991484 -0.048365 0.019608 -0.980392 0.196078
-0.034320 -0.960958 -0.274559 0.242338 -0.969351 0.040390 0.585597 0.529826 -0.613483 -0.290910 -0.789613 -0.540262 -0.023193 -0.997307 -0.069580 0.023224 -0.998651 0.046449 0.039337 -0.983422 0.177016 -0.120913 -0.991484 -0.048365 0.019608 -0.980392 0.196078
-0.034320 -0.960958 -0.274559 0.242338 -0.969351 0.040390 0.583784 0.500386 -0.639382 -0.290910 -0.789613 -0.540262 -0.023193 -0.997307 -0.069580 0.023224 -0.998651 0.046449 0.039337 -0.983422 0.177016 -0.120913 -0.991484 -0.048365 0.019608 -0.980392 0.196078
-0.034320 -0.960958 -0.274559 0.242338 -0.969351 0.040390 0.591843 0.479111 -0.648209 -0.290910 -0.789613 -0.540262 -0.023193 -0.997307 -0.069580 0.023224 -0.998651 0.046449 0.039337 -0.983422 0.177016 -0.120913 -0.991484 -0.048365 0.019608 -0.980392 0.196078
-0.034320 -0.960958 -0.274559 0.242338 -0.969351 0.040390 0.607485 0.433918 -0.665340 -0.290910 -0.789613 -0.540262 -0.023193 -0.997307 -0.069580 0.023224 -0.998651 0.046449 0.039337 -0.983422 0.177016 -0.120913 -0.991484 -0.048365 0.019608 -0.980392 0.196078
