-0.030964 -0.959886 -0.278677 0.224860 -0.974391 0.000000 -0.323250 0.852204 -0.411409 -0.300676 -0.773166 -0.558398 0.000000 -1.000000 0.000000 0.069598 -0.997575 0.000000 0.060796 -0.992994 0.101326 -0.094150 -0.988577 -0.117688 -0.020199 -0.989748 0.141393
-0.031220 -0.967805 -0.249756 0.224702 -0.973708 -0.037450 -0.331295 0.883452 -0.331295 -0.295015 -0.632175 -0.716465 0.000000 -0.999730 -0.023250 0.069580 -0.997307 0.023193 0.060796 -0.992994 0.101326 -0.094150 -0.988577 -0.117688 -0.020199 -0.989748 0.141393
-0.031220 -0.967805 -0.249756 0.224702 -0.973708 -0.037450 -0.276268 0.907738 -0.315735 -0.300676 -0.558398 -0.773166 0.000000 -0.999730 -0.023250 0.069580 -0.997307 0.023193 0.060796 -0.992994 0.101326 -0.094150 -0.988577 -0.117688 -0.020199 -0.989748 0.141393
-0.030964 -0.959886 -0.278677 0.224702 -0.973708 -0.037450 -0.085126 0.936382 -0.340503 -0.281581 -0.522937 -0.804518 0.000000 -0.999730 -0.023250 0.069580 -0.997307 0.023193 0.060796 -0.992994 0.101326 -0.094386 -0.991051 -0.094386 -0.020199 -0.989748 0.141393
-0.030964 -0.959886 -0.278677 0.224702 -0.973708 -0.037450 0.000000 0.894427 -0.447214 -0.286251 -0.613396 -0.736075 0.000000 -0.999730 -0.023250 0.069580 -0.997307 0.023193 0.060796 -0.992994 0.101326 -0.094386 -0.991051 -0.094386 -0.020137 -0.986733 0.161099
-0.030964 -0.959886 -0.278677 0.259794 -0.964951 -0.037113 0.132891 0.764124 -0.631233 -0.235702 -0.754247 -0.612826 0.000000 -0.999730 -0.023250 0.069580 -0.997307 0.023193 0.060796 -0.992994 0.101326 -0.094386 -0.991051 -0.094386 -0.020137 -0.986733 0.161099
-0.030964 -0.959886 -0.278677 0.259794 -0.964951 -0.037113 0.332116 0.724616 -0.603847 -0.130435 -0.782609 -0.608696 0.000000 -0.999730 -0.023250 0.069580 -0.997307 0.023193 0.060659 -0.990759 0.121317 -0.094386 -0.991051 -0.094386 -0.019745 -0.987248 0.157960
-0.030964 -0.959886 -0.278677 0.259794 -0.964951 -0.037113 0.500386 0.639382 -0.583784 -0.126099 -0.798630 -0.588464 -0.023243 -0.999460 -0.023243 0.069580 -0.997307 0.023193 0.060659 -0.990759 0.121317 -0.094386 -0.991051 -0.094386 -0.019680 -0.983993 0.177119
-0.030964 -0.959886 -0.278677 0.259794 -0.964951 -0.037113 0.656365 0.546971 -0.519622 -0.172774 -0.777482 -0.604708 -0.023243 -0.999460 -0.023243 0.069580 -0.997307 0.023193 0.060659 -0.990759 0.121317 -0.094386 -0.991051 -0.094386 -0.019680 -0.983993 0.177119
-0.030964 -0.959886 -0.278677 0.259794 -0.964951 -0.037113 0.730545 0.495727 -0.469636 -0.172774 -0.777482 -0.604708 -0.023243 -0.999460 -0.023243 0.069580 -0.997307 0.023193 0.060659 -0.990759 0.121317 -0.094386 -0.991051 -0.094386 -0.019680 -0.983993 0.177119
-0.062348 -0.966394 -0.249392 0.259794 -0.964951 -0.037113 0.772829 0.448740 -0.448740 -0.172774 -0.777482 -0.604708 0.000000 -0.999717 -0.023803 0.069598 -0.997575 0.000000 0.060498 -0.988136 0.141162 -0.117917 -0.990500 -0.070750 0.000000 -0.984183 0.177153
-0.062348 -0.966394 -0.249392 0.259794 -0.964951 -0.037113 0.768061 0.438892 -0.466323 -0.172774 -0.777482 -0.604708 0.000000 -0.999717 -0.023803 0.069598 -0.997575 0.000000 0.060498 -0.988136 0.141162 -0.117917 -0.990500 -0.070750 0.000000 -0.984183 0.177153
-0.062348 -0.966394 -0.249392 0.259794 -0.964951 -0.037113 0.787822 0.407494 -0.461827 -0.172774 -0.777482 -0.604708 0.000000 -0.999730 -0.023250 0.092623 -0.995701 0.000000 0.040373 -0.989142 0.141306 -0.117917 -0.990500 -0.070750 0.000000 -0.984183 0.177153
-0.061839 -0.958508 -0.278277 0.259973 -0.965616 0.000000 0.775388 0.387694 -0.498464 -0.221404 -0.752773 -0.619930 0.000000 -0.999730 -0.023250 0.092623 -0.995701 0.000000 0.040373 -0.989142 0.141306 -0.117917 -0.990500 -0.070750 0.000000 -0.984183 0.177153
-0.031220 -0.967805 -0.249756 0.224860 -0.974391 0.000000 0.741747 0.384610 -0.549442 -0.221404 -0.752773 -0.619930 0.000000 -0.999730 -0.023250 0.092599 -0.995434 -0.023150 0.040373 -0.989142 0.141306 -0.117917 -0.990500 -0.070750 0.000000 -0.984183 0.177153
-0.031220 -0.967805 -0.249756 0.224860 -0.974391 0.000000 0.718403 0.431042 -0.545986 -0.215365 -0.732242 -0.646096 0.000000 -0.999730 -0.023250 0.092599 -0.995434 -0.023150 0.040373 -0.989142 0.141306 -0.117917 -0.990500 -0.070750 0.000000 -0.984183 0.177153
-0.031220 -0.967805 -0.249756 0.224860 -0.974391 0.000000 0.704058 0.440036 -0.557379 -0.215365 -0.732242 -0.646096 0.000000 -0.999730 -0.023250 0.092599 -0.995434 -0.023150 0.040373 -0.989142 0.141306 -0.117917 -0.990500 -0.070750 0.000000 -0.984183 0.177153
-0.031220 -0.967805 -0.249756 0.224860 -0.974391 0.000000 0.690656 0.480457 -0.540514 -0.215365 -0.732242 -0.646096 0.000000 -0.999730 -0.023250 0.092599 -0.995434 -0.023150 0.040373 -0.989142 0.141306 -0.117917 -0.990500 -0.070750 0.000000 -0.984183 0.177153
-0.031450 -0.974958 -0.220152 0.224860 -0.974391 0.000000 0.668776 0.509544 -0.541390 -0.215365 -0.732242 -0.646096 0.000000 -0.999730 -0.023250 0.092599 -0.995434 -0.023150 0.040373 -0.989142 0.141306 -0.117917 -0.990500 -0.070750 0.000000 -0.984183 0.177153
-0.031220 -0.967805 -0.249756 0.224702 -0.973708 0.037450 0.674453 0.490511 -0.551825 -0.255841 -0.724882 -0.639602 0.000000 -0.999730 -0.023250 0.092599 -0.995434 -0.023150 0.040373 -0.989142 0.141306 -0.117917 -0.990500 -0.070750 0.000000 -0.984183 0.177153
-0.031220 -0.967805 -0.249756 0.224702 -0.973708 0.037450 0.667424 0.476731 -0.572078 -0.255841 -0.724882 -0.639602 0.000000 -0.999730 -0.023250 0.092599 -0.995434 -0.023150 0.040373 -0.989142 0.141306 -0.117917 -0.990500 -0.070750 0.000000 -0.979804 0.199960
