0.000000 -0.945373 -0.325991 0.274559 -0.960958 0.034320 -0.024838 0.894151 -0.447076 -0.494902 -0.761387 -0.418763 0.023243 -0.999460 -0.023243 0.168248 -0.985452 0.024035 0.118011 -0.983422 0.137679 -0.023776 -0.998586 -0.047552 0.020472 -0.982666 0.184250
0.000000 -0.955064 -0.296399 0.242536 -0.970143 0.000000 -0.025692 0.899211 -0.436760 -0.533846 -0.739171 -0.410651 0.023243 -0.999460 -0.023243 0.168248 -0.985452 0.024035 0.118011 -0.983422 0.137679 -0.023796 -0.999434 -0.023796 0.020546 -0.986186 0.164364
0.000000 -0.955064 -0.296399 0.242536 -0.970143 0.000000 -0.025110 0.903964 -0.426872 -0.562254 -0.722897 -0.401610 0.023243 -0.999460 -0.023243 0.168248 -0.985452 0.024035 0.098552 -0.985521 0.137973 -0.023796 -0.999434 -0.023796 0.020546 -0.986186 0.164364
0.000000 -0.955064 -0.296399 0.242536 -0.970143 0.000000 -0.052450 0.917880 -0.393377 -0.540262 -0.706496 -0.457144 0.023243 -0.999460 -0.023243 0.168248 -0.985452 0.024035 0.098552 -0.985521 0.137973 -0.023796 -0.999434 -0.023796 0.020472 -0.982666 0.184250
0.000000 -0.955064 -0.296399 0.242536 -0.970143 0.000000 -0.054313 0.923313 -0.380188 -0.550334 -0.719667 -0.423334 0.000000 -0.999730 -0.023250 0.168248 -0.985452 0.024035 0.098552 -0.985521 0.137973 -0.023796 -0.999434 -0.023796 0.000000 -0.982872 0.184289
0.000000 -0.955064 -0.296399 0.209529 -0.977802 0.000000 -0.055706 0.919152 -0.389943 -0.567367 -0.698297 -0.436436 0.000000 -0.999730 -0.023250 0.168296 -0.985736 0.000000 0.098266 -0.982662 0.157226 -0.023796 -0.999434 -0.023796 0.000000 -0.982872 0.184289
0.000000 -0.945373 -0.325991 0.216789 -0.975550 0.036131 -0.085126 0.936382 -0.340503 -0.514496 -0.685994 -0.514496 0.000000 -0.999730 -0.023250 0.168296 -0.985736 0.000000 0.098266 -0.982662 0.157226 -0.023796 -0.999434 -0.023796 0.000000 -0.982872 0.184289
0.000000 -0.963993 -0.265929 0.250962 -0.967997 0.000000 -0.140971 0.930408 -0.338330 -0.457869 -0.732590 -0.503655 0.023243 -0.999460 -0.023243 0.168296 -0.985736 0.000000 0.098266 -0.982662 0.157226 -0.023796 -0.999434 -0.023796 0.000000 -0.982872 0.184289
0.033501 -0.971537 -0.234509 0.216930 -0.976187 0.000000 -0.147122 0.912159 -0.382518 -0.396973 -0.749838 -0.529297 0.023243 -0.999460 -0.023243 0.168296 -0.985736 0.000000 0.078750 -0.984374 0.157500 -0.023796 -0.999434 -0.023796 0.000000 -0.982872 0.184289
0.032444 -0.973329 -0.227110 0.224860 -0.974391 0.000000 -0.180743 0.873589 -0.451856 -0.318841 -0.774329 -0.546585 0.023243 -0.999460 -0.023243 0.168296 -0.985736 0.000000 0.078750 -0.984374 0.157500 -0.023796 -0.999434 -0.023796 -0.020472 -0.982666 0.184250
0.032444 -0.973329 -0.227110 0.224702 -0.973708 0.037450 -0.089762 0.837783 -0.538575 -0.267261 -0.801784 -0.534522 0.023243 -0.999460 -0.023243 0.168296 -0.985736 0.000000 0.078750 -0.984374 0.157500 -0.023796 -0.999434 -0.023796 -0.020391 -0.978777 0.203912
0.000000 -0.973841 -0.227230 0.259794 -0.964951 0.037113 -0.030471 0.792256 -0.609428 -0.269953 -0.764866 -0.584898 0.023243 -0.999460 -0.023243 0.168296 -0.985736 0.000000 0.078750 -0.984374 0.157500 -0.023796 -0.999434 -0.023796 -0.020391 -0.978777 0.203912
0.032444 -0.973329 -0.227110 0.259794 -0.964951 0.037113 0.112066 0.756448 -0.644382 -0.290910 -0.789613 -0.540262 0.000000 -0.998920 -0.046461 0.168296 -0.985736 0.000000 0.078750 -0.984374 0.157500 -0.023796 -0.999434 -0.023796 -0.020391 -0.978777 0.203912
0.032444 -0.973329 -0.227110 0.259794 -0.964951 0.037113 0.327205 0.681677 -0.654410 -0.328244 -0.779579 -0.533396 0.000000 -0.998920 -0.046461 0.164399 -0.986394 0.000000 0.080306 -0.983745 0.160611 -0.023796 -0.999434 -0.023796 -0.020391 -0.978777 0.203912
0.032444 -0.973329 -0.227110 0.259259 -0.962963 0.074074 0.496234 0.600704 -0.626822 -0.317971 -0.794929 -0.516704 0.000000 -0.998920 -0.046461 0.164354 -0.986122 -0.023479 0.080306 -0.983745 0.160611 -0.023796 -0.999434 -0.023796 -0.020391 -0.978777 0.203912
0.032444 -0.973329 -0.227110 0.259259 -0.962963 0.074074 0.610389 0.534090 -0.584956 -0.284356 -0.771822 -0.568711 0.023243 -0.999460 -0.023243 0.164354 -0.986122 -0.023479 0.080306 -0.983745 0.160611 -0.023796 -0.999434 -0.023796 -0.020391 -0.978777 0.203912
0.031450 -0.974958 -0.220152 0.268833 -0.960119 0.076810 0.618647 0.515539 -0.592870 -0.207257 -0.787575 -0.580319 0.023243 -0.999460 -0.023243 0.164354 -0.986122 -0.023479 0.080306 -0.983745 0.160611 -0.023796 -0.999434 -0.023796 -0.020391 -0.978777 0.203912
0.031450 -0.974958 -0.220152 0.268833 -0.960119 0.076810 0.667545 0.513496 -0.539171 -0.234798 -0.743527 -0.626128 0.023243 -0.999460 -0.023243 0.164354 -0.986122 -0.023479 0.080306 -0.983745 0.160611 -0.023796 -0.999434 -0.023796 -0.040757 -0.978167 0.203785
0.031450 -0.974958 -0.220152 0.268833 -0.960119 0.076810 0.684922 0.474177 -0.553207 -0.203279 -0.731804 -0.650493 0.023243 -0.999460 -0.023243 0.164354 -0.986122 -0.023479 0.080306 -0.983745 0.160611 -0.023796 -0.999434 -0.023796 -0.040757 -0.978167 0.203785
0.031450 -0.974958 -0.220152 0.232670 -0.969458 0.077557 0.684922 0.474177 -0.553207 -0.203279 -0.731804 -0.650493 0.000000 -0.999730 -0.023250 0.164354 -0.986122 -0.023479 0.080306 -0.983745 0.160611 0.000000 -0.999717 -0.023803 -0.040757 -0.978167 0.203785
0.031450 -0.974958 -0.220152 0.232670 -0.969458 0.077557 0.653305 0.504827 -0.564218 -0.203279 -0.731804 -0.650493 0.000000 -0.999730 -0.023250 0.164354 -0.986122 -0.023479 0.080306 -0.983745 0.160611 0.000000 -0.999717 -0.023803 -0.040757 -0.978167 0.203785
