0.000000 -0.968277 -0.249878 0.224702 -0.973708 0.037450 -0.317443 0.872967 -0.370350 -0.433798 -0.828159 -0.354925 0.000000 -0.999730 -0.023250 0.094809 -0.995495 0.000000 0.059880 -0.978046 0.199601 -0.047445 -0.996335 -0.071167 -0.040919 -0.982049 0.184134
0.000000 -0.968277 -0.249878 0.224702 -0.973708 0.037450 -0.317011 0.880587 -0.352235 -0.547885 -0.632175 -0.547885 0.000000 -0.999730 -0.023250 0.094809 -0.995495 0.000000 0.059880 -0.978046 0.199601 -0.047445 -0.996335 -0.071167 -0.040919 -0.982049 0.184134
0.000000 -0.968277 -0.249878 0.224702 -0.973708 0.037450 -0.331042 0.910366 -0.248282 -0.584858 -0.459532 -0.668410 -0.023243 -0.999460 -0.023243 0.094809 -0.995495 0.000000 0.060108 -0.981769 0.180325 -0.047445 -0.996335 -0.071167 -0.040919 -0.982049 0.184134
-0.031220 -0.967805 -0.249756 0.259794 -0.964951 0.037113 -0.438250 0.876501 -0.199205 -0.578829 -0.413449 -0.702863 -0.023243 -0.999460 -0.023243 0.094809 -0.995495 0.000000 0.060108 -0.981769 0.180325 -0.047445 -0.996335 -0.071167 -0.040919 -0.982049 0.184134
-0.031220 -0.967805 -0.249756 0.259794 -0.964951 0.037113 -0.276268 0.907738 -0.315735 -0.571072 -0.367118 -0.734235 -0.023243 -0.999460 -0.023243 0.094809 -0.995495 0.000000 0.060108 -0.981769 0.180325 -0.047445 -0.996335 -0.071167 -0.040919 -0.982049 0.184134
-0.031220 -0.967805 -0.249756 0.259794 -0.964951 0.037113 -0.179425 0.897123 -0.403705 -0.542610 -0.375653 -0.751305 -0.023243 -0.999460 -0.023243 0.094809 -0.995495 0.000000 0.060108 -0.981769 0.180325 -0.047445 -0.996335 -0.071167 -0.040919 -0.982049 0.184134
-0.031220 -0.967805 -0.249756 0.259794 -0.964951 0.037113 0.000000 0.894427 -0.447214 -0.487869 -0.406558 -0.772460 -0.023224 -0.998651 -0.046449 0.094809 -0.995495 0.000000 0.060108 -0.981769 0.180325 -0.047445 -0.996335 -0.071167 -0.040919 -0.982049 0.184134
-0.031220 -0.967805 -0.249756 0.259973 -0.965616 0.000000 0.123091 0.861640 -0.492366 -0.408248 -0.408248 -0.816497 -0.023224 -0.998651 -0.046449 0.094809 -0.995495 0.000000 0.060108 -0.981769 0.180325 -0.047445 -0.996335 -0.071167 -0.040919 -0.982049 0.184134
-0.031220 -0.967805 -0.249756 0.259973 -0.965616 0.000000 0.221615 0.775653 -0.590973 -0.379305 -0.463595 -0.800755 -0.023224 -0.998651 -0.046449 0.094809 -0.995495 0.000000 0.060108 -0.981769 0.180325 -0.047445 -0.996335 -0.071167 -0.040919 -0.982049 0.184134
-0.031220 -0.967805 -0.249756 0.259973 -0.965616 0.000000 0.378860 0.654395 -0.654395 -0.335377 -0.503066 -0.796521 0.000000 -0.998920 -0.046461 0.094809 -0.995495 0.000000 0.060108 -0.981769 0.180325 -0.047445 -0.996335 -0.071167 -0.040919 -0.982049 0.184134
-0.031450 -0.974958 -0.220152 0.259973 -0.965616 0.000000 0.521585 0.586783 -0.619382 -0.290910 -0.540262 -0.789613 0.000000 -0.998920 -0.046461 0.094809 -0.995495 0.000000 0.060108 -0.981769 0.180325 -0.047445 -0.996335 -0.071167 -0.040919 -0.982049 0.184134
-0.031450 -0.974958 -0.220152 0.259973 -0.965616 0.000000 0.566666 0.566666 -0.598147 -0.248069 -0.620174 -0.744208 0.000000 -0.998920 -0.046461 0.094809 -0.995495 0.000000 0.060108 -0.981769 0.180325 -0.047445 -0.996335 -0.071167 -0.040919 -0.982049 0.184134
-0.031450 -0.974958 -0.220152 0.259973 -0.965616 0.000000 0.596550 0.536895 -0.596550 -0.287213 -0.656488 -0.697518 -0.023224 -0.998651 -0.046449 0.094809 -0.995495 0.000000 0.060108 -0.981769 0.180325 -0.047445 -0.996335 -0.071167 -0.040919 -0.982049 0.184134
-0.031450 -0.974958 -0.220152 0.259973 -0.965616 0.000000 0.615257 0.527363 -0.585959 -0.295540 -0.675521 -0.675521 -0.023224 -0.998651 -0.046449 0.094809 -0.995495 0.000000 0.060108 -0.981769 0.180325 -0.047445 -0.996335 -0.071167 -0.040919 -0.982049 0.184134
-0.031450 -0.974958 -0.220152 0.259973 -0.965616 0.000000 0.625821 0.536418 -0.566219 -0.287213 -0.697518 -0.656488 -0.023224 -0.998651 -0.046449 0.094809 -0.995495 0.000000 0.060108 -0.981769 0.180325 -0.047445 -0.996335 -0.071167 -0.040919 -0.982049 0.184134
-0.031450 -0.974958 -0.220152 0.224860 -0.974391 0.000000 0.607177 0.546459 -0.576818 -0.295015 -0.716465 -0.632175 -0.023224 -0.998651 -0.046449 0.094809 -0.995495 0.000000 0.060108 -0.981769 0.180325 -0.047511 -0.997740 -0.047511 -0.040919 -0.982049 0.184134
-0.031450 -0.974958 -0.220152 0.224860 -0.974391 0.000000 0.577350 0.577350 -0.577350 -0.286251 -0.736075 -0.613396 -0.023224 -0.998651 -0.046449 0.094809 -0.995495 0.000000 0.060108 -0.981769 0.180325 -0.047511 -0.997740 -0.047511 -0.040919 -0.982049 0.184134
-0.031450 -0.974958 -0.220152 0.224860 -0.974391 0.000000 0.556553 0.587473 -0.587473 -0.286251 -0.736075 -0.613396 -0.023224 -0.998651 -0.046449 0.094809 -0.995495 0.000000 0.060108 -0.981769 0.180325 -0.047511 -0.997740 -0.047511 -0.040919 -0.982049 0.184134
-0.031450 -0.974958 -0.220152 0.224860 -0.974391 0.000000 0.567733 0.596120 -0.567733 -0.286251 -0.736075 -0.613396 -0.023224 -0.998651 -0.046449 0.094809 -0.995495 0.000000 0.060108 -0.981769 0.180325 -0.047511 -0.997740 -0.047511 -0.040919 -0.982049 0.184134
-0.031220 -0.967805 -0.249756 0.224702 -0.973708 0.037450 0.557619 0.586967 -0.586967 -0.286251 -0.736075 -0.613396 0.000000 -0.998920 -0.046461 0.094809 -0.995495 0.000000 0.060108 -0.981769 0.180325 -0.047511 -0.997740 -0.047511 -0.040919 -0.982049 0.184134
-0.031220 -0.967805 -0.249756 0.224860 -0.974391 0.000000 0.567227 0.597081 -0.567227 -0.286251 -0.736075 -0.613396 0.000000 -0.998920 -0.046461 0.094809 -0.995495 0.000000 0.060108 -0.981769 0.180325 -0.047511 -0.997740 -0.047511 -0.040919 -0.982049 0.184134
0.000000 -0.968277 -0.249878 0.188847 -0.982006 0.000000 0.546459 0.607177 -0.576818 -0.286251 -0.736075 -0.613396 0.000000 -0.998920 -0.046461 0.094809 -0.995495 0.000000 0.060108 -0.981769 0.180325 -0.047511 -0.997740 -0.047511 -0.040919 -0.982049 0.184134
0.000000 -0.968277 -0.249878 0.188847 -0.982006 0.000000 0.546459 0.607177 -0.576818 -0.286251 -0.736075 -0.613396 -0.023224 -0.998651 -0.046449 0.094809 -0.995495 0.000000 0.060314 -0.985136 0.160839 -0.047511 -0.997740 -0.047511 -0.040919 -0.982049 0.184134
0.000000 -0.968277 -0.249878 0.188847 -0.982006 0.000000 0.546459 0.607177 -0.576818 -0.286251 -0.736075 -0.613396 -0.023224 -0.998651 -0.046449 0.094809 -0.995495 0.000000 0.060314 -0.985136 0.160839 -0.047511 -0.997740 -0.047511 -0.040757 -0.978167 0.203785
0.000000 -0.968277 -0.249878 0.188847 -0.982006 0.000000 0.556553 0.587473 -0.587473 -0.286251 -0.736075 -0.613396 -0.023224 -0.998651 -0.046449 0.094809 -0.995495 0.000000 0.060314 -0.985136 0.160839 -0.047511 -0.997740 -0.047511 -0.040757 -0.978167 0.203785
