-0.031450 -0.974958 -0.220152 0.259259 -0.962963 0.074074 -0.472866 0.788110 -0.394055 -0.466085 -0.847427 -0.254228 0.023243 -0.999460 -0.023243 0.071247 -0.997459 0.000000 0.040250 -0.986133 0.161001 -0.072889 -0.996156 -0.048593 0.000000 -0.982872 0.184289
-0.031450 -0.974958 -0.220152 0.259259 -0.962963 0.074074 -0.478669 0.829693 -0.287202 -0.560470 -0.646696 -0.517357 0.023243 -0.999460 -0.023243 0.071247 -0.997459 0.000000 0.040250 -0.986133 0.161001 -0.072889 -0.996156 -0.048593 0.000000 -0.982872 0.184289
-0.031450 -0.974958 -0.220152 0.259259 -0.962963 0.074074 -0.416305 0.874241 -0.249783 -0.622305 -0.414870 -0.663792 0.023243 -0.999460 -0.023243 0.071247 -0.997459 0.000000 0.040250 -0.986133 0.161001 -0.072889 -0.996156 -0.048593 0.000000 -0.982872 0.184289
-0.031450 -0.974958 -0.220152 0.259259 -0.962963 0.074074 -0.288342 0.913082 -0.288342 -0.580802 -0.348481 -0.735683 0.023243 -0.999460 -0.023243 0.071247 -0.997459 0.000000 0.040250 -0.986133 0.161001 -0.072889 -0.996156 -0.048593 0.000000 -0.982872 0.184289
-0.031450 -0.974958 -0.220152 0.259259 -0.962963 0.074074 -0.046374 0.927478 -0.370991 -0.546192 -0.390137 -0.741261 0.023243 -0.999460 -0.023243 0.071247 -0.997459 0.000000 0.040250 -0.986133 0.161001 -0.072889 -0.996156 -0.048593 0.000000 -0.982872 0.184289
-0.031450 -0.974958 -0.220152 0.259259 -0.962963 0.074074 0.226805 0.861858 -0.453609 -0.502609 -0.386622 -0.773245 0.023243 -0.999460 -0.023243 0.071247 -0.997459 0.000000 0.040250 -0.986133 0.161001 -0.072889 -0.996156 -0.048593 0.000000 -0.982872 0.184289
-0.031654 -0.981288 -0.189927 0.259259 -0.962963 0.074074 0.308148 0.808890 -0.500741 -0.401286 -0.441415 -0.802572 0.023243 -0.999460 -0.023243 0.071247 -0.997459 0.000000 0.040250 -0.986133 0.161001 -0.072889 -0.996156 -0.048593 0.000000 -0.982872 0.184289
-0.031654 -0.981288 -0.189927 0.259259 -0.962963 0.074074 0.322666 0.752886 -0.573628 -0.245358 -0.449823 -0.858754 0.023243 -0.999460 -0.023243 0.071247 -0.997459 0.000000 0.040250 -0.986133 0.161001 -0.072889 -0.996156 -0.048593 0.000000 -0.982872 0.184289
-0.031654 -0.981288 -0.189927 0.259259 -0.962963 0.074074 0.463695 0.677708 -0.570701 -0.213980 -0.470757 -0.855921 0.023243 -0.999460 -0.023243 0.071247 -0.997459 0.000000 0.040250 -0.986133 0.161001 -0.072889 -0.996156 -0.048593 0.000000 -0.983547 0.180652
-0.031654 -0.981288 -0.189927 0.259259 -0.962963 0.074074 0.576686 0.610608 -0.542763 -0.214176 -0.599694 -0.771035 0.023243 -0.999460 -0.023243 0.071247 -0.997459 0.000000 0.040250 -0.986133 0.161001 -0.072889 -0.996156 -0.048593 0.000000 -0.983547 0.180652
-0.031654 -0.981288 -0.189927 0.259259 -0.962963 0.074074 0.657858 0.532552 -0.532552 -0.222277 -0.666831 -0.711287 0.023796 -0.999434 -0.023796 0.071247 -0.997459 0.000000 0.040250 -0.986133 0.161001 -0.072889 -0.996156 -0.048593 0.000000 -0.983547 0.180652
-0.031654 -0.981288 -0.189927 0.259259 -0.962963 0.074074 0.674453 0.490511 -0.551825 -0.229416 -0.688247 -0.688247 0.023796 -0.999434 -0.023796 0.071247 -0.997459 0.000000 0.040250 -0.986133 0.161001 -0.072889 -0.996156 -0.048593 0.000000 -0.983547 0.180652
-0.031450 -0.974958 -0.220152 0.259259 -0.962963 0.074074 0.691280 0.510946 -0.510946 -0.215365 -0.732242 -0.646096 0.024376 -0.999406 -0.024376 0.071247 -0.997459 0.000000 0.040250 -0.986133 0.161001 -0.072889 -0.996156 -0.048593 0.000000 -0.983547 0.180652
-0.031450 -0.974958 -0.220152 0.259259 -0.962963 0.074074 0.690656 0.480457 -0.540514 -0.221404 -0.752773 -0.619930 0.024376 -0.999406 -0.024376 0.071247 -0.997459 0.000000 0.040250 -0.986133 0.161001 -0.072889 -0.996156 -0.048593 0.000000 -0.983547 0.180652
-0.031450 -0.974958 -0.220152 0.259259 -0.962963 0.074074 0.674453 0.490511 -0.551825 -0.221404 -0.752773 -0.619930 0.024376 -0.999406 -0.024376 0.071247 -0.997459 0.000000 0.040250 -0.986133 0.161001 -0.072889 -0.996156 -0.048593 0.000000 -0.983547 0.180652
-0.031450 -0.974958 -0.220152 0.259259 -0.962963 0.074074 0.657213 0.500734 -0.563326 -0.221404 -0.752773 -0.619930 0.024376 -0.999406 -0.024376 0.071247 -0.997459 0.000000 0.040250 -0.986133 0.161001 -0.072889 -0.996156 -0.048593 0.000000 -0.983547 0.180652
-0.031450 -0.974958 -0.220152 0.259794 -0.964951 0.037113 0.657213 0.500734 -0.563326 -0.215365 -0.732242 -0.646096 0.024376 -0.999406 -0.024376 0.071247 -0.997459 0.000000 0.040250 -0.986133 0.161001 -0.072889 -0.996156 -0.048593 0.000000 -0.983547 0.180652
-0.032444 -0.973329 -0.227110 0.259794 -0.964951 0.037113 0.646843 0.523635 -0.554437 -0.255841 -0.724882 -0.639602 0.024376 -0.999406 -0.024376 0.071247 -0.997459 0.000000 0.040250 -0.986133 0.161001 -0.072889 -0.996156 -0.048593 0.000000 -0.983547 0.180652
-0.032444 -0.973329 -0.227110 0.259794 -0.964951 0.037113 0.646843 0.523635 -0.554437 -0.255841 -0.724882 -0.639602 0.024376 -0.999406 -0.024376 0.071247 -0.997459 0.000000 0.040250 -0.986133 0.161001 -0.072889 -0.996156 -0.048593 0.000000 -0.983547 0.180652
-0.032444 -0.973329 -0.227110 0.259794 -0.964951 0.037113 0.617213 0.524631 -0.586353 -0.255841 -0.724882 -0.639602 0.024376 -0.999406 -0.024376 0.071247 -0.997459 0.000000 0.040250 -0.986133 0.161001 -0.072889 -0.996156 -0.048593 0.000000 -0.983547 0.180652
-0.032444 -0.973329 -0.227110 0.259794 -0.964951 0.037113 0.607177 0.546459 -0.576818 -0.248069 -0.744208 -0.620174 0.024376 -0.999406 -0.024376 0.071247 -0.997459 0.000000 0.040250 -0.986133 0.161001 -0.072889 -0.996156 -0.048593 0.000000 -0.983547 0.180652
-0.032444 -0.973329 -0.227110 0.259794 -0.964951 0.037113 0.607177 0.546459 -0.576818 -0.248069 -0.744208 -0.620174 0.024376 -0.999406 -0.024376 0.071247 -0.997459 0.000000 0.040250 -0.986133 0.161001 -0.072889 -0.996156 -0.048593 0.000000 -0.983547 0.180652
-0.032444 -0.973329 -0.227110 0.259794 -0.964951 0.037113 0.597555 0.534655 -0.597555 -0.248069 -0.744208 -0.620174 0.024376 -0.999406 -0.024376 0.071247 -0.997459 0.000000 0.040250 -0.986133 0.161001 -0.072889 -0.996156 -0.048593 0.000000 -0.983547 0.180652
-0.032444 -0.973329 -0.227110 0.259794 -0.964951 0.037113 0.592349 0.473879 -0.651584 -0.254457 -0.763370 -0.593732 0.024376 -0.999406 -0.024376 0.069598 -0.997575 0.000000 0.040250 -0.986133 0.161001 -0.072889 -0.996156 -0.048593 0.000000 -0.983547 0.180652
