0.000000 -0.975441 -0.220261 0.188847 -0.982006 0.000000 -0.354218 0.850124 -0.389640 -0.381802 -0.572703 -0.725423 0.000000 -0.998920 -0.046461 0.092623 -0.995701 0.000000 0.040250 -0.986133 0.161001 -0.071167 -0.996335 -0.047445 -0.020137 -0.986733 0.161099
0.000000 -0.975441 -0.220261 0.188847 -0.982006 0.000000 -0.317011 0.880587 -0.352235 -0.422452 -0.537667 -0.729691 0.000000 -0.998920 -0.046461 0.092623 -0.995701 0.000000 0.040250 -0.986133 0.161001 -0.071167 -0.996335 -0.047445 -0.020137 -0.986733 0.161099
0.000000 -0.975441 -0.220261 0.188847 -0.982006 0.000000 -0.203616 0.936632 -0.285062 -0.427527 -0.388661 -0.816188 0.000000 -0.998920 -0.046461 0.092623 -0.995701 0.000000 0.040250 -0.986133 0.161001 -0.071167 -0.996335 -0.047445 -0.020137 -0.986733 0.161099
0.000000 -0.975441 -0.220261 0.188847 -0.982006 0.000000 -0.212000 0.953998 -0.212000 -0.398488 -0.144905 -0.905654 0.000000 -0.998920 -0.046461 0.092623 -0.995701 0.000000 0.040250 -0.986133 0.161001 -0.071167 -0.996335 -0.047445 -0.020137 -0.986733 0.161099
0.000000 -0.975441 -0.220261 0.188847 -0.982006 0.000000 -0.085126 0.936382 -0.340503 -0.335377 -0.335377 -0.880366 0.000000 -0.998920 -0.046461 0.092599 -0.995434 -0.023150 0.040250 -0.986133 0.161001 -0.071167 -0.996335 -0.047445 -0.020137 -0.986733 0.161099
0.000000 -0.968277 -0.249878 0.188713 -0.981307 0.037743 0.000000 0.894427 -0.447214 -0.297402 -0.339887 -0.892205 0.000000 -0.998920 -0.046461 0.092599 -0.995434 -0.023150 0.040250 -0.986133 0.161001 -0.071167 -0.996335 -0.047445 -0.020137 -0.986733 0.161099
0.000000 -0.968277 -0.249878 0.188713 -0.981307 0.037743 0.175243 0.832405 -0.525730 -0.360867 -0.400963 -0.842023 0.000000 -0.998920 -0.046461 0.092599 -0.995434 -0.023150 0.040250 -0.986133 0.161001 -0.071167 -0.996335 -0.047445 -0.020137 -0.986733 0.161099
0.000000 -0.968277 -0.249878 0.224702 -0.973708 0.037450 0.338971 0.762684 -0.550828 -0.319744 -0.439648 -0.839329 0.000000 -0.998920 -0.046461 0.092599 -0.995434 -0.023150 0.040250 -0.986133 0.161001 -0.071167 -0.996335 -0.047445 -0.020137 -0.986733 0.161099
0.000000 -0.968277 -0.249878 0.224702 -0.973708 0.037450 0.473118 0.691481 -0.545906 -0.269032 -0.461197 -0.845529 0.000000 -0.998920 -0.046461 0.092599 -0.995434 -0.023150 0.040250 -0.986133 0.161001 -0.071167 -0.996335 -0.047445 -0.020137 -0.986733 0.161099
0.000000 -0.968277 -0.249878 0.224702 -0.973708 0.037450 0.586783 0.619382 -0.521585 -0.169031 -0.507093 -0.845154 0.000000 -0.998920 -0.046461 0.092623 -0.995701 0.000000 0.040250 -0.986133 0.161001 -0.071167 -0.996335 -0.047445 -0.020137 -0.986733 0.161099
0.000000 -0.968277 -0.249878 0.224702 -0.973708 0.037450 0.627147 0.595790 -0.501718 -0.124784 -0.540729 -0.831890 0.000000 -0.998920 -0.046461 0.092623 -0.995701 0.000000 0.040250 -0.986133 0.161001 -0.071167 -0.996335 -0.047445 -0.020068 -0.983349 0.180615
0.000000 -0.968277 -0.249878 0.224702 -0.973708 0.037450 0.624712 0.594964 -0.505719 -0.127000 -0.635001 -0.762001 -0.023224 -0.998651 -0.046449 0.092623 -0.995701 0.000000 0.040373 -0.989142 0.141306 -0.071167 -0.996335 -0.047445 -0.020068 -0.983349 0.180615
0.000000 -0.971850 -0.235600 0.224702 -0.973708 0.037450 0.593512 0.620490 -0.512578 -0.122988 -0.778924 -0.614940 -0.023776 -0.998586 -0.047552 0.092623 -0.995701 0.000000 0.040373 -0.989142 0.141306 -0.071167 -0.996335 -0.047445 -0.020068 -0.983349 0.180615
0.000000 -0.971850 -0.235600 0.224860 -0.974391 0.000000 0.591364 0.645124 -0.483843 -0.119145 -0.794301 -0.595726 -0.023776 -0.998586 -0.047552 0.092623 -0.995701 0.000000 0.040373 -0.989142 0.141306 -0.071067 -0.994937 -0.071067 -0.019992 -0.979608 0.199920
0.000000 -0.971850 -0.235600 0.224860 -0.974391 0.000000 0.591843 0.648209 -0.479111 -0.119145 -0.794301 -0.595726 -0.023776 -0.998586 -0.047552 0.092623 -0.995701 0.000000 0.040373 -0.989142 0.141306 -0.071067 -0.994937 -0.071067 -0.019992 -0.979608 0.199920
0.000000 -0.971850 -0.235600 0.224860 -0.974391 0.000000 0.591843 0.648209 -0.479111 -0.119145 -0.794301 -0.595726 -0.023776 -0.998586 -0.047552 0.092623 -0.995701 0.000000 0.040373 -0.989142 0.141306 -0.071067 -0.994937 -0.071067 0.000000 -0.979804 0.199960
-0.030303 -0.969697 -0.242424 0.224860 -0.974391 0.000000 0.573068 0.659028 -0.487108 -0.119145 -0.794301 -0.595726 -0.023776 -0.998586 -0.047552 0.092623 -0.995701 0.000000 0.040373 -0.989142 0.141306 -0.071067 -0.994937 -0.071067 0.000000 -0.979804 0.199960
-0.030303 -0.969697 -0.242424 0.224860 -0.974391 0.000000 0.572611 0.663024 -0.482199 -0.116863 -0.740135 -0.662226 -0.023776 -0.998586 -0.047552 0.092623 -0.995701 0.000000 0.040373 -0.989142 0.141306 -0.071067 -0.994937 -0.071067 0.000000 -0.979804 0.199960
-0.029437 -0.971429 -0.235498 0.224860 -0.974391 0.000000 0.584132 0.645619 -0.491900 -0.159490 -0.717707 -0.677834 -0.023776 -0.998586 -0.047552 0.092623 -0.995701 0.000000 0.040373 -0.989142 0.141306 -0.094570 -0.992988 -0.070928 0.000000 -0.979804 0.199960
-0.029630 -0.977805 -0.207413 0.224860 -0.974391 0.000000 0.574989 0.638877 -0.511101 -0.159490 -0.717707 -0.677834 -0.023776 -0.998586 -0.047552 0.092623 -0.995701 0.000000 0.040373 -0.989142 0.141306 -0.094570 -0.992988 -0.070928 0.000000 -0.979804 0.199960
-0.029630 -0.977805 -0.207413 0.224860 -0.974391 0.000000 0.574989 0.638877 -0.511101 -0.159490 -0.717707 -0.677834 -0.023776 -0.998586 -0.047552 0.092623 -0.995701 0.000000 0.040373 -0.989142 0.141306 -0.094570 -0.992988 -0.070928 0.000000 -0.979804 0.199960
-0.029630 -0.977805 -0.207413 0.224860 -0.974391 0.000000 0.586783 0.619382 -0.521585 -0.164122 -0.697518 -0.697518 -0.023776 -0.998586 -0.047552 0.092623 -0.995701 0.000000 0.040373 -0.989142 0.141306 -0.094570 -0.992988 -0.070928 0.000000 -0.979804 0.199960
-0.029437 -0.971429 -0.235498 0.188713 -0.981307 0.037743 0.586783 0.619382 -0.521585 -0.164122 -0.697518 -0.697518 -0.023776 -0.998586 -0.047552 0.092623 -0.995701 0.000000 0.040373 -0.989142 0.141306 -0.071067 -0.994937 -0.071067 0.000000 -0.979804 0.199960
-0.030303 -0.969697 -0.242424 0.188713 -0.981307 0.037743 0.574989 0.638877 -0.511101 -0.159490 -0.717707 -0.677834 -0.023776 -0.998586 -0.047552 0.092623 -0.995701 0.000000 0.040373 -0.989142 0.141306 -0.071067 -0.994937 -0.071067 0.000000 -0.979804 0.199960
