-0.031220 -0.967805 -0.249756 0.224860 -0.974391 0.000000 -0.269484 0.916246 -0.296432 -0.433148 -0.736352 -0.519778 -0.023224 -0.998651 -0.046449 0.096844 -0.992646 -0.072633 0.059143 -0.985712 0.157714 -0.072954 -0.997039 -0.024318 -0.019608 -0.980392 0.196078
-0.031220 -0.967805 -0.249756 0.224860 -0.974391 0.000000 -0.201569 0.892664 -0.403139 -0.400099 -0.711287 -0.577920 -0.023224 -0.998651 -0.046449 0.096844 -0.992646 -0.072633 0.059143 -0.985712 0.157714 -0.072889 -0.996156 -0.048593 -0.019608 -0.980392 0.196078
-0.031220 -0.967805 -0.249756 0.224860 -0.974391 0.000000 -0.176666 0.918665 -0.353333 -0.350150 -0.568995 -0.744070 0.000000 -0.998920 -0.046461 0.096844 -0.992646 -0.072633 0.059143 -0.985712 0.157714 -0.072889 -0.996156 -0.048593 -0.019608 -0.980392 0.196078
-0.031220 -0.967805 -0.249756 0.224860 -0.974391 0.000000 0.000000 0.910366 -0.413803 -0.379305 -0.463595 -0.800755 0.000000 -0.998920 -0.046461 0.096844 -0.992646 -0.072633 0.059143 -0.985712 0.157714 -0.072889 -0.996156 -0.048593 -0.019608 -0.980392 0.196078
-0.031220 -0.967805 -0.249756 0.224860 -0.974391 0.000000 0.040622 0.893689 -0.446844 -0.330759 -0.454794 -0.826898 0.000000 -0.998920 -0.046461 0.096844 -0.992646 -0.072633 0.059143 -0.985712 0.157714 -0.072889 -0.996156 -0.048593 -0.019608 -0.980392 0.196078
-0.031220 -0.967805 -0.249756 0.224702 -0.973708 -0.037450 0.205152 0.820610 -0.533396 -0.298753 -0.426790 -0.853579 0.000000 -0.998920 -0.046461 0.096844 -0.992646 -0.072633 0.059143 -0.985712 0.157714 -0.072889 -0.996156 -0.048593 -0.019608 -0.980392 0.196078
-0.031220 -0.967805 -0.249756 0.224702 -0.973708 -0.037450 0.482475 0.705156 -0.519589 -0.293198 -0.460739 -0.837708 0.000000 -0.998920 -0.046461 0.096844 -0.992646 -0.072633 0.059143 -0.985712 0.157714 -0.072889 -0.996156 -0.048593 -0.019608 -0.980392 0.196078
-0.031220 -0.967805 -0.249756 0.224702 -0.973708 -0.037450 0.624695 0.624695 -0.468521 -0.249136 -0.498273 -0.830455 0.000000 -0.998920 -0.046461 0.096844 -0.992646 -0.072633 0.059143 -0.985712 0.157714 -0.072889 -0.996156 -0.048593 -0.019608 -0.980392 0.196078
-0.031220 -0.967805 -0.249756 0.224702 -0.973708 -0.037450 0.667424 0.572078 -0.476731 -0.214176 -0.599694 -0.771035 0.000000 -0.998920 -0.046461 0.096844 -0.992646 -0.072633 0.059143 -0.985712 0.157714 -0.072889 -0.996156 -0.048593 -0.019608 -0.980392 0.196078
-0.031220 -0.967805 -0.249756 0.224702 -0.973708 -0.037450 0.712173 0.526389 -0.464461 -0.248069 -0.620174 -0.744208 0.000000 -0.998920 -0.046461 0.096844 -0.992646 -0.072633 0.059143 -0.985712 0.157714 -0.072889 -0.996156 -0.048593 -0.019608 -0.980392 0.196078
-0.031220 -0.967805 -0.249756 0.224702 -0.973708 -0.037450 0.701820 0.518736 -0.488223 -0.209427 -0.670166 -0.712052 0.023224 -0.998651 -0.046449 0.096844 -0.992646 -0.072633 0.059143 -0.985712 0.157714 -0.072889 -0.996156 -0.048593 -0.019608 -0.980392 0.196078
-0.031220 -0.967805 -0.249756 0.224702 -0.973708 -0.037450 0.701820 0.518736 -0.488223 -0.209427 -0.712052 -0.670166 0.023776 -0.998586 -0.047552 0.096844 -0.992646 -0.072633 0.059143 -0.985712 0.157714 -0.072889 -0.996156 -0.048593 -0.019608 -0.980392 0.196078
-0.031220 -0.967805 -0.249756 0.224702 -0.973708 -0.037450 0.685828 0.529958 -0.498784 -0.209427 -0.712052 -0.670166 0.023776 -0.998586 -0.047552 0.096844 -0.992646 -0.072633 0.059143 -0.985712 0.157714 -0.072889 -0.996156 -0.048593 -0.019608 -0.980392 0.196078
-0.031220 -0.967805 -0.249756 0.224702 -0.973708 -0.037450 0.657213 0.563326 -0.500734 -0.203279 -0.731804 -0.650493 0.023776 -0.998586 -0.047552 0.096844 -0.992646 -0.072633 0.059143 -0.985712 0.157714 -0.072889 -0.996156 -0.048593 -0.019529 -0.976458 0.214821
-0.030303 -0.969697 -0.242424 0.224702 -0.973708 -0.037450 0.638877 0.574989 -0.511101 -0.203279 -0.731804 -0.650493 0.023776 -0.998586 -0.047552 0.096844 -0.992646 -0.072633 0.059143 -0.985712 0.157714 -0.072889 -0.996156 -0.048593 -0.019529 -0.976458 0.214821
-0.029437 -0.971429 -0.235498 0.224702 -0.973708 -0.037450 0.638877 0.574989 -0.511101 -0.203279 -0.731804 -0.650493 0.023776 -0.998586 -0.047552 0.096844 -0.992646 -0.072633 0.059143 -0.985712 0.157714 -0.072889 -0.996156 -0.048593 -0.019529 -0.976458 0.214821
-0.030303 -0.969697 -0.242424 0.224702 -0.973708 -0.037450 0.619382 0.586783 -0.521585 -0.163846 -0.737309 -0.655386 0.023776 -0.998586 -0.047552 0.096844 -0.992646 -0.072633 0.059143 -0.985712 0.157714 -0.072889 -0.996156 -0.048593 -0.019529 -0.976458 0.214821
-0.060523 -0.968364 -0.242091 0.224702 -0.973708 -0.037450 0.619382 0.586783 -0.521585 -0.163846 -0.737309 -0.655386 0.023776 -0.998586 -0.047552 0.096844 -0.992646 -0.072633 0.059143 -0.985712 0.157714 -0.072954 -0.997039 -0.024318 -0.019529 -0.976458 0.214821
-0.060523 -0.968364 -0.242091 0.224702 -0.973708 -0.037450 0.631233 0.564787 -0.531564 -0.168880 -0.717741 -0.675521 0.023776 -0.998586 -0.047552 0.096844 -0.992646 -0.072633 0.059143 -0.985712 0.157714 -0.072954 -0.997039 -0.024318 -0.019529 -0.976458 0.214821
-0.060523 -0.968364 -0.242091 0.224702 -0.973708 -0.037450 0.608799 0.576757 -0.544715 -0.173749 -0.738433 -0.651558 0.023776 -0.998586 -0.047552 0.096844 -0.992646 -0.072633 0.059143 -0.985712 0.157714 -0.072954 -0.997039 -0.024318 -0.019529 -0.976458 0.214821
-0.060523 -0.968364 -0.242091 0.224702 -0.973708 -0.037450 0.608799 0.576757 -0.544715 -0.173749 -0.738433 -0.651558 0.023776 -0.998586 -0.047552 0.096844 -0.992646 -0.072633 0.059143 -0.985712 0.157714 -0.072954 -0.997039 -0.024318 -0.019529 -0.976458 0.214821
-0.060523 -0.968364 -0.242091 0.188713 -0.981307 -0.037743 0.620042 0.554774 -0.554774 -0.173749 -0.738433 -0.651558 0.023776 -0.998586 -0.047552 0.096844 -0.992646 -0.072633 0.059143 -0.985712 0.157714 -0.072954 -0.997039 -0.024318 -0.019529 -0.976458 0.214821
-0.031220 -0.967805 -0.249756 0.151947 -0.987658 -0.037987 0.609208 0.507673 -0.609208 -0.173749 -0.738433 -0.651558 0.023776 -0.998586 -0.047552 0.096844 -0.992646 -0.072633 0.059143 -0.985712 0.157714 -0.072954 -0.997039 -0.024318 -0.019529 -0.976458 0.214821
