-0.032444 -0.973329 -0.227110 0.188847 -0.982006 0.000000 0.000000 0.894427 -0.447214 -0.547885 -0.547885 -0.632175 -0.023224 -0.998651 -0.046449 0.047552 -0.998586 -0.023776 0.019680 -0.983993 0.177119 -0.120736 -0.990038 -0.072442 0.000000 -0.980581 0.196116
-0.032444 -0.973329 -0.227110 0.188847 -0.982006 0.000000 0.000000 0.907959 -0.419058 -0.588984 -0.504844 -0.631055 -0.023224 -0.998651 -0.046449 0.047552 -0.998586 -0.023776 0.019680 -0.983993 0.177119 -0.120736 -0.990038 -0.072442 0.000000 -0.980581 0.196116
-0.032444 -0.973329 -0.227110 0.188847 -0.982006 0.000000 -0.034711 0.937184 -0.347105 -0.588984 -0.504844 -0.631055 -0.023224 -0.998651 -0.046449 0.047552 -0.998586 -0.023776 0.019680 -0.983993 0.177119 -0.120736 -0.990038 -0.072442 0.000000 -0.980581 0.196116
-0.032444 -0.973329 -0.227110 0.188847 -0.982006 0.000000 -0.070100 0.946350 -0.315450 -0.604708 -0.518321 -0.604708 -0.023224 -0.998651 -0.046449 0.047552 -0.998586 -0.023776 0.019680 -0.983993 0.177119 -0.120736 -0.990038 -0.072442 0.000000 -0.980581 0.196116
-0.032444 -0.973329 -0.227110 0.188847 -0.982006 0.000000 -0.070844 0.956389 -0.283375 -0.604708 -0.518321 -0.604708 -0.023224 -0.998651 -0.046449 0.047552 -0.998586 -0.023776 0.019680 -0.983993 0.177119 -0.120736 -0.990038 -0.072442 0.000000 -0.980581 0.196116
-0.032444 -0.973329 -0.227110 0.188847 -0.982006 0.000000 -0.105934 0.953403 -0.282490 -0.604708 -0.518321 -0.604708 -0.023224 -0.998651 -0.046449 0.047552 -0.998586 -0.023776 0.019680 -0.983993 0.177119 -0.120736 -0.990038 -0.072442 0.000000 -0.980581 0.196116
-0.032444 -0.973329 -0.227110 0.188847 -0.982006 0.000000 -0.111726 0.968291 -0.223452 -0.601351 -0.472490 -0.644305 -0.023224 -0.998651 -0.046449 0.047552 -0.998586 -0.023776 0.019680 -0.983993 0.177119 -0.120736 -0.990038 -0.072442 0.000000 -0.980581 0.196116
-0.032444 -0.973329 -0.227110 0.188847 -0.982006 0.000000 -0.198107 0.950915 -0.237729 -0.576215 -0.531891 -0.620539 -0.023224 -0.998651 -0.046449 0.047552 -0.998586 -0.023776 0.019680 -0.983993 0.177119 -0.120736 -0.990038 -0.072442 0.000000 -0.980581 0.196116
-0.032444 -0.973329 -0.227110 0.188847 -0.982006 0.000000 -0.254457 0.933008 -0.254457 -0.470757 -0.556349 -0.684737 -0.023224 -0.998651 -0.046449 0.047552 -0.998586 -0.023776 0.019680 -0.983993 0.177119 -0.120736 -0.990038 -0.072442 0.000000 -0.980581 0.196116
-0.032444 -0.973329 -0.227110 0.188847 -0.982006 0.000000 -0.272446 0.908153 -0.317854 -0.387657 -0.559950 -0.732242 -0.023224 -0.998651 -0.046449 0.047552 -0.998586 -0.023776 0.019680 -0.983993 0.177119 -0.120736 -0.990038 -0.072442 0.000000 -0.980581 0.196116
-0.032444 -0.973329 -0.227110 0.188847 -0.982006 0.000000 -0.172452 0.905374 -0.388018 -0.302920 -0.605839 -0.735662 -0.023224 -0.998651 -0.046449 0.047511 -0.997740 -0.047511 0.019608 -0.980392 0.196078 -0.120736 -0.990038 -0.072442 0.000000 -0.980581 0.196116
-0.032444 -0.973329 -0.227110 0.188847 -0.982006 0.000000 0.041310 0.867502 -0.495715 -0.295015 -0.632175 -0.716465 -0.023224 -0.998651 -0.046449 0.047511 -0.997740 -0.047511 0.019608 -0.980392 0.196078 -0.120736 -0.990038 -0.072442 0.000000 -0.980581 0.196116
-0.032444 -0.973329 -0.227110 0.188847 -0.982006 0.000000 0.109618 0.803863 -0.584627 -0.173749 -0.651558 -0.738433 -0.023224 -0.998651 -0.046449 0.047511 -0.997740 -0.047511 0.019680 -0.983993 0.177119 -0.120736 -0.990038 -0.072442 0.000000 -0.980581 0.196116
-0.032444 -0.973329 -0.227110 0.188847 -0.982006 0.000000 0.330049 0.759113 -0.561084 -0.127000 -0.635001 -0.762001 -0.023224 -0.998651 -0.046449 0.047552 -0.998586 -0.023776 0.019745 -0.987248 0.157960 -0.120736 -0.990038 -0.072442 0.000000 -0.980581 0.196116
-0.032444 -0.973329 -0.227110 0.188847 -0.982006 0.000000 0.480457 0.690656 -0.540514 -0.082761 -0.662085 -0.744845 -0.023224 -0.998651 -0.046449 0.047552 -0.998586 -0.023776 0.019745 -0.987248 0.157960 -0.096844 -0.992646 -0.072633 0.000000 -0.980581 0.196116
-0.032444 -0.973329 -0.227110 0.188847 -0.982006 0.000000 0.565008 0.649759 -0.508507 -0.085358 -0.725542 -0.682863 -0.023224 -0.998651 -0.046449 0.071227 -0.997178 -0.023742 0.019745 -0.987248 0.157960 -0.096844 -0.992646 -0.072633 0.000000 -0.980581 0.196116
-0.032444 -0.973329 -0.227110 0.188713 -0.981307 -0.037743 0.573462 0.655386 -0.491539 -0.042640 -0.767523 -0.639602 -0.023224 -0.998651 -0.046449 0.071227 -0.997178 -0.023742 0.019745 -0.987248 0.157960 -0.099228 -0.992278 -0.074421 0.000000 -0.980581 0.196116
-0.032444 -0.973329 -0.227110 0.188713 -0.981307 -0.037743 0.609701 0.637415 -0.471133 -0.042640 -0.767523 -0.639602 -0.023224 -0.998651 -0.046449 0.071247 -0.997459 0.000000 0.019745 -0.987248 0.157960 -0.099228 -0.992278 -0.074421 0.000000 -0.980581 0.196116
-0.032444 -0.973329 -0.227110 0.188713 -0.981307 -0.037743 0.609701 0.637415 -0.471133 -0.042333 -0.804334 -0.592667 0.000000 -0.998920 -0.046461 0.071247 -0.997459 0.000000 0.019745 -0.987248 0.157960 -0.099228 -0.992278 -0.074421 0.000000 -0.980581 0.196116
-0.032444 -0.973329 -0.227110 0.188713 -0.981307 -0.037743 0.628828 0.628828 -0.457330 -0.084440 -0.802181 -0.591080 0.000000 -0.998868 -0.047565 0.071247 -0.997459 0.000000 0.019745 -0.987248 0.157960 -0.099228 -0.992278 -0.074421 0.000000 -0.980581 0.196116
-0.031220 -0.967805 -0.249756 0.196116 -0.980581 0.000000 0.611075 0.640174 -0.465581 -0.084440 -0.802181 -0.591080 0.000000 -0.998868 -0.047565 0.071247 -0.997459 0.000000 0.019745 -0.987248 0.157960 -0.099228 -0.992278 -0.074421 0.000000 -0.980581 0.196116
-0.031220 -0.967805 -0.249756 0.196116 -0.980581 0.000000 0.602712 0.631413 -0.487910 -0.086548 -0.822210 -0.562565 0.000000 -0.998868 -0.047565 0.071247 -0.997459 0.000000 0.019745 -0.987248 0.157960 -0.099228 -0.992278 -0.074421 0.000000 -0.980581 0.196116
-0.031220 -0.967805 -0.249756 0.196116 -0.980581 0.000000 0.583957 0.642353 -0.496364 -0.086548 -0.822210 -0.562565 0.000000 -0.998868 -0.047565 0.071247 -0.997459 0.000000 0.019745 -0.987248 0.157960 -0.099228 -0.992278 -0.074421 0.000000 -0.980581 0.196116
-0.031220 -0.967805 -0.249756 0.196116 -0.980581 0.000000 0.583957 0.642353 -0.496364 -0.086548 -0.822210 -0.562565 0.000000 -0.998868 -0.047565 0.071247 -0.997459 0.000000 0.019745 -0.987248 0.157960 -0.099228 -0.992278 -0.074421 0.000000 -0.980581 0.196116
-0.031220 -0.967805 -0.249756 0.196116 -0.980581 0.000000 0.583957 0.642353 -0.496364 -0.124784 -0.831890 -0.540729 0.000000 -0.998868 -0.047565 0.071247 -0.997459 0.000000 0.019745 -0.987248 0.157960 -0.099228 -0.992278 -0.074421 0.000000 -0.980581 0.196116
-0.031450 -0.974958 -0.220152 0.196116 -0.980581 0.000000 0.583957 0.642353 -0.496364 -0.121967 -0.813116 -0.569181 0.000000 -0.998868 -0.047565 0.071227 -0.997178 -0.023742 0.019680 -0.983993 0.177119 -0.099228 -0.992278 -0.074421 0.000000 -0.980581 0.196116
-0.031450 -0.974958 -0.220152 0.196116 -0.980581 0.000000 0.583957 0.642353 -0.496364 -0.121967 -0.813116 -0.569181 0.000000 -0.998868 -0.047565 0.047511 -0.997740 -0.047511 0.020068 -0.983349 0.180615 -0.099228 -0.992278 -0.074421 0.000000 -0.980581 0.196116
-0.031450 -0.974958 -0.220152 0.196116 -0.980581 0.000000 0.583957 0.642353 -0.496364 -0.121967 -0.813116 -0.569181 0.000000 -0.998868 -0.047565 0.047511 -0.997740 -0.047511 0.020068 -0.983349 0.180615 -0.099228 -0.992278 -0.074421 0.000000 -0.980581 0.196116
-0.031450 -0.974958 -0.220152 0.195965 -0.979827 -0.039193 0.583957 0.642353 -0.496364 -0.121967 -0.813116 -0.569181 0.000000 -0.998868 -0.047565 0.047511 -0.997740 -0.047511 0.020068 -0.983349 0.180615 -0.099228 -0.992278 -0.074421 0.000000 -0.980581 0.196116
-0.031450 -0.974958 -0.220152 0.195965 -0.979827 -0.039193 0.575435 0.632979 -0.517892 -0.121967 -0.813116 -0.569181 0.000000 -0.998868 -0.047565 0.047511 -0.997740 -0.047511 0.020137 -0.986733 0.161099 -0.099228 -0.992278 -0.074421 0.000000 -0.980581 0.196116
-0.031450 -0.974958 -0.220152 0.195965 -0.979827 -0.039193 0.547117 0.633504 -0.547117 -0.124784 -0.831890 -0.540729 0.000000 -0.998868 -0.047565 0.047511 -0.997740 -0.047511 0.020137 -0.986733 0.161099 -0.099228 -0.992278 -0.074421 0.000000 -0.980581 0.196116
