-0.032444 -0.973329 -0.227110 0.216789 -0.975550 0.036131 -0.339629 0.864511 -0.370505 -0.591080 -0.591080 -0.548860 0.000000 -0.999730 -0.023250 0.071227 -0.997178 -0.023742 0.059143 -0.985712 0.157714 -0.094570 -0.992988 -0.070928 -0.020137 -0.986733 0.161099
-0.032444 -0.973329 -0.227110 0.216789 -0.975550 0.036131 -0.419570 0.874105 -0.244749 -0.529840 -0.489083 -0.692868 0.000000 -0.999730 -0.023250 0.071227 -0.997178 -0.023742 0.059143 -0.985712 0.157714 -0.094570 -0.992988 -0.070928 -0.020137 -0.986733 0.161099
-0.032444 -0.973329 -0.227110 0.216789 -0.975550 0.036131 -0.419982 0.878144 -0.229081 -0.524637 -0.443924 -0.726421 0.000000 -0.999730 -0.023250 0.071227 -0.997178 -0.023742 0.059143 -0.985712 0.157714 -0.094570 -0.992988 -0.070928 -0.020137 -0.986733 0.161099
-0.032444 -0.973329 -0.227110 0.216789 -0.975550 0.036131 -0.323381 0.889297 -0.323381 -0.525924 -0.364101 -0.768658 0.000000 -0.999730 -0.023250 0.071227 -0.997178 -0.023742 0.059143 -0.985712 0.157714 -0.094570 -0.992988 -0.070928 -0.020137 -0.986733 0.161099
-0.032444 -0.973329 -0.227110 0.216789 -0.975550 0.036131 -0.123195 0.903432 -0.410651 -0.503066 -0.335377 -0.796521 0.000000 -0.999730 -0.023250 0.071227 -0.997178 -0.023742 0.059143 -0.985712 0.157714 -0.094570 -0.992988 -0.070928 -0.020137 -0.986733 0.161099
-0.032444 -0.973329 -0.227110 0.216789 -0.975550 0.036131 0.084066 0.882696 -0.462364 -0.454794 -0.330759 -0.826898 0.000000 -0.999730 -0.023250 0.071227 -0.997178 -0.023742 0.059143 -0.985712 0.157714 -0.071067 -0.994937 -0.071067 -0.020137 -0.986733 0.161099
0.000000 -0.973841 -0.227230 0.216789 -0.975550 0.036131 0.153168 0.804132 -0.574380 -0.366813 -0.448327 -0.815139 0.000000 -0.999730 -0.023250 0.071227 -0.997178 -0.023742 0.059143 -0.985712 0.157714 -0.071067 -0.994937 -0.071067 -0.020137 -0.986733 0.161099
0.000000 -0.973841 -0.227230 0.216789 -0.975550 0.036131 0.374503 0.674105 -0.636655 -0.360000 -0.480000 -0.800000 0.000000 -0.999730 -0.023250 0.071227 -0.997178 -0.023742 0.059143 -0.985712 0.157714 -0.071067 -0.994937 -0.071067 -0.020137 -0.986733 0.161099
0.000000 -0.973841 -0.227230 0.216789 -0.975550 0.036131 0.524631 0.586353 -0.617213 -0.321029 -0.561801 -0.762444 0.000000 -0.999730 -0.023250 0.071227 -0.997178 -0.023742 0.059143 -0.985712 0.157714 -0.071067 -0.994937 -0.071067 -0.020137 -0.986733 0.161099
0.000000 -0.973841 -0.227230 0.216789 -0.975550 0.036131 0.634039 0.483077 -0.603847 -0.277787 -0.595257 -0.753992 0.000000 -0.999730 -0.023250 0.069580 -0.997307 -0.023193 0.060314 -0.985136 0.160839 -0.071067 -0.994937 -0.071067 -0.020137 -0.986733 0.161099
0.000000 -0.973841 -0.227230 0.216789 -0.975550 0.036131 0.663024 0.482199 -0.572611 -0.241747 -0.644658 -0.725241 0.000000 -0.999730 -0.023250 0.092599 -0.995434 -0.023150 0.040250 -0.986133 0.161001 -0.094570 -0.992988 -0.070928 -0.020137 -0.986733 0.161099
0.000000 -0.973841 -0.227230 0.216789 -0.975550 0.036131 0.700517 0.456859 -0.548230 -0.235521 -0.667308 -0.706562 0.000000 -0.998920 -0.046461 0.092599 -0.995434 -0.023150 0.040250 -0.986133 0.161001 -0.094570 -0.992988 -0.070928 -0.020068 -0.983349 0.180615
0.000000 -0.973841 -0.227230 0.216789 -0.975550 0.036131 0.734333 0.446986 -0.510841 -0.235521 -0.706562 -0.667308 0.000000 -0.998920 -0.046461 0.092599 -0.995434 -0.023150 0.040250 -0.986133 0.161001 -0.094570 -0.992988 -0.070928 -0.020068 -0.983349 0.180615
0.000000 -0.973841 -0.227230 0.216789 -0.975550 0.036131 0.712173 0.464461 -0.526389 -0.197334 -0.749870 -0.631470 0.000000 -0.998920 -0.046461 0.092599 -0.995434 -0.023150 0.040250 -0.986133 0.161001 -0.094570 -0.992988 -0.070928 -0.020068 -0.983349 0.180615
0.000000 -0.973841 -0.227230 0.216789 -0.975550 0.036131 0.696398 0.474817 -0.538126 -0.197334 -0.749870 -0.631470 0.000000 -0.999730 -0.023250 0.092599 -0.995434 -0.023150 0.040250 -0.986133 0.161001 -0.094570 -0.992988 -0.070928 -0.020068 -0.983349 0.180615
0.000000 -0.975441 -0.220261 0.224702 -0.973708 0.037450 0.674453 0.490511 -0.551825 -0.197334 -0.749870 -0.631470 0.000000 -0.999730 -0.023250 0.092599 -0.995434 -0.023150 0.040250 -0.986133 0.161001 -0.094570 -0.992988 -0.070928 -0.020068 -0.983349 0.180615
0.000000 -0.976900 -0.213697 0.224702 -0.973708 0.037450 0.657213 0.500734 -0.563326 -0.197334 -0.749870 -0.631470 0.023243 -0.999460 -0.023243 0.092599 -0.995434 -0.023150 0.040250 -0.986133 0.161001 -0.094570 -0.992988 -0.070928 -0.020068 -0.983349 0.180615
0.000000 -0.976900 -0.213697 0.224860 -0.974391 0.000000 0.617213 0.524631 -0.586353 -0.197334 -0.749870 -0.631470 0.023243 -0.999460 -0.023243 0.092599 -0.995434 -0.023150 0.040250 -0.986133 0.161001 -0.094570 -0.992988 -0.070928 -0.020068 -0.983349 0.180615
-0.030514 -0.976445 -0.213597 0.224860 -0.974391 0.000000 0.617213 0.524631 -0.586353 -0.197334 -0.749870 -0.631470 0.023796 -0.999434 -0.023796 0.092599 -0.995434 -0.023150 0.040250 -0.986133 0.161001 -0.094570 -0.992988 -0.070928 -0.020068 -0.983349 0.180615
-0.030514 -0.976445 -0.213597 0.224860 -0.974391 0.000000 0.635780 0.514679 -0.575230 -0.234798 -0.743527 -0.626128 0.023796 -0.999434 -0.023796 0.092599 -0.995434 -0.023150 0.040250 -0.986133 0.161001 -0.094570 -0.992988 -0.070928 -0.020068 -0.983349 0.180615
-0.030514 -0.976445 -0.213597 0.224860 -0.974391 0.000000 0.625821 0.536418 -0.566219 -0.234798 -0.743527 -0.626128 0.023796 -0.999434 -0.023796 0.092599 -0.995434 -0.023150 0.040250 -0.986133 0.161001 -0.094570 -0.992988 -0.070928 -0.020068 -0.983349 0.180615
-0.031450 -0.974958 -0.220152 0.224860 -0.974391 0.000000 0.607177 0.546459 -0.576818 -0.234798 -0.743527 -0.626128 0.023796 -0.999434 -0.023796 0.092599 -0.995434 -0.023150 0.040250 -0.986133 0.161001 -0.071167 -0.996335 -0.047445 -0.020068 -0.983349 0.180615
