-0.031450 -0.974958 -0.220152 0.259259 -0.962963 0.074074 -0.425797 0.798369 -0.425797 -0.348155 -0.870388 -0.348155 0.023224 -0.998651 -0.046449 0.094809 -0.995495 0.000000 0.039337 -0.983422 0.177016 -0.072954 -0.997039 -0.024318 0.000000 -0.983547 0.180652
-0.031450 -0.974958 -0.220152 0.259259 -0.962963 0.074074 -0.439554 0.824163 -0.357137 -0.349149 -0.829228 -0.436436 0.023224 -0.998651 -0.046449 0.094809 -0.995495 0.000000 0.039337 -0.983422 0.177016 -0.072954 -0.997039 -0.024318 0.000000 -0.983547 0.180652
-0.031450 -0.974958 -0.220152 0.259259 -0.962963 0.074074 -0.435377 0.841730 -0.319277 -0.346844 -0.780399 -0.520266 0.023224 -0.998651 -0.046449 0.094809 -0.995495 0.000000 0.039337 -0.983422 0.177016 -0.072889 -0.996156 -0.048593 0.000000 -0.979804 0.199960
-0.031450 -0.974958 -0.220152 0.259259 -0.962963 0.074074 -0.327086 0.862316 -0.386556 -0.346844 -0.780399 -0.520266 0.023224 -0.998651 -0.046449 0.094809 -0.995495 0.000000 0.039337 -0.983422 0.177016 -0.072889 -0.996156 -0.048593 0.000000 -0.978980 0.203954
-0.031450 -0.974958 -0.220152 0.259259 -0.962963 0.074074 -0.182574 0.912871 -0.365148 -0.379642 -0.632737 -0.674919 0.023224 -0.998651 -0.046449 0.071247 -0.997459 0.000000 0.058948 -0.982472 0.176845 -0.072889 -0.996156 -0.048593 0.000000 -0.982872 0.184289
-0.031450 -0.974958 -0.220152 0.259259 -0.962963 0.074074 -0.039193 0.901441 -0.431124 -0.375653 -0.542610 -0.751305 0.023224 -0.998651 -0.046449 0.071247 -0.997459 0.000000 0.039337 -0.983422 0.177016 -0.072889 -0.996156 -0.048593 0.000000 -0.982872 0.184289
-0.031450 -0.974958 -0.220152 0.259259 -0.962963 0.074074 0.192024 0.844905 -0.499262 -0.371787 -0.495715 -0.784883 0.023224 -0.998651 -0.046449 0.071247 -0.997459 0.000000 0.039337 -0.983422 0.177016 -0.072889 -0.996156 -0.048593 0.000000 -0.982872 0.184289
-0.031450 -0.974958 -0.220152 0.259259 -0.962963 0.074074 0.336146 0.773137 -0.537834 -0.360000 -0.480000 -0.800000 0.023224 -0.998651 -0.046449 0.072976 -0.997334 0.000000 0.039337 -0.983422 0.177016 -0.072889 -0.996156 -0.048593 0.000000 -0.978980 0.203954
-0.031654 -0.981288 -0.189927 0.259259 -0.962963 0.074074 0.511101 0.638877 -0.574989 -0.330759 -0.454794 -0.826898 0.023224 -0.998651 -0.046449 0.071247 -0.997459 0.000000 0.039467 -0.986671 0.157867 -0.072889 -0.996156 -0.048593 0.000000 -0.979804 0.199960
-0.031450 -0.974958 -0.220152 0.259259 -0.962963 0.074074 0.566666 0.566666 -0.598147 -0.310881 -0.577350 -0.754997 0.023224 -0.998651 -0.046449 0.071247 -0.997459 0.000000 0.039467 -0.986671 0.157867 -0.072889 -0.996156 -0.048593 0.000000 -0.979804 0.199960
-0.032444 -0.973329 -0.227110 0.259794 -0.964951 0.037113 0.685435 0.485516 -0.542636 -0.271607 -0.633750 -0.724286 0.023224 -0.998651 -0.046449 0.071247 -0.997459 0.000000 0.039467 -0.986671 0.157867 -0.072889 -0.996156 -0.048593 0.000000 -0.979804 0.199960
-0.032444 -0.973329 -0.227110 0.259794 -0.964951 0.037113 0.685435 0.485516 -0.542636 -0.222277 -0.666831 -0.711287 0.023224 -0.998651 -0.046449 0.071247 -0.997459 0.000000 0.039467 -0.986671 0.157867 -0.072889 -0.996156 -0.048593 0.000000 -0.979804 0.199960
-0.032444 -0.973329 -0.227110 0.259794 -0.964951 0.037113 0.694850 0.463233 -0.550090 -0.215766 -0.690451 -0.690451 0.023224 -0.998651 -0.046449 0.071247 -0.997459 0.000000 0.039467 -0.986671 0.157867 -0.072889 -0.996156 -0.048593 0.000000 -0.979804 0.199960
-0.032444 -0.973329 -0.227110 0.259794 -0.964951 0.037113 0.720189 0.460921 -0.518536 -0.215766 -0.690451 -0.690451 0.023224 -0.998651 -0.046449 0.071247 -0.997459 0.000000 0.039467 -0.986671 0.157867 -0.072889 -0.996156 -0.048593 0.000000 -0.979804 0.199960
-0.032444 -0.973329 -0.227110 0.259794 -0.964951 0.037113 0.704058 0.440036 -0.557379 -0.222277 -0.711287 -0.666831 0.023224 -0.998651 -0.046449 0.071247 -0.997459 0.000000 0.039467 -0.986671 0.157867 -0.072889 -0.996156 -0.048593 0.000000 -0.979804 0.199960
-0.062807 -0.973515 -0.219826 0.259794 -0.964951 0.037113 0.669840 0.495099 -0.553346 -0.215365 -0.732242 -0.646096 0.046411 -0.997844 -0.046411 0.071247 -0.997459 0.000000 0.039467 -0.986671 0.157867 -0.072889 -0.996156 -0.048593 0.000000 -0.979804 0.199960
-0.062807 -0.973515 -0.219826 0.259794 -0.964951 0.037113 0.664231 0.513270 -0.543462 -0.208696 -0.751305 -0.626088 0.047511 -0.997740 -0.047511 0.071247 -0.997459 0.000000 0.039467 -0.986671 0.157867 -0.072889 -0.996156 -0.048593 0.000000 -0.979804 0.199960
-0.062807 -0.973515 -0.219826 0.259794 -0.964951 0.037113 0.653305 0.504827 -0.564218 -0.208696 -0.751305 -0.626088 0.047552 -0.998586 -0.023776 0.071247 -0.997459 0.000000 0.039467 -0.986671 0.157867 -0.072889 -0.996156 -0.048593 0.000000 -0.979804 0.199960
-0.062807 -0.973515 -0.219826 0.259794 -0.964951 0.037113 0.635780 0.514679 -0.575230 -0.208696 -0.751305 -0.626088 0.047552 -0.998586 -0.023776 0.071247 -0.997459 0.000000 0.039467 -0.986671 0.157867 -0.072889 -0.996156 -0.048593 0.000000 -0.979804 0.199960
-0.062807 -0.973515 -0.219826 0.259794 -0.964951 0.037113 0.635780 0.514679 -0.575230 -0.208696 -0.751305 -0.626088 0.047552 -0.998586 -0.023776 0.071247 -0.997459 0.000000 0.039467 -0.986671 0.157867 -0.072889 -0.996156 -0.048593 0.000000 -0.979804 0.199960
-0.062807 -0.973515 -0.219826 0.259794 -0.964951 0.037113 0.617213 0.524631 -0.586353 -0.208696 -0.751305 -0.626088 0.023796 -0.999434 -0.023796 0.071247 -0.997459 0.000000 0.039467 -0.986671 0.157867 -0.072889 -0.996156 -0.048593 0.000000 -0.979804 0.199960
-0.062807 -0.973515 -0.219826 0.259794 -0.964951 0.037113 0.607177 0.546459 -0.576818 -0.208696 -0.751305 -0.626088 0.023796 -0.999434 -0.023796 0.071247 -0.997459 0.000000 0.039467 -0.986671 0.157867 -0.072889 -0.996156 -0.048593 0.000000 -0.979804 0.199960
-0.031450 -0.974958 -0.220152 0.224702 -0.973708 0.037450 0.607177 0.546459 -0.576818 -0.208696 -0.751305 -0.626088 0.023796 -0.999434 -0.023796 0.071247 -0.997459 0.000000 0.039467 -0.986671 0.157867 -0.072889 -0.996156 -0.048593 0.000000 -0.979804 0.199960
-0.031450 -0.974958 -0.220152 0.224702 -0.973708 0.037450 0.597081 0.567227 -0.567227 -0.202278 -0.768658 -0.606835 0.023796 -0.999434 -0.023796 0.094809 -0.995495 0.000000 0.019745 -0.987248 0.157960 -0.072889 -0.996156 -0.048593 0.000000 -0.979804 0.199960
