0.000000 -0.975441 -0.220261 0.195965 -0.979827 0.039193 -0.065724 0.952999 -0.295758 -0.595257 -0.436522 -0.674624 0.023224 -0.998651 -0.046449 0.025425 -0.991561 -0.127123 0.039337 -0.983422 0.177016 -0.127000 -0.990601 -0.050800 -0.039337 -0.983422 0.177016
0.000000 -0.975441 -0.220261 0.195965 -0.979827 0.039193 -0.099231 0.959235 -0.264616 -0.595257 -0.436522 -0.674624 0.023224 -0.998651 -0.046449 0.026082 -0.991117 -0.130410 0.039337 -0.983422 0.177016 -0.127000 -0.990601 -0.050800 -0.039337 -0.983422 0.177016
0.000000 -0.975441 -0.220261 0.195965 -0.979827 0.039193 -0.136083 0.952579 -0.272166 -0.622305 -0.414870 -0.663792 0.023224 -0.998651 -0.046449 0.026082 -0.991117 -0.130410 0.039337 -0.983422 0.177016 -0.127000 -0.990601 -0.050800 -0.039337 -0.983422 0.177016
0.000000 -0.975441 -0.220261 0.195965 -0.979827 0.039193 -0.170697 0.955904 -0.238976 -0.605351 -0.403567 -0.686064 0.023224 -0.998651 -0.046449 0.025985 -0.987429 -0.155910 0.039337 -0.983422 0.177016 -0.127000 -0.990601 -0.050800 -0.039337 -0.983422 0.177016
0.000000 -0.975441 -0.220261 0.195965 -0.979827 0.039193 -0.210300 0.946350 -0.245350 -0.605351 -0.403567 -0.686064 0.023224 -0.998651 -0.046449 0.025985 -0.987429 -0.155910 0.039337 -0.983422 0.177016 -0.127000 -0.990601 -0.050800 -0.039337 -0.983422 0.177016
0.000000 -0.981780 -0.190022 0.195965 -0.979827 0.039193 -0.390130 0.886659 -0.248264 -0.588464 -0.378298 -0.714563 0.023224 -0.998651 -0.046449 0.025985 -0.987429 -0.155910 0.039337 -0.983422 0.177016 -0.127000 -0.990601 -0.050800 -0.039337 -0.983422 0.177016
0.000000 -0.981780 -0.190022 0.195965 -0.979827 0.039193 -0.385518 0.856706 -0.342682 -0.503066 -0.335377 -0.796521 0.023224 -0.998651 -0.046449 0.025985 -0.987429 -0.155910 0.039337 -0.983422 0.177016 -0.127000 -0.990601 -0.050800 -0.039337 -0.983422 0.177016
0.000000 -0.981780 -0.190022 0.195965 -0.979827 0.039193 -0.451626 0.790345 -0.413990 -0.421076 -0.336861 -0.842152 0.023224 -0.998651 -0.046449 0.025985 -0.987429 -0.155910 0.039467 -0.986671 0.157867 -0.127000 -0.990601 -0.050800 -0.040112 -0.982756 0.180506
0.000000 -0.981780 -0.190022 0.195965 -0.979827 0.039193 -0.431889 0.791797 -0.431889 -0.330477 -0.371787 -0.867502 0.023224 -0.998651 -0.046449 0.025985 -0.987429 -0.155910 0.040250 -0.986133 0.161001 -0.127000 -0.990601 -0.050800 -0.040112 -0.982756 0.180506
0.000000 -0.981780 -0.190022 0.196116 -0.980581 0.000000 0.181818 0.818182 -0.545455 -0.213785 -0.384812 -0.897895 0.023224 -0.998651 -0.046449 0.025985 -0.987429 -0.155910 0.040250 -0.986133 0.161001 -0.127000 -0.990601 -0.050800 -0.040112 -0.982756 0.180506
0.000000 -0.987241 -0.159232 0.196116 -0.980581 0.000000 0.437211 0.635943 -0.635943 -0.213785 -0.384812 -0.897895 0.023224 -0.998651 -0.046449 0.025985 -0.987429 -0.155910 0.040250 -0.986133 0.161001 -0.127000 -0.990601 -0.050800 -0.040112 -0.982756 0.180506
0.000000 -0.981780 -0.190022 0.233197 -0.971653 0.038866 0.588662 0.554035 -0.588662 -0.085436 -0.512615 -0.854358 0.023224 -0.998651 -0.046449 0.025985 -0.987429 -0.155910 0.040250 -0.986133 0.161001 -0.127000 -0.990601 -0.050800 -0.040112 -0.982756 0.180506
0.000000 -0.981780 -0.190022 0.233197 -0.971653 0.038866 0.610608 0.542763 -0.576686 -0.084440 -0.591080 -0.802181 0.023224 -0.998651 -0.046449 0.025985 -0.987429 -0.155910 0.040250 -0.986133 0.161001 -0.127000 -0.990601 -0.050800 -0.040112 -0.982756 0.180506
0.000000 -0.981780 -0.190022 0.233197 -0.971653 0.038866 0.599334 0.566038 -0.566038 0.000000 -0.640184 -0.768221 0.023224 -0.998651 -0.046449 0.025985 -0.987429 -0.155910 0.040250 -0.986133 0.161001 -0.127000 -0.990601 -0.050800 -0.039960 -0.979021 0.199800
0.000000 -0.981780 -0.190022 0.233197 -0.971653 0.038866 0.620042 0.554774 -0.554774 0.000000 -0.664364 -0.747409 0.023776 -0.998586 -0.047552 0.025985 -0.987429 -0.155910 0.040250 -0.986133 0.161001 -0.127000 -0.990601 -0.050800 -0.039960 -0.979021 0.199800
0.000000 -0.981780 -0.190022 0.233197 -0.971653 0.038866 0.638877 0.511101 -0.574989 -0.042796 -0.684737 -0.727533 0.023776 -0.998586 -0.047552 0.025985 -0.987429 -0.155910 0.040250 -0.986133 0.161001 -0.127000 -0.990601 -0.050800 -0.039960 -0.979021 0.199800
0.000000 -0.981780 -0.190022 0.224702 -0.973708 0.037450 0.610608 0.542763 -0.576686 -0.042796 -0.684737 -0.727533 0.023776 -0.998586 -0.047552 0.025985 -0.987429 -0.155910 0.040250 -0.986133 0.161001 -0.127000 -0.990601 -0.050800 -0.039960 -0.979021 0.199800
0.000000 -0.981780 -0.190022 0.224702 -0.973708 0.037450 0.588034 0.588034 -0.555366 -0.041559 -0.706496 -0.706496 0.023776 -0.998586 -0.047552 0.025985 -0.987429 -0.155910 0.040250 -0.986133 0.161001 -0.127000 -0.990601 -0.050800 -0.039960 -0.979021 0.199800
0.000000 -0.981780 -0.190022 0.224702 -0.973708 0.037450 0.588034 0.588034 -0.555366 -0.041559 -0.706496 -0.706496 0.023776 -0.998586 -0.047552 0.025985 -0.987429 -0.155910 0.040250 -0.986133 0.161001 -0.127000 -0.990601 -0.050800 -0.039960 -0.979021 0.199800
0.000000 -0.981780 -0.190022 0.224702 -0.973708 0.037450 0.566038 0.599334 -0.566038 -0.041559 -0.706496 -0.706496 0.023776 -0.998586 -0.047552 0.025985 -0.987429 -0.155910 0.040250 -0.986133 0.161001 -0.127000 -0.990601 -0.050800 -0.039960 -0.979021 0.199800
0.000000 -0.981780 -0.190022 0.224860 -0.974391 0.000000 0.555366 0.588034 -0.588034 -0.042796 -0.727533 -0.684737 0.023776 -0.998586 -0.047552 0.025985 -0.987429 -0.155910 0.040250 -0.986133 0.161001 -0.127000 -0.990601 -0.050800 -0.039960 -0.979021 0.199800
0.000000 -0.981780 -0.190022 0.224860 -0.974391 0.000000 0.577350 0.577350 -0.577350 -0.085358 -0.725542 -0.682863 0.023776 -0.998586 -0.047552 0.025985 -0.987429 -0.155910 0.040250 -0.986133 0.161001 -0.127000 -0.990601 -0.050800 -0.039960 -0.979021 0.199800
0.000000 -0.981780 -0.190022 0.224860 -0.974391 0.000000 0.577350 0.577350 -0.577350 -0.085358 -0.725542 -0.682863 0.023776 -0.998586 -0.047552 0.025985 -0.987429 -0.155910 0.040250 -0.986133 0.161001 -0.127000 -0.990601 -0.050800 -0.039960 -0.979021 0.199800
0.000000 -0.981780 -0.190022 0.224860 -0.974391 0.000000 0.566038 0.566038 -0.599334 -0.085358 -0.725542 -0.682863 0.024354 -0.998516 -0.048708 0.025985 -0.987429 -0.155910 0.040250 -0.986133 0.161001 -0.127000 -0.990601 -0.050800 -0.039960 -0.979021 0.199800
0.000000 -0.981780 -0.190022 0.224860 -0.974391 0.000000 0.586353 0.524631 -0.617213 -0.131181 -0.743358 -0.655904 0.024354 -0.998516 -0.048708 0.025985 -0.987429 -0.155910 0.040373 -0.989142 0.141306 -0.127000 -0.990601 -0.050800 -0.019992 -0.979608 0.199920
0.031654 -0.981288 -0.189927 0.188847 -0.982006 0.000000 0.595790 0.501718 -0.627147 -0.127000 -0.762001 -0.635001 0.024354 -0.998516 -0.048708 0.025985 -0.987429 -0.155910 0.040373 -0.989142 0.141306 -0.127000 -0.990601 -0.050800 -0.019992 -0.979608 0.199920
