-0.032669 -0.980057 -0.196011 0.152057 -0.988372 0.000000 -0.108425 0.894509 -0.433701 -0.503509 -0.755263 -0.419591 0.000000 -0.999730 -0.023250 0.071167 -0.996335 -0.047445 0.019680 -0.983993 0.177119 -0.096844 -0.992646 -0.072633 0.000000 -0.984183 0.177153
-0.032669 -0.980057 -0.196011 0.152057 -0.988372 0.000000 -0.110897 0.914904 -0.388141 -0.494451 -0.741677 -0.453247 0.000000 -0.999730 -0.023250 0.071167 -0.996335 -0.047445 0.019680 -0.983993 0.177119 -0.096844 -0.992646 -0.072633 0.000000 -0.984183 0.177153
-0.032669 -0.980057 -0.196011 0.152057 -0.988372 0.000000 -0.110897 0.914904 -0.388141 -0.503509 -0.755263 -0.419591 0.000000 -0.999730 -0.023250 0.071167 -0.996335 -0.047445 0.019680 -0.983993 0.177119 -0.120736 -0.990038 -0.072442 0.000000 -0.984183 0.177153
-0.032669 -0.980057 -0.196011 0.152057 -0.988372 0.000000 -0.143267 0.916909 -0.372494 -0.519778 -0.736352 -0.433148 0.000000 -0.999730 -0.023250 0.071167 -0.996335 -0.047445 0.019680 -0.983993 0.177119 -0.120736 -0.990038 -0.072442 0.000000 -0.984183 0.177153
-0.032669 -0.980057 -0.196011 0.152057 -0.988372 0.000000 -0.176166 0.939552 -0.293610 -0.519778 -0.736352 -0.433148 0.000000 -0.999730 -0.023250 0.071167 -0.996335 -0.047445 0.019680 -0.983993 0.177119 -0.120736 -0.990038 -0.072442 0.000000 -0.984183 0.177153
-0.032669 -0.980057 -0.196011 0.152057 -0.988372 0.000000 -0.185518 0.958508 -0.216437 -0.546585 -0.592134 -0.592134 0.000000 -0.999730 -0.023250 0.071167 -0.996335 -0.047445 0.019680 -0.983993 0.177119 -0.120736 -0.990038 -0.072442 0.000000 -0.984183 0.177153
-0.032669 -0.980057 -0.196011 0.152057 -0.988372 0.000000 -0.221013 0.957722 -0.184177 -0.542105 -0.496929 -0.677631 0.000000 -0.999730 -0.023250 0.071167 -0.996335 -0.047445 0.019680 -0.983993 0.177119 -0.120736 -0.990038 -0.072442 0.000000 -0.984183 0.177153
-0.032669 -0.980057 -0.196011 0.151947 -0.987658 -0.037987 -0.162221 0.973329 -0.162221 -0.556349 -0.470757 -0.684737 0.000000 -0.999730 -0.023250 0.071167 -0.996335 -0.047445 0.019680 -0.983993 0.177119 -0.120736 -0.990038 -0.072442 0.000000 -0.984183 0.177153
-0.032669 -0.980057 -0.196011 0.151947 -0.987658 -0.037987 -0.177297 0.975133 -0.132973 -0.550334 -0.423334 -0.719667 0.000000 -0.999730 -0.023250 0.047511 -0.997740 -0.047511 0.019680 -0.983993 0.177119 -0.120736 -0.990038 -0.072442 0.000000 -0.984183 0.177153
-0.032444 -0.973329 -0.227110 0.152057 -0.988372 0.000000 -0.183920 0.965581 -0.183920 -0.567367 -0.436436 -0.698297 0.000000 -0.999730 -0.023250 0.047511 -0.997740 -0.047511 0.019680 -0.983993 0.177119 -0.120736 -0.990038 -0.072442 0.000000 -0.980581 0.196116
-0.032444 -0.973329 -0.227110 0.152057 -0.988372 0.000000 -0.225647 0.947717 -0.225647 -0.525730 -0.481919 -0.700973 0.000000 -0.999730 -0.023250 0.047511 -0.997740 -0.047511 0.019680 -0.983993 0.177119 -0.120736 -0.990038 -0.072442 0.000000 -0.979804 0.199960
-0.032444 -0.973329 -0.227110 0.152057 -0.988372 0.000000 -0.180151 0.945792 -0.270226 -0.481919 -0.525730 -0.700973 0.000000 -0.999730 -0.023250 0.047511 -0.997740 -0.047511 0.019680 -0.983993 0.177119 -0.120736 -0.990038 -0.072442 0.000000 -0.979804 0.199960
-0.032444 -0.973329 -0.227110 0.152057 -0.988372 0.000000 -0.085126 0.936382 -0.340503 -0.423334 -0.550334 -0.719667 0.000000 -0.999730 -0.023250 0.047511 -0.997740 -0.047511 0.019680 -0.983993 0.177119 -0.120736 -0.990038 -0.072442 0.000000 -0.979804 0.199960
-0.032444 -0.973329 -0.227110 0.152057 -0.988372 0.000000 0.000000 0.885832 -0.464007 -0.387657 -0.559950 -0.732242 0.000000 -0.999730 -0.023250 0.047511 -0.997740 -0.047511 0.019680 -0.983993 0.177119 -0.120736 -0.990038 -0.072442 0.000000 -0.979804 0.199960
-0.032444 -0.973329 -0.227110 0.152057 -0.988372 0.000000 0.078995 0.829450 -0.552967 -0.255841 -0.639602 -0.724882 0.000000 -0.999730 -0.023250 0.047511 -0.997740 -0.047511 0.019680 -0.983993 0.177119 -0.120736 -0.990038 -0.072442 0.000000 -0.979804 0.199960
-0.032444 -0.973329 -0.227110 0.152057 -0.988372 0.000000 0.181969 0.764268 -0.618693 -0.178707 -0.625474 -0.759504 0.023243 -0.999460 -0.023243 0.047511 -0.997740 -0.047511 0.019680 -0.983993 0.177119 -0.120736 -0.990038 -0.072442 0.000000 -0.979804 0.199960
-0.032444 -0.973329 -0.227110 0.182089 -0.983282 0.000000 0.324337 0.720750 -0.612637 -0.042333 -0.592667 -0.804334 0.023243 -0.999460 -0.023243 0.047511 -0.997740 -0.047511 0.019680 -0.983993 0.177119 -0.120736 -0.990038 -0.072442 0.000000 -0.980581 0.196116
-0.032444 -0.973329 -0.227110 0.182089 -0.983282 0.000000 0.492366 0.615457 -0.615457 -0.044065 -0.660979 -0.749110 0.023243 -0.999460 -0.023243 0.071167 -0.996335 -0.047445 0.019680 -0.983993 0.177119 -0.120736 -0.990038 -0.072442 0.000000 -0.980581 0.196116
-0.031450 -0.974958 -0.220152 0.188847 -0.982006 0.000000 0.538479 0.623502 -0.566820 -0.042640 -0.767523 -0.639602 0.023243 -0.999460 -0.023243 0.071167 -0.996335 -0.047445 0.019680 -0.983993 0.177119 -0.120736 -0.990038 -0.072442 0.000000 -0.980581 0.196116
-0.031450 -0.974958 -0.220152 0.188847 -0.982006 0.000000 0.567360 0.621395 -0.540343 -0.042333 -0.804334 -0.592667 0.023243 -0.999460 -0.023243 0.071167 -0.996335 -0.047445 0.019680 -0.983993 0.177119 -0.120736 -0.990038 -0.072442 0.000000 -0.980581 0.196116
-0.031450 -0.974958 -0.220152 0.188847 -0.982006 0.000000 0.611867 0.585264 -0.532058 -0.083551 -0.835512 -0.543083 0.023243 -0.999460 -0.023243 0.071167 -0.996335 -0.047445 0.019680 -0.983993 0.177119 -0.120736 -0.990038 -0.072442 0.000000 -0.980581 0.196116
-0.031450 -0.974958 -0.220152 0.188847 -0.982006 0.000000 0.602350 0.602350 -0.523783 -0.080713 -0.847491 -0.524637 0.023243 -0.999460 -0.023243 0.071167 -0.996335 -0.047445 0.019680 -0.983993 0.177119 -0.120913 -0.991484 -0.048365 0.000000 -0.980581 0.196116
-0.031450 -0.974958 -0.220152 0.188847 -0.982006 0.000000 0.620490 0.593512 -0.512578 -0.120580 -0.844061 -0.522514 0.023243 -0.999460 -0.023243 0.071167 -0.996335 -0.047445 0.019680 -0.983993 0.177119 -0.120913 -0.991484 -0.048365 0.000000 -0.980581 0.196116
-0.031450 -0.974958 -0.220152 0.188847 -0.982006 0.000000 0.603476 0.603476 -0.521184 -0.120580 -0.844061 -0.522514 0.023796 -0.999434 -0.023796 0.071067 -0.994937 -0.071067 0.019680 -0.983993 0.177119 -0.120913 -0.991484 -0.048365 0.000000 -0.980581 0.196116
-0.031450 -0.974958 -0.220152 0.188847 -0.982006 0.000000 0.613483 0.585597 -0.529826 -0.124784 -0.831890 -0.540729 0.023796 -0.999434 -0.023796 0.071067 -0.994937 -0.071067 0.019680 -0.983993 0.177119 -0.120913 -0.991484 -0.048365 0.000000 -0.980581 0.196116
-0.031450 -0.974958 -0.220152 0.188847 -0.982006 0.000000 0.586783 0.619382 -0.521585 -0.121967 -0.813116 -0.569181 0.023796 -0.999434 -0.023796 0.071067 -0.994937 -0.071067 0.019680 -0.983993 0.177119 -0.120913 -0.991484 -0.048365 0.000000 -0.980581 0.196116
-0.031450 -0.974958 -0.220152 0.188847 -0.982006 0.000000 0.598671 0.598671 -0.532152 -0.126099 -0.798630 -0.588464 0.000000 -0.999717 -0.023803 0.071067 -0.994937 -0.071067 0.019680 -0.983993 0.177119 -0.120913 -0.991484 -0.048365 0.000000 -0.980581 0.196116
