-0.034627 -0.969561 -0.242390 0.203954 -0.978980 0.000000 -0.191460 0.919007 -0.344628 -0.619987 -0.426241 -0.658737 -0.071167 -0.996335 -0.047445 0.023193 -0.997307 0.069580 0.078206 -0.977577 0.195515 -0.121019 -0.992355 -0.024204 0.039337 -0.983422 0.177016
-0.034627 -0.969561 -0.242390 0.203954 -0.978980 0.000000 -0.230769 0.923077 -0.307692 -0.579501 -0.424967 -0.695401 -0.071167 -0.996335 -0.047445 0.023193 -0.997307 0.069580 0.078206 -0.977577 0.195515 -0.121019 -0.992355 -0.024204 0.039337 -0.983422 0.177016
-0.034627 -0.969561 -0.242390 0.203954 -0.978980 0.000000 -0.248282 0.910366 -0.331042 -0.588802 -0.392534 -0.706562 -0.071167 -0.996335 -0.047445 0.023193 -0.997307 0.069580 0.078206 -0.977577 0.195515 -0.121019 -0.992355 -0.024204 0.039337 -0.983422 0.177016
-0.034320 -0.960958 -0.274559 0.203785 -0.978167 0.040757 -0.179425 0.897123 -0.403705 -0.562254 -0.401610 -0.722897 -0.071167 -0.996335 -0.047445 0.023193 -0.997307 0.069580 0.078206 -0.977577 0.195515 -0.121019 -0.992355 -0.024204 0.039337 -0.983422 0.177016
-0.034320 -0.960958 -0.274559 0.203785 -0.978167 0.040757 -0.130312 0.868744 -0.477809 -0.509831 -0.467345 -0.722261 -0.071167 -0.996335 -0.047445 0.023193 -0.997307 0.069580 0.078206 -0.977577 0.195515 -0.121019 -0.992355 -0.024204 0.039337 -0.983422 0.177016
-0.034627 -0.969561 -0.242390 0.203785 -0.978167 0.040757 -0.043769 0.875376 -0.481457 -0.462364 -0.462364 -0.756596 -0.071167 -0.996335 -0.047445 0.023193 -0.997307 0.069580 0.078206 -0.977577 0.195515 -0.121019 -0.992355 -0.024204 0.039193 -0.979827 0.195965
-0.034627 -0.969561 -0.242390 0.203954 -0.978980 0.000000 0.081650 0.816497 -0.571548 -0.384111 -0.512148 -0.768221 -0.071167 -0.996335 -0.047445 0.023193 -0.997307 0.069580 0.078206 -0.977577 0.195515 -0.121019 -0.992355 -0.024204 0.039193 -0.979827 0.195965
-0.034627 -0.969561 -0.242390 0.203954 -0.978980 0.000000 0.158986 0.755182 -0.635943 -0.263625 -0.483312 -0.834812 -0.046411 -0.997844 -0.046411 0.023193 -0.997307 0.069580 0.078206 -0.977577 0.195515 -0.121019 -0.992355 -0.024204 0.039193 -0.979827 0.195965
-0.034627 -0.969561 -0.242390 0.203954 -0.978980 0.000000 0.387458 0.669246 -0.634023 -0.179244 -0.492922 -0.851410 -0.046411 -0.997844 -0.046411 0.023193 -0.997307 0.069580 0.078206 -0.977577 0.195515 -0.121019 -0.992355 -0.024204 0.039193 -0.979827 0.195965
-0.034627 -0.969561 -0.242390 0.242536 -0.970143 0.000000 0.514679 0.635780 -0.575230 -0.214176 -0.599694 -0.771035 -0.047511 -0.997740 -0.047511 0.023193 -0.997307 0.069580 0.078206 -0.977577 0.195515 -0.121019 -0.992355 -0.024204 0.039193 -0.979827 0.195965
-0.034627 -0.969561 -0.242390 0.242536 -0.970143 0.000000 0.546971 0.656365 -0.519622 -0.229081 -0.725423 -0.649063 -0.047445 -0.996335 -0.071167 0.023193 -0.997307 0.069580 0.078206 -0.977577 0.195515 -0.121019 -0.992355 -0.024204 0.039193 -0.979827 0.195965
-0.034627 -0.969561 -0.242390 0.242536 -0.970143 0.000000 0.583614 0.636670 -0.504030 -0.263635 -0.753244 -0.602595 -0.048593 -0.996156 -0.072889 0.023224 -0.998651 0.046449 0.078206 -0.977577 0.195515 -0.121019 -0.992355 -0.024204 0.039193 -0.979827 0.195965
-0.034627 -0.969561 -0.242390 0.242536 -0.970143 0.000000 0.592870 0.618647 -0.515539 -0.226455 -0.792594 -0.566139 -0.048593 -0.996156 -0.072889 0.023224 -0.998651 0.046449 0.078206 -0.977577 0.195515 -0.121019 -0.992355 -0.024204 0.039193 -0.979827 0.195965
-0.034627 -0.969561 -0.242390 0.242536 -0.970143 0.000000 0.600704 0.626822 -0.496234 -0.226455 -0.792594 -0.566139 -0.048593 -0.996156 -0.072889 0.023224 -0.998651 0.046449 0.058733 -0.978888 0.195778 -0.121019 -0.992355 -0.024204 0.039036 -0.975900 0.214698
-0.034627 -0.969561 -0.242390 0.242536 -0.970143 0.000000 0.583614 0.636670 -0.504030 -0.226455 -0.792594 -0.566139 -0.048593 -0.996156 -0.072889 0.023224 -0.998651 0.046449 0.058733 -0.978888 0.195778 -0.121019 -0.992355 -0.024204 0.039036 -0.975900 0.214698
-0.034627 -0.969561 -0.242390 0.242536 -0.970143 0.000000 0.583614 0.636670 -0.504030 -0.226455 -0.792594 -0.566139 -0.048593 -0.996156 -0.072889 0.023224 -0.998651 0.046449 0.058733 -0.978888 0.195778 -0.121019 -0.992355 -0.024204 0.039036 -0.975900 0.214698
-0.034627 -0.969561 -0.242390 0.242536 -0.970143 0.000000 0.565711 0.646527 -0.511834 -0.226455 -0.792594 -0.566139 -0.048593 -0.996156 -0.072889 0.023224 -0.998651 0.046449 0.058948 -0.982472 0.176845 -0.121019 -0.992355 -0.024204 0.039036 -0.975900 0.214698
-0.034627 -0.969561 -0.242390 0.242536 -0.970143 0.000000 0.566820 0.623502 -0.538479 -0.233373 -0.777910 -0.583432 -0.049798 -0.995962 -0.074697 0.023224 -0.998651 0.046449 0.058948 -0.982472 0.176845 -0.121019 -0.992355 -0.024204 0.039036 -0.975900 0.214698
-0.034627 -0.969561 -0.242390 0.242536 -0.970143 0.000000 0.566820 0.623502 -0.538479 -0.233373 -0.777910 -0.583432 -0.049798 -0.995962 -0.074697 0.023224 -0.998651 0.046449 0.058948 -0.982472 0.176845 -0.121019 -0.992355 -0.024204 0.039036 -0.975900 0.214698
-0.033501 -0.971537 -0.234509 0.252422 -0.967617 0.000000 0.557139 0.615785 -0.557139 -0.240578 -0.761831 -0.601445 -0.049798 -0.995962 -0.074697 0.023224 -0.998651 0.046449 0.058948 -0.982472 0.176845 -0.121019 -0.992355 -0.024204 0.039036 -0.975900 0.214698
-0.033501 -0.971537 -0.234509 0.252422 -0.967617 0.000000 0.557139 0.615785 -0.557139 -0.240578 -0.761831 -0.601445 -0.049798 -0.995962 -0.074697 0.023150 -0.995434 0.092599 0.058948 -0.982472 0.176845 -0.121019 -0.992355 -0.024204 0.039036 -0.975900 0.214698
-0.033501 -0.971537 -0.234509 0.252422 -0.967617 0.000000 0.557139 0.615785 -0.557139 -0.240578 -0.761831 -0.601445 -0.049798 -0.995962 -0.074697 0.023094 -0.993042 0.115470 0.058948 -0.982472 0.176845 -0.121019 -0.992355 -0.024204 0.039036 -0.975900 0.214698
-0.033501 -0.971537 -0.234509 0.252422 -0.967617 0.000000 0.548026 0.605713 -0.576870 -0.240578 -0.761831 -0.601445 -0.049798 -0.995962 -0.074697 0.023193 -0.997307 0.069580 0.058948 -0.982472 0.176845 -0.121019 -0.992355 -0.024204 0.039036 -0.975900 0.214698
-0.033501 -0.971537 -0.234509 0.252422 -0.967617 0.000000 0.567227 0.567227 -0.597081 -0.248069 -0.744208 -0.620174 -0.049798 -0.995962 -0.074697 0.023224 -0.998651 0.046449 0.058948 -0.982472 0.176845 -0.121019 -0.992355 -0.024204 0.039036 -0.975900 0.214698
-0.033501 -0.971537 -0.234509 0.252422 -0.967617 0.000000 0.567227 0.567227 -0.597081 -0.248069 -0.744208 -0.620174 -0.049798 -0.995962 -0.074697 0.023224 -0.998651 0.046449 0.058948 -0.982472 0.176845 -0.121019 -0.992355 -0.024204 0.039036 -0.975900 0.214698
-0.033501 -0.971537 -0.234509 0.252422 -0.967617 0.000000 0.567227 0.567227 -0.597081 -0.248069 -0.744208 -0.620174 -0.049798 -0.995962 -0.074697 0.023224 -0.998651 0.046449 0.058948 -0.982472 0.176845 -0.121019 -0.992355 -0.024204 0.039036 -0.975900 0.214698
-0.033501 -0.971537 -0.234509 0.252422 -0.967617 0.000000 0.567227 0.567227 -0.597081 -0.248069 -0.744208 -0.620174 -0.049798 -0.995962 -0.074697 0.023224 -0.998651 0.046449 0.058948 -0.982472 0.176845 -0.121019 -0.992355 -0.024204 0.039036 -0.975900 0.214698
