0.000000 -0.981780 -0.190022 0.259973 -0.965616 0.000000 -0.265156 0.771364 -0.578523 -0.350486 -0.920027 -0.175243 0.023243 -0.999460 -0.023243 0.097071 -0.994982 0.024268 0.078492 -0.981147 0.176606 -0.072954 -0.997039 -0.024318 0.020068 -0.983349 0.180615
0.000000 -0.980581 -0.196116 0.259973 -0.965616 0.000000 -0.270719 0.812158 -0.516828 -0.347498 -0.912182 -0.217186 0.023243 -0.999460 -0.023243 0.097071 -0.994982 0.024268 0.078492 -0.981147 0.176606 -0.072954 -0.997039 -0.024318 0.020068 -0.983349 0.180615
0.000000 -0.973841 -0.227230 0.259973 -0.965616 0.000000 -0.256158 0.819705 -0.512316 -0.400099 -0.889108 -0.222277 0.023243 -0.999460 -0.023243 0.097071 -0.994982 0.024268 0.078492 -0.981147 0.176606 -0.072954 -0.997039 -0.024318 0.020068 -0.983349 0.180615
0.000000 -0.973841 -0.227230 0.259973 -0.965616 0.000000 -0.277527 0.832580 -0.479364 -0.411650 -0.869040 -0.274434 0.023243 -0.999460 -0.023243 0.094782 -0.995216 0.023696 0.078492 -0.981147 0.176606 -0.072954 -0.997039 -0.024318 0.020068 -0.983349 0.180615
0.000000 -0.973841 -0.227230 0.259973 -0.965616 0.000000 -0.287293 0.861880 -0.417881 -0.400099 -0.844653 -0.355643 0.023243 -0.999460 -0.023243 0.094782 -0.995216 0.023696 0.078492 -0.981147 0.176606 -0.072954 -0.997039 -0.024318 0.020068 -0.983349 0.180615
0.000000 -0.973841 -0.227230 0.259973 -0.965616 0.000000 -0.272266 0.871252 -0.408400 -0.452679 -0.814822 -0.362143 0.023243 -0.999460 -0.023243 0.094782 -0.995216 0.023696 0.078492 -0.981147 0.176606 -0.072954 -0.997039 -0.024318 0.020068 -0.983349 0.180615
0.000000 -0.973841 -0.227230 0.259973 -0.965616 0.000000 -0.272266 0.871252 -0.408400 -0.452679 -0.814822 -0.362143 0.023243 -0.999460 -0.023243 0.094782 -0.995216 0.023696 0.058948 -0.982472 0.176845 -0.072954 -0.997039 -0.024318 0.000000 -0.982872 0.184289
0.000000 -0.973841 -0.227230 0.259973 -0.965616 0.000000 -0.255789 0.881052 -0.397894 -0.479623 -0.784837 -0.392419 0.023243 -0.999460 -0.023243 0.092599 -0.995434 0.023150 0.060108 -0.981769 0.180325 -0.072954 -0.997039 -0.024318 0.000000 -0.982872 0.184289
0.000000 -0.973841 -0.227230 0.259973 -0.965616 0.000000 -0.258625 0.890819 -0.373569 -0.512148 -0.768221 -0.384111 0.023243 -0.999460 -0.023243 0.092599 -0.995434 0.023150 0.060108 -0.981769 0.180325 -0.072954 -0.997039 -0.024318 0.000000 -0.982872 0.184289
0.000000 -0.973841 -0.227230 0.259973 -0.965616 0.000000 -0.258625 0.890819 -0.373569 -0.512148 -0.768221 -0.384111 0.023243 -0.999460 -0.023243 0.092599 -0.995434 0.023150 0.060108 -0.981769 0.180325 -0.072954 -0.997039 -0.024318 0.000000 -0.982872 0.184289
0.000000 -0.966235 -0.257663 0.259794 -0.964951 0.037113 -0.292478 0.877433 -0.380221 -0.471188 -0.771035 -0.428353 0.023243 -0.999460 -0.023243 0.092599 -0.995434 0.023150 0.060108 -0.981769 0.180325 -0.072954 -0.997039 -0.024318 0.000000 -0.982872 0.184289
0.000000 -0.973841 -0.227230 0.259794 -0.964951 0.037113 -0.244225 0.854788 -0.457922 -0.471188 -0.771035 -0.428353 0.023243 -0.999460 -0.023243 0.092599 -0.995434 0.023150 0.060108 -0.981769 0.180325 -0.072954 -0.997039 -0.024318 0.000000 -0.982872 0.184289
0.000000 -0.973841 -0.227230 0.259794 -0.964951 0.037113 -0.184812 0.831655 -0.523635 -0.393543 -0.830812 -0.393543 0.023243 -0.999460 -0.023243 0.092599 -0.995434 0.023150 0.060108 -0.981769 0.180325 -0.072954 -0.997039 -0.024318 0.000000 -0.982872 0.184289
0.031654 -0.981288 -0.189927 0.259794 -0.964951 0.037113 -0.060467 0.816310 -0.574440 -0.349149 -0.829228 -0.436436 0.023243 -0.999460 -0.023243 0.092599 -0.995434 0.023150 0.060108 -0.981769 0.180325 -0.072954 -0.997039 -0.024318 0.000000 -0.982872 0.184289
0.031830 -0.986741 -0.159152 0.250801 -0.967375 0.035829 0.142105 0.767368 -0.625262 -0.349149 -0.829228 -0.436436 0.023243 -0.999460 -0.023243 0.092599 -0.995434 0.023150 0.060108 -0.981769 0.180325 -0.072954 -0.997039 -0.024318 0.000000 -0.982872 0.184289
0.000000 -0.987241 -0.159232 0.250801 -0.967375 0.035829 0.233471 0.700413 -0.674472 -0.336861 -0.842152 -0.421076 0.023243 -0.999460 -0.023243 0.092599 -0.995434 0.023150 0.060314 -0.985136 0.160839 -0.072954 -0.997039 -0.024318 0.000000 -0.983547 0.180652
0.000000 -0.981780 -0.190022 0.250319 -0.965518 0.071520 0.411204 0.591105 -0.693906 -0.349149 -0.829228 -0.436436 0.046449 -0.998651 -0.023224 0.092599 -0.995434 0.023150 0.060314 -0.985136 0.160839 -0.072954 -0.997039 -0.024318 0.000000 -0.979804 0.199960
0.000000 -0.981780 -0.190022 0.250319 -0.965518 0.071520 0.520579 0.520579 -0.676753 -0.303774 -0.824530 -0.477359 0.046449 -0.998651 -0.023224 0.092599 -0.995434 0.023150 0.060314 -0.985136 0.160839 -0.072954 -0.997039 -0.024318 0.000000 -0.979804 0.199960
0.000000 -0.987241 -0.159232 0.250319 -0.965518 0.071520 0.608432 0.476164 -0.634885 -0.297402 -0.807233 -0.509831 0.046449 -0.998651 -0.023224 0.092599 -0.995434 0.023150 0.040250 -0.986133 0.161001 -0.072954 -0.997039 -0.024318 0.000000 -0.979804 0.199960
0.000000 -0.987241 -0.159232 0.250319 -0.965518 0.071520 0.653439 0.462853 -0.598986 -0.287456 -0.821302 -0.492781 0.047552 -0.998586 -0.023776 0.094782 -0.995216 0.023696 0.040250 -0.986133 0.161001 -0.072954 -0.997039 -0.024318 0.000000 -0.979804 0.199960
0.000000 -0.987241 -0.159232 0.250319 -0.965518 0.071520 0.676665 0.433066 -0.595465 -0.287456 -0.821302 -0.492781 0.047552 -0.998586 -0.023776 0.094782 -0.995216 0.023696 0.040250 -0.986133 0.161001 -0.072954 -0.997039 -0.024318 0.000000 -0.979804 0.199960
0.000000 -0.987241 -0.159232 0.250319 -0.965518 0.071520 0.709736 0.409463 -0.573249 -0.324443 -0.811107 -0.486664 0.023796 -0.999434 -0.023796 0.094782 -0.995216 0.023696 0.040250 -0.986133 0.161001 -0.072954 -0.997039 -0.024318 0.000000 -0.979804 0.199960
0.000000 -0.987241 -0.159232 0.250801 -0.967375 0.035829 0.698498 0.447039 -0.558799 -0.317971 -0.794929 -0.516704 0.023796 -0.999434 -0.023796 0.094782 -0.995216 0.023696 0.040250 -0.986133 0.161001 -0.072954 -0.997039 -0.024318 0.000000 -0.979804 0.199960
0.000000 -0.981780 -0.190022 0.250801 -0.967375 0.035829 0.683763 0.455842 -0.569803 -0.317971 -0.794929 -0.516704 0.023796 -0.999434 -0.023796 0.094782 -0.995216 0.023696 0.040250 -0.986133 0.161001 -0.072954 -0.997039 -0.024318 0.000000 -0.979804 0.199960
0.000000 -0.981780 -0.190022 0.250801 -0.967375 0.035829 0.677057 0.441559 -0.588745 -0.290910 -0.789613 -0.540262 0.023796 -0.999434 -0.023796 0.094782 -0.995216 0.023696 0.040250 -0.986133 0.161001 -0.072954 -0.997039 -0.024318 0.000000 -0.979804 0.199960
