-0.031220 -0.967805 -0.249756 0.216789 -0.975550 -0.036131 -0.421924 0.843848 -0.331512 -0.302920 -0.735662 -0.605839 -0.023224 -0.998651 -0.046449 0.094782 -0.995216 0.023696 0.059467 -0.991120 0.118934 -0.144129 -0.984883 -0.096086 -0.019608 -0.980392 0.196078
-0.031220 -0.967805 -0.249756 0.216789 -0.975550 -0.036131 -0.349005 0.853123 -0.387783 -0.338971 -0.550828 -0.762684 -0.023224 -0.998651 -0.046449 0.094782 -0.995216 0.023696 0.059467 -0.991120 0.118934 -0.144129 -0.984883 -0.096086 -0.019608 -0.980392 0.196078
-0.031220 -0.967805 -0.249756 0.216789 -0.975550 -0.036131 -0.254228 0.847427 -0.466085 -0.297402 -0.509831 -0.807233 -0.023224 -0.998651 -0.046449 0.094782 -0.995216 0.023696 0.059467 -0.991120 0.118934 -0.144129 -0.984883 -0.096086 -0.019608 -0.980392 0.196078
-0.031220 -0.967805 -0.249756 0.216789 -0.975550 -0.036131 -0.069631 0.870388 -0.487417 -0.255841 -0.639602 -0.724882 -0.022698 -0.998711 -0.045396 0.094782 -0.995216 0.023696 0.059467 -0.991120 0.118934 -0.144129 -0.984883 -0.096086 -0.019608 -0.980392 0.196078
-0.031220 -0.967805 -0.249756 0.216789 -0.975550 -0.036131 0.061988 0.805838 -0.588882 -0.287213 -0.697518 -0.656488 -0.022698 -0.998711 -0.045396 0.094782 -0.995216 0.023696 0.059467 -0.991120 0.118934 -0.144129 -0.984883 -0.096086 -0.019608 -0.980392 0.196078
-0.031220 -0.967805 -0.249756 0.216789 -0.975550 -0.036131 0.260024 0.751182 -0.606724 -0.315735 -0.670936 -0.670936 -0.022698 -0.998711 -0.045396 0.094782 -0.995216 0.023696 0.059467 -0.991120 0.118934 -0.144129 -0.984883 -0.096086 -0.019608 -0.980392 0.196078
-0.031450 -0.974958 -0.220152 0.216789 -0.975550 -0.036131 0.413602 0.666359 -0.620403 -0.234798 -0.743527 -0.626128 -0.022698 -0.998711 -0.045396 0.094782 -0.995216 0.023696 0.059467 -0.991120 0.118934 -0.144129 -0.984883 -0.096086 -0.019608 -0.980392 0.196078
-0.031450 -0.974958 -0.220152 0.216789 -0.975550 -0.036131 0.560976 0.585366 -0.585366 -0.222834 -0.742781 -0.631364 -0.022698 -0.998711 -0.045396 0.094782 -0.995216 0.023696 0.059467 -0.991120 0.118934 -0.141069 -0.987484 -0.070535 -0.020068 -0.983349 0.180615
-0.031450 -0.974958 -0.220152 0.216789 -0.975550 -0.036131 0.604386 0.549442 -0.576914 -0.233373 -0.777910 -0.583432 -0.022698 -0.998711 -0.045396 0.094782 -0.995216 0.023696 0.059467 -0.991120 0.118934 -0.141069 -0.987484 -0.070535 -0.020068 -0.983349 0.180615
-0.031450 -0.974958 -0.220152 0.216789 -0.975550 -0.036131 0.655386 0.491539 -0.573462 -0.240578 -0.761831 -0.601445 -0.022698 -0.998711 -0.045396 0.094782 -0.995216 0.023696 0.059467 -0.991120 0.118934 -0.141069 -0.987484 -0.070535 -0.019992 -0.979608 0.199920
-0.031450 -0.974958 -0.220152 0.216789 -0.975550 -0.036131 0.683763 0.455842 -0.569803 -0.240578 -0.761831 -0.601445 -0.023224 -0.998651 -0.046449 0.094782 -0.995216 0.023696 0.059467 -0.991120 0.118934 -0.141069 -0.987484 -0.070535 -0.019992 -0.979608 0.199920
-0.031450 -0.974958 -0.220152 0.216789 -0.975550 -0.036131 0.659028 0.487108 -0.573068 -0.233373 -0.777910 -0.583432 -0.023224 -0.998651 -0.046449 0.094782 -0.995216 0.023696 0.059467 -0.991120 0.118934 -0.141069 -0.987484 -0.070535 -0.019992 -0.979608 0.199920
-0.031450 -0.974958 -0.220152 0.216789 -0.975550 -0.036131 0.653305 0.504827 -0.564218 -0.233373 -0.777910 -0.583432 0.000000 -0.999730 -0.023250 0.094782 -0.995216 0.023696 0.059467 -0.991120 0.118934 -0.141069 -0.987484 -0.070535 -0.019992 -0.979608 0.199920
-0.031220 -0.967805 -0.249756 0.216930 -0.976187 0.000000 0.643451 0.526460 -0.555708 -0.277787 -0.753992 -0.595257 0.000000 -0.999730 -0.023250 0.094782 -0.995216 0.023696 0.059467 -0.991120 0.118934 -0.141069 -0.987484 -0.070535 -0.019992 -0.979608 0.199920
-0.031220 -0.967805 -0.249756 0.216930 -0.976187 0.000000 0.605713 0.548026 -0.576870 -0.275625 -0.787499 -0.551249 0.000000 -0.999730 -0.023250 0.094782 -0.995216 0.023696 0.059467 -0.991120 0.118934 -0.141069 -0.987484 -0.070535 -0.019992 -0.979608 0.199920
-0.031220 -0.967805 -0.249756 0.216930 -0.976187 0.000000 0.605713 0.548026 -0.576870 -0.281581 -0.804518 -0.522937 -0.023243 -0.999460 -0.023243 0.094782 -0.995216 0.023696 0.059467 -0.991120 0.118934 -0.141069 -0.987484 -0.070535 -0.019992 -0.979608 0.199920
-0.031220 -0.967805 -0.249756 0.216930 -0.976187 0.000000 0.586967 0.557619 -0.586967 -0.281581 -0.804518 -0.522937 -0.023796 -0.999434 -0.023796 0.094782 -0.995216 0.023696 0.059467 -0.991120 0.118934 -0.141069 -0.987484 -0.070535 -0.019992 -0.979608 0.199920
-0.031220 -0.967805 -0.249756 0.216930 -0.976187 0.000000 0.586967 0.557619 -0.586967 -0.281581 -0.804518 -0.522937 -0.023776 -0.998586 -0.047552 0.094782 -0.995216 0.023696 0.059467 -0.991120 0.118934 -0.141069 -0.987484 -0.070535 -0.019992 -0.979608 0.199920
-0.031220 -0.967805 -0.249756 0.216930 -0.976187 0.000000 0.560248 0.585714 -0.585714 -0.272681 -0.818044 -0.506408 -0.023776 -0.998586 -0.047552 0.094782 -0.995216 0.023696 0.059467 -0.991120 0.118934 -0.141069 -0.987484 -0.070535 -0.019992 -0.979608 0.199920
