-0.032915 -0.954547 -0.296239 0.203954 -0.978980 0.000000 -0.147957 0.769379 -0.621421 -0.540262 -0.706496 -0.457144 -0.022669 -0.997427 -0.068006 -0.029386 -0.999136 -0.029386 0.045118 -0.992593 0.112795 -0.143756 -0.982335 -0.119797 -0.038713 -0.987179 0.154852
-0.065724 -0.952999 -0.295758 0.203954 -0.978980 0.000000 -0.142741 0.827896 -0.542415 -0.558217 -0.677834 -0.478471 -0.045303 -0.996659 -0.067954 -0.058697 -0.997844 -0.029348 0.045118 -0.992593 0.112795 -0.143756 -0.982335 -0.119797 -0.038713 -0.987179 0.154852
-0.033223 -0.963460 -0.265782 0.203785 -0.978167 -0.040757 -0.175712 0.849276 -0.497851 -0.561801 -0.642058 -0.521672 -0.045303 -0.996659 -0.067954 -0.058697 -0.997844 -0.029348 0.045118 -0.992593 0.112795 -0.143756 -0.982335 -0.119797 -0.038713 -0.987179 0.154852
-0.033223 -0.963460 -0.265782 0.203785 -0.978167 -0.040757 -0.193548 0.870968 -0.451613 -0.602901 -0.522514 -0.602901 -0.045303 -0.996659 -0.067954 -0.058697 -0.997844 -0.029348 0.045118 -0.992593 0.112795 -0.143756 -0.982335 -0.119797 -0.038713 -0.987179 0.154852
-0.032915 -0.954547 -0.296239 0.203785 -0.978167 -0.040757 -0.221615 0.886460 -0.406294 -0.595257 -0.436522 -0.674624 -0.045303 -0.996659 -0.067954 -0.058697 -0.997844 -0.029348 0.045118 -0.992593 0.112795 -0.143756 -0.982335 -0.119797 -0.038713 -0.987179 0.154852
-0.032915 -0.954547 -0.296239 0.203785 -0.978167 -0.040757 -0.224860 0.899438 -0.374766 -0.605351 -0.403567 -0.686064 -0.045303 -0.996659 -0.067954 -0.058697 -0.997844 -0.029348 0.045118 -0.992593 0.112795 -0.143756 -0.982335 -0.119797 -0.038713 -0.987179 0.154852
-0.032915 -0.954547 -0.296239 0.203785 -0.978167 -0.040757 -0.244745 0.897399 -0.367118 -0.614940 -0.368964 -0.696932 -0.045222 -0.994874 -0.090443 -0.058697 -0.997844 -0.029348 0.045118 -0.992593 0.112795 -0.143756 -0.982335 -0.119797 -0.038713 -0.987179 0.154852
-0.032915 -0.954547 -0.296239 0.203785 -0.978167 -0.040757 -0.248282 0.910366 -0.331042 -0.597614 -0.358569 -0.717137 -0.022628 -0.995638 -0.090513 -0.058697 -0.997844 -0.029348 0.045118 -0.992593 0.112795 -0.147220 -0.981466 -0.122683 -0.037987 -0.987658 0.151947
-0.033615 -0.941210 -0.336146 0.203954 -0.978980 0.000000 -0.268328 0.894427 -0.357771 -0.597505 -0.341432 -0.725542 -0.022628 -0.995638 -0.090513 -0.058697 -0.997844 -0.029348 0.045118 -0.992593 0.112795 -0.147220 -0.981466 -0.122683 -0.038713 -0.987179 0.154852
-0.033981 -0.951479 -0.305832 0.203954 -0.978980 0.000000 -0.222277 0.889108 -0.400099 -0.550828 -0.338971 -0.762684 -0.022628 -0.995638 -0.090513 -0.058697 -0.997844 -0.029348 0.045118 -0.992593 0.112795 -0.147220 -0.981466 -0.122683 -0.038713 -0.987179 0.154852
-0.033981 -0.951479 -0.305832 0.203954 -0.978980 0.000000 0.000000 0.894427 -0.447214 -0.512148 -0.384111 -0.768221 -0.022628 -0.995638 -0.090513 -0.029386 -0.999136 -0.029386 0.045118 -0.992593 0.112795 -0.147220 -0.981466 -0.122683 -0.038713 -0.987179 0.154852
-0.032915 -0.954547 -0.296239 0.203954 -0.978980 0.000000 0.083551 0.835512 -0.543083 -0.471188 -0.428353 -0.771035 -0.022628 -0.995638 -0.090513 -0.029386 -0.999136 -0.029386 0.067591 -0.991333 0.112651 -0.147220 -0.981466 -0.122683 -0.038713 -0.987179 0.154852
-0.033223 -0.963460 -0.265782 0.203954 -0.978980 0.000000 0.153168 0.804132 -0.574380 -0.386583 -0.429537 -0.816120 -0.022628 -0.995638 -0.090513 -0.029386 -0.999136 -0.029386 0.067591 -0.991333 0.112651 -0.147220 -0.981466 -0.122683 -0.037987 -0.987658 0.151947
-0.033223 -0.963460 -0.265782 0.203954 -0.978980 0.000000 0.348367 0.696733 -0.627060 -0.379305 -0.463595 -0.800755 -0.022628 -0.995638 -0.090513 -0.029386 -0.999136 -0.029386 0.067591 -0.991333 0.112651 -0.147220 -0.981466 -0.122683 -0.037871 -0.984644 0.170419
-0.033223 -0.963460 -0.265782 0.203954 -0.978980 0.000000 0.524631 0.617213 -0.586353 -0.207257 -0.580319 -0.787575 -0.022628 -0.995638 -0.090513 -0.029386 -0.999136 -0.029386 0.067591 -0.991333 0.112651 -0.147220 -0.981466 -0.122683 -0.037871 -0.984644 0.170419
-0.033501 -0.971537 -0.234509 0.203785 -0.978167 -0.040757 0.623502 0.566820 -0.538479 -0.163846 -0.655386 -0.737309 -0.023150 -0.995434 -0.092599 -0.029386 -0.999136 -0.029386 0.067591 -0.991333 0.112651 -0.147220 -0.981466 -0.122683 -0.037871 -0.984644 0.170419
-0.033501 -0.971537 -0.234509 0.203785 -0.978167 -0.040757 0.630907 0.548615 -0.548615 -0.164122 -0.697518 -0.697518 -0.023150 -0.995434 -0.092599 -0.029386 -0.999136 -0.029386 0.067591 -0.991333 0.112651 -0.171088 -0.977647 -0.122206 -0.037871 -0.984644 0.170419
-0.033501 -0.971537 -0.234509 0.203785 -0.978167 -0.040757 0.656365 0.546971 -0.519622 -0.120289 -0.721734 -0.681638 -0.023150 -0.995434 -0.092599 -0.029386 -0.999136 -0.029386 0.067591 -0.991333 0.112651 -0.167093 -0.978690 -0.119352 -0.037871 -0.984644 0.170419
-0.033223 -0.963460 -0.265782 0.203954 -0.978980 0.000000 0.640373 0.556846 -0.529004 -0.080517 -0.724653 -0.684394 -0.023150 -0.995434 -0.092599 -0.029386 -0.999136 -0.029386 0.067591 -0.991333 0.112651 -0.167093 -0.978690 -0.119352 -0.037871 -0.984644 0.170419
-0.033223 -0.963460 -0.265782 0.203954 -0.978980 0.000000 0.649759 0.565008 -0.508507 -0.080517 -0.724653 -0.684394 -0.023150 -0.995434 -0.092599 -0.029386 -0.999136 -0.029386 0.067591 -0.991333 0.112651 -0.167093 -0.978690 -0.119352 -0.018946 -0.985174 0.170511
-0.033223 -0.963460 -0.265782 0.203954 -0.978980 0.000000 0.639382 0.583784 -0.500386 -0.116863 -0.740135 -0.662226 -0.023193 -0.997307 -0.069580 -0.029386 -0.999136 -0.029386 0.067591 -0.991333 0.112651 -0.167093 -0.978690 -0.119352 -0.018946 -0.985174 0.170511
-0.033223 -0.963460 -0.265782 0.203954 -0.978980 0.000000 0.622503 0.594207 -0.509321 -0.158986 -0.755182 -0.635943 -0.023193 -0.997307 -0.069580 -0.029386 -0.999136 -0.029386 0.067591 -0.991333 0.112651 -0.167093 -0.978690 -0.119352 -0.018946 -0.985174 0.170511
-0.034320 -0.960958 -0.274559 0.203954 -0.978980 0.000000 0.622503 0.594207 -0.509321 -0.158986 -0.755182 -0.635943 -0.023193 -0.997307 -0.069580 -0.029386 -0.999136 -0.029386 0.067591 -0.991333 0.112651 -0.167093 -0.978690 -0.119352 -0.018946 -0.985174 0.170511
-0.034320 -0.960958 -0.274559 0.203954 -0.978980 0.000000 0.604708 0.604708 -0.518321 -0.158986 -0.755182 -0.635943 -0.023193 -0.997307 -0.069580 -0.029386 -0.999136 -0.029386 0.067591 -0.991333 0.112651 -0.167093 -0.978690 -0.119352 -0.018946 -0.985174 0.170511
-0.034320 -0.960958 -0.274559 0.203954 -0.978980 0.000000 0.632979 0.575435 -0.517892 -0.215365 -0.732242 -0.646096 -0.023193 -0.997307 -0.069580 -0.029386 -0.999136 -0.029386 0.067591 -0.991333 0.112651 -0.167093 -0.978690 -0.119352 -0.018881 -0.981831 0.188814
-0.034320 -0.960958 -0.274559 0.203954 -0.978980 0.000000 0.632979 0.575435 -0.517892 -0.215365 -0.732242 -0.646096 -0.023193 -0.997307 -0.069580 -0.029386 -0.999136 -0.029386 0.067591 -0.991333 0.112651 -0.167093 -0.978690 -0.119352 -0.018881 -0.981831 0.188814
-0.034320 -0.960958 -0.274559 0.203954 -0.978980 0.000000 0.615257 0.585959 -0.527363 -0.215365 -0.732242 -0.646096 -0.023193 -0.997307 -0.069580 -0.029386 -0.999136 -0.029386 0.067591 -0.991333 0.112651 -0.167093 -0.978690 -0.119352 -0.018881 -0.981831 0.188814
-0.034320 -0.960958 -0.274559 0.203954 -0.978980 0.000000 0.615257 0.585959 -0.527363 -0.215365 -0.732242 -0.646096 -0.023193 -0.997307 -0.069580 -0.029386 -0.999136 -0.029386 0.067591 -0.991333 0.112651 -0.167093 -0.978690 -0.119352 -0.018881 -0.981831 0.188814
