-0.034900 -0.977207 -0.209401 0.196116 -0.980581 0.000000 -0.266679 0.914327 -0.304776 -0.652111 -0.448327 -0.611354 -0.071167 -0.996335 -0.047445 0.067746 -0.993605 0.090328 0.019992 -0.979608 0.199920 -0.167524 -0.981209 -0.095728 0.038822 -0.989965 0.135878
0.000000 -0.977802 -0.209529 0.196116 -0.980581 0.000000 -0.269630 0.924445 -0.269630 -0.640000 -0.480000 -0.600000 -0.071167 -0.996335 -0.047445 0.066114 -0.991709 0.110190 0.019992 -0.979608 0.199920 -0.167524 -0.981209 -0.095728 0.038822 -0.989965 0.135878
0.000000 -0.976187 -0.216930 0.196116 -0.980581 0.000000 -0.261612 0.915644 -0.305215 -0.640000 -0.480000 -0.600000 -0.071167 -0.996335 -0.047445 0.092599 -0.995434 -0.023150 0.019992 -0.979608 0.199920 -0.167524 -0.981209 -0.095728 0.038822 -0.989965 0.135878
0.000000 -0.967997 -0.250962 0.195965 -0.979827 0.039193 -0.276172 0.920575 -0.276172 -0.640000 -0.480000 -0.600000 -0.071067 -0.994937 -0.071067 0.069301 -0.993307 0.092401 0.019992 -0.979608 0.199920 -0.167524 -0.981209 -0.095728 0.038822 -0.989965 0.135878
0.000000 -0.967997 -0.250962 0.195965 -0.979827 0.039193 -0.239732 0.910980 -0.335624 -0.627730 -0.460336 -0.627730 -0.071067 -0.994937 -0.071067 0.069301 -0.993307 0.092401 0.000000 -0.979804 0.199960 -0.167524 -0.981209 -0.095728 0.038822 -0.989965 0.135878
0.000000 -0.970143 -0.242536 0.203785 -0.978167 0.040757 -0.094703 0.899676 -0.426162 -0.544988 -0.503066 -0.670755 -0.071067 -0.994937 -0.071067 0.069301 -0.993307 0.092401 0.000000 -0.979804 0.199960 -0.167524 -0.981209 -0.095728 0.038822 -0.989965 0.135878
0.000000 -0.970143 -0.242536 0.203785 -0.978167 0.040757 0.000000 0.865426 -0.501036 -0.514496 -0.514496 -0.685994 -0.071067 -0.994937 -0.071067 0.094782 -0.995216 -0.023696 0.000000 -0.979804 0.199960 -0.167524 -0.981209 -0.095728 0.038713 -0.987179 0.154852
0.000000 -0.970143 -0.242536 0.203785 -0.978167 0.040757 0.118033 0.826234 -0.550823 -0.459532 -0.584858 -0.668410 -0.071067 -0.994937 -0.071067 0.120491 -0.988024 -0.096393 0.000000 -0.979804 0.199960 -0.167524 -0.981209 -0.095728 0.038713 -0.987179 0.154852
0.000000 -0.970143 -0.242536 0.203785 -0.978167 0.040757 0.298142 0.745356 -0.596285 -0.389833 -0.606407 -0.693037 -0.071067 -0.994937 -0.071067 0.119797 -0.982335 -0.143756 0.000000 -0.979804 0.199960 -0.167524 -0.981209 -0.095728 0.038713 -0.987179 0.154852
0.000000 -0.970143 -0.242536 0.203785 -0.978167 0.040757 0.461566 0.659380 -0.593442 -0.352180 -0.616316 -0.704361 -0.071067 -0.994937 -0.071067 0.119797 -0.982335 -0.143756 0.000000 -0.979804 0.199960 -0.167524 -0.981209 -0.095728 0.038713 -0.987179 0.154852
0.000000 -0.970143 -0.242536 0.203785 -0.978167 0.040757 0.577350 0.577350 -0.577350 -0.304061 -0.651558 -0.694996 -0.071067 -0.994937 -0.071067 0.119352 -0.978690 -0.167093 0.000000 -0.979804 0.199960 -0.167524 -0.981209 -0.095728 0.038713 -0.987179 0.154852
0.000000 -0.970143 -0.242536 0.242338 -0.969351 0.040390 0.680666 0.544533 -0.490079 -0.295540 -0.675521 -0.675521 -0.071067 -0.994937 -0.071067 0.119352 -0.978690 -0.167093 0.000000 -0.979804 0.199960 -0.167524 -0.981209 -0.095728 0.038713 -0.987179 0.154852
0.000000 -0.970143 -0.242536 0.242338 -0.969351 0.040390 0.710526 0.511578 -0.483157 -0.263880 -0.703679 -0.659699 -0.071067 -0.994937 -0.071067 0.119352 -0.978690 -0.167093 0.000000 -0.979804 0.199960 -0.167524 -0.981209 -0.095728 0.038713 -0.987179 0.154852
0.000000 -0.970143 -0.242536 0.242338 -0.969351 0.040390 0.749269 0.468293 -0.468293 -0.302920 -0.735662 -0.605839 -0.071067 -0.994937 -0.071067 0.119797 -0.982335 -0.143756 0.000000 -0.979804 0.199960 -0.167524 -0.981209 -0.095728 0.038713 -0.987179 0.154852
-0.034627 -0.969561 -0.242390 0.242338 -0.969351 0.040390 0.772991 0.463794 -0.432875 -0.302920 -0.735662 -0.605839 -0.071067 -0.994937 -0.071067 0.119797 -0.982335 -0.143756 0.000000 -0.979804 0.199960 -0.167524 -0.981209 -0.095728 0.038713 -0.987179 0.154852
-0.034627 -0.969561 -0.242390 0.242536 -0.970143 0.000000 0.749269 0.468293 -0.468293 -0.302920 -0.735662 -0.605839 -0.071067 -0.994937 -0.071067 0.119797 -0.982335 -0.143756 0.019992 -0.979608 0.199920 -0.144129 -0.984883 -0.096086 0.019367 -0.987734 0.154939
-0.034627 -0.969561 -0.242390 0.242536 -0.970143 0.000000 0.730882 0.467764 -0.497000 -0.350150 -0.744070 -0.568995 -0.071067 -0.994937 -0.071067 0.120177 -0.985452 -0.120177 0.019992 -0.979608 0.199920 -0.144129 -0.984883 -0.096086 0.019367 -0.987734 0.154939
-0.034627 -0.969561 -0.242390 0.242536 -0.970143 0.000000 0.716817 0.477878 -0.507746 -0.350150 -0.744070 -0.568995 -0.071067 -0.994937 -0.071067 0.120177 -0.985452 -0.120177 0.019992 -0.979608 0.199920 -0.144129 -0.984883 -0.096086 0.019367 -0.987734 0.154939
-0.034627 -0.969561 -0.242390 0.242536 -0.970143 0.000000 0.705882 0.470588 -0.529412 -0.310881 -0.754997 -0.577350 -0.071067 -0.994937 -0.071067 0.120177 -0.985452 -0.120177 0.019992 -0.979608 0.199920 -0.144129 -0.984883 -0.096086 0.019367 -0.987734 0.154939
-0.034627 -0.969561 -0.242390 0.242536 -0.970143 0.000000 0.680604 0.503055 -0.532647 -0.300676 -0.773166 -0.558398 -0.047445 -0.996335 -0.071167 0.120177 -0.985452 -0.120177 0.019992 -0.979608 0.199920 -0.144129 -0.984883 -0.096086 0.019367 -0.987734 0.154939
