0.000000 -0.966235 -0.257663 0.293887 -0.955134 0.036736 -0.169031 0.845154 -0.507093 -0.450669 -0.826227 -0.338002 0.022716 -0.999484 -0.022716 0.115378 -0.992249 0.046151 0.100769 -0.987534 0.120923 0.000000 -0.998868 -0.047565 -0.020668 -0.992066 0.124008
0.000000 -0.966235 -0.257663 0.293887 -0.955134 0.036736 -0.173117 0.865584 -0.469888 -0.458496 -0.802369 -0.382080 0.022716 -0.999484 -0.022716 0.115378 -0.992249 0.046151 0.100769 -0.987534 0.120923 0.000000 -0.998868 -0.047565 -0.020668 -0.992066 0.124008
0.000000 -0.966235 -0.257663 0.294086 -0.955779 0.000000 -0.171344 0.881200 -0.440600 -0.458496 -0.802369 -0.382080 0.022698 -0.998711 -0.045396 0.115470 -0.993042 0.023094 0.100504 -0.984937 0.140705 0.000000 -0.998868 -0.047565 -0.020668 -0.992066 0.124008
0.000000 -0.966235 -0.257663 0.294086 -0.955779 0.000000 -0.213125 0.879141 -0.426250 -0.494451 -0.741677 -0.453247 0.022698 -0.998711 -0.045396 0.115470 -0.993042 0.023094 0.100504 -0.984937 0.140705 -0.023776 -0.998586 -0.047552 0.000000 -0.992278 0.124035
0.000000 -0.966235 -0.257663 0.259973 -0.965616 0.000000 -0.243510 0.892871 -0.378794 -0.443924 -0.726421 -0.524637 0.022698 -0.998711 -0.045396 0.118180 -0.992711 0.023636 0.098552 -0.985521 0.137973 -0.023776 -0.998586 -0.047552 0.000000 -0.992278 0.124035
0.000000 -0.966235 -0.257663 0.259973 -0.965616 0.000000 -0.278100 0.889919 -0.361530 -0.457144 -0.706496 -0.540262 0.022698 -0.998711 -0.045396 0.118180 -0.992711 0.023636 0.098552 -0.985521 0.137973 -0.023776 -0.998586 -0.047552 0.000000 -0.992278 0.124035
0.000000 -0.966235 -0.257663 0.259973 -0.965616 0.000000 -0.328541 0.896022 -0.298674 -0.425628 -0.595880 -0.681005 0.022698 -0.998711 -0.045396 0.118180 -0.992711 0.023636 0.098552 -0.985521 0.137973 -0.023776 -0.998586 -0.047552 0.000000 -0.992278 0.124035
0.000000 -0.966235 -0.257663 0.259973 -0.965616 0.000000 -0.291536 0.911051 -0.291536 -0.379305 -0.463595 -0.800755 0.022698 -0.998711 -0.045396 0.118180 -0.992711 0.023636 0.078980 -0.987248 0.138215 -0.023776 -0.998586 -0.047552 0.000000 -0.989533 0.144307
0.000000 -0.966235 -0.257663 0.259973 -0.965616 0.000000 -0.164122 0.943701 -0.287213 -0.394976 -0.394976 -0.829450 0.022698 -0.998711 -0.045396 0.118180 -0.992711 0.023636 0.080550 -0.986733 0.140962 -0.023776 -0.998586 -0.047552 -0.020611 -0.989323 0.144276
0.000000 -0.966235 -0.257663 0.259973 -0.965616 0.000000 0.000000 0.885832 -0.464007 -0.325246 -0.406558 -0.853771 0.022698 -0.998711 -0.045396 0.118180 -0.992711 0.023636 0.080550 -0.986733 0.140962 -0.023776 -0.998586 -0.047552 -0.020611 -0.989323 0.144276
0.031220 -0.967805 -0.249756 0.259973 -0.965616 0.000000 0.121967 0.813116 -0.569181 -0.336861 -0.421076 -0.842152 0.022698 -0.998711 -0.045396 0.118180 -0.992711 0.023636 0.080550 -0.986733 0.140962 -0.023776 -0.998586 -0.047552 -0.020611 -0.989323 0.144276
0.000000 -0.968277 -0.249878 0.294086 -0.955779 0.000000 0.298142 0.745356 -0.596285 -0.210166 -0.420331 -0.882696 0.022698 -0.998711 -0.045396 0.118180 -0.992711 0.023636 0.080550 -0.986733 0.140962 -0.023776 -0.998586 -0.047552 -0.020611 -0.989323 0.144276
0.000000 -0.968277 -0.249878 0.294086 -0.955779 0.000000 0.526152 0.601317 -0.601317 -0.169485 -0.423714 -0.889799 0.022698 -0.998711 -0.045396 0.118180 -0.992711 0.023636 0.080550 -0.986733 0.140962 -0.023776 -0.998586 -0.047552 -0.020611 -0.989323 0.144276
0.031450 -0.974958 -0.220152 0.294086 -0.955779 0.000000 0.657858 0.532552 -0.532552 -0.167102 -0.584858 -0.793736 0.023224 -0.998651 -0.046449 0.118180 -0.992711 0.023636 0.080550 -0.986733 0.140962 -0.023776 -0.998586 -0.047552 -0.020611 -0.989323 0.144276
0.031450 -0.974958 -0.220152 0.294086 -0.955779 0.000000 0.664231 0.543462 -0.513270 -0.203279 -0.650493 -0.731804 0.000000 -0.998920 -0.046461 0.118180 -0.992711 0.023636 0.080550 -0.986733 0.140962 -0.047511 -0.997740 -0.047511 0.000000 -0.989533 0.144307
0.031450 -0.974958 -0.220152 0.294086 -0.955779 0.000000 0.660113 0.545311 -0.516610 -0.197952 -0.712627 -0.673036 0.000000 -0.999730 -0.023250 0.094782 -0.995216 0.023696 0.100504 -0.984937 0.140705 -0.047511 -0.997740 -0.047511 0.000000 -0.989533 0.144307
0.062807 -0.973515 -0.219826 0.294086 -0.955779 0.000000 0.675855 0.535052 -0.506891 -0.197334 -0.749870 -0.631470 0.000000 -0.999730 -0.023250 0.094782 -0.995216 0.023696 0.100504 -0.984937 0.140705 -0.047511 -0.997740 -0.047511 0.000000 -0.986394 0.164399
0.062348 -0.966394 -0.249392 0.259973 -0.965616 0.000000 0.665640 0.554700 -0.499230 -0.228086 -0.760286 -0.608229 0.000000 -0.999730 -0.023250 0.094782 -0.995216 0.023696 0.100504 -0.984937 0.140705 -0.047511 -0.997740 -0.047511 0.000000 -0.986394 0.164399
0.062348 -0.966394 -0.249392 0.259973 -0.965616 0.000000 0.613483 0.585597 -0.529826 -0.233373 -0.777910 -0.583432 0.000000 -0.999730 -0.023250 0.094782 -0.995216 0.023696 0.100504 -0.984937 0.140705 -0.047511 -0.997740 -0.047511 0.000000 -0.986394 0.164399
0.062348 -0.966394 -0.249392 0.259973 -0.965616 0.000000 0.595640 0.595640 -0.538912 -0.233373 -0.777910 -0.583432 0.000000 -0.999730 -0.023250 0.094782 -0.995216 0.023696 0.100504 -0.984937 0.140705 -0.047511 -0.997740 -0.047511 0.000000 -0.986394 0.164399
