-0.031220 -0.967805 -0.249756 0.216930 -0.976187 0.000000 -0.297189 0.864549 -0.405257 -0.314945 -0.809858 -0.494913 -0.023243 -0.999460 -0.023243 0.118180 -0.992711 0.023636 0.059467 -0.991120 0.118934 -0.117917 -0.990500 -0.070750 -0.020068 -0.983349 0.180615
-0.031220 -0.967805 -0.249756 0.216930 -0.976187 0.000000 -0.252845 0.870910 -0.421408 -0.307860 -0.791639 -0.527759 -0.023243 -0.999460 -0.023243 0.118180 -0.992711 0.023636 0.059467 -0.991120 0.118934 -0.117917 -0.990500 -0.070750 -0.020068 -0.983349 0.180615
-0.030964 -0.959886 -0.278677 0.216930 -0.976187 0.000000 -0.185606 0.866164 -0.464016 -0.260870 -0.782609 -0.565217 0.000000 -0.999730 -0.023250 0.118180 -0.992711 0.023636 0.059467 -0.991120 0.118934 -0.117917 -0.990500 -0.070750 -0.020068 -0.983349 0.180615
-0.030964 -0.959886 -0.278677 0.216930 -0.976187 0.000000 -0.112827 0.865004 -0.488915 -0.256307 -0.683486 -0.683486 0.000000 -0.999730 -0.023250 0.118180 -0.992711 0.023636 0.059467 -0.991120 0.118934 -0.117917 -0.990500 -0.070750 -0.020068 -0.983349 0.180615
-0.030964 -0.959886 -0.278677 0.216930 -0.976187 0.000000 -0.075485 0.868079 -0.490653 -0.256307 -0.683486 -0.683486 0.000000 -0.999730 -0.023250 0.118180 -0.992711 0.023636 0.059467 -0.991120 0.118934 -0.117917 -0.990500 -0.070750 -0.020068 -0.983349 0.180615
-0.031220 -0.967805 -0.249756 0.216789 -0.975550 -0.036131 -0.031607 0.821781 -0.568926 -0.248069 -0.744208 -0.620174 0.000000 -0.998920 -0.046461 0.118180 -0.992711 0.023636 0.059467 -0.991120 0.118934 -0.117917 -0.990500 -0.070750 -0.020068 -0.983349 0.180615
-0.031220 -0.967805 -0.249756 0.216930 -0.976187 0.000000 0.187683 0.782014 -0.594331 -0.240578 -0.761831 -0.601445 0.000000 -0.998920 -0.046461 0.118180 -0.992711 0.023636 0.059467 -0.991120 0.118934 -0.117917 -0.990500 -0.070750 -0.019992 -0.979608 0.199920
-0.031220 -0.967805 -0.249756 0.216930 -0.976187 0.000000 0.355266 0.737859 -0.573890 -0.196116 -0.784465 -0.588348 0.000000 -0.998920 -0.046461 0.118180 -0.992711 0.023636 0.059467 -0.991120 0.118934 -0.117917 -0.990500 -0.070750 -0.019992 -0.979608 0.199920
-0.031450 -0.974958 -0.220152 0.216930 -0.976187 0.000000 0.514856 0.643569 -0.566341 -0.196116 -0.784465 -0.588348 -0.023224 -0.998651 -0.046449 0.118180 -0.992711 0.023636 0.059467 -0.991120 0.118934 -0.117917 -0.990500 -0.070750 -0.019992 -0.979608 0.199920
-0.030514 -0.976445 -0.213597 0.224860 -0.974391 0.000000 0.602350 0.602350 -0.523783 -0.157991 -0.789953 -0.592464 -0.023796 -0.999434 -0.023796 0.118180 -0.992711 0.023636 0.059467 -0.991120 0.118934 -0.117917 -0.990500 -0.070750 -0.019992 -0.979608 0.199920
0.000000 -0.976900 -0.213697 0.224860 -0.974391 0.000000 0.694850 0.550090 -0.463233 -0.163028 -0.774382 -0.611354 -0.023796 -0.999434 -0.023796 0.118180 -0.992711 0.023636 0.059467 -0.991120 0.118934 -0.117917 -0.990500 -0.070750 -0.019992 -0.979608 0.199920
0.000000 -0.976900 -0.213697 0.224860 -0.974391 0.000000 0.720189 0.518536 -0.460921 -0.163028 -0.774382 -0.611354 -0.023796 -0.999434 -0.023796 0.118180 -0.992711 0.023636 0.059467 -0.991120 0.118934 -0.117917 -0.990500 -0.070750 -0.019992 -0.979608 0.199920
0.000000 -0.976900 -0.213697 0.224860 -0.974391 0.000000 0.729636 0.525338 -0.437781 -0.163028 -0.774382 -0.611354 -0.023796 -0.999434 -0.023796 0.118180 -0.992711 0.023636 0.059467 -0.991120 0.118934 -0.117917 -0.990500 -0.070750 -0.019992 -0.979608 0.199920
0.000000 -0.970143 -0.242536 0.224702 -0.973708 0.037450 0.740761 0.503718 -0.444457 -0.168281 -0.757266 -0.631055 -0.024376 -0.999406 -0.024376 0.118180 -0.992711 0.023636 0.059467 -0.991120 0.118934 -0.117917 -0.990500 -0.070750 -0.019992 -0.979608 0.199920
0.000000 -0.970143 -0.242536 0.224702 -0.973708 0.037450 0.701820 0.518736 -0.488223 -0.168281 -0.757266 -0.631055 -0.024376 -0.999406 -0.024376 0.118180 -0.992711 0.023636 0.039684 -0.992095 0.119051 -0.117917 -0.990500 -0.070750 -0.019992 -0.979608 0.199920
0.000000 -0.970143 -0.242536 0.188713 -0.981307 0.037743 0.664231 0.543462 -0.513270 -0.168281 -0.757266 -0.631055 -0.024376 -0.999406 -0.024376 0.118180 -0.992711 0.023636 0.039684 -0.992095 0.119051 -0.117917 -0.990500 -0.070750 -0.019909 -0.975523 0.218995
0.000000 -0.970143 -0.242536 0.188847 -0.982006 0.000000 0.586094 0.586094 -0.559453 -0.168281 -0.757266 -0.631055 -0.024376 -0.999406 -0.024376 0.118180 -0.992711 0.023636 0.039684 -0.992095 0.119051 -0.117917 -0.990500 -0.070750 -0.019909 -0.975523 0.218995
0.000000 -0.970143 -0.242536 0.188847 -0.982006 0.000000 0.568190 0.595247 -0.568190 -0.168281 -0.757266 -0.631055 -0.024376 -0.999406 -0.024376 0.118180 -0.992711 0.023636 0.039684 -0.992095 0.119051 -0.117917 -0.990500 -0.070750 -0.039794 -0.974943 0.218865
0.000000 -0.968277 -0.249878 0.182089 -0.983282 0.000000 0.567733 0.596120 -0.567733 -0.168281 -0.757266 -0.631055 -0.024376 -0.999406 -0.024376 0.118180 -0.992711 0.023636 0.039684 -0.992095 0.119051 -0.117917 -0.990500 -0.070750 -0.039794 -0.974943 0.218865
0.000000 -0.968277 -0.249878 0.182089 -0.983282 0.000000 0.548026 0.605713 -0.576870 -0.173749 -0.738433 -0.651558 -0.024376 -0.999406 -0.024376 0.118180 -0.992711 0.023636 0.039684 -0.992095 0.119051 -0.117917 -0.990500 -0.070750 -0.039794 -0.974943 0.218865
