-0.031450 -0.974958 -0.220152 0.224860 -0.974391 0.000000 -0.183136 0.889516 -0.418596 -0.538064 -0.768662 -0.345898 0.000000 -0.998920 -0.046461 0.094809 -0.995495 0.000000 0.060108 -0.981769 0.180325 -0.023776 -0.998586 -0.047552 -0.040919 -0.982049 0.184134
-0.031450 -0.974958 -0.220152 0.224860 -0.974391 0.000000 -0.217813 0.898479 -0.381173 -0.517932 -0.756978 -0.398410 0.000000 -0.998920 -0.046461 0.071247 -0.997459 0.000000 0.080032 -0.980392 0.180072 -0.023776 -0.998586 -0.047552 -0.040919 -0.982049 0.184134
-0.031450 -0.974958 -0.220152 0.224860 -0.974391 0.000000 -0.248282 0.910366 -0.331042 -0.509510 -0.744669 -0.431124 0.000000 -0.998920 -0.046461 0.071247 -0.997459 0.000000 0.080032 -0.980392 0.180072 -0.023776 -0.998586 -0.047552 -0.040919 -0.982049 0.184134
-0.031450 -0.974958 -0.220152 0.224860 -0.974391 0.000000 -0.381000 0.889001 -0.254000 -0.504844 -0.588984 -0.631055 0.000000 -0.998920 -0.046461 0.071247 -0.997459 0.000000 0.080032 -0.980392 0.180072 -0.023776 -0.998586 -0.047552 -0.040919 -0.982049 0.184134
-0.031450 -0.974958 -0.220152 0.224860 -0.974391 0.000000 -0.314102 0.907406 -0.279202 -0.509831 -0.467345 -0.722261 0.000000 -0.998920 -0.046461 0.071247 -0.997459 0.000000 0.080032 -0.980392 0.180072 -0.023776 -0.998586 -0.047552 -0.040919 -0.982049 0.184134
-0.031450 -0.974958 -0.220152 0.224860 -0.974391 0.000000 -0.242140 0.928204 -0.282497 -0.494451 -0.453247 -0.741677 0.000000 -0.998920 -0.046461 0.071227 -0.997178 -0.023742 0.080032 -0.980392 0.180072 -0.023776 -0.998586 -0.047552 -0.040919 -0.982049 0.184134
-0.031450 -0.974958 -0.220152 0.224860 -0.974391 0.000000 -0.092450 0.924500 -0.369800 -0.487869 -0.406558 -0.772460 0.000000 -0.998920 -0.046461 0.071227 -0.997178 -0.023742 0.080032 -0.980392 0.180072 -0.023742 -0.997178 -0.071227 -0.040919 -0.982049 0.184134
-0.031450 -0.974958 -0.220152 0.224860 -0.974391 0.000000 -0.041310 0.867502 -0.495715 -0.375653 -0.542610 -0.751305 0.000000 -0.998920 -0.046461 0.071227 -0.997178 -0.023742 0.080032 -0.980392 0.180072 -0.023742 -0.997178 -0.071227 -0.040919 -0.982049 0.184134
-0.031220 -0.967805 -0.249756 0.224702 -0.973708 0.037450 0.000000 0.800000 -0.600000 -0.389833 -0.606407 -0.693037 0.000000 -0.998920 -0.046461 0.047552 -0.998586 -0.023776 0.080032 -0.980392 0.180072 -0.023742 -0.997178 -0.071227 -0.040919 -0.982049 0.184134
-0.031220 -0.967805 -0.249756 0.224702 -0.973708 0.037450 0.173240 0.762255 -0.623663 -0.295015 -0.632175 -0.716465 0.000000 -0.998920 -0.046461 0.047552 -0.998586 -0.023776 0.080032 -0.980392 0.180072 -0.023742 -0.997178 -0.071227 -0.040919 -0.982049 0.184134
-0.031220 -0.967805 -0.249756 0.224702 -0.973708 0.037450 0.354654 0.644826 -0.677067 -0.255841 -0.724882 -0.639602 0.000000 -0.998920 -0.046461 0.047552 -0.998586 -0.023776 0.080032 -0.980392 0.180072 -0.047445 -0.996335 -0.071167 -0.040919 -0.982049 0.184134
-0.031220 -0.967805 -0.249756 0.224702 -0.973708 0.037450 0.628828 0.457330 -0.628828 -0.332756 -0.707107 -0.623918 0.000000 -0.998920 -0.046461 0.047552 -0.998586 -0.023776 0.080032 -0.980392 0.180072 -0.047445 -0.996335 -0.071167 -0.040919 -0.982049 0.184134
-0.031220 -0.967805 -0.249756 0.224702 -0.973708 0.037450 0.689098 0.401974 -0.602961 -0.331042 -0.744845 -0.579324 0.000000 -0.998920 -0.046461 0.047552 -0.998586 -0.023776 0.080032 -0.980392 0.180072 -0.047445 -0.996335 -0.071167 -0.040919 -0.982049 0.184134
-0.031220 -0.967805 -0.249756 0.224702 -0.973708 0.037450 0.715455 0.400655 -0.572364 -0.356313 -0.752217 -0.554265 0.000000 -0.998920 -0.046461 0.047552 -0.998586 -0.023776 0.080032 -0.980392 0.180072 -0.047445 -0.996335 -0.071167 -0.040919 -0.982049 0.184134
-0.031450 -0.974958 -0.220152 0.224702 -0.973708 0.037450 0.729004 0.392541 -0.560772 -0.328244 -0.779579 -0.533396 0.000000 -0.998920 -0.046461 0.047552 -0.998586 -0.023776 0.080032 -0.980392 0.180072 -0.047445 -0.996335 -0.071167 -0.040919 -0.982049 0.184134
-0.031450 -0.974958 -0.220152 0.224702 -0.973708 0.037450 0.741747 0.384610 -0.549442 -0.317971 -0.794929 -0.516704 0.000000 -0.998920 -0.046461 0.047552 -0.998586 -0.023776 0.080032 -0.980392 0.180072 -0.047445 -0.996335 -0.071167 -0.040919 -0.982049 0.184134
-0.031450 -0.974958 -0.220152 0.224860 -0.974391 0.000000 0.740443 0.398700 -0.541093 -0.317971 -0.794929 -0.516704 0.000000 -0.998920 -0.046461 0.047552 -0.998586 -0.023776 0.080032 -0.980392 0.180072 -0.047445 -0.996335 -0.071167 -0.040919 -0.982049 0.184134
-0.031450 -0.974958 -0.220152 0.224860 -0.974391 0.000000 0.724947 0.422885 -0.543710 -0.311400 -0.778499 -0.544949 0.000000 -0.998920 -0.046461 0.047552 -0.998586 -0.023776 0.080032 -0.980392 0.180072 -0.047445 -0.996335 -0.071167 -0.040919 -0.982049 0.184134
-0.031450 -0.974958 -0.220152 0.224860 -0.974391 0.000000 0.724947 0.422885 -0.543710 -0.311400 -0.778499 -0.544949 0.000000 -0.998920 -0.046461 0.071227 -0.997178 -0.023742 0.080032 -0.980392 0.180072 -0.047445 -0.996335 -0.071167 -0.040919 -0.982049 0.184134
-0.031450 -0.974958 -0.220152 0.224860 -0.974391 0.000000 0.704058 0.440036 -0.557379 -0.321029 -0.762444 -0.561801 0.000000 -0.998920 -0.046461 0.071247 -0.997459 0.000000 0.080032 -0.980392 0.180072 -0.047445 -0.996335 -0.071167 -0.040919 -0.982049 0.184134
-0.031450 -0.974958 -0.220152 0.224860 -0.974391 0.000000 0.668142 0.464794 -0.580993 -0.284356 -0.771822 -0.568711 0.000000 -0.998920 -0.046461 0.071247 -0.997459 0.000000 0.080032 -0.980392 0.180072 -0.047445 -0.996335 -0.071167 -0.040919 -0.982049 0.184134
-0.031450 -0.974958 -0.220152 0.224860 -0.974391 0.000000 0.679416 0.472637 -0.561256 -0.284356 -0.771822 -0.568711 0.000000 -0.998920 -0.046461 0.071247 -0.997459 0.000000 0.080032 -0.980392 0.180072 -0.047445 -0.996335 -0.071167 -0.040919 -0.982049 0.184134
