0.000000 -0.970143 -0.242536 0.203785 -0.978167 0.040757 -0.278856 0.864453 -0.418284 -0.539660 -0.809491 -0.231283 -0.071167 -0.996335 -0.047445 0.120177 -0.985452 -0.120177 0.000000 -0.975716 0.219038 -0.167524 -0.981209 -0.095728 0.019367 -0.987734 0.154939
0.000000 -0.970143 -0.242536 0.203785 -0.978167 0.040757 -0.323250 0.852204 -0.411409 -0.522937 -0.804518 -0.281581 -0.071167 -0.996335 -0.047445 0.120177 -0.985452 -0.120177 0.000000 -0.975716 0.219038 -0.167524 -0.981209 -0.095728 0.019367 -0.987734 0.154939
0.000000 -0.970143 -0.242536 0.195965 -0.979827 0.039193 -0.327086 0.862316 -0.386556 -0.533396 -0.779579 -0.328244 -0.071167 -0.996335 -0.047445 0.092623 -0.995701 0.000000 0.000000 -0.975716 0.219038 -0.167524 -0.981209 -0.095728 0.019306 -0.984600 0.173753
0.000000 -0.977802 -0.209529 0.195965 -0.979827 0.039193 -0.376288 0.846649 -0.376288 -0.512148 -0.768221 -0.384111 -0.071167 -0.996335 -0.047445 0.092599 -0.995434 -0.023150 0.000000 -0.975716 0.219038 -0.167524 -0.981209 -0.095728 0.019306 -0.984600 0.173753
0.000000 -0.977802 -0.209529 0.195965 -0.979827 0.039193 -0.337764 0.863175 -0.375293 -0.517357 -0.646696 -0.560470 -0.071167 -0.996335 -0.047445 0.118081 -0.991880 -0.047232 0.000000 -0.975716 0.219038 -0.167524 -0.981209 -0.095728 0.019306 -0.984600 0.173753
0.000000 -0.977802 -0.209529 0.195965 -0.979827 0.039193 -0.274434 0.869040 -0.411650 -0.481919 -0.525730 -0.700973 -0.071167 -0.996335 -0.047445 0.117917 -0.990500 -0.070750 0.000000 -0.975716 0.219038 -0.167524 -0.981209 -0.095728 0.019306 -0.984600 0.173753
0.000000 -0.970143 -0.242536 0.195515 -0.977577 0.078206 -0.042835 0.856706 -0.514024 -0.467345 -0.509831 -0.722261 -0.047445 -0.996335 -0.071167 0.117688 -0.988577 -0.094150 0.000000 -0.975716 0.219038 -0.167524 -0.981209 -0.095728 0.019306 -0.984600 0.173753
0.000000 -0.970143 -0.242536 0.195515 -0.977577 0.078206 0.122988 0.778924 -0.614940 -0.453247 -0.494451 -0.741677 -0.047445 -0.996335 -0.071167 0.117688 -0.988577 -0.094150 0.000000 -0.975716 0.219038 -0.167524 -0.981209 -0.095728 0.019306 -0.984600 0.173753
0.000000 -0.970143 -0.242536 0.195965 -0.979827 0.039193 0.396155 0.684268 -0.612240 -0.453247 -0.494451 -0.741677 -0.047445 -0.996335 -0.071167 0.120491 -0.988024 -0.096393 0.000000 -0.975716 0.219038 -0.167524 -0.981209 -0.095728 0.019306 -0.984600 0.173753
0.000000 -0.967997 -0.250962 0.195965 -0.979827 0.039193 0.501718 0.595790 -0.627147 -0.400099 -0.577920 -0.711287 -0.047445 -0.996335 -0.071167 0.120491 -0.988024 -0.096393 0.000000 -0.975716 0.219038 -0.167524 -0.981209 -0.095728 0.019306 -0.984600 0.173753
0.000000 -0.967997 -0.250962 0.195965 -0.979827 0.039193 0.615257 0.527363 -0.585959 -0.390567 -0.650945 -0.650945 -0.047445 -0.996335 -0.071167 0.120177 -0.985452 -0.120177 0.000000 -0.979804 0.199960 -0.167524 -0.981209 -0.095728 0.019306 -0.984600 0.173753
0.000000 -0.967997 -0.250962 0.195965 -0.979827 0.039193 0.613483 0.529826 -0.585597 -0.302920 -0.735662 -0.605839 -0.047445 -0.996335 -0.071167 0.120177 -0.985452 -0.120177 0.000000 -0.979804 0.199960 -0.167524 -0.981209 -0.095728 0.019306 -0.984600 0.173753
0.000000 -0.970143 -0.242536 0.203785 -0.978167 0.040757 0.621395 0.540343 -0.567360 -0.293455 -0.754599 -0.586911 -0.048593 -0.996156 -0.072889 0.092599 -0.995434 0.023150 0.000000 -0.979804 0.199960 -0.167524 -0.981209 -0.095728 0.019306 -0.984600 0.173753
0.000000 -0.970143 -0.242536 0.203785 -0.978167 0.040757 0.637568 0.531306 -0.557872 -0.300676 -0.773166 -0.558398 -0.048593 -0.996156 -0.072889 0.094782 -0.995216 -0.023696 0.000000 -0.979804 0.199960 -0.167524 -0.981209 -0.095728 0.019306 -0.984600 0.173753
0.000000 -0.970143 -0.242536 0.242338 -0.969351 0.040390 0.621395 0.540343 -0.567360 -0.290910 -0.789613 -0.540262 -0.024318 -0.997039 -0.072954 0.118081 -0.991880 -0.047232 0.000000 -0.979804 0.199960 -0.167524 -0.981209 -0.095728 0.019306 -0.984600 0.173753
0.000000 -0.970143 -0.242536 0.242338 -0.969351 0.040390 0.630907 0.548615 -0.548615 -0.290910 -0.789613 -0.540262 -0.024318 -0.997039 -0.072954 0.092524 -0.994635 0.046262 0.000000 -0.979804 0.199960 -0.167524 -0.981209 -0.095728 0.019306 -0.984600 0.173753
-0.034627 -0.969561 -0.242390 0.242338 -0.969351 0.040390 0.613960 0.558146 -0.558146 -0.281581 -0.804518 -0.522937 -0.024354 -0.998516 -0.048708 0.094782 -0.995216 -0.023696 0.000000 -0.979804 0.199960 -0.167524 -0.981209 -0.095728 0.038590 -0.984050 0.173656
-0.034627 -0.969561 -0.242390 0.242338 -0.969351 0.040390 0.596120 0.567733 -0.567733 -0.281581 -0.804518 -0.522937 -0.023776 -0.998586 -0.047552 0.117917 -0.990500 -0.070750 0.000000 -0.979804 0.199960 -0.167524 -0.981209 -0.095728 0.038590 -0.984050 0.173656
-0.034627 -0.969561 -0.242390 0.242338 -0.969351 0.040390 0.596120 0.567733 -0.567733 -0.281581 -0.804518 -0.522937 -0.023776 -0.998586 -0.047552 0.117688 -0.988577 -0.094150 0.000000 -0.979804 0.199960 -0.167524 -0.981209 -0.095728 0.038590 -0.984050 0.173656
-0.034627 -0.969561 -0.242390 0.242338 -0.969351 0.040390 0.596120 0.567733 -0.567733 -0.281581 -0.804518 -0.522937 -0.023776 -0.998586 -0.047552 0.117688 -0.988577 -0.094150 0.000000 -0.979804 0.199960 -0.167524 -0.981209 -0.095728 0.038454 -0.980588 0.192272
-0.034627 -0.969561 -0.242390 0.242338 -0.969351 0.040390 0.596120 0.567733 -0.567733 -0.243935 -0.813116 -0.528525 -0.023776 -0.998586 -0.047552 0.120177 -0.985452 -0.120177 0.000000 -0.979804 0.199960 -0.167524 -0.981209 -0.095728 0.038454 -0.980588 0.192272
-0.034627 -0.969561 -0.242390 0.242338 -0.969351 0.040390 0.577350 0.577350 -0.577350 -0.243935 -0.813116 -0.528525 -0.023776 -0.998586 -0.047552 0.120177 -0.985452 -0.120177 0.000000 -0.979804 0.199960 -0.167524 -0.981209 -0.095728 0.038454 -0.980588 0.192272
-0.068519 -0.959264 -0.274075 0.241747 -0.966988 0.080582 0.577350 0.577350 -0.577350 -0.243935 -0.813116 -0.528525 -0.023776 -0.998586 -0.047552 0.143756 -0.982335 -0.119797 0.000000 -0.979804 0.199960 -0.167524 -0.981209 -0.095728 0.038454 -0.980588 0.192272
