-0.031450 -0.974958 -0.220152 0.224702 -0.973708 -0.037450 -0.380221 0.877433 -0.292478 -0.302920 -0.735662 -0.605839 0.000000 -0.998920 -0.046461 0.096844 -0.992646 -0.072633 0.059143 -0.985712 0.157714 -0.072954 -0.997039 -0.024318 -0.019680 -0.983993 0.177119
-0.031450 -0.974958 -0.220152 0.224702 -0.973708 -0.037450 -0.360704 0.918156 -0.163956 -0.328244 -0.533396 -0.779579 0.000000 -0.998920 -0.046461 0.096844 -0.992646 -0.072633 0.059143 -0.985712 0.157714 -0.072954 -0.997039 -0.024318 -0.019680 -0.983993 0.177119
-0.031450 -0.974958 -0.220152 0.224702 -0.973708 -0.037450 -0.136083 0.952579 -0.272166 -0.319744 -0.439648 -0.839329 0.000000 -0.998920 -0.046461 0.096844 -0.992646 -0.072633 0.059143 -0.985712 0.157714 -0.072954 -0.997039 -0.024318 -0.019680 -0.983993 0.177119
-0.031450 -0.974958 -0.220152 0.224702 -0.973708 -0.037450 0.088648 0.930809 -0.354594 -0.325246 -0.406558 -0.853771 0.000000 -0.998920 -0.046461 0.096844 -0.992646 -0.072633 0.059143 -0.985712 0.157714 -0.072954 -0.997039 -0.024318 -0.019608 -0.980392 0.196078
-0.031450 -0.974958 -0.220152 0.224702 -0.973708 -0.037450 0.114876 0.880716 -0.459504 -0.366813 -0.448327 -0.815139 0.000000 -0.998920 -0.046461 0.096844 -0.992646 -0.072633 0.059143 -0.985712 0.157714 -0.072954 -0.997039 -0.024318 -0.019608 -0.980392 0.196078
-0.031220 -0.967805 -0.249756 0.224860 -0.974391 0.000000 0.284808 0.818822 -0.498413 -0.330759 -0.454794 -0.826898 0.000000 -0.997575 -0.069598 0.096844 -0.992646 -0.072633 0.059143 -0.985712 0.157714 -0.072954 -0.997039 -0.024318 -0.019608 -0.980392 0.196078
-0.031220 -0.967805 -0.249756 0.224860 -0.974391 0.000000 0.515058 0.708205 -0.482867 -0.319744 -0.439648 -0.839329 0.000000 -0.997575 -0.069598 0.096844 -0.992646 -0.072633 0.059143 -0.985712 0.157714 -0.072954 -0.997039 -0.024318 -0.019608 -0.980392 0.196078
-0.031220 -0.967805 -0.249756 0.224702 -0.973708 -0.037450 0.612564 0.643192 -0.459423 -0.245358 -0.449823 -0.858754 0.000000 -0.997575 -0.069598 0.096844 -0.992646 -0.072633 0.059143 -0.985712 0.157714 -0.072954 -0.997039 -0.024318 -0.019608 -0.980392 0.196078
-0.031220 -0.967805 -0.249756 0.224702 -0.973708 -0.037450 0.664743 0.601434 -0.443162 -0.245358 -0.449823 -0.858754 0.000000 -0.997575 -0.069598 0.096844 -0.992646 -0.072633 0.059143 -0.985712 0.157714 -0.072954 -0.997039 -0.024318 -0.019608 -0.980392 0.196078
-0.031220 -0.967805 -0.249756 0.224702 -0.973708 -0.037450 0.687141 0.588978 -0.425373 -0.166378 -0.457540 -0.873485 0.000000 -0.997575 -0.069598 0.096844 -0.992646 -0.072633 0.059316 -0.988598 0.138404 -0.072954 -0.997039 -0.024318 -0.019608 -0.980392 0.196078
-0.031220 -0.967805 -0.249756 0.224702 -0.973708 -0.037450 0.664743 0.601434 -0.443162 -0.165380 -0.537484 -0.826898 0.000000 -0.997575 -0.069598 0.096844 -0.992646 -0.072633 0.059316 -0.988598 0.138404 -0.072954 -0.997039 -0.024318 -0.019608 -0.980392 0.196078
-0.031220 -0.967805 -0.249756 0.224702 -0.973708 -0.037450 0.682789 0.580370 -0.443813 -0.165380 -0.537484 -0.826898 0.000000 -0.997575 -0.069598 0.096844 -0.992646 -0.072633 0.059316 -0.988598 0.138404 -0.072954 -0.997039 -0.024318 -0.019608 -0.980392 0.196078
-0.031220 -0.967805 -0.249756 0.216789 -0.975550 -0.036131 0.629740 0.629740 -0.454812 -0.124784 -0.540729 -0.831890 0.000000 -0.997575 -0.069598 0.096844 -0.992646 -0.072633 0.059316 -0.988598 0.138404 -0.072954 -0.997039 -0.024318 -0.019608 -0.980392 0.196078
-0.031220 -0.967805 -0.249756 0.216789 -0.975550 -0.036131 0.643679 0.607919 -0.464879 -0.124784 -0.540729 -0.831890 0.000000 -0.997459 -0.071247 0.096844 -0.992646 -0.072633 0.059316 -0.988598 0.138404 -0.072954 -0.997039 -0.024318 -0.019608 -0.980392 0.196078
-0.031220 -0.967805 -0.249756 0.216789 -0.975550 -0.036131 0.607919 0.643679 -0.464879 -0.126099 -0.588464 -0.798630 0.000000 -0.997459 -0.071247 0.096844 -0.992646 -0.072633 0.059316 -0.988598 0.138404 -0.072954 -0.997039 -0.024318 -0.019608 -0.980392 0.196078
-0.031220 -0.967805 -0.249756 0.216789 -0.975550 -0.036131 0.570701 0.677708 -0.463695 -0.126099 -0.588464 -0.798630 0.000000 -0.997459 -0.071247 0.096844 -0.992646 -0.072633 0.059316 -0.988598 0.138404 -0.072954 -0.997039 -0.024318 -0.019608 -0.980392 0.196078
-0.031220 -0.967805 -0.249756 0.216789 -0.975550 -0.036131 0.570701 0.677708 -0.463695 -0.126099 -0.588464 -0.798630 0.000000 -0.997459 -0.071247 0.096844 -0.992646 -0.072633 0.059316 -0.988598 0.138404 -0.072954 -0.997039 -0.024318 -0.019608 -0.980392 0.196078
-0.031220 -0.967805 -0.249756 0.216789 -0.975550 -0.036131 0.570701 0.677708 -0.463695 -0.126099 -0.588464 -0.798630 0.000000 -0.998868 -0.047565 0.096844 -0.992646 -0.072633 0.059316 -0.988598 0.138404 -0.072954 -0.997039 -0.024318 -0.019608 -0.980392 0.196078
-0.031220 -0.967805 -0.249756 0.216789 -0.975550 -0.036131 0.536399 0.679439 -0.500639 -0.130435 -0.608696 -0.782609 0.000000 -0.998868 -0.047565 0.096844 -0.992646 -0.072633 0.059316 -0.988598 0.138404 -0.072954 -0.997039 -0.024318 -0.019608 -0.980392 0.196078
-0.031220 -0.967805 -0.249756 0.216789 -0.975550 -0.036131 0.536399 0.679439 -0.500639 -0.130435 -0.608696 -0.782609 0.000000 -0.998868 -0.047565 0.096844 -0.992646 -0.072633 0.059316 -0.988598 0.138404 -0.072954 -0.997039 -0.024318 -0.019608 -0.980392 0.196078
-0.031220 -0.967805 -0.249756 0.216789 -0.975550 -0.036131 0.539054 0.673817 -0.505363 -0.168281 -0.631055 -0.757266 0.000000 -0.998868 -0.047565 0.096844 -0.992646 -0.072633 0.059316 -0.988598 0.138404 -0.072954 -0.997039 -0.024318 -0.019529 -0.976458 0.214821
-0.031220 -0.967805 -0.249756 0.216789 -0.975550 -0.036131 0.529813 0.662266 -0.529813 -0.173749 -0.651558 -0.738433 0.000000 -0.998868 -0.047565 0.096986 -0.994104 -0.048493 0.059316 -0.988598 0.138404 -0.072954 -0.997039 -0.024318 -0.019529 -0.976458 0.214821
-0.030303 -0.969697 -0.242424 0.216789 -0.975550 -0.036131 0.534127 0.628384 -0.565546 -0.215766 -0.690451 -0.690451 0.000000 -0.998868 -0.047565 0.096986 -0.994104 -0.048493 0.039583 -0.989566 0.138539 -0.072954 -0.997039 -0.024318 -0.019529 -0.976458 0.214821
-0.030303 -0.969697 -0.242424 0.224702 -0.973708 -0.037450 0.566666 0.566666 -0.598147 -0.209427 -0.712052 -0.670166 0.000000 -0.998868 -0.047565 0.096986 -0.994104 -0.048493 0.039583 -0.989566 0.138539 -0.072954 -0.997039 -0.024318 -0.019529 -0.976458 0.214821
