-0.089883 -0.958754 -0.269650 0.233373 -0.972387 0.000000 -0.265396 0.884652 -0.383349 -0.470757 -0.684737 -0.556349 -0.022669 -0.997427 -0.068006 0.094809 -0.995495 0.000000 0.079729 -0.976685 0.199323 -0.144421 -0.986878 -0.072211 -0.019680 -0.983993 0.177119
-0.089883 -0.958754 -0.269650 0.233373 -0.972387 0.000000 -0.205076 0.888662 -0.410152 -0.472490 -0.644305 -0.601351 -0.022669 -0.997427 -0.068006 0.094809 -0.995495 0.000000 0.079729 -0.976685 0.199323 -0.144421 -0.986878 -0.072211 -0.019680 -0.983993 0.177119
-0.089883 -0.958754 -0.269650 0.233373 -0.972387 0.000000 -0.169485 0.889799 -0.423714 -0.419591 -0.503509 -0.755263 -0.022669 -0.997427 -0.068006 0.094809 -0.995495 0.000000 0.079729 -0.976685 0.199323 -0.144421 -0.986878 -0.072211 -0.019680 -0.983993 0.177119
-0.092538 -0.956226 -0.277614 0.233373 -0.972387 0.000000 -0.094703 0.899676 -0.426162 -0.408248 -0.408248 -0.816497 -0.022669 -0.997427 -0.068006 0.094809 -0.995495 0.000000 0.079729 -0.976685 0.199323 -0.144421 -0.986878 -0.072211 -0.019680 -0.983993 0.177119
-0.092538 -0.956226 -0.277614 0.233373 -0.972387 0.000000 0.138380 0.876405 -0.461266 -0.360867 -0.400963 -0.842023 -0.022669 -0.997427 -0.068006 0.094809 -0.995495 0.000000 0.079729 -0.976685 0.199323 -0.144421 -0.986878 -0.072211 -0.019680 -0.983993 0.177119
-0.092538 -0.956226 -0.277614 0.233373 -0.972387 0.000000 0.324443 0.811107 -0.486664 -0.360867 -0.400963 -0.842023 0.000000 -0.997684 -0.068024 0.094809 -0.995495 0.000000 0.079729 -0.976685 0.199323 -0.144421 -0.986878 -0.072211 -0.019680 -0.983993 0.177119
-0.092538 -0.956226 -0.277614 0.224860 -0.974391 0.000000 0.398410 0.756978 -0.517932 -0.201129 -0.321807 -0.925196 0.000000 -0.997684 -0.068024 0.094809 -0.995495 0.000000 0.078206 -0.977577 0.195515 -0.144421 -0.986878 -0.072211 -0.019680 -0.983993 0.177119
-0.092538 -0.956226 -0.277614 0.224860 -0.974391 0.000000 0.586783 0.619382 -0.521585 -0.162088 -0.324176 -0.932007 0.000000 -0.997684 -0.068024 0.094809 -0.995495 0.000000 0.078206 -0.977577 0.195515 -0.144421 -0.986878 -0.072211 -0.019680 -0.983993 0.177119
-0.093296 -0.964054 -0.248788 0.224702 -0.973708 -0.037450 0.631413 0.602712 -0.487910 -0.205152 -0.533396 -0.820610 0.000000 -0.997684 -0.068024 0.094809 -0.995495 0.000000 0.078206 -0.977577 0.195515 -0.144421 -0.986878 -0.072211 -0.019680 -0.983993 0.177119
-0.060523 -0.968364 -0.242091 0.195965 -0.979827 -0.039193 0.698498 0.558799 -0.447039 -0.246390 -0.574911 -0.780236 0.000000 -0.997684 -0.068024 0.094782 -0.995216 -0.023696 0.078492 -0.981147 0.176606 -0.144421 -0.986878 -0.072211 -0.019680 -0.983993 0.177119
-0.060523 -0.968364 -0.242091 0.195965 -0.979827 -0.039193 0.705882 0.529412 -0.470588 -0.203279 -0.650493 -0.731804 0.000000 -0.997684 -0.068024 0.094782 -0.995216 -0.023696 0.078492 -0.981147 0.176606 -0.144421 -0.986878 -0.072211 -0.019608 -0.980392 0.196078
-0.060523 -0.968364 -0.242091 0.195965 -0.979827 -0.039193 0.718403 0.545986 -0.431042 -0.197952 -0.673036 -0.712627 0.000000 -0.997684 -0.068024 0.094782 -0.995216 -0.023696 0.078492 -0.981147 0.176606 -0.144421 -0.986878 -0.072211 -0.019608 -0.980392 0.196078
-0.060523 -0.968364 -0.242091 0.195965 -0.979827 -0.039193 0.709380 0.539129 -0.454003 -0.242140 -0.686064 -0.686064 0.000000 -0.997575 -0.069598 0.094782 -0.995216 -0.023696 0.078492 -0.981147 0.176606 -0.144421 -0.986878 -0.072211 -0.019608 -0.980392 0.196078
-0.060057 -0.960913 -0.270257 0.196116 -0.980581 0.000000 0.694850 0.550090 -0.463233 -0.242140 -0.686064 -0.686064 0.000000 -0.997575 -0.069598 0.094782 -0.995216 -0.023696 0.078492 -0.981147 0.176606 -0.144421 -0.986878 -0.072211 -0.019608 -0.980392 0.196078
-0.060057 -0.960913 -0.270257 0.196116 -0.980581 0.000000 0.668142 0.580993 -0.464794 -0.235521 -0.706562 -0.667308 0.000000 -0.997575 -0.069598 0.094782 -0.995216 -0.023696 0.078492 -0.981147 0.176606 -0.144421 -0.986878 -0.072211 -0.019608 -0.980392 0.196078
-0.060057 -0.960913 -0.270257 0.195965 -0.979827 -0.039193 0.642353 0.583957 -0.496364 -0.235521 -0.706562 -0.667308 0.000000 -0.997575 -0.069598 0.094782 -0.995216 -0.023696 0.078492 -0.981147 0.176606 -0.144421 -0.986878 -0.072211 -0.019608 -0.980392 0.196078
-0.060057 -0.960913 -0.270257 0.195965 -0.979827 -0.039193 0.631413 0.602712 -0.487910 -0.235521 -0.706562 -0.667308 0.000000 -0.997575 -0.069598 0.094782 -0.995216 -0.023696 0.078492 -0.981147 0.176606 -0.144421 -0.986878 -0.072211 -0.019608 -0.980392 0.196078
-0.060057 -0.960913 -0.270257 0.195965 -0.979827 -0.039193 0.624712 0.594964 -0.505719 -0.242140 -0.686064 -0.686064 0.000000 -0.997575 -0.069598 0.094782 -0.995216 -0.023696 0.078492 -0.981147 0.176606 -0.144421 -0.986878 -0.072211 -0.019608 -0.980392 0.196078
-0.060057 -0.960913 -0.270257 0.195965 -0.979827 -0.039193 0.624712 0.594964 -0.505719 -0.242140 -0.686064 -0.686064 0.000000 -0.997575 -0.069598 0.094809 -0.995495 0.000000 0.078492 -0.981147 0.176606 -0.144421 -0.986878 -0.072211 -0.019608 -0.980392 0.196078
-0.060057 -0.960913 -0.270257 0.195965 -0.979827 -0.039193 0.624712 0.594964 -0.505719 -0.242140 -0.686064 -0.686064 0.000000 -0.997575 -0.069598 0.094809 -0.995495 0.000000 0.078492 -0.981147 0.176606 -0.144421 -0.986878 -0.072211 -0.019608 -0.980392 0.196078
-0.060057 -0.960913 -0.270257 0.195965 -0.979827 -0.039193 0.624712 0.594964 -0.505719 -0.242140 -0.686064 -0.686064 0.000000 -0.997575 -0.069598 0.094809 -0.995495 0.000000 0.078492 -0.981147 0.176606 -0.144421 -0.986878 -0.072211 -0.019608 -0.980392 0.196078
-0.060057 -0.960913 -0.270257 0.195965 -0.979827 -0.039193 0.624712 0.594964 -0.505719 -0.242140 -0.686064 -0.686064 0.000000 -0.997575 -0.069598 0.094809 -0.995495 0.000000 0.078492 -0.981147 0.176606 -0.144421 -0.986878 -0.072211 -0.019608 -0.980392 0.196078
-0.060057 -0.960913 -0.270257 0.195965 -0.979827 -0.039193 0.625821 0.566219 -0.536418 -0.242140 -0.686064 -0.686064 0.000000 -0.997575 -0.069598 0.094809 -0.995495 0.000000 0.078492 -0.981147 0.176606 -0.144421 -0.986878 -0.072211 -0.019608 -0.980392 0.196078
