-0.032444 -0.973329 -0.227110 0.188847 -0.982006 0.000000 -0.246784 0.877454 -0.411306 -0.512148 -0.768221 -0.384111 -0.023224 -0.998651 -0.046449 0.071227 -0.997178 -0.023742 0.019992 -0.979608 0.199920 -0.120736 -0.990038 -0.072442 0.000000 -0.979804 0.199960
-0.032444 -0.973329 -0.227110 0.188847 -0.982006 0.000000 -0.275241 0.880771 -0.385337 -0.512148 -0.768221 -0.384111 -0.023224 -0.998651 -0.046449 0.071227 -0.997178 -0.023742 0.019992 -0.979608 0.199920 -0.120736 -0.990038 -0.072442 0.000000 -0.979804 0.199960
-0.032444 -0.973329 -0.227110 0.188847 -0.982006 0.000000 -0.282054 0.874368 -0.394876 -0.529297 -0.749838 -0.396973 -0.023224 -0.998651 -0.046449 0.071227 -0.997178 -0.023742 0.019992 -0.979608 0.199920 -0.120736 -0.990038 -0.072442 0.000000 -0.979804 0.199960
-0.032444 -0.973329 -0.227110 0.188847 -0.982006 0.000000 -0.285133 0.883912 -0.370673 -0.529297 -0.749838 -0.396973 -0.023224 -0.998651 -0.046449 0.071227 -0.997178 -0.023742 0.019992 -0.979608 0.199920 -0.120736 -0.990038 -0.072442 0.000000 -0.979804 0.199960
-0.032444 -0.973329 -0.227110 0.188847 -0.982006 0.000000 -0.285133 0.883912 -0.370673 -0.529297 -0.749838 -0.396973 -0.023224 -0.998651 -0.046449 0.071227 -0.997178 -0.023742 0.019992 -0.979608 0.199920 -0.120736 -0.990038 -0.072442 0.000000 -0.979804 0.199960
-0.032444 -0.973329 -0.227110 0.188847 -0.982006 0.000000 -0.285133 0.883912 -0.370673 -0.529297 -0.749838 -0.396973 -0.023224 -0.998651 -0.046449 0.071227 -0.997178 -0.023742 0.019992 -0.979608 0.199920 -0.120736 -0.990038 -0.072442 0.000000 -0.979804 0.199960
-0.032444 -0.973329 -0.227110 0.188847 -0.982006 0.000000 -0.340605 0.897958 -0.278677 -0.525730 -0.700973 -0.481919 -0.023224 -0.998651 -0.046449 0.071227 -0.997178 -0.023742 0.019992 -0.979608 0.199920 -0.120736 -0.990038 -0.072442 0.000000 -0.979804 0.199960
-0.032444 -0.973329 -0.227110 0.188847 -0.982006 0.000000 -0.384048 0.883310 -0.268833 -0.576215 -0.531891 -0.620539 -0.023224 -0.998651 -0.046449 0.071227 -0.997178 -0.023742 0.020068 -0.983349 0.180615 -0.120736 -0.990038 -0.072442 0.000000 -0.979804 0.199960
-0.032444 -0.973329 -0.227110 0.188847 -0.982006 0.000000 -0.321521 0.872699 -0.367452 -0.556349 -0.470757 -0.684737 -0.023224 -0.998651 -0.046449 0.071227 -0.997178 -0.023742 0.020068 -0.983349 0.180615 -0.120736 -0.990038 -0.072442 0.000000 -0.979804 0.199960
-0.032444 -0.973329 -0.227110 0.188847 -0.982006 0.000000 -0.203595 0.865277 -0.458088 -0.494451 -0.453247 -0.741677 -0.023224 -0.998651 -0.046449 0.071227 -0.997178 -0.023742 0.020068 -0.983349 0.180615 -0.120736 -0.990038 -0.072442 0.000000 -0.979804 0.199960
-0.032444 -0.973329 -0.227110 0.188847 -0.982006 0.000000 -0.048002 0.816026 -0.576018 -0.414513 -0.455965 -0.787575 -0.023224 -0.998651 -0.046449 0.071227 -0.997178 -0.023742 0.020068 -0.983349 0.180615 -0.120736 -0.990038 -0.072442 0.000000 -0.979804 0.199960
-0.032444 -0.973329 -0.227110 0.188847 -0.982006 0.000000 0.123613 0.741677 -0.659269 -0.342368 -0.470757 -0.813125 -0.023224 -0.998651 -0.046449 0.071227 -0.997178 -0.023742 0.020068 -0.983349 0.180615 -0.120736 -0.990038 -0.072442 0.000000 -0.979804 0.199960
-0.032444 -0.973329 -0.227110 0.188847 -0.982006 0.000000 0.265144 0.681799 -0.681799 -0.249136 -0.498273 -0.830455 0.000000 -0.998920 -0.046461 0.071227 -0.997178 -0.023742 0.019680 -0.983993 0.177119 -0.120736 -0.990038 -0.072442 0.000000 -0.980581 0.196116
-0.032444 -0.973329 -0.227110 0.182089 -0.983282 0.000000 0.408248 0.596671 -0.690882 -0.168880 -0.675521 -0.717741 0.000000 -0.998920 -0.046461 0.071227 -0.997178 -0.023742 0.019680 -0.983993 0.177119 -0.120736 -0.990038 -0.072442 0.019608 -0.980392 0.196078
-0.032444 -0.973329 -0.227110 0.182089 -0.983282 0.000000 0.470411 0.581096 -0.664109 -0.171184 -0.813125 -0.556349 0.023224 -0.998651 -0.046449 0.071227 -0.997178 -0.023742 0.019680 -0.983993 0.177119 -0.120736 -0.990038 -0.072442 0.019608 -0.980392 0.196078
-0.032444 -0.973329 -0.227110 0.182089 -0.983282 0.000000 0.504030 0.583614 -0.636670 -0.163163 -0.856608 -0.489490 0.023776 -0.998586 -0.047552 0.071227 -0.997178 -0.023742 0.019680 -0.983993 0.177119 -0.120736 -0.990038 -0.072442 0.019608 -0.980392 0.196078
-0.032444 -0.973329 -0.227110 0.182089 -0.983282 0.000000 0.515539 0.592870 -0.618647 -0.154997 -0.891232 -0.426241 0.023776 -0.998586 -0.047552 0.071227 -0.997178 -0.023742 0.019680 -0.983993 0.177119 -0.120736 -0.990038 -0.072442 0.019608 -0.980392 0.196078
-0.032444 -0.973329 -0.227110 0.182089 -0.983282 0.000000 0.560248 0.585714 -0.585714 -0.192450 -0.885270 -0.423390 0.023776 -0.998586 -0.047552 0.071227 -0.997178 -0.023742 0.019680 -0.983993 0.177119 -0.120736 -0.990038 -0.072442 0.019608 -0.980392 0.196078
-0.032444 -0.973329 -0.227110 0.182089 -0.983282 0.000000 0.568606 0.594452 -0.568606 -0.192450 -0.885270 -0.423390 0.023776 -0.998586 -0.047552 0.071167 -0.996335 -0.047445 0.019680 -0.983993 0.177119 -0.120736 -0.990038 -0.072442 0.019608 -0.980392 0.196078
-0.032444 -0.973329 -0.227110 0.182089 -0.983282 0.000000 0.558581 0.586510 -0.586510 -0.199205 -0.876501 -0.438250 0.023776 -0.998586 -0.047552 0.071167 -0.996335 -0.047445 0.019680 -0.983993 0.177119 -0.120736 -0.990038 -0.072442 0.019608 -0.980392 0.196078
-0.032444 -0.973329 -0.227110 0.182089 -0.983282 0.000000 0.538912 0.595640 -0.595640 -0.199205 -0.876501 -0.438250 0.023796 -0.999434 -0.023796 0.071167 -0.996335 -0.047445 0.019680 -0.983993 0.177119 -0.120736 -0.990038 -0.072442 0.019608 -0.980392 0.196078
-0.032444 -0.973329 -0.227110 0.216930 -0.976187 0.000000 0.548026 0.576870 -0.605713 -0.199205 -0.876501 -0.438250 0.023796 -0.999434 -0.023796 0.071167 -0.996335 -0.047445 0.019680 -0.983993 0.177119 -0.120736 -0.990038 -0.072442 0.019608 -0.980392 0.196078
-0.032444 -0.973329 -0.227110 0.216930 -0.976187 0.000000 0.527363 0.585959 -0.615257 -0.199205 -0.876501 -0.438250 0.000000 -0.999717 -0.023803 0.071167 -0.996335 -0.047445 0.019680 -0.983993 0.177119 -0.120736 -0.990038 -0.072442 0.019608 -0.980392 0.196078
-0.032444 -0.973329 -0.227110 0.216930 -0.976187 0.000000 0.527363 0.585959 -0.615257 -0.199205 -0.876501 -0.438250 0.000000 -0.999717 -0.023803 0.071167 -0.996335 -0.047445 0.019680 -0.983993 0.177119 -0.120736 -0.990038 -0.072442 0.019608 -0.980392 0.196078
-0.032444 -0.973329 -0.227110 0.216930 -0.976187 0.000000 0.548026 0.576870 -0.605713 -0.236986 -0.868948 -0.434474 0.000000 -0.999717 -0.023803 0.071167 -0.996335 -0.047445 0.019680 -0.983993 0.177119 -0.120736 -0.990038 -0.072442 0.019608 -0.980392 0.196078
-0.032444 -0.973329 -0.227110 0.216930 -0.976187 0.000000 0.517892 0.575435 -0.632979 -0.232845 -0.853766 -0.465690 0.000000 -0.999717 -0.023803 0.071167 -0.996335 -0.047445 0.019680 -0.983993 0.177119 -0.120736 -0.990038 -0.072442 0.019608 -0.980392 0.196078
-0.032444 -0.973329 -0.227110 0.216930 -0.976187 0.000000 0.527363 0.585959 -0.615257 -0.228582 -0.838133 -0.495261 0.000000 -0.999717 -0.023803 0.071167 -0.996335 -0.047445 0.019680 -0.983993 0.177119 -0.120736 -0.990038 -0.072442 0.019608 -0.980392 0.196078
