-0.026938
-0.969450
-0.241286
0.217167
-0.975194
0.009330
-0.236029
0.875481
-0.394319
-0.485257
-0.688154
-0.486203
-0.011729
-0.998697
-0.037685
0.074132
-0.994860
-0.014006
0.052139
-0.984455
0.163085
-0.097231
-0.992127
-0.059313
-0.010038
-0.984108
0.174910
-0.025911
-0.970037
-0.238590
0.212725
-0.976215
0.007251
0.590480
0.549080
-0.584081
-0.216263
-0.769284
-0.595177
-0.002221
-0.998882
-0.038451
0.076985
-0.994673
-0.027065
0.045585
-0.985914
0.157478
-0.098705
-0.992330
-0.056353
-0.009444
-0.979771
0.197996
0.476288
0.223811
12.510498
