-0.064282 -0.964237 -0.257130 0.188847 -0.982006 0.000000 -0.195594 0.912774 -0.358590 -0.470757 -0.684737 -0.556349 -0.023224 -0.998651 -0.046449 0.024354 -0.998516 -0.048708 0.038590 -0.984050 0.173656 -0.072954 -0.997039 -0.024318 0.000000 -0.983547 0.180652
-0.064786 -0.971795 -0.226752 0.188847 -0.982006 0.000000 -0.195594 0.912774 -0.358590 -0.496929 -0.677631 -0.542105 -0.023224 -0.998651 -0.046449 0.024354 -0.998516 -0.048708 0.038590 -0.984050 0.173656 -0.072954 -0.997039 -0.024318 0.000000 -0.983547 0.180652
-0.064786 -0.971795 -0.226752 0.188847 -0.982006 0.000000 -0.243709 0.905204 -0.348155 -0.496929 -0.677631 -0.542105 -0.023224 -0.998651 -0.046449 0.024354 -0.998516 -0.048708 0.038590 -0.984050 0.173656 -0.072954 -0.997039 -0.024318 0.000000 -0.983547 0.180652
-0.064786 -0.971795 -0.226752 0.188847 -0.982006 0.000000 -0.307434 0.888143 -0.341593 -0.436436 -0.698297 -0.567367 -0.023224 -0.998651 -0.046449 0.024354 -0.998516 -0.048708 0.038590 -0.984050 0.173656 -0.072954 -0.997039 -0.024318 0.000000 -0.983547 0.180652
-0.064786 -0.971795 -0.226752 0.188847 -0.982006 0.000000 -0.299392 0.860753 -0.411665 -0.389833 -0.693037 -0.606407 -0.023224 -0.998651 -0.046449 0.024354 -0.998516 -0.048708 0.038590 -0.984050 0.173656 -0.072954 -0.997039 -0.024318 0.000000 -0.983547 0.180652
-0.032669 -0.980057 -0.196011 0.188847 -0.982006 0.000000 -0.231283 0.809491 -0.539660 -0.304061 -0.694996 -0.651558 -0.023224 -0.998651 -0.046449 0.024354 -0.998516 -0.048708 0.038590 -0.984050 0.173656 -0.072954 -0.997039 -0.024318 0.000000 -0.983547 0.180652
-0.032669 -0.980057 -0.196011 0.188847 -0.982006 0.000000 -0.108112 0.720750 -0.684712 -0.263880 -0.703679 -0.659699 -0.023224 -0.998651 -0.046449 0.024354 -0.998516 -0.048708 0.038590 -0.984050 0.173656 -0.072954 -0.997039 -0.024318 0.000000 -0.983547 0.180652
-0.031450 -0.974958 -0.220152 0.195965 -0.979827 0.039193 0.066890 0.635455 -0.769235 -0.262865 -0.744784 -0.613351 -0.023224 -0.998651 -0.046449 0.024354 -0.998516 -0.048708 0.038590 -0.984050 0.173656 -0.072954 -0.997039 -0.024318 0.000000 -0.983547 0.180652
-0.031450 -0.974958 -0.220152 0.188847 -0.982006 0.000000 0.216128 0.555757 -0.802760 -0.208696 -0.751305 -0.626088 -0.023224 -0.998651 -0.046449 0.024354 -0.998516 -0.048708 0.038590 -0.984050 0.173656 -0.072976 -0.997334 0.000000 0.000000 -0.983547 0.180652
-0.031450 -0.974958 -0.220152 0.188847 -0.982006 0.000000 0.366379 0.535477 -0.760941 -0.126099 -0.798630 -0.588464 -0.023224 -0.998651 -0.046449 0.024354 -0.998516 -0.048708 0.038590 -0.984050 0.173656 -0.072976 -0.997334 0.000000 0.000000 -0.983547 0.180652
-0.031450 -0.974958 -0.220152 0.188847 -0.982006 0.000000 0.444960 0.528390 -0.723060 -0.126099 -0.798630 -0.588464 -0.023224 -0.998651 -0.046449 0.024354 -0.998516 -0.048708 0.038590 -0.984050 0.173656 -0.072976 -0.997334 0.000000 0.000000 -0.979804 0.199960
-0.031450 -0.974958 -0.220152 0.188847 -0.982006 0.000000 0.481070 0.534522 -0.694879 -0.124784 -0.831890 -0.540729 -0.023224 -0.998651 -0.046449 0.024354 -0.998516 -0.048708 0.038590 -0.984050 0.173656 -0.072976 -0.997334 0.000000 0.000000 -0.979804 0.199960
-0.031450 -0.974958 -0.220152 0.188847 -0.982006 0.000000 0.506891 0.535052 -0.675855 -0.083551 -0.835512 -0.543083 -0.023224 -0.998651 -0.046449 0.024354 -0.998516 -0.048708 0.038590 -0.984050 0.173656 -0.072976 -0.997334 0.000000 0.000000 -0.979804 0.199960
-0.031450 -0.974958 -0.220152 0.188847 -0.982006 0.000000 0.516610 0.545311 -0.660113 -0.083551 -0.835512 -0.543083 -0.023224 -0.998651 -0.046449 0.024354 -0.998516 -0.048708 0.038590 -0.984050 0.173656 -0.072976 -0.997334 0.000000 0.000000 -0.979804 0.199960
-0.031450 -0.974958 -0.220152 0.188847 -0.982006 0.000000 0.516610 0.545311 -0.660113 -0.085436 -0.854358 -0.512615 -0.023224 -0.998651 -0.046449 0.024354 -0.998516 -0.048708 0.038590 -0.984050 0.173656 -0.072976 -0.997334 0.000000 0.000000 -0.979804 0.199960
-0.032444 -0.973329 -0.227110 0.188847 -0.982006 0.000000 0.526460 0.555708 -0.643451 -0.127573 -0.850487 -0.510292 -0.023224 -0.998651 -0.046449 0.024354 -0.998516 -0.048708 0.038590 -0.984050 0.173656 -0.048723 -0.998812 0.000000 0.000000 -0.979804 0.199960
-0.032444 -0.973329 -0.227110 0.188847 -0.982006 0.000000 0.504827 0.564218 -0.653305 -0.127573 -0.850487 -0.510292 0.000000 -0.998920 -0.046461 0.024354 -0.998516 -0.048708 0.038590 -0.984050 0.173656 -0.048723 -0.998812 0.000000 0.000000 -0.979804 0.199960
-0.032444 -0.973329 -0.227110 0.188847 -0.982006 0.000000 0.482199 0.572611 -0.663024 -0.127573 -0.850487 -0.510292 0.000000 -0.998920 -0.046461 0.024354 -0.998516 -0.048708 0.038590 -0.984050 0.173656 -0.048723 -0.998812 0.000000 0.000000 -0.979804 0.199960
-0.032191 -0.965734 -0.257529 0.188847 -0.982006 0.000000 0.482199 0.572611 -0.663024 -0.127573 -0.850487 -0.510292 0.000000 -0.998920 -0.046461 0.024354 -0.998516 -0.048708 0.038713 -0.987179 0.154852 -0.048723 -0.998812 0.000000 0.000000 -0.979804 0.199960
-0.032191 -0.965734 -0.257529 0.188847 -0.982006 0.000000 0.490511 0.551825 -0.674453 -0.127573 -0.850487 -0.510292 0.000000 -0.998920 -0.046461 0.024354 -0.998516 -0.048708 0.038713 -0.987179 0.154852 -0.048723 -0.998812 0.000000 0.000000 -0.979804 0.199960
-0.032191 -0.965734 -0.257529 0.188847 -0.982006 0.000000 0.466704 0.560044 -0.684499 -0.127573 -0.850487 -0.510292 0.000000 -0.998920 -0.046461 0.024354 -0.998516 -0.048708 0.038713 -0.987179 0.154852 -0.048723 -0.998812 0.000000 0.000000 -0.979804 0.199960
-0.032191 -0.965734 -0.257529 0.188847 -0.982006 0.000000 0.466704 0.560044 -0.684499 -0.127573 -0.850487 -0.510292 0.000000 -0.998920 -0.046461 0.024354 -0.998516 -0.048708 0.038713 -0.987179 0.154852 -0.048723 -0.998812 0.000000 0.000000 -0.979804 0.199960
-0.032191 -0.965734 -0.257529 0.188847 -0.982006 0.000000 0.490511 0.551825 -0.674453 -0.175243 -0.832405 -0.525730 0.000000 -0.998920 -0.046461 0.024354 -0.998516 -0.048708 0.038713 -0.987179 0.154852 -0.048723 -0.998812 0.000000 0.000000 -0.979804 0.199960
-0.032444 -0.973329 -0.227110 0.188847 -0.982006 0.000000 0.490511 0.551825 -0.674453 -0.175243 -0.832405 -0.525730 0.000000 -0.998920 -0.046461 0.024354 -0.998516 -0.048708 0.038713 -0.987179 0.154852 -0.048723 -0.998812 0.000000 0.000000 -0.979804 0.199960
-0.032444 -0.973329 -0.227110 0.188847 -0.982006 0.000000 0.490511 0.551825 -0.674453 -0.175243 -0.832405 -0.525730 0.000000 -0.998920 -0.046461 0.024354 -0.998516 -0.048708 0.038713 -0.987179 0.154852 -0.048723 -0.998812 0.000000 0.000000 -0.979804 0.199960
-0.032444 -0.973329 -0.227110 0.188847 -0.982006 0.000000 0.480457 0.540514 -0.690656 -0.175243 -0.832405 -0.525730 0.000000 -0.998920 -0.046461 0.024354 -0.998516 -0.048708 0.038713 -0.987179 0.154852 -0.048723 -0.998812 0.000000 0.000000 -0.979804 0.199960
-0.032444 -0.973329 -0.227110 0.188847 -0.982006 0.000000 0.480457 0.540514 -0.690656 -0.175243 -0.832405 -0.525730 0.000000 -0.998920 -0.046461 0.024354 -0.998516 -0.048708 0.038713 -0.987179 0.154852 -0.048723 -0.998812 0.000000 0.000000 -0.979804 0.199960
-0.032444 -0.973329 -0.227110 0.188847 -0.982006 0.000000 0.503055 0.532647 -0.680604 -0.175243 -0.832405 -0.525730 0.000000 -0.999730 -0.023250 0.024354 -0.998516 -0.048708 0.038713 -0.987179 0.154852 -0.048723 -0.998812 0.000000 -0.019992 -0.979608 0.199920
-0.032444 -0.973329 -0.227110 0.188847 -0.982006 0.000000 0.503055 0.532647 -0.680604 -0.175243 -0.832405 -0.525730 0.000000 -0.999730 -0.023250 0.024354 -0.998516 -0.048708 0.038713 -0.987179 0.154852 -0.048723 -0.998812 0.000000 -0.019992 -0.979608 0.199920
-0.032444 -0.973329 -0.227110 0.188847 -0.982006 0.000000 0.513270 0.543462 -0.664231 -0.175243 -0.832405 -0.525730 0.000000 -0.999730 -0.023250 0.024354 -0.998516 -0.048708 0.038713 -0.987179 0.154852 -0.048723 -0.998812 0.000000 -0.019992 -0.979608 0.199920
