0.000000 -0.968277 -0.249878 0.250801 -0.967375 0.035829 -0.272639 0.886078 -0.374879 -0.642058 -0.521672 -0.561801 0.000000 -0.999730 -0.023250 0.094809 -0.995495 0.000000 0.080032 -0.980392 0.180072 -0.047511 -0.997740 -0.047511 -0.040919 -0.982049 0.184134
0.000000 -0.968277 -0.249878 0.216789 -0.975550 0.036131 -0.298347 0.895041 -0.331497 -0.642058 -0.521672 -0.561801 0.000000 -0.999730 -0.023250 0.094809 -0.995495 0.000000 0.080032 -0.980392 0.180072 -0.047511 -0.997740 -0.047511 -0.040919 -0.982049 0.184134
0.000000 -0.966235 -0.257663 0.216789 -0.975550 0.036131 -0.307434 0.888143 -0.341593 -0.670755 -0.503066 -0.544988 0.000000 -0.999730 -0.023250 0.094809 -0.995495 0.000000 0.080032 -0.980392 0.180072 -0.047511 -0.997740 -0.047511 -0.040919 -0.982049 0.184134
0.000000 -0.966235 -0.257663 0.216789 -0.975550 0.036131 -0.328089 0.885841 -0.328089 -0.646696 -0.517357 -0.560470 0.000000 -0.999730 -0.023250 0.094809 -0.995495 0.000000 0.080032 -0.980392 0.180072 -0.047511 -0.997740 -0.047511 -0.040919 -0.982049 0.184134
0.000000 -0.966235 -0.257663 0.216789 -0.975550 0.036131 -0.341593 0.888143 -0.307434 -0.644305 -0.472490 -0.601351 0.000000 -0.999730 -0.023250 0.094809 -0.995495 0.000000 0.080032 -0.980392 0.180072 -0.047511 -0.997740 -0.047511 -0.040919 -0.982049 0.184134
0.000000 -0.966235 -0.257663 0.216789 -0.975550 0.036131 -0.378188 0.893898 -0.240665 -0.627730 -0.460336 -0.627730 0.000000 -0.999730 -0.023250 0.094809 -0.995495 0.000000 0.080032 -0.980392 0.180072 -0.047511 -0.997740 -0.047511 -0.040919 -0.982049 0.184134
0.000000 -0.966235 -0.257663 0.216789 -0.975550 0.036131 -0.238837 0.921228 -0.307076 -0.568711 -0.446844 -0.690578 0.000000 -0.999730 -0.023250 0.094809 -0.995495 0.000000 0.060108 -0.981769 0.180325 -0.047511 -0.997740 -0.047511 -0.040919 -0.982049 0.184134
0.000000 -0.966235 -0.257663 0.216789 -0.975550 0.036131 -0.143870 0.935155 -0.323708 -0.479616 -0.439648 -0.759393 0.000000 -0.999730 -0.023250 0.094809 -0.995495 0.000000 0.060108 -0.981769 0.180325 -0.047511 -0.997740 -0.047511 -0.040919 -0.982049 0.184134
0.000000 -0.966235 -0.257663 0.216789 -0.975550 0.036131 0.000000 0.920967 -0.389640 -0.414513 -0.455965 -0.787575 0.000000 -0.999730 -0.023250 0.094809 -0.995495 0.000000 0.060108 -0.981769 0.180325 -0.047511 -0.997740 -0.047511 -0.040919 -0.982049 0.184134
0.000000 -0.966235 -0.257663 0.216789 -0.975550 0.036131 0.177109 0.850124 -0.495905 -0.342368 -0.470757 -0.813125 0.000000 -0.998920 -0.046461 0.094809 -0.995495 0.000000 0.060108 -0.981769 0.180325 -0.047511 -0.997740 -0.047511 -0.040919 -0.982049 0.184134
0.000000 -0.966235 -0.257663 0.216930 -0.976187 0.000000 0.304776 0.761939 -0.571454 -0.249783 -0.416305 -0.874241 0.000000 -0.998920 -0.046461 0.094809 -0.995495 0.000000 0.060108 -0.981769 0.180325 -0.023776 -0.998586 -0.047552 -0.040919 -0.982049 0.184134
0.000000 -0.973841 -0.227230 0.216930 -0.976187 0.000000 0.486513 0.636209 -0.598785 -0.210166 -0.420331 -0.882696 0.000000 -0.998920 -0.046461 0.094809 -0.995495 0.000000 0.060108 -0.981769 0.180325 -0.023776 -0.998586 -0.047552 -0.040919 -0.982049 0.184134
0.000000 -0.973841 -0.227230 0.216930 -0.976187 0.000000 0.577350 0.577350 -0.577350 -0.205152 -0.533396 -0.820610 0.000000 -0.998920 -0.046461 0.094809 -0.995495 0.000000 0.060108 -0.981769 0.180325 -0.023776 -0.998586 -0.047552 -0.040919 -0.982049 0.184134
0.000000 -0.973841 -0.227230 0.216930 -0.976187 0.000000 0.631233 0.531564 -0.564787 -0.207257 -0.580319 -0.787575 0.000000 -0.998920 -0.046461 0.094809 -0.995495 0.000000 0.060108 -0.981769 0.180325 -0.023776 -0.998586 -0.047552 -0.040112 -0.982756 0.180506
0.000000 -0.973841 -0.227230 0.216930 -0.976187 0.000000 0.668776 0.509544 -0.541390 -0.208696 -0.626088 -0.751305 0.000000 -0.998920 -0.046461 0.094809 -0.995495 0.000000 0.060108 -0.981769 0.180325 -0.023776 -0.998586 -0.047552 -0.040112 -0.982756 0.180506
0.000000 -0.973841 -0.227230 0.216930 -0.976187 0.000000 0.646843 0.523635 -0.554437 -0.209427 -0.670166 -0.712052 0.000000 -0.998920 -0.046461 0.094809 -0.995495 0.000000 0.060108 -0.981769 0.180325 -0.023776 -0.998586 -0.047552 -0.039960 -0.979021 0.199800
0.000000 -0.973841 -0.227230 0.216930 -0.976187 0.000000 0.675088 0.521659 -0.521659 -0.242140 -0.686064 -0.686064 0.000000 -0.998920 -0.046461 0.094809 -0.995495 0.000000 0.058948 -0.982472 0.176845 -0.023776 -0.998586 -0.047552 -0.039960 -0.979021 0.199800
0.000000 -0.973841 -0.227230 0.216930 -0.976187 0.000000 0.657858 0.532552 -0.532552 -0.242140 -0.686064 -0.686064 0.000000 -0.998920 -0.046461 0.094809 -0.995495 0.000000 0.058948 -0.982472 0.176845 -0.023776 -0.998586 -0.047552 -0.039960 -0.979021 0.199800
0.000000 -0.973841 -0.227230 0.216930 -0.976187 0.000000 0.627147 0.595790 -0.501718 -0.235521 -0.706562 -0.667308 0.000000 -0.998920 -0.046461 0.094809 -0.995495 0.000000 0.058948 -0.982472 0.176845 -0.047511 -0.997740 -0.047511 -0.039960 -0.979021 0.199800
0.000000 -0.973841 -0.227230 0.216930 -0.976187 0.000000 0.617213 0.586353 -0.524631 -0.241747 -0.725241 -0.644658 0.000000 -0.998920 -0.046461 0.094809 -0.995495 0.000000 0.058948 -0.982472 0.176845 -0.047511 -0.997740 -0.047511 -0.039960 -0.979021 0.199800
0.000000 -0.973841 -0.227230 0.216930 -0.976187 0.000000 0.597555 0.597555 -0.534655 -0.241747 -0.725241 -0.644658 0.000000 -0.998920 -0.046461 0.094809 -0.995495 0.000000 0.058948 -0.982472 0.176845 -0.047511 -0.997740 -0.047511 -0.039960 -0.979021 0.199800
0.000000 -0.973841 -0.227230 0.216930 -0.976187 0.000000 0.597555 0.597555 -0.534655 -0.241747 -0.725241 -0.644658 0.000000 -0.998920 -0.046461 0.094809 -0.995495 0.000000 0.058948 -0.982472 0.176845 -0.047511 -0.997740 -0.047511 -0.039960 -0.979021 0.199800
0.000000 -0.973841 -0.227230 0.216930 -0.976187 0.000000 0.576757 0.608799 -0.544715 -0.241747 -0.725241 -0.644658 0.000000 -0.998920 -0.046461 0.094809 -0.995495 0.000000 0.058948 -0.982472 0.176845 -0.047445 -0.996335 -0.071167 -0.039960 -0.979021 0.199800
