-0.031220 -0.967805 -0.249756 0.182089 -0.983282 0.000000 -0.248282 0.910366 -0.331042 -0.353009 -0.784465 -0.509902 0.000000 -0.998969 -0.045408 0.071227 -0.997178 0.023742 0.059467 -0.991120 0.118934 -0.144129 -0.984883 -0.096086 -0.019680 -0.983993 0.177119
-0.031220 -0.967805 -0.249756 0.182089 -0.983282 0.000000 -0.304430 0.913289 -0.270604 -0.332756 -0.623918 -0.707107 0.000000 -0.997684 -0.068024 0.071227 -0.997178 0.023742 0.059467 -0.991120 0.118934 -0.144129 -0.984883 -0.096086 -0.019680 -0.983993 0.177119
-0.062348 -0.966394 -0.249392 0.216930 -0.976187 0.000000 -0.215387 0.933346 -0.287183 -0.315244 -0.630488 -0.709299 0.000000 -0.997684 -0.068024 0.071227 -0.997178 0.023742 0.059467 -0.991120 0.118934 -0.144129 -0.984883 -0.096086 -0.019680 -0.983993 0.177119
-0.062348 -0.966394 -0.249392 0.216930 -0.976187 0.000000 -0.116248 0.929981 -0.348743 -0.277787 -0.595257 -0.753992 0.000000 -0.997684 -0.068024 0.071227 -0.997178 0.023742 0.059467 -0.991120 0.118934 -0.144129 -0.984883 -0.096086 -0.019680 -0.983993 0.177119
-0.062348 -0.966394 -0.249392 0.216930 -0.976187 0.000000 -0.070799 0.884990 -0.460195 -0.242140 -0.686064 -0.686064 0.000000 -0.997684 -0.068024 0.071227 -0.997178 0.023742 0.059467 -0.991120 0.118934 -0.144129 -0.984883 -0.096086 -0.019608 -0.980392 0.196078
-0.062348 -0.966394 -0.249392 0.216930 -0.976187 0.000000 0.134763 0.808581 -0.572745 -0.203279 -0.731804 -0.650493 0.000000 -0.997684 -0.068024 0.071227 -0.997178 0.023742 0.059467 -0.991120 0.118934 -0.144129 -0.984883 -0.096086 -0.019608 -0.980392 0.196078
-0.062348 -0.966394 -0.249392 0.216930 -0.976187 0.000000 0.286652 0.745295 -0.601969 -0.112906 -0.790345 -0.602168 0.000000 -0.997684 -0.068024 0.071227 -0.997178 0.023742 0.059467 -0.991120 0.118934 -0.144129 -0.984883 -0.096086 -0.019608 -0.980392 0.196078
-0.062348 -0.966394 -0.249392 0.216930 -0.976187 0.000000 0.425195 0.690942 -0.584643 -0.110357 -0.772497 -0.625355 0.000000 -0.997684 -0.068024 0.071227 -0.997178 0.023742 0.059467 -0.991120 0.118934 -0.144129 -0.984883 -0.096086 -0.019608 -0.980392 0.196078
-0.062348 -0.966394 -0.249392 0.216930 -0.976187 0.000000 0.487179 0.666667 -0.564103 -0.110357 -0.772497 -0.625355 0.000000 -0.998969 -0.045408 0.071227 -0.997178 0.023742 0.059467 -0.991120 0.118934 -0.144129 -0.984883 -0.096086 -0.019608 -0.980392 0.196078
-0.062348 -0.966394 -0.249392 0.216930 -0.976187 0.000000 0.533401 0.635001 -0.558801 -0.115470 -0.808290 -0.577350 0.000000 -0.998969 -0.045408 0.071227 -0.997178 0.023742 0.059467 -0.991120 0.118934 -0.144129 -0.984883 -0.096086 -0.019608 -0.980392 0.196078
-0.062348 -0.966394 -0.249392 0.216930 -0.976187 0.000000 0.558801 0.635001 -0.533401 -0.115470 -0.808290 -0.577350 0.000000 -0.998920 -0.046461 0.071227 -0.997178 0.023742 0.059467 -0.991120 0.118934 -0.144129 -0.984883 -0.096086 -0.019608 -0.980392 0.196078
-0.062348 -0.966394 -0.249392 0.216930 -0.976187 0.000000 0.575766 0.628109 -0.523424 -0.115470 -0.808290 -0.577350 0.000000 -0.999730 -0.023250 0.071227 -0.997178 0.023742 0.059596 -0.993269 0.099327 -0.144129 -0.984883 -0.096086 -0.019608 -0.980392 0.196078
-0.062348 -0.966394 -0.249392 0.216930 -0.976187 0.000000 0.593512 0.620490 -0.512578 -0.153168 -0.804132 -0.574380 0.000000 -0.999730 -0.023250 0.071227 -0.997178 0.023742 0.059596 -0.993269 0.099327 -0.144129 -0.984883 -0.096086 -0.019608 -0.980392 0.196078
-0.062348 -0.966394 -0.249392 0.216930 -0.976187 0.000000 0.585597 0.613483 -0.529826 -0.156532 -0.821794 -0.547862 0.023796 -0.999434 -0.023796 0.094782 -0.995216 0.023696 0.059596 -0.993269 0.099327 -0.144129 -0.984883 -0.096086 -0.019608 -0.980392 0.196078
-0.062348 -0.966394 -0.249392 0.216930 -0.976187 0.000000 0.595640 0.595640 -0.538912 -0.161690 -0.808452 -0.565916 0.023796 -0.999434 -0.023796 0.094782 -0.995216 0.023696 0.059596 -0.993269 0.099327 -0.144129 -0.984883 -0.096086 -0.019608 -0.980392 0.196078
-0.061839 -0.958508 -0.278277 0.216930 -0.976187 0.000000 0.604708 0.604708 -0.518321 -0.161690 -0.808452 -0.565916 0.023796 -0.999434 -0.023796 0.094782 -0.995216 0.023696 0.059596 -0.993269 0.099327 -0.144129 -0.984883 -0.096086 -0.019608 -0.980392 0.196078
-0.061839 -0.958508 -0.278277 0.216930 -0.976187 0.000000 0.585959 0.615257 -0.527363 -0.161690 -0.808452 -0.565916 0.023796 -0.999434 -0.023796 0.094782 -0.995216 0.023696 0.059596 -0.993269 0.099327 -0.144129 -0.984883 -0.096086 -0.019608 -0.980392 0.196078
-0.061839 -0.958508 -0.278277 0.216930 -0.976187 0.000000 0.585959 0.615257 -0.527363 -0.161690 -0.808452 -0.565916 0.023796 -0.999434 -0.023796 0.094782 -0.995216 0.023696 0.059596 -0.993269 0.099327 -0.144129 -0.984883 -0.096086 -0.019608 -0.980392 0.196078
-0.061839 -0.958508 -0.278277 0.216930 -0.976187 0.000000 0.585959 0.615257 -0.527363 -0.157991 -0.789953 -0.592464 0.023796 -0.999434 -0.023796 0.094782 -0.995216 0.023696 0.059596 -0.993269 0.099327 -0.144129 -0.984883 -0.096086 -0.019608 -0.980392 0.196078
-0.030964 -0.959886 -0.278677 0.182089 -0.983282 0.000000 0.585959 0.615257 -0.527363 -0.196116 -0.784465 -0.588348 0.023803 -0.999717 0.000000 0.094782 -0.995216 0.023696 0.059596 -0.993269 0.099327 -0.144129 -0.984883 -0.096086 -0.019608 -0.980392 0.196078
-0.030964 -0.959886 -0.278677 0.182089 -0.983282 0.000000 0.566219 0.625821 -0.536418 -0.202278 -0.768658 -0.606835 0.023803 -0.999717 0.000000 0.094782 -0.995216 0.023696 0.059596 -0.993269 0.099327 -0.144129 -0.984883 -0.096086 -0.019608 -0.980392 0.196078
-0.030964 -0.959886 -0.278677 0.182089 -0.983282 0.000000 0.585959 0.615257 -0.527363 -0.240578 -0.761831 -0.601445 0.023803 -0.999717 0.000000 0.094782 -0.995216 0.023696 0.059596 -0.993269 0.099327 -0.144129 -0.984883 -0.096086 -0.019608 -0.980392 0.196078
-0.030964 -0.959886 -0.278677 0.182089 -0.983282 0.000000 0.585959 0.615257 -0.527363 -0.240578 -0.761831 -0.601445 0.023803 -0.999717 0.000000 0.094782 -0.995216 0.023696 0.059596 -0.993269 0.099327 -0.144129 -0.984883 -0.096086 -0.019529 -0.976458 0.214821
