-0.064282 -0.964237 -0.257130 0.216789 -0.975550 -0.036131 -0.243957 0.867403 -0.433701 -0.580319 -0.787575 -0.207257 -0.023224 -0.998651 -0.046449 0.096986 -0.994104 -0.048493 0.078980 -0.987248 0.138215 -0.072889 -0.996156 -0.048593 0.000000 -0.984183 0.177153
-0.064282 -0.964237 -0.257130 0.216789 -0.975550 -0.036131 -0.243510 0.892871 -0.378794 -0.574911 -0.780236 -0.246390 -0.023224 -0.998651 -0.046449 0.096986 -0.994104 -0.048493 0.078980 -0.987248 0.138215 -0.072889 -0.996156 -0.048593 0.000000 -0.984183 0.177153
-0.064282 -0.964237 -0.257130 0.216789 -0.975550 -0.036131 -0.280828 0.898650 -0.336994 -0.509831 -0.807233 -0.297402 -0.023224 -0.998651 -0.046449 0.096986 -0.994104 -0.048493 0.078980 -0.987248 0.138215 -0.072889 -0.996156 -0.048593 0.000000 -0.984183 0.177153
-0.064282 -0.964237 -0.257130 0.216789 -0.975550 -0.036131 -0.297694 0.926158 -0.231539 -0.545455 -0.636364 -0.545455 -0.023224 -0.998651 -0.046449 0.096986 -0.994104 -0.048493 0.078980 -0.987248 0.138215 -0.072889 -0.996156 -0.048593 0.000000 -0.984183 0.177153
-0.064282 -0.964237 -0.257130 0.216789 -0.975550 -0.036131 -0.297113 0.928477 -0.222834 -0.504844 -0.588984 -0.631055 -0.023224 -0.998651 -0.046449 0.096986 -0.994104 -0.048493 0.059316 -0.988598 0.138404 -0.072889 -0.996156 -0.048593 0.000000 -0.984183 0.177153
-0.064282 -0.964237 -0.257130 0.216789 -0.975550 -0.036131 -0.373383 0.912714 -0.165948 -0.410651 -0.533846 -0.739171 -0.023224 -0.998651 -0.046449 0.096986 -0.994104 -0.048493 0.059316 -0.988598 0.138404 -0.072889 -0.996156 -0.048593 0.000000 -0.984183 0.177153
-0.032191 -0.965734 -0.257529 0.216789 -0.975550 -0.036131 -0.146560 0.928211 -0.341972 -0.406558 -0.487869 -0.772460 -0.023224 -0.998651 -0.046449 0.096986 -0.994104 -0.048493 0.059316 -0.988598 0.138404 -0.072889 -0.996156 -0.048593 -0.019608 -0.980392 0.196078
-0.032444 -0.973329 -0.227110 0.216789 -0.975550 -0.036131 -0.044677 0.893534 -0.446767 -0.324443 -0.486664 -0.811107 -0.023243 -0.999460 -0.023243 0.096844 -0.992646 -0.072633 0.059143 -0.985712 0.157714 -0.072889 -0.996156 -0.048593 -0.019608 -0.980392 0.196078
-0.032191 -0.965734 -0.257529 0.216930 -0.976187 0.000000 0.039968 0.799361 -0.599521 -0.246390 -0.574911 -0.780236 -0.023243 -0.999460 -0.023243 0.096844 -0.992646 -0.072633 0.059143 -0.985712 0.157714 -0.072889 -0.996156 -0.048593 -0.019608 -0.980392 0.196078
-0.032191 -0.965734 -0.257529 0.216930 -0.976187 0.000000 0.307465 0.691796 -0.653363 -0.260870 -0.565217 -0.782609 0.000000 -0.999730 -0.023250 0.096844 -0.992646 -0.072633 0.059143 -0.985712 0.157714 -0.072889 -0.996156 -0.048593 -0.019608 -0.980392 0.196078
-0.032191 -0.965734 -0.257529 0.216930 -0.976187 0.000000 0.464879 0.607919 -0.643679 -0.171184 -0.556349 -0.813125 0.000000 -0.999730 -0.023250 0.096844 -0.992646 -0.072633 0.059143 -0.985712 0.157714 -0.072889 -0.996156 -0.048593 -0.019608 -0.980392 0.196078
-0.031220 -0.967805 -0.249756 0.224860 -0.974391 0.000000 0.523635 0.554437 -0.646843 -0.131181 -0.655904 -0.743358 0.000000 -0.999730 -0.023250 0.096844 -0.992646 -0.072633 0.059143 -0.985712 0.157714 -0.072889 -0.996156 -0.048593 -0.019608 -0.980392 0.196078
-0.031450 -0.974958 -0.220152 0.224860 -0.974391 0.000000 0.547117 0.547117 -0.633504 -0.174078 -0.696311 -0.696311 0.000000 -0.999717 -0.023803 0.096844 -0.992646 -0.072633 0.059143 -0.985712 0.157714 -0.072889 -0.996156 -0.048593 -0.019529 -0.976458 0.214821
-0.031450 -0.974958 -0.220152 0.224860 -0.974391 0.000000 0.547117 0.547117 -0.633504 -0.168281 -0.757266 -0.631055 0.000000 -0.999717 -0.023803 0.096844 -0.992646 -0.072633 0.059143 -0.985712 0.157714 -0.072889 -0.996156 -0.048593 -0.019529 -0.976458 0.214821
-0.031450 -0.974958 -0.220152 0.224860 -0.974391 0.000000 0.567360 0.540343 -0.621395 -0.207257 -0.787575 -0.580319 0.000000 -0.999717 -0.023803 0.096844 -0.992646 -0.072633 0.059143 -0.985712 0.157714 -0.072889 -0.996156 -0.048593 -0.019529 -0.976458 0.214821
-0.031450 -0.974958 -0.220152 0.224860 -0.974391 0.000000 0.558146 0.558146 -0.613960 -0.207257 -0.787575 -0.580319 0.000000 -0.999717 -0.023803 0.096844 -0.992646 -0.072633 0.059143 -0.985712 0.157714 -0.072889 -0.996156 -0.048593 -0.019529 -0.976458 0.214821
-0.031220 -0.967805 -0.249756 0.224860 -0.974391 0.000000 0.529004 0.556846 -0.640373 -0.171184 -0.813125 -0.556349 0.000000 -0.999717 -0.023803 0.096844 -0.992646 -0.072633 0.059143 -0.985712 0.157714 -0.072889 -0.996156 -0.048593 -0.019529 -0.976458 0.214821
-0.031220 -0.967805 -0.249756 0.224860 -0.974391 0.000000 0.500386 0.583784 -0.639382 -0.165380 -0.826898 -0.537484 0.000000 -0.999717 -0.023803 0.096844 -0.992646 -0.072633 0.059143 -0.985712 0.157714 -0.072889 -0.996156 -0.048593 -0.019529 -0.976458 0.214821
-0.031220 -0.967805 -0.249756 0.224702 -0.973708 -0.037450 0.479111 0.591843 -0.648209 -0.165380 -0.826898 -0.537484 0.000000 -0.999717 -0.023803 0.096844 -0.992646 -0.072633 0.059143 -0.985712 0.157714 -0.072889 -0.996156 -0.048593 -0.019529 -0.976458 0.214821
-0.031220 -0.967805 -0.249756 0.224702 -0.973708 -0.037450 0.487910 0.602712 -0.631413 -0.161690 -0.808452 -0.565916 0.000000 -0.999717 -0.023803 0.096844 -0.992646 -0.072633 0.059143 -0.985712 0.157714 -0.072954 -0.997039 -0.024318 -0.019608 -0.980392 0.196078
-0.031220 -0.967805 -0.249756 0.224702 -0.973708 -0.037450 0.479111 0.591843 -0.648209 -0.161690 -0.808452 -0.565916 0.000000 -0.999717 -0.023803 0.096844 -0.992646 -0.072633 0.059143 -0.985712 0.157714 -0.072954 -0.997039 -0.024318 -0.019529 -0.976458 0.214821
-0.031220 -0.967805 -0.249756 0.224702 -0.973708 -0.037450 0.456956 0.599755 -0.656875 -0.167102 -0.793736 -0.584858 0.000000 -0.999717 -0.023803 0.096844 -0.992646 -0.072633 0.059143 -0.985712 0.157714 -0.072954 -0.997039 -0.024318 -0.019529 -0.976458 0.214821
-0.031220 -0.967805 -0.249756 0.224702 -0.973708 -0.037450 0.464794 0.580993 -0.668142 -0.167102 -0.793736 -0.584858 0.000000 -0.999717 -0.023803 0.096844 -0.992646 -0.072633 0.059143 -0.985712 0.157714 -0.072954 -0.997039 -0.024318 0.000000 -0.976644 0.214862
-0.031220 -0.967805 -0.249756 0.224702 -0.973708 -0.037450 0.464794 0.580993 -0.668142 -0.167102 -0.793736 -0.584858 0.000000 -0.999717 -0.023803 0.096844 -0.992646 -0.072633 0.059143 -0.985712 0.157714 -0.072954 -0.997039 -0.024318 0.000000 -0.976644 0.214862
-0.031220 -0.967805 -0.249756 0.224702 -0.973708 -0.037450 0.464794 0.580993 -0.668142 -0.167102 -0.793736 -0.584858 0.000000 -0.999717 -0.023803 0.096844 -0.992646 -0.072633 0.059143 -0.985712 0.157714 -0.072954 -0.997039 -0.024318 0.000000 -0.976644 0.214862
-0.062348 -0.966394 -0.249392 0.224702 -0.973708 -0.037450 0.464794 0.580993 -0.668142 -0.167102 -0.793736 -0.584858 0.000000 -0.999717 -0.023803 0.096844 -0.992646 -0.072633 0.059143 -0.985712 0.157714 -0.072954 -0.997039 -0.024318 0.000000 -0.976644 0.214862
