-0.031220 -0.967805 -0.249756 0.188847 -0.982006 0.000000 -0.147442 0.884652 -0.442326 -0.457144 -0.706496 -0.540262 0.000000 -0.998920 -0.046461 0.097071 -0.994982 -0.024268 0.057628 -0.979683 0.192095 -0.144421 -0.986878 -0.072211 -0.039193 -0.979827 0.195965
-0.031220 -0.967805 -0.249756 0.188847 -0.982006 0.000000 -0.173712 0.897514 -0.405329 -0.457144 -0.706496 -0.540262 0.000000 -0.998920 -0.046461 0.097071 -0.994982 -0.024268 0.057628 -0.979683 0.192095 -0.144421 -0.986878 -0.072211 -0.039193 -0.979827 0.195965
-0.031220 -0.967805 -0.249756 0.188847 -0.982006 0.000000 -0.173712 0.897514 -0.405329 -0.457144 -0.706496 -0.540262 0.000000 -0.998920 -0.046461 0.097071 -0.994982 -0.024268 0.057628 -0.979683 0.192095 -0.144421 -0.986878 -0.072211 -0.039193 -0.979827 0.195965
-0.031220 -0.967805 -0.249756 0.188847 -0.982006 0.000000 -0.206061 0.912554 -0.353247 -0.423334 -0.719667 -0.550334 0.000000 -0.998920 -0.046461 0.097071 -0.994982 -0.024268 0.057628 -0.979683 0.192095 -0.144421 -0.986878 -0.072211 -0.039193 -0.979827 0.195965
-0.031220 -0.967805 -0.249756 0.188847 -0.982006 0.000000 -0.233982 0.906681 -0.350973 -0.423334 -0.719667 -0.550334 0.000000 -0.998920 -0.046461 0.097071 -0.994982 -0.024268 0.057628 -0.979683 0.192095 -0.144421 -0.986878 -0.072211 -0.039193 -0.979827 0.195965
-0.031220 -0.967805 -0.249756 0.188847 -0.982006 0.000000 -0.230079 0.920316 -0.316359 -0.423334 -0.719667 -0.550334 0.000000 -0.998920 -0.046461 0.097071 -0.994982 -0.024268 0.057628 -0.979683 0.192095 -0.144421 -0.986878 -0.072211 -0.039193 -0.979827 0.195965
-0.031220 -0.967805 -0.249756 0.188847 -0.982006 0.000000 -0.159152 0.923080 -0.350134 -0.414870 -0.663792 -0.622305 0.000000 -0.998920 -0.046461 0.097071 -0.994982 -0.024268 0.057628 -0.979683 0.192095 -0.144421 -0.986878 -0.072211 -0.039193 -0.979827 0.195965
-0.031220 -0.967805 -0.249756 0.188847 -0.982006 0.000000 -0.125218 0.918262 -0.375653 -0.419591 -0.503509 -0.755263 0.000000 -0.998920 -0.046461 0.097071 -0.994982 -0.024268 0.057628 -0.979683 0.192095 -0.144421 -0.986878 -0.072211 -0.039193 -0.979827 0.195965
-0.031220 -0.967805 -0.249756 0.188847 -0.982006 0.000000 -0.094703 0.899676 -0.426162 -0.471188 -0.428353 -0.771035 0.000000 -0.998920 -0.046461 0.097071 -0.994982 -0.024268 0.057628 -0.979683 0.192095 -0.144421 -0.986878 -0.072211 -0.039193 -0.979827 0.195965
-0.062348 -0.966394 -0.249392 0.224860 -0.974391 0.000000 0.000000 0.894427 -0.447214 -0.429537 -0.386583 -0.816120 0.000000 -0.998969 -0.045408 0.097071 -0.994982 -0.024268 0.057628 -0.979683 0.192095 -0.144421 -0.986878 -0.072211 -0.058733 -0.978888 0.195778
-0.031220 -0.967805 -0.249756 0.188713 -0.981307 0.037743 0.141264 0.894675 -0.423793 -0.441415 -0.401286 -0.802572 0.000000 -0.998969 -0.045408 0.097071 -0.994982 -0.024268 0.057628 -0.979683 0.192095 -0.144421 -0.986878 -0.072211 -0.058733 -0.978888 0.195778
-0.031220 -0.967805 -0.249756 0.188713 -0.981307 0.037743 0.257960 0.816874 -0.515920 -0.373383 -0.414870 -0.829740 0.000000 -0.998969 -0.045408 0.097071 -0.994982 -0.024268 0.057628 -0.979683 0.192095 -0.144421 -0.986878 -0.072211 -0.058498 -0.974972 0.214494
-0.030303 -0.969697 -0.242424 0.196116 -0.980581 0.000000 0.368355 0.773545 -0.515697 -0.163163 -0.489490 -0.856608 0.000000 -0.997575 -0.069598 0.097071 -0.994982 -0.024268 0.057628 -0.979683 0.192095 -0.144421 -0.986878 -0.072211 -0.058498 -0.974972 0.214494
-0.029437 -0.971429 -0.235498 0.196116 -0.980581 0.000000 0.488603 0.698005 -0.523504 -0.082409 -0.494451 -0.865290 0.000000 -0.997575 -0.069598 0.097071 -0.994982 -0.024268 0.057628 -0.979683 0.192095 -0.144421 -0.986878 -0.072211 -0.039036 -0.975900 0.214698
-0.029630 -0.977805 -0.207413 0.196116 -0.980581 0.000000 0.629017 0.601668 -0.492274 -0.040927 -0.572982 -0.818546 0.000000 -0.997575 -0.069598 0.097071 -0.994982 -0.024268 0.057628 -0.979683 0.192095 -0.144421 -0.986878 -0.072211 -0.039036 -0.975900 0.214698
-0.029630 -0.977805 -0.207413 0.196116 -0.980581 0.000000 0.690103 0.558655 -0.460069 0.000000 -0.573462 -0.819232 0.000000 -0.997575 -0.069598 0.094782 -0.995216 -0.023696 0.058733 -0.978888 0.195778 -0.144421 -0.986878 -0.072211 -0.039036 -0.975900 0.214698
-0.029630 -0.977805 -0.207413 0.196116 -0.980581 0.000000 0.706742 0.546119 -0.449745 0.000000 -0.619644 -0.784883 0.000000 -0.997575 -0.069598 0.094782 -0.995216 -0.023696 0.058733 -0.978888 0.195778 -0.144421 -0.986878 -0.072211 -0.039036 -0.975900 0.214698
-0.029630 -0.977805 -0.207413 0.196116 -0.980581 0.000000 0.706742 0.546119 -0.449745 -0.040226 -0.643614 -0.764292 0.000000 -0.997459 -0.071247 0.094782 -0.995216 -0.023696 0.058733 -0.978888 0.195778 -0.144421 -0.986878 -0.072211 -0.039036 -0.975900 0.214698
-0.030303 -0.969697 -0.242424 0.196116 -0.980581 0.000000 0.706742 0.546119 -0.449745 -0.082761 -0.662085 -0.744845 0.023776 -0.998586 -0.047552 0.094782 -0.995216 -0.023696 0.058733 -0.978888 0.195778 -0.144421 -0.986878 -0.072211 -0.039036 -0.975900 0.214698
-0.060523 -0.968364 -0.242091 0.196116 -0.980581 0.000000 0.690103 0.558655 -0.460069 -0.127458 -0.679775 -0.722261 0.023776 -0.998586 -0.047552 0.094782 -0.995216 -0.023696 0.058733 -0.978888 0.195778 -0.144421 -0.986878 -0.072211 -0.038866 -0.971653 0.233197
-0.060057 -0.960913 -0.270257 0.196116 -0.980581 0.000000 0.659380 0.593442 -0.461566 -0.123823 -0.701665 -0.701665 0.023776 -0.998586 -0.047552 0.094782 -0.995216 -0.023696 0.058733 -0.978888 0.195778 -0.144421 -0.986878 -0.072211 -0.038866 -0.971653 0.233197
-0.060057 -0.960913 -0.270257 0.196116 -0.980581 0.000000 0.659380 0.593442 -0.461566 -0.123823 -0.701665 -0.701665 0.023776 -0.998586 -0.047552 0.094782 -0.995216 -0.023696 0.058733 -0.978888 0.195778 -0.144421 -0.986878 -0.072211 -0.038866 -0.971653 0.233197
-0.060057 -0.960913 -0.270257 0.196116 -0.980581 0.000000 0.640126 0.606435 -0.471672 -0.123823 -0.701665 -0.701665 0.023776 -0.998586 -0.047552 0.094782 -0.995216 -0.023696 0.058733 -0.978888 0.195778 -0.144421 -0.986878 -0.072211 -0.038866 -0.971653 0.233197
-0.089883 -0.958754 -0.269650 0.196116 -0.980581 0.000000 0.640126 0.606435 -0.471672 -0.123823 -0.701665 -0.701665 0.023776 -0.998586 -0.047552 0.094782 -0.995216 -0.023696 0.058733 -0.978888 0.195778 -0.144421 -0.986878 -0.072211 -0.038866 -0.971653 0.233197
-0.089883 -0.958754 -0.269650 0.196116 -0.980581 0.000000 0.624695 0.624695 -0.468521 -0.163846 -0.737309 -0.655386 0.023776 -0.998586 -0.047552 0.094782 -0.995216 -0.023696 0.058733 -0.978888 0.195778 -0.144421 -0.986878 -0.072211 -0.038866 -0.971653 0.233197
