-0.365148 0.839841 -0.401663
-0.365148 0.839841 -0.401663
-0.365148 0.839841 -0.401663
-0.379310 0.827586 -0.413793
-0.308697 0.857493 -0.411597
-0.265343 0.862366 -0.431183
-0.202145 0.875962 -0.437981
-0.138260 0.864126 -0.483911
-0.064617 0.872330 -0.484628
-0.030994 0.867826 -0.495901
0.000000 0.846233 -0.532813
0.067845 0.814144 -0.576686
0.132164 0.792982 -0.594737
0.212000 0.741999 -0.635999
0.292314 0.694245 -0.657706
0.436147 0.617876 -0.654221
0.593442 0.461566 -0.659380
0.680232 0.340116 -0.649312
0.769405 0.192351 -0.609112
0.807002 -0.031039 -0.589732
0.805614 -0.225572 -0.547817
0.759671 -0.395029 -0.516577
0.724138 -0.413793 -0.551724
0.628539 -0.549972 -0.549972
0.441129 -0.735215 -0.514650
0.308154 -0.821744 -0.479351
0.155493 -0.870759 -0.466478
0.112464 -0.899714 -0.421741
0.000000 -0.923077 -0.384615
-0.079333 -0.925550 -0.370220
-0.200656 -0.917286 -0.343982
-0.376851 -0.869657 -0.318874
-0.513448 -0.798697 -0.313774
-0.629183 -0.689105 -0.359533
-0.743705 -0.565216 -0.356978
-0.813733 -0.464991 -0.348743
-0.851314 -0.384465 -0.357003
-0.900682 -0.264906 -0.344378
-0.926467 -0.144760 -0.347425
-0.945601 -0.027017 -0.324206
-0.945732 0.078811 -0.315244
-0.929131 0.132733 -0.345106
-0.911322 0.234340 -0.338491
-0.872008 0.360831 -0.330762
-0.839329 0.439648 -0.319744
-0.764316 0.541390 -0.350311
-0.729959 0.577884 -0.364979
-0.681005 0.595880 -0.425628
-0.642118 0.642118 -0.418772
-0.608219 0.687552 -0.396664
-0.586094 0.719297 -0.372969
-0.518847 0.764616 -0.382308
-0.503706 0.783543 -0.363788
-0.477219 0.786008 -0.393004
-0.440052 0.797595 -0.412549
-0.412549 0.797595 -0.440052
-0.380750 0.815892 -0.435143
-0.357137 0.824163 -0.439554
-0.386494 0.837404 -0.386494
-0.396155 0.828325 -0.396155
-0.365148 0.839841 -0.401663
-0.370370 0.851852 -0.370370
-0.370370 0.851852 -0.370370
-0.401663 0.839841 -0.365148
-0.401663 0.839841 -0.365148
-0.401663 0.839841 -0.365148
-0.425864 0.816239 -0.390375
-0.396155 0.828325 -0.396155
-0.379310 0.827586 -0.413793
