-0.233982 0.906681 -0.350973
-0.144760 0.926467 -0.347425
-0.143267 0.916909 -0.372494
-0.124878 0.905366 -0.405854
-0.095394 0.890348 -0.445174
0.000000 0.860292 -0.509802
0.144943 0.840668 -0.521794
0.285133 0.826886 -0.484726
0.379489 0.786084 -0.487914
0.448265 0.756448 -0.476282
0.529412 0.705882 -0.470588
0.584305 0.649227 -0.486921
0.705156 0.519589 -0.482475
0.790345 0.413990 -0.451626
0.883310 0.268833 -0.384048
0.923287 0.213066 -0.319599
0.947656 0.169224 -0.270759
0.967805 0.124878 -0.218537
0.977805 0.029630 -0.207413
0.976519 -0.059183 -0.207140
0.981691 -0.118993 -0.148741
0.947698 -0.305709 -0.091713
0.911755 -0.386805 -0.138145
0.860165 -0.483843 -0.161281
0.777087 -0.590586 -0.217584
0.653305 -0.742392 -0.148478
0.515152 -0.848485 -0.121212
0.393038 -0.907011 -0.151169
0.323810 -0.941992 -0.088312
0.178568 -0.982125 -0.059523
0.058621 -0.996558 -0.058621
-0.062107 -0.993712 -0.093161
-0.219826 -0.973515 -0.062807
-0.342747 -0.934765 -0.093477
-0.524950 -0.828868 -0.193403
-0.643569 -0.720798 -0.257428
-0.727963 -0.627555 -0.276124
-0.814480 -0.456904 -0.357577
-0.837404 -0.386494 -0.386494
-0.855186 -0.366508 -0.366508
-0.878682 -0.157712 -0.450606
-0.896669 -0.185518 -0.401955
-0.865599 0.110974 -0.488286
-0.804538 0.239187 -0.543607
-0.743428 0.361668 -0.562594
-0.795837 0.291807 -0.530558
-0.651226 0.504175 -0.567197
-0.772088 0.504827 -0.386044
-0.801784 0.534522 -0.267261
-0.786667 0.582717 -0.203951
-0.725152 0.662095 -0.189170
-0.622513 0.711443 -0.326078
-0.609785 0.696897 -0.377486
-0.514286 0.742857 -0.428571
-0.444457 0.740761 -0.503718
-0.313774 0.798697 -0.513448
-0.303588 0.819689 -0.485741
-0.253490 0.823842 -0.506979
-0.217690 0.839660 -0.497576
-0.217690 0.839660 -0.497576
-0.180171 0.840799 -0.510485
-0.119898 0.869261 -0.479593
-0.088891 0.859283 -0.503718
-0.029399 0.881972 -0.470385
-0.028989 0.869657 -0.492805
-0.028653 0.888256 -0.458455
0.000000 0.888621 -0.458643
-0.028273 0.876462 -0.480640
