-0.230658 0.856729 -0.461316
-0.199117 0.862840 -0.464606
-0.166945 0.868115 -0.467446
-0.201574 0.839891 -0.503935
-0.129914 0.844441 -0.519656
-0.124394 0.839660 -0.528675
-0.092057 0.828517 -0.552345
-0.061517 0.830474 -0.553650
0.031039 0.807002 -0.589732
0.093296 0.777463 -0.621970
0.158035 0.758567 -0.632140
0.188608 0.754434 -0.628695
0.219286 0.720511 -0.657858
0.249029 0.684830 -0.684830
0.325300 0.618070 -0.715660
0.431183 0.530687 -0.729694
0.506225 0.438729 -0.742464
0.544456 0.362970 -0.756188
0.606061 0.242424 -0.757576
0.635780 0.151376 -0.756881
0.657963 0.089722 -0.747686
0.660330 0.030015 -0.750375
0.668776 -0.127386 -0.732469
0.639529 -0.223835 -0.735459
0.663084 -0.347330 -0.663084
0.615457 -0.492366 -0.615457
0.596550 -0.536895 -0.596550
0.534994 -0.653882 -0.534994
0.444457 -0.740761 -0.503718
0.340640 -0.823213 -0.454186
0.252845 -0.870910 -0.421408
0.165082 -0.907951 -0.385191
0.054313 -0.923313 -0.380188
0.000000 -0.914918 -0.403640
-0.055706 -0.919152 -0.389943
-0.139591 -0.921299 -0.362936
-0.231520 -0.897139 -0.376219
-0.344549 -0.861372 -0.373261
-0.460158 -0.805276 -0.373878
-0.529209 -0.779887 -0.334237
-0.609234 -0.720003 -0.332309
-0.700140 -0.644129 -0.308062
-0.763195 -0.572396 -0.299827
-0.855193 -0.468977 -0.220695
-0.891264 -0.386214 -0.237670
-0.935962 -0.301923 -0.181154
-0.967742 -0.193548 -0.161290
-0.985624 -0.119470 -0.119470
-0.995703 -0.029285 -0.087856
-0.989359 0.087296 -0.116395
-0.976947 0.177627 -0.118418
-0.954619 0.260351 -0.144639
-0.897514 0.405329 -0.173712
-0.885316 0.427394 -0.183169
-0.823173 0.529183 -0.205793
-0.775170 0.596285 -0.208700
-0.704925 0.672883 -0.224294
-0.672883 0.704925 -0.224294
-0.645646 0.713609 -0.271851
-0.603307 0.745262 -0.283909
-0.560968 0.785355 -0.261785
-0.506408 0.818044 -0.272681
-0.513265 0.806559 -0.293294
-0.513265 0.806559 -0.293294
-0.470940 0.833202 -0.289809
-0.437014 0.837611 -0.327761
-0.423999 0.847998 -0.317999
-0.394369 0.860442 -0.322666
-0.352235 0.880587 -0.317011
-0.272639 0.886078 -0.374879
-0.233463 0.900500 -0.366871
-0.199007 0.895533 -0.398015
-0.217690 0.901857 -0.373182
-0.217690 0.901857 -0.373182
-0.221138 0.884554 -0.410686
-0.190789 0.890348 -0.413376
-0.190789 0.890348 -0.413376
-0.190789 0.890348 -0.413376
-0.190789 0.890348 -0.413376
-0.190789 0.890348 -0.413376
-0.196326 0.883467 -0.425373
-0.196326 0.883467 -0.425373
