-0.308154 0.821744 -0.479351
-0.279713 0.804176 -0.524463
-0.213470 0.818303 -0.533676
-0.209401 0.802706 -0.558404
-0.109618 0.803863 -0.584627
-0.107280 0.786718 -0.607919
0.036986 0.776713 -0.628768
0.150649 0.753244 -0.640257
0.182696 0.730784 -0.657706
0.359712 0.679457 -0.639489
0.416058 0.642999 -0.642999
0.576600 0.540562 -0.612637
0.669274 0.435028 -0.602347
0.718100 0.299208 -0.628337
0.783573 0.150687 -0.602749
0.780869 0.000000 -0.624695
0.749634 -0.218643 -0.624695
0.743705 -0.356978 -0.565216
0.667424 -0.476731 -0.572078
0.646997 -0.539164 -0.539164
0.515079 -0.713186 -0.475457
0.401931 -0.803863 -0.438470
0.264616 -0.893081 -0.363848
0.227469 -0.877382 -0.422443
0.179445 -0.927130 -0.328982
0.109231 -0.955771 -0.273077
-0.027106 -0.975828 -0.216851
-0.111369 -0.974481 -0.194896
-0.199593 -0.969452 -0.142566
-0.330791 -0.937240 -0.110264
-0.453701 -0.882197 -0.126028
-0.567426 -0.814133 -0.123353
-0.627548 -0.770172 -0.114100
-0.716817 -0.686950 -0.119470
-0.812104 -0.562226 -0.156174
-0.870759 -0.466478 -0.155493
-0.942473 -0.314158 -0.114239
-0.963119 -0.262669 -0.058371
-0.983135 -0.173494 -0.057831
-0.996347 0.000000 -0.085401
-0.983674 0.140525 -0.112420
-0.949958 0.279399 -0.139700
-0.917375 0.361390 -0.166795
-0.881483 0.440741 -0.169516
-0.778792 0.601793 -0.176998
-0.686398 0.686398 -0.240239
-0.684830 0.684830 -0.249029
-0.638396 0.693909 -0.333076
-0.608219 0.687552 -0.396664
-0.511648 0.727079 -0.457791
-0.518128 0.699472 -0.492221
-0.486664 0.746219 -0.454220
-0.494902 0.761387 -0.418763
-0.434135 0.789337 -0.434135
-0.386583 0.816120 -0.429537
-0.336861 0.842152 -0.421076
-0.325246 0.853771 -0.406558
-0.319744 0.839329 -0.439648
-0.309298 0.850569 -0.425285
-0.273722 0.860268 -0.430134
-0.260513 0.855971 -0.446594
-0.260513 0.855971 -0.446594
-0.225335 0.863783 -0.450669
-0.225335 0.863783 -0.450669
-0.218218 0.872872 -0.436436
-0.214697 0.858788 -0.465177
-0.214697 0.858788 -0.465177
-0.248421 0.851728 -0.461353
-0.248421 0.851728 -0.461353
-0.244302 0.837606 -0.488603
-0.244302 0.837606 -0.488603
-0.244302 0.837606 -0.488603
