-0.303735 0.877457 -0.371232
-0.303735 0.877457 -0.371232
-0.218218 0.872872 -0.436436
-0.180187 0.864900 -0.468487
-0.138260 0.864126 -0.483911
-0.034280 0.856989 -0.514193
0.032174 0.836536 -0.546966
0.096126 0.833094 -0.544715
0.192847 0.835672 -0.514259
0.303588 0.819689 -0.485741
0.398216 0.796432 -0.455104
0.440052 0.797595 -0.412549
0.531949 0.738818 -0.413738
0.650945 0.650945 -0.390567
0.802288 0.481373 -0.353007
0.872008 0.360831 -0.330762
0.934374 0.173032 -0.311458
0.952999 0.065724 -0.295758
0.966394 -0.062348 -0.249392
0.953945 -0.158991 -0.254385
0.917556 -0.367022 -0.152926
0.834726 -0.534224 -0.133556
0.733632 -0.677199 -0.056433
0.644831 -0.762073 -0.058621
0.527137 -0.849276 -0.029285
0.376377 -0.926467 0.000000
0.248946 -0.968122 0.027661
0.178885 -0.983870 0.000000
-0.029285 -0.995703 -0.087856
-0.087296 -0.989359 -0.116395
-0.182153 -0.971483 -0.151794
-0.310685 -0.932055 -0.186411
-0.399480 -0.891148 -0.215105
-0.574960 -0.776195 -0.258732
-0.695375 -0.665141 -0.272103
-0.751731 -0.601385 -0.270623
-0.835917 -0.501550 -0.222911
-0.908249 -0.363300 -0.207600
-0.944430 -0.288576 -0.157405
-0.978439 -0.132221 -0.158666
-0.986431 -0.051917 -0.155752
-0.985527 0.075810 -0.151620
-0.974697 0.158059 -0.158059
-0.954480 0.238620 -0.178965
-0.923133 0.329690 -0.197814
-0.885270 0.423390 -0.192450
-0.813116 0.528525 -0.243935
-0.771822 0.568711 -0.284356
-0.728841 0.619514 -0.291536
-0.681500 0.681500 -0.266674
-0.602344 0.739241 -0.301172
-0.562809 0.767467 -0.306987
-0.490808 0.818013 -0.299938
-0.464991 0.813733 -0.348743
-0.509933 0.821559 -0.254967
-0.410686 0.884554 -0.221138
-0.337484 0.911206 -0.236239
-0.215387 0.933346 -0.287183
-0.169031 0.912767 -0.371868
-0.159882 0.895341 -0.415694
-0.130396 0.880175 -0.456387
-0.130396 0.880175 -0.456387
-0.128432 0.866918 -0.481621
-0.124939 0.874573 -0.468521
-0.124939 0.874573 -0.468521
-0.155493 0.870759 -0.466478
-0.155493 0.870759 -0.466478
-0.155493 0.870759 -0.466478
-0.159801 0.862924 -0.479402
-0.159801 0.862924 -0.479402
-0.162221 0.875996 -0.454220
-0.190693 0.858116 -0.476731
-0.217690 0.839660 -0.497576
