-0.392108 0.748569 -0.534692
-0.392108 0.748569 -0.534692
-0.354218 0.743858 -0.566749
-0.283909 0.745262 -0.603307
-0.212000 0.741999 -0.635999
-0.150649 0.753244 -0.640257
-0.074125 0.741249 -0.667124
0.000000 0.707107 -0.707107
0.072310 0.686946 -0.723102
0.177892 0.640411 -0.747146
0.329293 0.548821 -0.768350
0.373795 0.441758 -0.815553
0.461316 0.329511 -0.823778
0.461316 0.230658 -0.856729
0.521585 0.097797 -0.847576
0.540758 0.000000 -0.841178
0.536895 -0.119310 -0.835170
0.504160 -0.237252 -0.830382
0.437037 -0.378766 -0.815803
0.366379 -0.535477 -0.760941
0.308062 -0.644129 -0.700140
0.220026 -0.742588 -0.632575
0.111025 -0.804935 -0.582884
0.000000 -0.840297 -0.542127
-0.106866 -0.854931 -0.507615
-0.134938 -0.863604 -0.485777
-0.268705 -0.832984 -0.483668
-0.360694 -0.804625 -0.471677
-0.464207 -0.754337 -0.464207
-0.557379 -0.704058 -0.440036
-0.596285 -0.685728 -0.417399
-0.669116 -0.637253 -0.382352
-0.755554 -0.535184 -0.377777
-0.805838 -0.433913 -0.402919
-0.852013 -0.304290 -0.426006
-0.886801 -0.171639 -0.429097
-0.917375 -0.083398 -0.389189
-0.920224 -0.027886 -0.390398
-0.912797 0.085575 -0.399349
-0.896022 0.149337 -0.418143
-0.884652 0.265396 -0.383349
-0.826034 0.383516 -0.413017
-0.774139 0.476393 -0.416844
-0.729694 0.530687 -0.431183
-0.683763 0.569803 -0.455842
-0.647648 0.609551 -0.457164
-0.600000 0.640000 -0.480000
-0.552967 0.710957 -0.434474
-0.537667 0.729691 -0.422452
-0.500741 0.731853 -0.462223
-0.500741 0.731853 -0.462223
-0.449404 0.749006 -0.486854
-0.386622 0.773245 -0.502609
-0.345898 0.768662 -0.538064
-0.335877 0.783713 -0.522475
-0.302156 0.793159 -0.528773
-0.302156 0.793159 -0.528773
-0.302156 0.793159 -0.528773
-0.267261 0.801784 -0.534522
-0.296093 0.777245 -0.555175
-0.261785 0.785355 -0.560968
-0.296093 0.777245 -0.555175
-0.261785 0.785355 -0.560968
-0.269630 0.770371 -0.577778
