-0.298142 0.745356 -0.596285
-0.222834 0.742781 -0.631364
-0.217643 0.725476 -0.652929
-0.178344 0.713376 -0.677708
-0.166022 0.697294 -0.697294
-0.076194 0.685745 -0.723842
0.039014 0.624219 -0.780274
0.121967 0.569181 -0.813116
0.254228 0.466085 -0.847427
0.292941 0.376638 -0.878823
0.402739 0.256288 -0.878702
0.454129 0.151376 -0.877982
0.480833 0.000000 -0.876812
0.497321 -0.138145 -0.856497
0.501940 -0.306741 -0.808682
0.464058 -0.491356 -0.737034
0.403933 -0.619364 -0.673221
0.319348 -0.745145 -0.585471
0.210163 -0.840651 -0.499137
0.105851 -0.899735 -0.423405
0.000000 -0.910366 -0.413803
-0.113182 -0.933755 -0.339547
-0.195503 -0.921658 -0.335148
-0.314158 -0.885353 -0.342717
-0.446223 -0.832950 -0.327230
-0.555757 -0.771884 -0.308754
-0.609739 -0.738105 -0.288824
-0.700842 -0.670370 -0.243771
-0.751731 -0.601385 -0.270623
-0.836287 -0.477878 -0.268806
-0.898650 -0.336994 -0.280828
-0.935962 -0.181154 -0.301923
-0.960913 -0.060057 -0.270257
-0.958508 0.061839 -0.278277
-0.952938 0.168166 -0.252248
-0.927173 0.264906 -0.264906
-0.886725 0.376186 -0.268705
-0.824589 0.489600 -0.283452
-0.734001 0.607449 -0.303724
-0.683974 0.657667 -0.315680
-0.618853 0.721995 -0.309426
-0.573628 0.752886 -0.322666
-0.473746 0.801725 -0.364420
-0.450669 0.826227 -0.338002
-0.382360 0.841191 -0.382360
-0.359675 0.827253 -0.431610
-0.327761 0.837611 -0.437014
-0.317999 0.847998 -0.423999
-0.313150 0.835067 -0.452328
-0.322458 0.824061 -0.465773
-0.322458 0.824061 -0.465773
-0.344010 0.825625 -0.447214
-0.353996 0.814191 -0.460195
-0.353996 0.814191 -0.460195
-0.348155 0.800757 -0.487417
-0.348155 0.800757 -0.487417
-0.358057 0.787726 -0.501280
-0.358057 0.787726 -0.501280
