-0.455104 0.796432 -0.398216
-0.427006 0.797077 -0.427006
-0.432113 0.806612 -0.403306
-0.432113 0.806612 -0.403306
-0.408248 0.816497 -0.408248
-0.418143 0.806419 -0.418143
-0.327230 0.832950 -0.446223
-0.265742 0.856281 -0.442904
-0.203864 0.844581 -0.495099
-0.205793 0.823173 -0.529183
-0.117393 0.821754 -0.557619
0.028831 0.836113 -0.547798
0.171780 0.801638 -0.572598
0.311127 0.763675 -0.565685
0.364979 0.729959 -0.577884
0.458563 0.672560 -0.580847
0.566666 0.566666 -0.598147
0.707107 0.424264 -0.565685
0.801784 0.267261 -0.534522
0.899676 0.094703 -0.426162
0.917329 -0.096561 -0.386244
0.913812 0.000000 -0.406138
0.932055 -0.186411 -0.310685
0.932146 -0.240554 -0.270623
0.881052 -0.397894 -0.255789
0.800356 -0.560249 -0.213428
0.711430 -0.686022 -0.152449
0.630907 -0.768061 -0.109723
0.487377 -0.866449 -0.108306
0.374965 -0.922992 -0.086530
0.233087 -0.961482 -0.145679
0.061633 -0.986134 -0.154083
-0.089087 -0.979958 -0.178174
-0.186681 -0.964521 -0.186681
-0.350973 -0.906681 -0.233982
-0.465972 -0.849714 -0.246691
-0.541530 -0.812296 -0.216612
-0.639375 -0.745938 -0.186484
-0.700842 -0.670370 -0.243771
-0.852975 -0.454920 -0.255893
-0.944997 -0.204324 -0.255405
-0.971825 -0.057166 -0.228665
-0.969452 0.142566 -0.199593
-0.919709 0.306570 -0.245256
-0.849837 0.457604 -0.261488
-0.772988 0.579741 -0.257663
-0.765816 0.599334 -0.233075
-0.715860 0.656205 -0.238620
-0.624506 0.738053 -0.255480
-0.533994 0.815044 -0.224840
-0.574960 0.776195 -0.258732
-0.546155 0.791924 -0.273077
-0.480640 0.819916 -0.311003
-0.454337 0.848096 -0.272602
-0.367538 0.888218 -0.275654
-0.312806 0.907136 -0.281525
-0.309938 0.898820 -0.309938
-0.275654 0.888218 -0.367538
-0.159882 0.895341 -0.415694
-0.128499 0.899490 -0.417620
-0.128499 0.899490 -0.417620
-0.096724 0.902756 -0.419137
-0.096724 0.902756 -0.419137
-0.128499 0.899490 -0.417620
-0.128499 0.899490 -0.417620
-0.123267 0.893684 -0.431433
-0.123267 0.893684 -0.431433
-0.153429 0.889889 -0.429601
-0.153429 0.889889 -0.429601
-0.151376 0.877982 -0.454129
-0.153213 0.857992 -0.490281
