-0.244111 0.884903 -0.396681
-0.206869 0.886581 -0.413738
-0.173785 0.868927 -0.463428
-0.143503 0.861017 -0.487910
-0.144943 0.840668 -0.521794
-0.028149 0.844484 -0.534840
0.029540 0.827115 -0.561256
0.118211 0.797923 -0.591054
0.275525 0.765346 -0.581663
0.388797 0.747686 -0.538334
0.480457 0.690656 -0.540514
0.543462 0.664231 -0.513270
0.679544 0.550107 -0.485389
0.774826 0.447015 -0.447015
0.787250 0.421741 -0.449857
0.873986 0.241100 -0.421924
0.908471 0.093980 -0.407245
0.933060 -0.064349 -0.353919
0.912449 -0.273735 -0.304150
0.874446 -0.408075 -0.262334
0.807427 -0.556846 -0.194896
0.753310 -0.649405 -0.103905
0.662266 -0.741738 -0.105963
0.552790 -0.829185 -0.082918
0.480065 -0.875413 -0.056478
0.297746 -0.952786 -0.059549
0.240772 -0.963087 -0.120386
0.087556 -0.992304 -0.087556
-0.028375 -0.993133 -0.113501
-0.085091 -0.992733 -0.085091
-0.163420 -0.980522 -0.108947
-0.297080 -0.945256 -0.135037
-0.468977 -0.855193 -0.220695
-0.576805 -0.777433 -0.250785
-0.683509 -0.661461 -0.308682
-0.764673 -0.562259 -0.314865
-0.837858 -0.430898 -0.335143
-0.904048 -0.278169 -0.324530
-0.938916 -0.123542 -0.321208
-0.956014 0.026556 -0.292115
-0.942266 0.138568 -0.304851
-0.919709 0.245256 -0.306570
-0.845780 0.422890 -0.325300
-0.795948 0.519096 -0.311458
-0.719161 0.605609 -0.340655
-0.693968 0.630880 -0.346984
-0.590796 0.738495 -0.324938
-0.529209 0.779887 -0.334237
-0.497511 0.801545 -0.331674
-0.433701 0.840297 -0.325276
-0.407494 0.842155 -0.353162
-0.357003 0.851314 -0.384465
-0.300150 0.870435 -0.390195
-0.247003 0.895386 -0.370505
-0.157329 0.912509 -0.377590
-0.093477 0.934765 -0.342747
-0.087445 0.932742 -0.349778
-0.057807 0.924917 -0.375748
-0.029248 0.935929 -0.350973
-0.057807 0.924917 -0.375748
-0.030934 0.928032 -0.371213
-0.092450 0.924500 -0.369800
-0.092450 0.924500 -0.369800
-0.093980 0.908471 -0.407245
-0.096724 0.902756 -0.419137
-0.096724 0.902756 -0.419137
