-0.352463 0.736968 -0.576757
-0.300167 0.767093 -0.566982
-0.301850 0.737856 -0.603701
-0.265343 0.729694 -0.630190
-0.270914 0.745014 -0.609557
-0.239957 0.719871 -0.651312
-0.173867 0.730242 -0.660695
-0.067116 0.738272 -0.671156
-0.033615 0.739522 -0.672293
0.097953 0.750977 -0.653023
0.192351 0.769405 -0.609112
0.264183 0.759527 -0.594412
0.360898 0.721797 -0.590561
0.470605 0.672293 -0.571449
0.521585 0.619382 -0.586783
0.511624 0.607553 -0.607553
0.576497 0.538064 -0.614930
0.700904 0.373815 -0.607450
0.807781 0.186411 -0.559233
0.798228 0.066519 -0.598671
0.863779 0.000000 -0.503871
0.856095 -0.057073 -0.513657
0.829450 -0.078995 -0.552967
0.842517 -0.093613 -0.530474
0.885818 -0.138409 -0.442909
0.886725 -0.268705 -0.376186
0.840297 -0.433701 -0.325276
0.751289 -0.590298 -0.295149
0.644658 -0.725241 -0.241747
0.527574 -0.833012 -0.166602
0.431042 -0.890819 -0.143681
0.345834 -0.922225 -0.172917
0.238620 -0.954480 -0.178965
0.143326 -0.974616 -0.171991
0.057520 -0.977835 -0.201319
-0.059523 -0.982125 -0.178568
-0.176090 -0.968496 -0.176090
-0.310013 -0.930039 -0.197281
-0.380710 -0.907846 -0.175712
-0.529183 -0.823173 -0.205793
-0.614993 -0.761420 -0.204998
-0.743705 -0.624712 -0.237986
-0.797595 -0.550065 -0.247529
-0.892269 -0.367405 -0.262432
-0.948109 -0.195199 -0.250970
-0.967805 -0.031220 -0.249756
-0.955879 0.063725 -0.286764
-0.924241 0.238514 -0.298142
-0.893776 0.317146 -0.317146
-0.845818 0.407245 -0.344592
-0.777542 0.507093 -0.371868
-0.712019 0.605216 -0.356009
-0.656607 0.656607 -0.371126
-0.625981 0.680414 -0.381032
-0.613721 0.669514 -0.418446
-0.540514 0.690656 -0.480457
-0.506979 0.697097 -0.506979
-0.468492 0.702738 -0.535420
-0.394623 0.717496 -0.573997
-0.332877 0.702740 -0.628768
-0.378412 0.688021 -0.619219
-0.310160 0.689246 -0.654783
-0.234641 0.703922 -0.670402
-0.136637 0.717346 -0.683187
-0.098163 0.719862 -0.687141
