-0.545906 0.691481 -0.473118
-0.463695 0.677708 -0.570701
-0.396670 0.649097 -0.649097
-0.324337 0.612637 -0.720750
-0.282138 0.564276 -0.775880
-0.242390 0.554035 -0.796425
-0.185952 0.483475 -0.855379
-0.118864 0.475457 -0.871672
-0.087204 0.392419 -0.915644
-0.041345 0.413449 -0.909588
0.040456 0.364101 -0.930480
0.082903 0.290159 -0.953381
0.154997 0.193746 -0.968730
0.224702 0.037450 -0.973708
0.265929 0.000000 -0.963993
0.293860 -0.130605 -0.946884
0.306570 -0.245256 -0.919709
0.292478 -0.380221 -0.877433
0.339140 -0.508710 -0.791327
0.308062 -0.644129 -0.700140
0.275974 -0.745129 -0.607142
0.243778 -0.785507 -0.568815
0.219777 -0.824163 -0.521970
0.171429 -0.857143 -0.485714
0.113914 -0.882836 -0.455657
0.058697 -0.909799 -0.410877
0.029735 -0.921787 -0.386556
-0.059391 -0.920566 -0.386044
-0.089883 -0.928793 -0.359533
-0.150278 -0.931725 -0.330612
-0.181154 -0.935962 -0.301923
-0.322554 -0.909017 -0.263908
-0.341882 -0.911685 -0.227921
-0.413376 -0.890348 -0.190789
-0.473632 -0.852537 -0.221028
-0.569780 -0.791361 -0.221581
-0.691280 -0.691280 -0.210390
-0.770054 -0.592349 -0.236940
-0.826961 -0.490051 -0.275654
-0.873296 -0.374270 -0.311891
-0.917127 -0.213996 -0.336280
-0.949920 -0.061285 -0.306426
-0.951260 0.030686 -0.306858
-0.950649 0.115230 -0.288076
-0.948109 0.195199 -0.250970
-0.925064 0.268567 -0.268567
-0.894427 0.357771 -0.268328
-0.821754 0.469574 -0.322832
-0.798697 0.513448 -0.313774
-0.771069 0.563473 -0.296565
-0.732134 0.614993 -0.292854
-0.681598 0.647518 -0.340799
-0.658145 0.658145 -0.365636
-0.613572 0.690268 -0.383482
-0.588968 0.699400 -0.404916
-0.514650 0.735215 -0.441129
-0.406850 0.776713 -0.480822
-0.388666 0.777332 -0.494666
-0.388666 0.777332 -0.494666
-0.442026 0.847216 -0.294684
-0.396155 0.828325 -0.396155
-0.384371 0.803685 -0.454257
-0.348155 0.800757 -0.487417
-0.342193 0.787044 -0.513289
-0.314102 0.767805 -0.558404
-0.298142 0.745356 -0.596285
-0.331519 0.736709 -0.589368
-0.331519 0.736709 -0.589368
