-0.326453
0.827549
-0.428330
0.240346
0.269542
-0.897098
-0.008676
-0.965646
-0.249518
-0.213561
-0.966385
-0.052078
-0.045187
-0.989796
-0.111218
0.034303
-0.992558
-0.040519
0.076495
-0.982326
0.161401
-0.127571
-0.979815
-0.097210
-0.023065
-0.995214
0.068270
-0.204650
0.849391
-0.466099
0.305090
0.236096
-0.895279
0.007125
-0.957862
-0.273256
-0.228470
-0.967582
-0.037566
-0.034871
-0.990148
-0.115240
0.036209
-0.991703
-0.044493
0.075067
-0.981347
0.168801
-0.115640
-0.982700
-0.094845
-0.030074
-0.994292
0.080762
0.827366
0.692951
-4.091871
