-0.254000 0.889001 -0.381000
-0.254000 0.889001 -0.381000
-0.223950 0.895799 -0.383914
-0.223950 0.895799 -0.383914
-0.221138 0.884554 -0.410686
-0.221138 0.884554 -0.410686
-0.196326 0.883467 -0.425373
-0.132308 0.893081 -0.430002
-0.069673 0.905753 -0.418040
-0.036037 0.900937 -0.432450
0.000000 0.872506 -0.488603
0.071796 0.861550 -0.502571
0.144150 0.828862 -0.540562
0.216789 0.758761 -0.614235
0.222834 0.742781 -0.631364
0.333333 0.666667 -0.666667
0.356009 0.605216 -0.712019
0.470016 0.506171 -0.723102
0.513590 0.410872 -0.753266
0.597351 0.331862 -0.730096
0.642353 0.233583 -0.729946
0.685435 0.142799 -0.713994
0.721387 0.000000 -0.692532
0.710507 -0.177627 -0.680903
0.696331 -0.333028 -0.635780
0.651584 -0.473879 -0.592349
0.615257 -0.585959 -0.527363
0.553346 -0.669840 -0.495099
0.518536 -0.720189 -0.460921
0.422242 -0.816335 -0.394093
0.360694 -0.860116 -0.360694
0.278100 -0.889919 -0.361530
0.166795 -0.917375 -0.361390
0.085126 -0.936382 -0.340503
0.000000 -0.930408 -0.366525
-0.112066 -0.924547 -0.364216
-0.198627 -0.908007 -0.368878
-0.292478 -0.877433 -0.380221
-0.353247 -0.853680 -0.382684
-0.460158 -0.805276 -0.373878
-0.555127 -0.749422 -0.360833
-0.620490 -0.701423 -0.350711
-0.668870 -0.642115 -0.374567
-0.732177 -0.591373 -0.337928
-0.808682 -0.501940 -0.306741
-0.857143 -0.428571 -0.285714
-0.909017 -0.322554 -0.263908
-0.949008 -0.207595 -0.237252
-0.974616 -0.143326 -0.171991
-0.988369 -0.056478 -0.141196
-0.989554 -0.028273 -0.141365
-0.989554 0.028273 -0.141365
-0.975995 0.139428 -0.167313
-0.945175 0.257775 -0.200492
-0.908007 0.368878 -0.198627
-0.912279 0.348813 -0.214654
-0.887164 0.400655 -0.228946
-0.835917 0.501550 -0.222911
-0.781706 0.579042 -0.231617
-0.695375 0.665141 -0.272103
-0.662095 0.693623 -0.283755
-0.590561 0.721797 -0.360898
-0.590561 0.721797 -0.360898
-0.534692 0.748569 -0.392108
-0.487881 0.788116 -0.375293
-0.472866 0.788110 -0.394055
-0.427527 0.816188 -0.388661
-0.375293 0.863175 -0.337764
-0.354100 0.865578 -0.354100
-0.342376 0.874961 -0.342376
-0.342376 0.874961 -0.342376
-0.327111 0.872295 -0.363456
-0.354218 0.850124 -0.389640
-0.354218 0.850124 -0.389640
-0.322666 0.860442 -0.394369
-0.308697 0.857493 -0.411597
-0.269069 0.874475 -0.403604
-0.237459 0.881990 -0.407072
-0.237459 0.881990 -0.407072
-0.205076 0.888662 -0.410152
-0.172005 0.894427 -0.412813
-0.172005 0.894427 -0.412813
-0.166852 0.901002 -0.400445
-0.166852 0.901002 -0.400445
-0.172005 0.894427 -0.412813
-0.138343 0.899229 -0.415029
-0.138343 0.899229 -0.415029
-0.138343 0.899229 -0.415029
