-0.299833 0.866186 -0.399778
-0.244749 0.874105 -0.419570
-0.208263 0.867763 -0.451237
-0.174714 0.873571 -0.454257
-0.171904 0.859518 -0.481330
-0.102359 0.852989 -0.511793
-0.100560 0.838002 -0.536321
0.000000 0.857493 -0.514496
0.067229 0.840366 -0.537834
0.066010 0.825123 -0.561084
0.166114 0.830569 -0.531564
0.229539 0.819782 -0.524661
0.362266 0.790398 -0.493999
0.427900 0.757054 -0.493731
0.522976 0.719092 -0.457604
0.555757 0.710134 -0.432255
0.627215 0.657082 -0.418143
0.735612 0.559065 -0.382518
0.830949 0.458455 -0.315188
0.909017 0.322554 -0.263908
0.951835 0.201904 -0.230748
0.974389 0.088581 -0.206689
0.984746 -0.089522 -0.149204
0.953945 -0.254385 -0.158991
0.931725 -0.330612 -0.150278
0.884652 -0.442326 -0.147442
0.827837 -0.532181 -0.177394
0.748691 -0.628900 -0.209633
0.618450 -0.765700 -0.176700
0.532181 -0.827837 -0.177394
0.454129 -0.877982 -0.151376
0.331964 -0.935536 -0.120714
0.240772 -0.963087 -0.120386
0.116395 -0.989359 -0.087296
0.000000 -0.996130 -0.087894
-0.087556 -0.992304 -0.087556
-0.143978 -0.979051 -0.143978
-0.310013 -0.930039 -0.197281
-0.424264 -0.876812 -0.226274
-0.541857 -0.799883 -0.258027
-0.687855 -0.663289 -0.294795
-0.761324 -0.589412 -0.270147
-0.844549 -0.469194 -0.258057
-0.857456 -0.417141 -0.301268
-0.865775 -0.288592 -0.408838
-0.871550 -0.091742 -0.481646
-0.845043 0.153644 -0.512148
-0.872008 0.090208 -0.481108
-0.899188 0.071935 -0.431610
-0.884652 0.147442 -0.442326
-0.853766 0.232845 -0.465690
-0.821605 0.485494 -0.298765
-0.729946 0.642353 -0.233583
-0.648649 0.729730 -0.216216
-0.591888 0.772028 -0.231608
-0.583212 0.758175 -0.291606
-0.493999 0.790398 -0.362266
-0.441758 0.815553 -0.373795
-0.376622 0.828568 -0.414284
-0.327761 0.837611 -0.437014
-0.264198 0.830336 -0.490653
-0.221464 0.848945 -0.479839
-0.177109 0.850124 -0.495905
-0.171904 0.859518 -0.481330
-0.169031 0.845154 -0.507093
-0.133556 0.834726 -0.534224
-0.068439 0.855482 -0.513289
-0.032739 0.851202 -0.523816
-0.033296 0.865705 -0.499445
0.000000 0.851658 -0.524097
0.033296 0.865705 -0.499445
0.000000 0.866186 -0.499722
0.033296 0.865705 -0.499445
0.032739 0.851202 -0.523816
