-0.281091 0.878410 -0.386501
-0.299833 0.866186 -0.399778
-0.230533 0.889198 -0.395199
-0.166852 0.901002 -0.400445
-0.134156 0.905551 -0.402467
-0.098163 0.883467 -0.458094
-0.064617 0.872330 -0.484628
-0.031846 0.859855 -0.509544
0.000000 0.851658 -0.524097
0.093613 0.842517 -0.530474
0.189642 0.821781 -0.537319
0.316228 0.758947 -0.569210
0.390154 0.682769 -0.617743
0.462069 0.627093 -0.627093
0.490511 0.551825 -0.674453
0.580847 0.458563 -0.672560
0.629183 0.359533 -0.689105
0.670370 0.243771 -0.700842
0.653305 0.148478 -0.742392
0.628056 0.029907 -0.777593
0.576757 -0.160210 -0.801052
0.565216 -0.356978 -0.743705
0.511578 -0.483157 -0.710526
0.440052 -0.577569 -0.687582
0.370824 -0.627548 -0.684597
0.256100 -0.711388 -0.654477
0.082761 -0.744845 -0.662085
-0.027587 -0.772432 -0.634498
-0.139050 -0.778680 -0.611820
-0.285249 -0.770172 -0.570498
-0.377777 -0.755554 -0.535184
-0.518536 -0.720189 -0.460921
-0.617213 -0.709795 -0.339467
-0.729959 -0.638714 -0.243320
-0.816497 -0.533863 -0.219826
-0.887214 -0.443607 -0.126745
-0.934765 -0.342747 -0.093477
-0.959678 -0.258375 -0.110732
-0.983282 -0.145671 -0.109254
-0.982631 -0.036394 -0.181969
-0.994107 0.034280 -0.102839
-0.985460 0.101944 -0.135926
-0.974274 0.201574 -0.100787
-0.967805 0.218537 -0.124878
-0.953463 0.286039 -0.095346
-0.907009 0.388718 -0.161966
-0.872503 0.469809 -0.134231
-0.771395 0.603701 -0.201234
-0.719871 0.651312 -0.239957
-0.719871 0.651312 -0.239957
-0.639401 0.706706 -0.302874
-0.632631 0.699224 -0.332964
-0.555757 0.771884 -0.308754
-0.515863 0.788966 -0.333793
-0.441750 0.824600 -0.353400
-0.392500 0.845385 -0.362308
-0.315440 0.883232 -0.346984
-0.294963 0.884889 -0.360510
-0.264616 0.893081 -0.363848
-0.233463 0.900500 -0.366871
-0.174395 0.906854 -0.383669
-0.172005 0.894427 -0.412813
-0.174395 0.906854 -0.383669
-0.174395 0.906854 -0.383669
-0.174395 0.906854 -0.383669
-0.138343 0.899229 -0.415029
-0.166852 0.901002 -0.400445
-0.161966 0.907009 -0.388718
