-0.245256 0.919709 -0.306570
-0.150278 0.931725 -0.330612
-0.120714 0.935536 -0.331964
-0.177627 0.917738 -0.355254
-0.032376 0.906533 -0.420891
0.032862 0.887275 -0.460069
0.099449 0.861892 -0.497245
0.237322 0.847579 -0.474644
0.308154 0.821744 -0.479351
0.436648 0.748539 -0.499026
0.450428 0.660628 -0.600571
0.466704 0.560044 -0.684499
0.533863 0.439652 -0.722285
0.562310 0.231539 -0.793849
0.566820 0.056682 -0.821889
0.494771 -0.074216 -0.865849
0.486648 -0.194659 -0.851634
0.525328 -0.350219 -0.775485
0.537215 -0.510355 -0.671519
0.555708 -0.643451 -0.526460
0.561256 -0.679416 -0.472637
0.451039 -0.751731 -0.481108
0.233982 -0.906681 -0.350973
0.087445 -0.932742 -0.349778
0.056344 -0.957841 -0.281718
0.000000 -0.960346 -0.278810
-0.181237 -0.966595 -0.181237
-0.288824 -0.930654 -0.224641
-0.422443 -0.877382 -0.227469
-0.551553 -0.811107 -0.194666
-0.667761 -0.699559 -0.254385
-0.797400 -0.569572 -0.199350
-0.827896 -0.542415 -0.142741
-0.891566 -0.432275 -0.135086
-0.974755 -0.216612 -0.054153
-0.996729 0.000000 -0.080816
-0.974481 0.194896 -0.111369
-0.915844 0.396866 -0.061056
-0.839664 0.539784 -0.059976
-0.717002 0.685828 -0.124696
-0.700779 0.700779 -0.133482
-0.617743 0.780307 -0.097538
-0.518736 0.854389 -0.030514
-0.540514 0.840799 -0.030029
-0.528681 0.845889 -0.070491
-0.471250 0.869999 -0.145000
-0.423390 0.885270 -0.192450
-0.426241 0.891232 -0.154997
-0.329690 0.923133 -0.197814
-0.310685 0.932055 -0.186411
-0.301923 0.935962 -0.181154
-0.300150 0.930465 -0.210105
-0.233723 0.934893 -0.267112
-0.233723 0.934893 -0.267112
-0.231539 0.926158 -0.297694
-0.248264 0.886659 -0.390130
-0.236239 0.911206 -0.337484
-0.238837 0.921228 -0.307076
-0.292615 0.910359 -0.292615
-0.286618 0.923548 -0.254772
-0.284179 0.915688 -0.284179
-0.220152 0.912058 -0.345953
-0.217690 0.901857 -0.373182
-0.190789 0.890348 -0.413376
-0.162221 0.875996 -0.454220
-0.129914 0.844441 -0.519656
