-0.202580 0.926079 -0.318339
-0.174593 0.931162 -0.320087
-0.174593 0.931162 -0.320087
-0.121435 0.910765 -0.394665
-0.123267 0.893684 -0.431433
-0.066010 0.825123 -0.561084
0.067845 0.814144 -0.576686
0.164399 0.789115 -0.591836
0.277851 0.729360 -0.625166
0.416777 0.659897 -0.625166
0.476731 0.572078 -0.667424
0.507746 0.477878 -0.716817
0.563473 0.296565 -0.771069
0.531690 0.111935 -0.839510
0.547909 -0.052182 -0.834909
0.583448 -0.202939 -0.786387
0.570560 -0.347297 -0.744208
0.581231 -0.484359 -0.653885
0.568606 -0.594452 -0.568606
0.504497 -0.700690 -0.504497
0.486509 -0.744073 -0.457891
0.295758 -0.854413 -0.427207
0.247003 -0.895386 -0.370505
0.117393 -0.939148 -0.322832
0.000000 -0.934052 -0.357137
-0.107482 -0.940466 -0.322446
-0.214654 -0.939111 -0.268317
-0.309155 -0.899359 -0.309155
-0.457496 -0.823492 -0.335497
-0.563326 -0.751101 -0.344255
-0.698371 -0.640174 -0.320087
-0.775091 -0.553637 -0.304500
-0.854218 -0.440887 -0.275554
-0.898820 -0.309938 -0.309938
-0.928793 -0.089883 -0.359533
-0.925550 0.079333 -0.370220
-0.925208 0.179902 -0.334103
-0.886969 0.295656 -0.354787
-0.824600 0.441750 -0.353400
-0.764316 0.541390 -0.350311
-0.658145 0.658145 -0.365636
-0.566982 0.767093 -0.300167
-0.549119 0.789358 -0.274559
-0.503935 0.839891 -0.201574
-0.490281 0.857992 -0.153213
-0.400445 0.901002 -0.166852
-0.379284 0.916602 -0.126428
-0.293610 0.939552 -0.176166
-0.259161 0.950255 -0.172774
-0.238620 0.954480 -0.178965
-0.231539 0.926158 -0.297694
-0.257172 0.874386 -0.411476
