-0.394055 0.788110 -0.472866
-0.375293 0.788116 -0.487881
-0.293294 0.806559 -0.513265
-0.240098 0.823193 -0.514496
-0.235836 0.808581 -0.539054
-0.133556 0.834726 -0.534224
-0.098746 0.822885 -0.559562
0.032444 0.811107 -0.583997
0.061988 0.805838 -0.588882
0.168742 0.776212 -0.607471
0.294489 0.752583 -0.588978
0.354654 0.677067 -0.644826
0.468065 0.592882 -0.655291
0.560044 0.466704 -0.684499
0.673189 0.305995 -0.673189
0.744652 0.161881 -0.647524
0.789330 0.091077 -0.607177
0.805838 -0.061988 -0.588882
0.785480 -0.251354 -0.565546
0.772088 -0.386044 -0.504827
0.731305 -0.498617 -0.465376
0.635943 -0.635943 -0.437211
0.541972 -0.758761 -0.361315
0.407072 -0.848067 -0.339227
0.337869 -0.878459 -0.337869
0.267710 -0.903521 -0.334637
0.232104 -0.928414 -0.290129
0.135037 -0.945256 -0.297080
0.050492 -0.959339 -0.277703
-0.050833 -0.965824 -0.254164
-0.164833 -0.961524 -0.219777
-0.316999 -0.924581 -0.211333
-0.418446 -0.892685 -0.167379
-0.547176 -0.820763 -0.164153
-0.622503 -0.763981 -0.169774
-0.693642 -0.693642 -0.194220
-0.800022 -0.562978 -0.207413
-0.852631 -0.483157 -0.198947
-0.902828 -0.378605 -0.203864
-0.934878 -0.311626 -0.169978
-0.956841 -0.218707 -0.191368
-0.974481 -0.111369 -0.194896
-0.974481 0.027842 -0.222738
-0.965540 0.137934 -0.220695
-0.929851 0.273485 -0.246137
-0.895533 0.398015 -0.199007
-0.812035 0.553660 -0.184553
-0.742781 0.631364 -0.222834
-0.673015 0.708436 -0.212531
-0.630900 0.736050 -0.245350
-0.693623 0.662095 -0.283755
-0.644382 0.672398 -0.364216
-0.591150 0.698632 -0.403057
-0.556108 0.714997 -0.423702
-0.570066 0.728417 -0.380044
-0.552052 0.759072 -0.345033
-0.527372 0.773479 -0.351581
-0.479839 0.812035 -0.332196
-0.419982 0.839964 -0.343622
-0.419982 0.839964 -0.343622
-0.414284 0.828568 -0.376622
-0.401663 0.839841 -0.365148
-0.431610 0.827253 -0.359675
-0.425864 0.816239 -0.390375
-0.438470 0.803863 -0.401931
-0.438470 0.803863 -0.401931
-0.425864 0.816239 -0.390375
-0.419827 0.804668 -0.419827
-0.390375 0.816239 -0.425864
-0.364420 0.801725 -0.473746
-0.302156 0.793159 -0.528773
