-0.217643 0.725476 -0.652929
-0.178344 0.713376 -0.677708
-0.182696 0.730784 -0.657706
-0.105344 0.737410 -0.667180
0.000000 0.724999 -0.688749
0.068640 0.755038 -0.652078
0.136320 0.749758 -0.647518
0.193147 0.740396 -0.643823
0.260102 0.682769 -0.682769
0.354654 0.644826 -0.677067
0.374270 0.623783 -0.686161
0.466704 0.560044 -0.684499
0.549557 0.512920 -0.659469
0.707107 0.332756 -0.623918
0.784987 0.277054 -0.554109
0.844782 0.140797 -0.516256
0.844782 0.140797 -0.516256
0.842160 0.088648 -0.531891
0.844653 0.044455 -0.533465
0.856706 -0.042835 -0.514024
0.813123 0.038720 -0.580802
0.820905 0.000000 -0.571064
0.811812 -0.101477 -0.575034
0.836030 -0.154820 -0.526389
0.875762 -0.169502 -0.452006
0.906747 -0.240021 -0.346697
0.892269 -0.367405 -0.262432
0.847512 -0.480257 -0.226003
0.770054 -0.592349 -0.236940
0.643192 -0.735077 -0.214397
0.523635 -0.831655 -0.184812
0.451856 -0.873589 -0.180743
0.412813 -0.894427 -0.172005
0.345444 -0.932700 -0.103633
0.241236 -0.964944 -0.103387
0.241955 -0.967822 -0.069130
0.140028 -0.980196 -0.140028
0.095539 -0.987241 -0.127386
0.089522 -0.984746 -0.149204
0.089522 -0.984746 -0.149204
0.000000 -0.988716 -0.149805
-0.123091 -0.984732 -0.123091
-0.245602 -0.951709 -0.184202
-0.343982 -0.917286 -0.200656
-0.438892 -0.877784 -0.192015
-0.545317 -0.804991 -0.233707
-0.628109 -0.732793 -0.261712
-0.704361 -0.616316 -0.352180
-0.687100 -0.601213 -0.407966
-0.710870 -0.538538 -0.452372
-0.765384 -0.478365 -0.430528
-0.850390 -0.372046 -0.372046
-0.918440 -0.250484 -0.306147
-0.939743 -0.082918 -0.331674
-0.934414 0.080093 -0.347068
-0.912801 0.193624 -0.359588
-0.877982 0.272477 -0.393578
-0.845385 0.362308 -0.392500
-0.774826 0.447015 -0.447015
-0.729636 0.525338 -0.437781
-0.648209 0.591843 -0.479111
-0.565008 0.649759 -0.508507
-0.527371 0.666153 -0.527371
-0.546971 0.656365 -0.519622
-0.482798 0.670552 -0.563264
-0.401974 0.689098 -0.602961
-0.385534 0.652443 -0.652443
-0.312348 0.655930 -0.687165
-0.260102 0.682769 -0.682769
-0.174078 0.696311 -0.696311
-0.136637 0.717346 -0.683187
-0.102899 0.720294 -0.685994
-0.072122 0.757279 -0.649097
-0.105344 0.737410 -0.667180
-0.072122 0.757279 -0.649097
-0.070447 0.739693 -0.669246
-0.072122 0.757279 -0.649097
-0.036986 0.776713 -0.628768
