-0.185518 0.896669 -0.401955
-0.185518 0.896669 -0.401955
-0.180497 0.902485 -0.391077
-0.209352 0.897223 -0.388797
-0.185518 0.896669 -0.401955
-0.124878 0.905366 -0.405854
-0.094026 0.877575 -0.470129
-0.032359 0.873699 -0.485389
0.031327 0.845818 -0.532552
0.125491 0.815693 -0.564710
0.191176 0.796566 -0.573528
0.282078 0.752207 -0.595497
0.362069 0.691223 -0.625393
0.443607 0.633724 -0.633724
0.480457 0.540514 -0.690656
0.561256 0.472637 -0.679416
0.616316 0.352180 -0.704361
0.672699 0.233982 -0.701946
0.719066 0.089883 -0.689105
0.707107 0.000000 -0.707107
0.670682 -0.121942 -0.731653
0.651298 -0.266440 -0.710507
0.652443 -0.385534 -0.652443
0.594207 -0.509321 -0.622503
0.558581 -0.586510 -0.586510
0.447039 -0.698498 -0.558799
0.366379 -0.760941 -0.535477
0.245678 -0.818927 -0.518654
0.109353 -0.847488 -0.519428
0.085436 -0.854358 -0.512615
-0.027493 -0.852279 -0.522365
-0.142741 -0.827896 -0.542415
-0.233682 -0.817889 -0.525786
-0.318339 -0.810319 -0.491979
-0.422693 -0.785001 -0.452885
-0.528675 -0.746364 -0.404281
-0.604165 -0.699559 -0.381578
-0.708205 -0.643823 -0.289720
-0.789358 -0.549119 -0.274559
-0.849383 -0.490029 -0.196011
-0.901421 -0.404085 -0.155417
-0.928279 -0.309426 -0.206284
-0.960828 -0.153732 -0.230599
-0.967617 0.000000 -0.252422
-0.984374 0.078750 -0.157500
-0.976481 0.168359 -0.134687
-0.969256 0.226160 -0.096926
-0.961756 0.256468 -0.096176
-0.919824 0.380617 -0.095154
-0.905111 0.420230 -0.064651
-0.847469 0.529668 -0.035311
-0.799556 0.599667 -0.033315
-0.719862 0.687141 -0.098163
-0.713957 0.684209 -0.148741
-0.679258 0.710134 -0.185252
-0.666737 0.724714 -0.173931
-0.559233 0.807781 -0.186411
-0.497576 0.839660 -0.217690
-0.497576 0.839660 -0.217690
-0.375551 0.907580 -0.187775
-0.306570 0.919709 -0.245256
-0.235702 0.942809 -0.235702
-0.228436 0.946379 -0.228436
-0.197172 0.952999 -0.230034
-0.221581 0.949633 -0.221581
-0.228436 0.946379 -0.228436
-0.228436 0.946379 -0.228436
-0.203536 0.949835 -0.237459
-0.210300 0.946350 -0.245350
-0.249207 0.925625 -0.284808
-0.249207 0.925625 -0.284808
-0.210559 0.912421 -0.350931
-0.210559 0.912421 -0.350931
