-0.311458 0.795948 -0.519096
-0.311458 0.795948 -0.519096
-0.274559 0.789358 -0.549119
-0.235836 0.808581 -0.539054
-0.167600 0.804482 -0.569841
-0.164399 0.789115 -0.591836
-0.099504 0.796030 -0.597022
-0.032651 0.783628 -0.620372
0.099504 0.796030 -0.597022
0.199889 0.799556 -0.566352
0.336146 0.773137 -0.537834
0.393707 0.754606 -0.524943
0.502519 0.703526 -0.502519
0.558655 0.690103 -0.460069
0.601434 0.664743 -0.443162
0.646162 0.574367 -0.502571
0.741677 0.494451 -0.453247
0.841334 0.309965 -0.442807
0.858754 0.245358 -0.449823
0.895953 0.116863 -0.428499
0.922395 -0.038433 -0.384331
0.922767 -0.110732 -0.369107
0.926261 -0.216128 -0.308754
0.888218 -0.367538 -0.275654
0.882121 -0.426833 -0.199189
0.845154 -0.507093 -0.169031
0.751809 -0.636146 -0.173494
0.639092 -0.755291 -0.145248
0.497851 -0.849276 -0.175712
0.404085 -0.901421 -0.155417
0.255551 -0.958315 -0.127775
0.187683 -0.969697 -0.156403
0.153213 -0.980562 -0.122570
0.029285 -0.995703 -0.087856
-0.058496 -0.994424 -0.087743
-0.153213 -0.980562 -0.122570
-0.312348 -0.937043 -0.156174
-0.368878 -0.908007 -0.198627
-0.521970 -0.824163 -0.219777
-0.659052 -0.706127 -0.258913
-0.710815 -0.664956 -0.229295
-0.809645 -0.548469 -0.208941
-0.865277 -0.458088 -0.203595
-0.907691 -0.352991 -0.226923
-0.896531 -0.364216 -0.252149
-0.909398 -0.324785 -0.259828
-0.878714 0.047498 -0.474980
-0.875578 0.000000 -0.483077
-0.874157 0.000000 -0.485643
-0.920316 0.230079 -0.316359
-0.894427 0.357771 -0.268328
-0.839660 0.497576 -0.217690
-0.789015 0.555233 -0.263005
-0.758175 0.583212 -0.291606
-0.693909 0.638396 -0.333076
-0.619364 0.673221 -0.403933
-0.542636 0.685435 -0.485516
-0.406647 0.719453 -0.563050
-0.330049 0.759113 -0.561084
-0.239115 0.751506 -0.614868
-0.233075 0.765816 -0.599334
-0.239115 0.751506 -0.614868
-0.168742 0.776212 -0.607471
-0.135691 0.780222 -0.610608
-0.132164 0.792982 -0.594737
-0.067845 0.814144 -0.576686
-0.033981 0.815553 -0.577684
-0.067845 0.814144 -0.576686
-0.098746 0.822885 -0.559562
-0.101477 0.811812 -0.575034
-0.101477 0.811812 -0.575034
-0.096926 0.807713 -0.581554
