-0.156174 0.937043 -0.312348
-0.157329 0.912509 -0.377590
-0.069673 0.905753 -0.418040
0.000000 0.857493 -0.514496
0.135926 0.849535 -0.509721
0.272008 0.816024 -0.510015
0.341918 0.777087 -0.528419
0.390900 0.721662 -0.571316
0.465581 0.611075 -0.640174
0.490135 0.490135 -0.720787
0.578799 0.376219 -0.723499
0.618450 0.176700 -0.765700
0.645942 0.000000 -0.763386
0.660185 -0.132037 -0.739407
0.662326 -0.229267 -0.713275
0.701423 -0.350711 -0.620490
0.701820 -0.488223 -0.518736
0.628109 -0.523424 -0.575766
0.584472 -0.653233 -0.481330
0.611315 -0.707838 -0.353919
0.441758 -0.815553 -0.373795
0.374270 -0.873296 -0.311891
0.293484 -0.909799 -0.293484
0.181154 -0.935962 -0.301923
0.028736 -0.948292 -0.316097
-0.110264 -0.937240 -0.330791
-0.224133 -0.924547 -0.308182
-0.311751 -0.906912 -0.283410
-0.431934 -0.863868 -0.259161
-0.542636 -0.799674 -0.257038
-0.657349 -0.712128 -0.246506
-0.720833 -0.665384 -0.194070
-0.779688 -0.599760 -0.179928
-0.890348 -0.413376 -0.190789
-0.953998 -0.212000 -0.212000
-0.958194 0.035489 -0.283909
-0.969697 0.156403 -0.187683
-0.945175 0.315058 -0.085925
-0.899780 0.435377 -0.029025
-0.880830 0.469776 -0.058722
-0.840668 0.521794 -0.144943
-0.755291 0.639092 -0.145248
-0.662095 0.725152 -0.189170
-0.510485 0.840799 -0.180171
-0.468521 0.874573 -0.124939
-0.412813 0.894427 -0.172005
-0.367359 0.918398 -0.146944
-0.332877 0.924658 -0.184932
-0.269069 0.941742 -0.201802
-0.184202 0.951709 -0.245602
-0.116150 0.958234 -0.261337
-0.089883 0.958754 -0.269650
-0.089126 0.950681 -0.297088
-0.091713 0.947698 -0.305709
-0.094444 0.944443 -0.314814
-0.093477 0.934765 -0.342747
-0.131804 0.922631 -0.362462
-0.105670 0.915811 -0.387458
-0.133333 0.933333 -0.333333
-0.163956 0.918156 -0.360704
-0.169031 0.912767 -0.371868
-0.237459 0.881990 -0.407072
