-0.353996 0.814191 -0.460195
-0.317011 0.810140 -0.493129
-0.244302 0.837606 -0.488603
-0.173972 0.835067 -0.521917
-0.108607 0.832656 -0.543036
-0.103448 0.827586 -0.551724
-0.035944 0.790774 -0.611052
-0.035158 0.773479 -0.632846
0.035289 0.741074 -0.670495
0.143499 0.681621 -0.717496
0.239957 0.651312 -0.719871
0.316033 0.596951 -0.737410
0.410872 0.513590 -0.753266
0.460484 0.425062 -0.779280
0.552052 0.345033 -0.759072
0.581728 0.205316 -0.787044
0.575034 0.101477 -0.811812
0.624695 0.000000 -0.780869
0.599755 -0.028560 -0.799674
0.585959 -0.175788 -0.791044
0.587981 -0.264591 -0.764375
0.526460 -0.380221 -0.760442
0.434828 -0.492805 -0.753702
0.369922 -0.597566 -0.711388
0.282391 -0.649500 -0.705978
0.142799 -0.713994 -0.685435
0.028796 -0.748686 -0.662299
-0.028250 -0.734510 -0.678009
-0.139591 -0.753790 -0.642118
-0.276818 -0.719727 -0.636682
-0.402638 -0.661477 -0.632717
-0.457330 -0.628828 -0.628828
-0.536418 -0.566219 -0.625821
-0.632979 -0.517892 -0.575435
-0.681005 -0.425628 -0.595880
-0.732949 -0.325755 -0.597218
-0.786084 -0.162638 -0.596340
-0.818927 -0.027298 -0.573249
-0.849276 0.029285 -0.527137
-0.839660 0.124394 -0.528675
-0.852537 0.221028 -0.473632
-0.816899 0.282773 -0.502707
-0.794843 0.397422 -0.458563
-0.716817 0.507746 -0.477878
-0.620519 0.620519 -0.479492
-0.605083 0.636930 -0.477697
-0.561144 0.666359 -0.491001
-0.470016 0.723102 -0.506171
-0.410803 0.746914 -0.522840
-0.335877 0.783713 -0.522475
-0.259259 0.814815 -0.518519
-0.211079 0.844317 -0.492518
-0.177109 0.850124 -0.495905
-0.138260 0.864126 -0.483911
-0.138260 0.864126 -0.483911
-0.138260 0.864126 -0.483911
-0.142494 0.854965 -0.498729
-0.145000 0.869999 -0.471250
-0.140546 0.878410 -0.456773
-0.109254 0.874028 -0.473432
-0.109254 0.874028 -0.473432
