-0.437014 0.764775 -0.473432
-0.388666 0.777332 -0.494666
-0.342193 0.787044 -0.513289
-0.320206 0.782725 -0.533676
-0.247025 0.811652 -0.529339
-0.175682 0.808138 -0.562183
-0.138509 0.796425 -0.588662
-0.036986 0.776713 -0.628768
0.000000 0.741536 -0.670913
0.072310 0.723102 -0.686946
0.212531 0.673015 -0.708436
0.276520 0.587606 -0.760431
0.388666 0.494666 -0.777332
0.494666 0.388666 -0.777332
0.519096 0.311458 -0.795948
0.510841 0.223493 -0.830116
0.544715 0.096126 -0.833094
0.560523 0.059002 -0.826034
0.547798 -0.028831 -0.836113
0.523778 -0.116395 -0.843865
0.481543 -0.240772 -0.842701
0.446223 -0.327230 -0.832950
0.367022 -0.428193 -0.825800
0.271484 -0.512802 -0.814451
0.216128 -0.555757 -0.802760
0.089403 -0.625821 -0.774826
0.030614 -0.642891 -0.765346
-0.089722 -0.657963 -0.747686
-0.145617 -0.669840 -0.728087
-0.256100 -0.654477 -0.711388
-0.339005 -0.621509 -0.706260
-0.425628 -0.595880 -0.681005
-0.464794 -0.580993 -0.668142
-0.511624 -0.607553 -0.607553
-0.606061 -0.515152 -0.606061
-0.648209 -0.479111 -0.591843
-0.706063 -0.380188 -0.597438
-0.763195 -0.299827 -0.572396
-0.804663 -0.187755 -0.563264
-0.821889 -0.056682 -0.566820
-0.823213 0.000000 -0.567733
-0.854389 0.030514 -0.518736
-0.847576 0.097797 -0.521585
-0.860826 0.215206 -0.461157
-0.832950 0.327230 -0.446223
-0.804778 0.386294 -0.450676
-0.741412 0.474504 -0.474504
-0.666359 0.561144 -0.491001
-0.605083 0.636930 -0.477697
-0.561256 0.679416 -0.472637
-0.511578 0.710526 -0.483157
-0.448265 0.756448 -0.476282
-0.443384 0.760088 -0.475055
-0.344010 0.825625 -0.447214
-0.313150 0.835067 -0.452328
-0.180187 0.864900 -0.468487
-0.144905 0.905654 -0.398488
-0.109181 0.909843 -0.400331
-0.105670 0.915811 -0.387458
-0.070667 0.918665 -0.388666
-0.109181 0.909843 -0.400331
-0.109181 0.909843 -0.400331
-0.070667 0.918665 -0.388666
-0.073030 0.912871 -0.401663
