-0.219823 0.806018 -0.549557
-0.209401 0.802706 -0.558404
-0.073324 0.806559 -0.586588
-0.073821 0.775124 -0.627481
0.039193 0.744669 -0.666283
0.117041 0.702247 -0.702247
0.272063 0.660724 -0.699590
0.332877 0.628768 -0.702740
0.500639 0.536399 -0.679439
0.597022 0.398015 -0.696526
0.647766 0.277614 -0.709458
0.717180 0.130396 -0.684580
0.735083 -0.095880 -0.671163
0.703131 -0.305709 -0.641989
0.633724 -0.443607 -0.633724
0.598785 -0.486513 -0.636209
0.467809 -0.662729 -0.584761
0.348155 -0.800757 -0.487417
0.202145 -0.875962 -0.437981
0.152926 -0.917556 -0.367022
0.081499 -0.950820 -0.298829
-0.026755 -0.963173 -0.267548
-0.111369 -0.974481 -0.194896
-0.192450 -0.962250 -0.192450
-0.303571 -0.938310 -0.165584
-0.441054 -0.882109 -0.165395
-0.519399 -0.836809 -0.173133
-0.599760 -0.779688 -0.179928
-0.729959 -0.638714 -0.243320
-0.790789 -0.547469 -0.273735
-0.848096 -0.454337 -0.272602
-0.914659 -0.285831 -0.285831
-0.951330 -0.158555 -0.264258
-0.966988 -0.080582 -0.241747
-0.976187 0.000000 -0.216930
-0.968998 0.130946 -0.209513
-0.954439 0.224574 -0.196502
-0.897139 0.376219 -0.231520
-0.837606 0.488603 -0.244302
-0.765346 0.581663 -0.275525
-0.718100 0.628337 -0.299208
-0.675886 0.675886 -0.293864
-0.609528 0.725629 -0.319277
-0.638396 0.693909 -0.333076
-0.560772 0.729004 -0.392541
-0.577884 0.729959 -0.364979
-0.524943 0.754606 -0.393707
-0.533396 0.820610 -0.205152
-0.514496 0.857493 0.000000
-0.408669 0.908153 0.090815
-0.327418 0.900400 -0.286491
-0.346667 0.885927 -0.308148
-0.322666 0.860442 -0.394369
-0.339227 0.848067 -0.407072
-0.308154 0.821744 -0.479351
-0.338643 0.812743 -0.474100
-0.338643 0.812743 -0.474100
-0.308154 0.821744 -0.479351
-0.308154 0.821744 -0.479351
-0.279713 0.804176 -0.524463
-0.213470 0.818303 -0.533676
