-0.413793 0.724138 -0.551724
-0.356009 0.712019 -0.605216
-0.291536 0.728841 -0.619514
-0.257674 0.736210 -0.625779
-0.151078 0.717620 -0.679851
-0.076194 0.685745 -0.723842
-0.038069 0.647179 -0.761387
0.034943 0.594028 -0.803685
0.107348 0.500959 -0.858788
0.147442 0.442326 -0.884652
0.220267 0.330400 -0.917779
0.297113 0.222834 -0.928477
0.334637 0.100391 -0.936984
0.382352 0.000000 -0.924017
0.367022 -0.152926 -0.917556
0.388797 -0.209352 -0.897223
0.390195 -0.300150 -0.870435
0.362308 -0.392500 -0.845385
0.348743 -0.464991 -0.813733
0.323250 -0.558341 -0.764045
0.292854 -0.614993 -0.732134
0.233982 -0.701946 -0.672699
0.176700 -0.765700 -0.618450
0.088930 -0.800373 -0.592869
0.000000 -0.827476 -0.561501
-0.059976 -0.839664 -0.539784
-0.114614 -0.830949 -0.544415
-0.228199 -0.827222 -0.513448
-0.313774 -0.798697 -0.513448
-0.410877 -0.763057 -0.498922
-0.529412 -0.705882 -0.470588
-0.572611 -0.663024 -0.482199
-0.639602 -0.639602 -0.426401
-0.690882 -0.596671 -0.408248
-0.771517 -0.493771 -0.401189
-0.816310 -0.393038 -0.423272
-0.867472 -0.289157 -0.404820
-0.887164 -0.228946 -0.400655
-0.915734 -0.118159 -0.384018
-0.921787 -0.029735 -0.386556
-0.908471 0.093980 -0.407245
-0.902485 0.180497 -0.391077
-0.881480 0.283333 -0.377777
-0.857195 0.329690 -0.395628
-0.839140 0.384606 -0.384606
-0.783164 0.469899 -0.407245
-0.762754 0.508503 -0.399538
-0.695401 0.579501 -0.424967
-0.609551 0.647648 -0.457164
-0.595257 0.674624 -0.436522
-0.579501 0.695401 -0.424967
-0.537667 0.729691 -0.422452
-0.486854 0.749006 -0.449404
-0.471041 0.745815 -0.471041
-0.426562 0.775567 -0.465340
-0.375293 0.788116 -0.487881
-0.379049 0.758098 -0.530669
-0.329293 0.768350 -0.548821
-0.329293 0.768350 -0.548821
-0.296093 0.777245 -0.555175
-0.269630 0.770371 -0.577778
-0.269630 0.770371 -0.577778
-0.233373 0.777910 -0.583432
-0.269630 0.770371 -0.577778
-0.233373 0.777910 -0.583432
-0.233373 0.777910 -0.583432
-0.269630 0.770371 -0.577778
-0.269630 0.770371 -0.577778
-0.233373 0.777910 -0.583432
