-0.319928 0.927792 -0.191957
-0.340010 0.918028 -0.204006
-0.330400 0.917779 -0.220267
-0.225176 0.938233 -0.262705
-0.150649 0.941554 -0.301297
-0.100391 0.936984 -0.334637
-0.095154 0.919824 -0.380617
-0.063596 0.922146 -0.381578
-0.031450 0.912058 -0.408854
0.093980 0.908471 -0.407245
0.132308 0.893081 -0.430002
0.324443 0.875996 -0.356887
0.439219 0.815693 -0.376473
0.557086 0.742781 -0.371391
0.637253 0.669116 -0.382352
0.755554 0.535184 -0.377777
0.816335 0.422242 -0.394093
0.864549 0.297189 -0.405257
0.916909 0.143267 -0.372494
0.939793 0.000000 -0.341743
0.917738 -0.177627 -0.355254
0.886969 -0.295656 -0.354787
0.842152 -0.421076 -0.336861
0.815366 -0.506089 -0.281161
0.764375 -0.587981 -0.264591
0.632717 -0.747757 -0.201319
0.579042 -0.810658 -0.086856
0.504827 -0.861175 -0.059391
0.397422 -0.917127 -0.030571
0.278277 -0.958508 -0.061839
0.153719 -0.983801 -0.092231
0.030234 -0.997712 -0.060467
-0.058321 -0.991460 -0.116642
-0.176090 -0.968496 -0.176090
-0.238620 -0.954480 -0.178965
-0.365148 -0.912871 -0.182574
-0.418143 -0.896022 -0.149337
-0.609234 -0.775388 -0.166155
-0.693642 -0.693642 -0.194220
-0.791924 -0.546155 -0.273077
-0.861880 -0.417881 -0.287293
-0.894427 -0.357771 -0.268328
-0.942809 -0.235702 -0.235702
-0.962614 -0.110013 -0.247529
-0.968122 0.027661 -0.248946
-0.949029 0.153069 -0.275525
-0.920316 0.230079 -0.316359
-0.861372 0.344549 -0.373261
-0.792624 0.487769 -0.365826
-0.743705 0.565216 -0.356978
-0.706260 0.621509 -0.339005
-0.585597 0.725025 -0.362512
-0.535477 0.760941 -0.366379
-0.449680 0.815044 -0.365365
-0.503706 0.783543 -0.363788
-0.449680 0.815044 -0.365365
-0.458455 0.830949 -0.315188
-0.328541 0.896022 -0.298674
-0.252352 0.914776 -0.315440
-0.229170 0.916679 -0.327385
-0.135926 0.917497 -0.373795
-0.134156 0.905551 -0.402467
-0.101015 0.909137 -0.404061
-0.068439 0.923921 -0.376412
-0.093980 0.908471 -0.407245
-0.064349 0.933060 -0.353919
-0.099231 0.926158 -0.363848
-0.066336 0.928701 -0.364847
-0.099231 0.926158 -0.363848
-0.067116 0.939618 -0.335578
-0.061056 0.915844 -0.396866
