-0.346844 0.780399 -0.520266
-0.321040 0.788006 -0.525338
-0.360342 0.780742 -0.510485
-0.333793 0.788966 -0.515863
-0.314037 0.785093 -0.533863
-0.290172 0.806032 -0.515861
-0.229539 0.819782 -0.524661
-0.198137 0.825573 -0.528367
-0.166114 0.830569 -0.531564
-0.158910 0.826334 -0.540295
-0.092057 0.828517 -0.552345
0.060943 0.853199 -0.518013
0.144943 0.840668 -0.521794
0.208979 0.835914 -0.507519
0.306426 0.796707 -0.520924
0.405906 0.710336 -0.575034
0.487435 0.617417 -0.617417
0.615947 0.444851 -0.650167
0.653363 0.307465 -0.691796
0.775567 0.116335 -0.620453
0.818822 -0.071202 -0.569615
0.864511 -0.092626 -0.494006
0.857143 -0.285714 -0.428571
0.842155 -0.407494 -0.353162
0.794350 -0.538108 -0.281866
0.720733 -0.671028 -0.173970
0.649405 -0.753310 -0.103905
0.553849 -0.830773 -0.055385
0.458455 -0.888256 -0.028653
0.316097 -0.948292 -0.028736
0.149537 -0.986945 -0.059815
0.060057 -0.990942 -0.120114
-0.030700 -0.982409 -0.184202
-0.121212 -0.969697 -0.212121
-0.290129 -0.928414 -0.232104
-0.366670 -0.902573 -0.225643
-0.510355 -0.832684 -0.214886
-0.598261 -0.780340 -0.182079
-0.692532 -0.692532 -0.201988
-0.784465 -0.588348 -0.196116
-0.857143 -0.485714 -0.171429
-0.897514 -0.405329 -0.173712
-0.954619 -0.260351 -0.144639
-0.979958 -0.089087 -0.178174
-0.988272 -0.029948 -0.149738
-0.986945 0.059815 -0.149537
-0.965715 0.150893 -0.211250
-0.951835 0.230748 -0.201904
-0.897958 0.340605 -0.278677
-0.853486 0.443813 -0.273115
-0.795150 0.530100 -0.294500
-0.745295 0.601969 -0.286652
-0.654410 0.681677 -0.327205
-0.579324 0.744845 -0.331042
-0.556108 0.767959 -0.317776
-0.471677 0.804625 -0.360694
-0.413017 0.826034 -0.383516
-0.353007 0.866471 -0.353007
-0.321911 0.901352 -0.289720
-0.261349 0.882052 -0.392023
-0.196326 0.883467 -0.425373
-0.130396 0.880175 -0.456387
-0.124939 0.874573 -0.468521
-0.094026 0.877575 -0.470129
