-0.289720 0.901352 -0.321911
-0.286618 0.891702 -0.350311
-0.298674 0.896022 -0.328541
-0.273735 0.912449 -0.304150
-0.271114 0.903713 -0.331361
-0.236318 0.915734 -0.324938
-0.211733 0.907426 -0.362970
-0.151169 0.907011 -0.393038
-0.145432 0.901681 -0.407211
-0.143681 0.890819 -0.431042
-0.030179 0.875179 -0.482857
0.095154 0.856388 -0.507489
0.257529 0.836970 -0.482867
0.327561 0.786146 -0.524097
0.446986 0.734333 -0.510841
0.553010 0.650600 -0.520480
0.661541 0.562310 -0.496156
0.735215 0.441129 -0.514650
0.801784 0.267261 -0.534522
0.885044 0.042145 -0.463595
0.896293 -0.107555 -0.430221
0.901819 -0.193247 -0.386494
0.877433 -0.380221 -0.292478
0.860038 -0.415191 -0.296565
0.815044 -0.533994 -0.224840
0.736587 -0.657667 -0.157840
0.663899 -0.743567 -0.079668
0.585597 -0.808682 -0.055771
0.480640 -0.876462 -0.028273
0.350524 -0.934730 -0.058421
0.269650 -0.958754 -0.089883
0.145248 -0.987688 -0.058099
0.056842 -0.994736 -0.085263
-0.028456 -0.995943 -0.085367
-0.144943 -0.985611 -0.086966
-0.287006 -0.947119 -0.143503
-0.388797 -0.897223 -0.209352
-0.483157 -0.852631 -0.198947
-0.610572 -0.769851 -0.185826
-0.690942 -0.690942 -0.212598
-0.755559 -0.615641 -0.223869
-0.851103 -0.469574 -0.234787
-0.906681 -0.350973 -0.233982
-0.962250 -0.192450 -0.192450
-0.978240 -0.115087 -0.172631
-0.989554 0.028273 -0.141365
-0.977805 0.148152 -0.148152
-0.949008 0.237252 -0.207595
-0.910765 0.333947 -0.242871
-0.858550 0.445174 -0.254385
-0.791285 0.539513 -0.287740
-0.737410 0.596951 -0.316033
-0.703131 0.641989 -0.305709
-0.591373 0.732177 -0.337928
-0.556108 0.767959 -0.317776
-0.496234 0.809645 -0.313411
-0.404820 0.867472 -0.289157
-0.311751 0.906912 -0.283410
-0.266323 0.917336 -0.295915
-0.148741 0.922194 -0.356978
-0.147122 0.912159 -0.382518
-0.116791 0.905134 -0.408770
-0.116791 0.905134 -0.408770
-0.087856 0.907846 -0.409995
-0.088891 0.918544 -0.385196
-0.093980 0.908471 -0.407245
-0.098006 0.914720 -0.392023
-0.098006 0.914720 -0.392023
-0.101015 0.909137 -0.404061
-0.099613 0.896520 -0.431658
