-0.247003 0.833635 -0.494006
-0.217690 0.839660 -0.497576
-0.132092 0.858596 -0.495344
-0.099449 0.861892 -0.497245
-0.033296 0.865705 -0.499445
0.000000 0.866186 -0.499722
0.065372 0.849837 -0.522976
0.124394 0.839660 -0.528675
0.262222 0.844939 -0.466173
0.365365 0.815044 -0.449680
0.434982 0.788405 -0.434982
0.514286 0.742857 -0.428571
0.603572 0.694107 -0.392322
0.717002 0.623480 -0.311740
0.819342 0.491605 -0.294963
0.869335 0.382507 -0.312961
0.914327 0.266679 -0.304776
0.934947 0.112194 -0.336581
0.952424 0.000000 -0.304776
0.939418 -0.108394 -0.325183
0.945373 -0.195594 -0.260793
0.921681 -0.317821 -0.222475
0.898295 -0.393004 -0.196502
0.852631 -0.483157 -0.198947
0.771517 -0.586353 -0.246885
0.620066 -0.738173 -0.265742
0.538575 -0.807862 -0.239367
0.445174 -0.858550 -0.254385
0.300150 -0.930465 -0.210105
0.208979 -0.955330 -0.208979
0.151794 -0.971483 -0.182153
0.000000 -0.983870 -0.178885
-0.092231 -0.983801 -0.153719
-0.182153 -0.971483 -0.151794
-0.347425 -0.926467 -0.144760
-0.460921 -0.864227 -0.201653
-0.529183 -0.823173 -0.205793
-0.654477 -0.711388 -0.256100
-0.706260 -0.621509 -0.339005
-0.747686 -0.538334 -0.388797
-0.786334 -0.436852 -0.436852
-0.833347 -0.258625 -0.488514
-0.870231 -0.131853 -0.474671
-0.866324 0.026252 -0.498792
-0.852133 0.150376 -0.501255
-0.855092 0.201198 -0.477846
-0.824589 0.283452 -0.489600
-0.818363 0.306886 -0.485903
-0.788110 0.394055 -0.472866
-0.685435 0.542636 -0.485516
-0.594964 0.624712 -0.505719
-0.532647 0.680604 -0.503055
-0.490135 0.720787 -0.490135
-0.464058 0.737034 -0.491356
-0.396138 0.763981 -0.509321
-0.352029 0.792065 -0.498707
-0.278277 0.803910 -0.525634
-0.217690 0.839660 -0.497576
-0.096674 0.870063 -0.483368
-0.064617 0.872330 -0.484628
-0.032862 0.887275 -0.460069
-0.032862 0.887275 -0.460069
-0.062838 0.879738 -0.471288
-0.060275 0.873986 -0.482199
-0.060275 0.873986 -0.482199
-0.060275 0.873986 -0.482199
-0.029735 0.862316 -0.505496
-0.029735 0.862316 -0.505496
-0.029735 0.862316 -0.505496
-0.059391 0.861175 -0.504827
-0.060275 0.873986 -0.482199
-0.060275 0.873986 -0.482199
-0.060275 0.873986 -0.482199
-0.059391 0.861175 -0.504827
