-0.257930 0.870515 -0.419137
-0.257930 0.870515 -0.419137
-0.227469 0.877382 -0.422443
-0.257930 0.870515 -0.419137
-0.257930 0.870515 -0.419137
-0.257930 0.870515 -0.419137
-0.257930 0.870515 -0.419137
-0.257930 0.870515 -0.419137
-0.257930 0.870515 -0.419137
-0.250859 0.878006 -0.407646
-0.254385 0.858550 -0.445174
-0.257930 0.870515 -0.419137
-0.224294 0.865136 -0.448589
-0.193548 0.870968 -0.451613
-0.099449 0.861892 -0.497245
-0.068439 0.855482 -0.513289
-0.033672 0.841794 -0.538748
0.000000 0.832050 -0.554700
0.033981 0.815553 -0.577684
0.034943 0.803685 -0.594028
0.104957 0.769683 -0.629740
0.143131 0.751439 -0.644091
0.182696 0.730784 -0.657706
0.285351 0.677708 -0.677708
0.356009 0.605216 -0.712019
0.413793 0.551724 -0.724138
0.498617 0.465376 -0.731305
0.541116 0.413795 -0.732098
0.617213 0.339467 -0.709795
0.667761 0.254385 -0.699559
0.710134 0.185252 -0.679258
0.719453 0.093842 -0.688172
0.735612 0.029424 -0.676763
0.746726 -0.124454 -0.653385
0.729959 -0.243320 -0.638714
0.677967 -0.400617 -0.616334
0.615257 -0.527363 -0.585959
0.538479 -0.623502 -0.566820
0.451466 -0.733632 -0.507899
0.416346 -0.777178 -0.471858
0.336861 -0.842152 -0.421076
0.246784 -0.877454 -0.411306
0.161048 -0.912608 -0.375780
0.081319 -0.921616 -0.379489
-0.055706 -0.919152 -0.389943
-0.113776 -0.910208 -0.398216
-0.206869 -0.886581 -0.413738
-0.304290 -0.852013 -0.426006
-0.408248 -0.816497 -0.408248
-0.477219 -0.786008 -0.393004
-0.585597 -0.725025 -0.362512
-0.603476 -0.713199 -0.356600
-0.656875 -0.685435 -0.314158
-0.745295 -0.601969 -0.286652
-0.835593 -0.473503 -0.278531
-0.880771 -0.385337 -0.275241
-0.926002 -0.280607 -0.252546
-0.957082 -0.140747 -0.253345
-0.977835 -0.057520 -0.201319
-0.977835 0.057520 -0.201319
-0.971099 0.138728 -0.194220
-0.942628 0.249519 -0.221795
-0.910366 0.331042 -0.248282
-0.865136 0.448589 -0.224294
-0.849837 0.457604 -0.261488
-0.785480 0.565546 -0.251354
-0.764316 0.605083 -0.222925
-0.720248 0.654771 -0.229170
-0.654771 0.720248 -0.229170
-0.634681 0.729883 -0.253872
-0.615166 0.738200 -0.276825
-0.574696 0.766261 -0.287348
-0.555757 0.771884 -0.308754
-0.510485 0.780742 -0.360342
-0.452679 0.814822 -0.362143
-0.413793 0.827586 -0.379310
-0.384606 0.839140 -0.384606
-0.322666 0.860442 -0.394369
-0.299392 0.860753 -0.411665
-0.214560 0.893998 -0.393359
-0.177443 0.887217 -0.425864
-0.208263 0.867763 -0.451237
-0.202145 0.875962 -0.437981
-0.199117 0.862840 -0.464606
-0.199117 0.862840 -0.464606
-0.199117 0.862840 -0.464606
-0.224294 0.865136 -0.448589
