-0.379310 0.827586 -0.413793
-0.373795 0.815553 -0.441758
-0.276686 0.830057 -0.484200
-0.240098 0.823193 -0.514496
-0.173972 0.835067 -0.521917
-0.141333 0.812665 -0.565332
-0.069758 0.802217 -0.592943
-0.066519 0.798228 -0.598671
0.033501 0.770529 -0.636524
0.097953 0.750977 -0.653023
0.207514 0.691714 -0.691714
0.284988 0.641223 -0.712470
0.405906 0.575034 -0.710336
0.543702 0.441758 -0.713609
0.651981 0.325991 -0.684580
0.689862 0.219502 -0.689862
0.721219 0.062715 -0.689862
0.713957 -0.148741 -0.684209
0.704664 -0.293610 -0.645942
0.660628 -0.450428 -0.600571
0.599917 -0.529339 -0.599917
0.536481 -0.651441 -0.536481
0.429394 -0.751439 -0.500959
0.272008 -0.816024 -0.510015
0.185606 -0.866164 -0.464016
0.112464 -0.899714 -0.421741
0.000000 -0.914918 -0.403640
-0.052450 -0.917880 -0.393377
-0.171149 -0.912797 -0.370824
-0.292478 -0.877433 -0.380221
-0.449680 -0.815044 -0.365365
-0.552643 -0.727162 -0.407211
-0.665340 -0.607485 -0.433918
-0.755263 -0.503509 -0.419591
-0.807280 -0.430550 -0.403640
-0.877292 -0.283830 -0.387040
-0.908249 -0.207600 -0.363300
-0.935459 -0.103940 -0.337805
-0.943460 0.000000 -0.331486
-0.948406 0.076898 -0.307591
-0.925208 0.179902 -0.334103
-0.899211 0.282609 -0.333993
-0.869851 0.372793 -0.323087
-0.814379 0.458088 -0.356291
-0.730838 0.560309 -0.389780
-0.693906 0.591105 -0.411204
-0.639602 0.639602 -0.426401
-0.577569 0.687582 -0.440052
-0.493012 0.766907 -0.410843
-0.509321 0.763981 -0.396138
-0.422242 0.816335 -0.394093
-0.398700 0.825879 -0.398700
-0.385191 0.825410 -0.412705
-0.329045 0.850033 -0.411306
-0.316544 0.854670 -0.411508
-0.269069 0.874475 -0.403604
-0.290000 0.869999 -0.398750
-0.284808 0.890024 -0.356009
-0.294086 0.882258 -0.367607
-0.248264 0.886659 -0.390130
-0.259973 0.891338 -0.371391
-0.303895 0.873698 -0.379869
-0.314270 0.864242 -0.392837
-0.314270 0.864242 -0.392837
-0.349005 0.853123 -0.387783
-0.349005 0.853123 -0.387783
-0.349005 0.853123 -0.387783
-0.349005 0.853123 -0.387783
-0.370370 0.851852 -0.370370
-0.370370 0.851852 -0.370370
-0.365148 0.839841 -0.401663
-0.343622 0.839964 -0.419982
-0.343622 0.839964 -0.419982
