-0.264616 0.893081 -0.363848
-0.264616 0.893081 -0.363848
-0.281091 0.878410 -0.386501
-0.281091 0.878410 -0.386501
-0.281091 0.878410 -0.386501
-0.240665 0.893898 -0.378188
-0.237459 0.881990 -0.407072
-0.211472 0.881134 -0.422944
-0.171904 0.859518 -0.481330
-0.104132 0.867763 -0.485947
-0.067229 0.840366 -0.537834
0.000000 0.811534 -0.584305
0.138509 0.796425 -0.588662
0.206529 0.757271 -0.619586
0.284988 0.712470 -0.641223
0.356915 0.642448 -0.678139
0.490511 0.551825 -0.674453
0.625262 0.426315 -0.653683
0.705978 0.282391 -0.649500
0.794826 0.113547 -0.596120
0.833347 -0.086208 -0.545986
0.824243 -0.264935 -0.500433
0.761785 -0.426599 -0.487542
0.709773 -0.532330 -0.461353
0.635943 -0.635943 -0.437211
0.473746 -0.801725 -0.364420
0.379642 -0.843649 -0.379642
0.248264 -0.886659 -0.390130
0.205076 -0.888662 -0.410152
0.151169 -0.907011 -0.393038
0.055706 -0.919152 -0.389943
-0.027186 -0.924336 -0.380609
-0.142278 -0.939032 -0.313011
-0.252546 -0.926002 -0.280607
-0.421408 -0.870910 -0.252845
-0.498273 -0.830455 -0.249136
-0.624506 -0.738053 -0.255480
-0.724714 -0.637748 -0.260897
-0.792553 -0.538936 -0.285319
-0.851103 -0.469574 -0.234787
-0.907426 -0.362970 -0.211733
-0.941992 -0.264935 -0.206061
-0.971483 -0.151794 -0.182153
-0.987688 -0.058099 -0.145248
-0.989574 0.053490 -0.133726
-0.979051 0.143978 -0.143978
-0.963594 0.226728 -0.141705
-0.907608 0.357542 -0.220026
-0.838757 0.487020 -0.243510
-0.793548 0.538479 -0.283410
-0.751451 0.584462 -0.306147
-0.681677 0.654410 -0.327205
-0.632631 0.699224 -0.332964
-0.635780 0.696331 -0.333028
-0.571057 0.751391 -0.330612
-0.537613 0.776552 -0.328541
-0.513448 0.798697 -0.313774
-0.497511 0.801545 -0.331674
-0.465622 0.821687 -0.328675
-0.443760 0.832050 -0.332820
-0.437413 0.847488 -0.300722
-0.424945 0.849889 -0.311626
-0.401313 0.859955 -0.315317
-0.411508 0.854670 -0.316544
-0.402241 0.838002 -0.368721
-0.384606 0.839140 -0.384606
-0.396155 0.828325 -0.396155
-0.365148 0.839841 -0.401663
-0.365148 0.839841 -0.401663
