-0.340010 0.714021 -0.612018
-0.301850 0.737856 -0.603701
-0.265343 0.729694 -0.630190
-0.229170 0.720248 -0.654771
-0.229170 0.720248 -0.654771
-0.162221 0.713774 -0.681330
-0.033653 0.706706 -0.706706
0.067191 0.705509 -0.705509
0.098163 0.687141 -0.719862
0.197814 0.659380 -0.725319
0.288824 0.609739 -0.738105
0.425373 0.588978 -0.687141
0.553372 0.553372 -0.622543
0.609208 0.507673 -0.609208
0.646162 0.502571 -0.574367
0.690103 0.460069 -0.558655
0.736807 0.429804 -0.521905
0.811869 0.330762 -0.481108
0.846499 0.282166 -0.451466
0.898295 0.196502 -0.393004
0.938273 0.056865 -0.341190
0.945175 -0.085925 -0.315058
0.930465 -0.210105 -0.300150
0.919152 -0.278531 -0.278531
0.866138 -0.447039 -0.223520
0.847512 -0.480257 -0.226003
0.756569 -0.611075 -0.232790
0.659028 -0.716335 -0.229227
0.582717 -0.786667 -0.203951
0.464016 -0.866164 -0.185606
0.348199 -0.917979 -0.189927
0.241539 -0.966155 -0.090577
0.149537 -0.986945 -0.059815
0.058621 -0.996558 -0.058621
-0.028513 -0.997965 -0.057027
-0.056842 -0.994736 -0.085263
-0.110055 -0.990492 -0.082541
-0.211250 -0.965715 -0.150893
-0.345953 -0.912058 -0.220152
-0.446223 -0.862698 -0.237986
-0.576552 -0.758621 -0.303449
-0.689483 -0.662964 -0.291704
-0.727963 -0.627555 -0.276124
-0.771364 -0.578523 -0.265156
-0.837618 -0.478639 -0.263251
-0.880146 -0.391176 -0.268933
-0.917365 -0.254824 -0.305788
-0.927047 -0.103005 -0.360518
-0.852325 0.047351 -0.520865
-0.857493 0.000000 -0.514496
-0.857493 0.000000 -0.514496
-0.905459 0.254660 -0.339547
-0.888143 0.341593 -0.307434
-0.810140 0.493129 -0.317011
-0.752886 0.573628 -0.322666
-0.647518 0.681598 -0.340799
-0.631581 0.664822 -0.398893
-0.612564 0.643192 -0.459423
-0.574989 0.638877 -0.511101
-0.502571 0.646162 -0.574367
-0.502571 0.646162 -0.574367
-0.454257 0.663914 -0.594028
-0.416777 0.659897 -0.625166
-0.378412 0.688021 -0.619219
-0.317208 0.704907 -0.634417
-0.302874 0.706706 -0.639401
-0.202145 0.741199 -0.640126
-0.161881 0.744652 -0.647524
-0.130120 0.748190 -0.650600
-0.130120 0.748190 -0.650600
-0.130120 0.748190 -0.650600
-0.095880 0.735083 -0.671163
-0.095880 0.735083 -0.671163
-0.095880 0.735083 -0.671163
-0.095880 0.735083 -0.671163
-0.065618 0.721797 -0.688988
-0.065618 0.721797 -0.688988
-0.064150 0.705650 -0.705650
-0.064150 0.705650 -0.705650
-0.065618 0.721797 -0.688988
-0.065618 0.721797 -0.688988
