-0.422443 0.877382 -0.227469
-0.331497 0.895041 -0.298347
-0.307434 0.888143 -0.341593
-0.254000 0.889001 -0.381000
-0.203864 0.902828 -0.378605
-0.203864 0.902828 -0.378605
-0.123267 0.893684 -0.431433
-0.123091 0.861640 -0.492366
-0.066010 0.825123 -0.561084
0.033981 0.815553 -0.577684
0.000000 0.784046 -0.620703
0.033501 0.770529 -0.636524
0.101477 0.811812 -0.575034
0.235836 0.808581 -0.539054
0.319275 0.798189 -0.510841
0.410891 0.758567 -0.505712
0.482867 0.708205 -0.515058
0.509544 0.668776 -0.541390
0.691280 0.510946 -0.510946
0.800022 0.325935 -0.503718
0.851225 0.091203 -0.516815
0.872964 -0.145494 -0.465581
0.850033 -0.329045 -0.411306
0.831239 -0.441596 -0.337691
0.725629 -0.609528 -0.319277
0.645650 -0.729865 -0.224574
0.491979 -0.839259 -0.231520
0.327086 -0.921787 -0.208145
0.225733 -0.959366 -0.169300
0.109394 -0.984548 -0.136743
-0.053490 -0.989574 -0.133726
-0.080351 -0.990992 -0.107134
-0.137102 -0.987135 -0.082261
-0.140915 -0.986405 -0.084549
-0.329690 -0.923133 -0.197814
-0.419570 -0.874105 -0.244749
-0.457056 -0.843795 -0.281265
-0.884064 -0.378884 -0.273639
-0.926739 -0.225423 -0.300564
-0.975900 -0.097590 -0.195180
-0.993848 -0.026861 -0.107443
-0.990375 0.123797 -0.061898
-0.970495 0.215666 -0.107833
-0.926467 0.347425 -0.144760
-0.898146 0.408248 -0.163299
-0.831655 0.523635 -0.184812
-0.773479 0.597688 -0.210949
-0.684268 0.684268 -0.252099
-0.695375 0.665141 -0.272103
-0.640174 0.698371 -0.320087
-0.619780 0.732467 -0.281718
-0.576914 0.769219 -0.274721
-0.560648 0.774229 -0.293673
-0.532181 0.768706 -0.354787
-0.493428 0.783679 -0.377327
-0.423272 0.816310 -0.393038
-0.358590 0.847576 -0.391189
-0.237459 0.881990 -0.407072
-0.169516 0.881483 -0.440741
-0.134156 0.905551 -0.402467
-0.124878 0.905366 -0.405854
-0.121435 0.910765 -0.394665
-0.091372 0.913717 -0.395944
-0.124878 0.905366 -0.405854
-0.124878 0.905366 -0.405854
-0.128499 0.899490 -0.417620
-0.132308 0.893081 -0.430002
-0.132308 0.893081 -0.430002
-0.138260 0.864126 -0.483911
-0.142494 0.854965 -0.498729
-0.142494 0.854965 -0.498729
-0.142494 0.854965 -0.498729
-0.173972 0.835067 -0.521917
