-0.343807 0.859518 -0.378188
-0.335653 0.854389 -0.396681
-0.331512 0.843848 -0.421924
-0.244225 0.854788 -0.457922
-0.157720 0.883232 -0.441616
0.000000 0.901002 -0.433816
0.030179 0.875179 -0.482857
0.029735 0.862316 -0.505496
0.147442 0.884652 -0.442326
0.262334 0.874446 -0.408075
0.344549 0.861372 -0.373261
0.454186 0.823213 -0.340640
0.532181 0.768706 -0.354787
0.655610 0.655610 -0.374634
0.794284 0.529523 -0.297857
0.869335 0.382507 -0.312961
0.904534 0.301511 -0.301511
0.924658 0.184932 -0.332877
0.951479 -0.033981 -0.305832
0.950110 -0.126681 -0.285033
0.920316 -0.316359 -0.230079
0.860447 -0.444102 -0.249807
0.835917 -0.501550 -0.222911
0.746837 -0.636195 -0.193624
0.639382 -0.750579 -0.166795
0.555470 -0.818587 -0.146176
0.452006 -0.875762 -0.169502
0.345834 -0.922225 -0.172917
0.239796 -0.959185 -0.149873
0.151794 -0.971483 -0.182153
0.000000 -0.982872 -0.184289
-0.121212 -0.969697 -0.212121
-0.180171 -0.960913 -0.210200
-0.288824 -0.930654 -0.224641
-0.319928 -0.927792 -0.191957
-0.299833 -0.932815 -0.199889
-0.534522 -0.801784 -0.267261
-0.732793 -0.628109 -0.261712
-0.806988 -0.511093 -0.295896
-0.852204 -0.411409 -0.323250
-0.903855 -0.273896 -0.328675
-0.931725 -0.150278 -0.330612
-0.937043 -0.062470 -0.343582
-0.938533 0.090826 -0.333028
-0.927589 0.154598 -0.340116
-0.893034 0.288076 -0.345691
-0.874147 0.343415 -0.343415
-0.857493 0.411597 -0.308697
-0.795948 0.519096 -0.311458
-0.736709 0.589368 -0.331519
-0.689246 0.654783 -0.310160
-0.683001 0.653305 -0.326653
-0.650799 0.679094 -0.339547
-0.568190 0.730531 -0.378794
-0.546238 0.754329 -0.364159
-0.523951 0.744562 -0.413646
-0.449857 0.787250 -0.421741
-0.327230 0.832950 -0.446223
-0.218218 0.872872 -0.436436
-0.153429 0.889889 -0.429601
-0.155417 0.901421 -0.404085
-0.119952 0.899640 -0.419832
-0.118418 0.888134 -0.444067
-0.118418 0.888134 -0.444067
-0.089087 0.890871 -0.445435
-0.118418 0.888134 -0.444067
-0.089087 0.890871 -0.445435
-0.091499 0.884492 -0.457496
-0.091499 0.884492 -0.457496
-0.121604 0.881626 -0.456013
-0.121604 0.881626 -0.456013
-0.121604 0.881626 -0.456013
-0.149270 0.865768 -0.477665
