-0.276172 0.920575 -0.276172
-0.273735 0.912449 -0.304150
-0.276172 0.920575 -0.276172
-0.304150 0.912449 -0.273735
-0.309938 0.898820 -0.309938
-0.309938 0.898820 -0.309938
-0.242871 0.910765 -0.333947
-0.151169 0.907011 -0.393038
-0.028940 0.926079 -0.376219
0.057166 0.914659 -0.400163
0.171639 0.886801 -0.429097
0.255789 0.881052 -0.397894
0.378766 0.815803 -0.437037
0.498922 0.763057 -0.410877
0.575871 0.703842 -0.415907
0.677708 0.570701 -0.463695
0.789337 0.434135 -0.434135
0.874386 0.257172 -0.411476
0.902861 0.257960 -0.343947
0.935601 0.187120 -0.299392
0.967822 0.069130 -0.241955
0.970143 0.000000 -0.242536
0.981780 0.000000 -0.190022
0.971537 -0.167506 -0.167506
0.930654 -0.288824 -0.224641
0.877382 -0.422443 -0.227469
0.827837 -0.532181 -0.177394
0.711062 -0.683714 -0.164091
0.613960 -0.781404 -0.111629
0.489729 -0.864227 -0.115230
0.364216 -0.924547 -0.112066
0.224574 -0.954439 -0.196502
0.028006 -0.980196 -0.196039
-0.055620 -0.973349 -0.222480
-0.177627 -0.947343 -0.266440
-0.331042 -0.910366 -0.248282
-0.430706 -0.861411 -0.269191
-0.560648 -0.774229 -0.293673
-0.652051 -0.678133 -0.339066
-0.731194 -0.584955 -0.350973
-0.824690 -0.425646 -0.372441
-0.877292 -0.283830 -0.387040
-0.916909 -0.143267 -0.372494
-0.940233 0.026118 -0.339529
-0.940554 0.130632 -0.313518
-0.924293 0.256748 -0.282423
-0.882258 0.367607 -0.294086
-0.852937 0.426469 -0.301037
-0.829288 0.473879 -0.296174
-0.738495 0.590796 -0.324938
-0.675886 0.675886 -0.293864
-0.660078 0.687582 -0.302536
-0.589274 0.757638 -0.280607
-0.525634 0.803910 -0.278277
-0.418704 0.867315 -0.269167
-0.370505 0.864511 -0.339629
-0.283333 0.881480 -0.377777
-0.190789 0.890348 -0.413376
-0.124878 0.905366 -0.405854
-0.149337 0.896022 -0.418143
-0.116791 0.905134 -0.408770
-0.116791 0.905134 -0.408770
-0.118159 0.915734 -0.384018
-0.143267 0.916909 -0.372494
-0.115039 0.920316 -0.373878
-0.119470 0.925889 -0.358409
-0.152926 0.917556 -0.367022
