-0.490029 0.849383 -0.196011
-0.457056 0.843795 -0.281265
-0.371787 0.867502 -0.330477
-0.321521 0.872699 -0.367452
-0.278225 0.874421 -0.397464
-0.260513 0.855971 -0.446594
-0.248421 0.851728 -0.461353
-0.207390 0.829561 -0.518476
-0.199889 0.799556 -0.566352
-0.131165 0.819782 -0.557452
-0.096926 0.807713 -0.581554
0.064786 0.809829 -0.583077
0.194666 0.811107 -0.551553
0.327561 0.786146 -0.524097
0.393707 0.754606 -0.524943
0.493999 0.691598 -0.526932
0.550107 0.679544 -0.485389
0.592882 0.655291 -0.468065
0.673817 0.539054 -0.505363
0.748569 0.392108 -0.534692
0.834017 0.278006 -0.476581
0.891485 0.081044 -0.445742
0.919145 0.000000 -0.393919
0.903017 -0.104194 -0.416777
0.896022 -0.149337 -0.418143
0.880078 -0.293359 -0.373367
0.840651 -0.420326 -0.341515
0.791633 -0.519509 -0.321601
0.704194 -0.653894 -0.276648
0.595248 -0.776410 -0.207043
0.504030 -0.848893 -0.159167
0.362936 -0.921299 -0.139591
0.227552 -0.967096 -0.113776
0.087296 -0.989359 -0.116395
-0.030069 -0.992285 -0.120277
-0.152570 -0.976445 -0.152570
-0.303449 -0.940691 -0.151724
-0.464016 -0.866164 -0.185606
-0.566139 -0.792594 -0.226455
-0.686980 -0.686980 -0.236890
-0.762001 -0.584201 -0.279400
-0.854706 -0.485104 -0.184801
-0.894151 -0.422238 -0.149025
-0.918260 -0.382608 -0.102029
-0.971825 -0.228665 -0.057166
-0.993884 -0.110432 0.000000
-1.000000 0.000000 0.000000
-0.991561 0.127123 -0.025425
-0.979045 0.195809 -0.055945
-0.937043 0.343582 -0.062470
-0.886556 0.458563 -0.061142
-0.833094 0.544715 -0.096126
-0.799788 0.591148 -0.104320
-0.717496 0.681621 -0.143499
-0.657706 0.730784 -0.182696
-0.601793 0.778792 -0.176998
-0.547817 0.805614 -0.225572
-0.596285 0.775170 -0.208700
-0.543600 0.799412 -0.255812
-0.568241 0.777593 -0.269167
-0.510841 0.798189 -0.319275
-0.518291 0.777436 -0.356325
-0.460195 0.814191 -0.353996
-0.413793 0.827586 -0.379310
-0.349005 0.853123 -0.387783
-0.303895 0.873698 -0.379869
-0.290000 0.869999 -0.398750
-0.273115 0.853486 -0.443813
-0.241093 0.861046 -0.447744
-0.183186 0.879292 -0.439646
-0.154997 0.891232 -0.426241
-0.118864 0.871672 -0.475457
-0.147442 0.884652 -0.442326
-0.104132 0.867763 -0.485947
-0.105868 0.882231 -0.458760
-0.073078 0.876941 -0.475010
-0.107555 0.896293 -0.430221
-0.109254 0.874028 -0.473432
-0.109254 0.874028 -0.473432
-0.109254 0.874028 -0.473432
-0.109254 0.874028 -0.473432
