-0.374270 0.873296 -0.311891
-0.400617 0.862867 -0.308167
-0.370505 0.864511 -0.339629
-0.366508 0.855186 -0.366508
-0.324443 0.875996 -0.356887
-0.291386 0.874157 -0.388514
-0.261349 0.882052 -0.392023
-0.196326 0.883467 -0.425373
-0.157720 0.883232 -0.441616
-0.061142 0.886556 -0.458563
0.000000 0.906183 -0.422885
0.116791 0.905134 -0.408770
0.199189 0.882121 -0.426833
0.275654 0.826961 -0.490051
0.386896 0.741550 -0.548102
0.561336 0.561336 -0.608114
0.701047 0.408944 -0.584206
0.778499 0.311400 -0.544949
0.816120 0.386583 -0.429537
0.893998 0.214560 -0.393359
0.919824 0.095154 -0.380617
0.922194 0.000000 -0.386727
0.930408 -0.140971 -0.338330
0.916246 -0.296432 -0.269484
0.867085 -0.460639 -0.189675
0.765473 -0.628782 -0.136692
0.673987 -0.730153 -0.112331
0.584462 -0.807114 -0.083495
0.512615 -0.854358 -0.085436
0.358409 -0.925889 -0.119470
0.269650 -0.958754 -0.089883
0.148152 -0.977805 -0.148152
0.029801 -0.983433 -0.178806
-0.088581 -0.974389 -0.206689
-0.178965 -0.954480 -0.238620
-0.336994 -0.898650 -0.280828
-0.465622 -0.821687 -0.328675
-0.568190 -0.730531 -0.378794
-0.694631 -0.614481 -0.374032
-0.772350 -0.473376 -0.423547
-0.837858 -0.335143 -0.430898
-0.874386 -0.257172 -0.411476
-0.914904 -0.110897 -0.388141
-0.928032 0.030934 -0.371213
-0.935536 0.120714 -0.331964
-0.903855 0.273896 -0.328675
-0.862867 0.400617 -0.308167
-0.800356 0.506892 -0.320142
-0.726438 0.614679 -0.307339
-0.641989 0.703131 -0.305709
-0.617213 0.709795 -0.339467
-0.538334 0.747686 -0.388797
-0.469899 0.783164 -0.407245
-0.423272 0.816310 -0.393038
-0.353400 0.824600 -0.441750
-0.279887 0.870759 -0.404281
-0.257930 0.870515 -0.419137
-0.223950 0.895799 -0.383914
-0.224294 0.865136 -0.448589
-0.164577 0.888716 -0.427900
-0.132308 0.893081 -0.430002
-0.101015 0.909137 -0.404061
-0.066593 0.899002 -0.432853
-0.063596 0.922146 -0.381578
-0.063596 0.922146 -0.381578
-0.063596 0.922146 -0.381578
-0.063596 0.922146 -0.381578
-0.063596 0.922146 -0.381578
-0.063596 0.922146 -0.381578
-0.063596 0.922146 -0.381578
-0.063596 0.922146 -0.381578
-0.063596 0.922146 -0.381578
-0.062807 0.910708 -0.408248
-0.093980 0.908471 -0.407245
