-0.316033 0.737410 -0.596951
-0.245350 0.736050 -0.630900
-0.212531 0.708436 -0.673015
-0.136637 0.717346 -0.683187
-0.067116 0.671156 -0.738272
0.000000 0.653620 -0.756823
0.068319 0.614868 -0.785665
0.137361 0.549442 -0.824163
0.217500 0.507500 -0.833749
0.241093 0.447744 -0.861046
0.312961 0.382507 -0.869335
0.328089 0.328089 -0.885841
0.383914 0.223950 -0.895799
0.417620 0.128499 -0.899490
0.420891 0.032376 -0.906533
0.470129 -0.094026 -0.877575
0.439219 -0.188237 -0.878438
0.426006 -0.304290 -0.852013
0.413017 -0.383516 -0.826034
0.377327 -0.493428 -0.783679
0.344976 -0.603708 -0.718699
0.282391 -0.705978 -0.649500
0.203951 -0.786667 -0.582717
0.087556 -0.846377 -0.525338
-0.028273 -0.876462 -0.480640
-0.116841 -0.876309 -0.467365
-0.204298 -0.875563 -0.437781
-0.327230 -0.832950 -0.446223
-0.436852 -0.786334 -0.436852
-0.525338 -0.729636 -0.437781
-0.591054 -0.709265 -0.384185
-0.676178 -0.646779 -0.352789
-0.709795 -0.617213 -0.339467
-0.796707 -0.520924 -0.306426
-0.852013 -0.426006 -0.304290
-0.909017 -0.322554 -0.263908
-0.952607 -0.215105 -0.215105
-0.971124 -0.093980 -0.219286
-0.981780 0.000000 -0.190022
-0.980057 0.032669 -0.196011
-0.975900 0.097590 -0.195180
-0.959760 0.198571 -0.198571
-0.952999 0.230034 -0.197172
-0.906533 0.356138 -0.226633
-0.874475 0.403604 -0.269069
-0.826234 0.511478 -0.236067
-0.794929 0.516704 -0.317971
-0.706562 0.588802 -0.392534
-0.695401 0.579501 -0.424967
-0.639602 0.639602 -0.426401
-0.664392 0.627481 -0.406017
-0.642999 0.642999 -0.416058
-0.642999 0.642999 -0.416058
-0.580000 0.688749 -0.435000
-0.545906 0.691481 -0.473118
-0.532330 0.709773 -0.461353
-0.497468 0.710669 -0.497468
-0.444140 0.703222 -0.555175
-0.371391 0.742781 -0.557086
-0.371391 0.742781 -0.557086
-0.331519 0.736709 -0.589368
-0.322666 0.752886 -0.573628
-0.322666 0.752886 -0.573628
-0.316033 0.737410 -0.596951
-0.283909 0.745262 -0.603307
-0.283909 0.745262 -0.603307
-0.283909 0.745262 -0.603307
-0.309426 0.721995 -0.618853
-0.309426 0.721995 -0.618853
-0.277851 0.729360 -0.625166
