-0.333890 0.868115 -0.367279
-0.324443 0.875996 -0.356887
-0.320585 0.865580 -0.384702
-0.285714 0.857143 -0.428571
-0.264764 0.869940 -0.416058
-0.195665 0.860927 -0.469596
-0.072643 0.835398 -0.544825
0.033059 0.826475 -0.562003
0.067845 0.814144 -0.576686
0.157251 0.786257 -0.597555
0.257663 0.772988 -0.579741
0.371391 0.742781 -0.557086
0.447214 0.715542 -0.536656
0.532647 0.680604 -0.503055
0.655291 0.592882 -0.468065
0.742464 0.506225 -0.438729
0.826475 0.363649 -0.429767
0.899371 0.195515 -0.391031
0.927980 0.107075 -0.356915
0.932007 0.162088 -0.324176
0.963460 -0.033223 -0.265782
0.938533 -0.272477 -0.211927
0.871254 -0.449680 -0.196735
0.814766 -0.552877 -0.174593
0.716630 -0.687964 -0.114661
0.625821 -0.774826 -0.089403
0.481108 -0.872008 -0.090208
0.359533 -0.928793 -0.089883
0.212121 -0.969697 -0.121212
0.059815 -0.986945 -0.149537
-0.059523 -0.982125 -0.178568
-0.124878 -0.967805 -0.218537
-0.288076 -0.921842 -0.259268
-0.414910 -0.857480 -0.304267
-0.543727 -0.761218 -0.353423
-0.649500 -0.649500 -0.395348
-0.754329 -0.546238 -0.364159
-0.855198 -0.414641 -0.310981
-0.908688 -0.320713 -0.267261
-0.930039 -0.197281 -0.310013
-0.963173 -0.026755 -0.267548
-0.958754 0.089883 -0.269650
-0.924547 0.224133 -0.308182
-0.888652 0.350075 -0.296217
-0.840799 0.450428 -0.300285
-0.766261 0.574696 -0.287348
-0.718997 0.632717 -0.287599
-0.624506 0.738053 -0.255480
-0.515021 0.813190 -0.271063
-0.502442 0.793329 -0.343776
-0.460158 0.805276 -0.373878
-0.447612 0.805701 -0.387930
-0.329690 0.857195 -0.395628
-0.277184 0.866199 -0.415775
-0.172005 0.894427 -0.412813
-0.174395 0.906854 -0.383669
-0.174395 0.906854 -0.383669
-0.174395 0.906854 -0.383669
-0.205076 0.888662 -0.410152
-0.172005 0.894427 -0.412813
-0.172005 0.894427 -0.412813
-0.169516 0.881483 -0.440741
-0.169516 0.881483 -0.440741
-0.169516 0.881483 -0.440741
-0.169516 0.881483 -0.440741
-0.162221 0.875996 -0.454220
-0.199117 0.862840 -0.464606
-0.230658 0.856729 -0.461316
