-0.304256 0.845154 -0.439480
-0.241093 0.861046 -0.447744
-0.192847 0.835672 -0.514259
-0.161627 0.840461 -0.517207
-0.066010 0.825123 -0.561084
-0.031039 0.807002 -0.589732
0.100056 0.767093 -0.633685
0.212531 0.708436 -0.673015
0.278524 0.661495 -0.696311
0.377075 0.582752 -0.719871
0.479402 0.479402 -0.735083
0.524943 0.393707 -0.754606
0.579741 0.257663 -0.772988
0.617743 0.097538 -0.780307
0.603860 -0.063564 -0.794552
0.569780 -0.221581 -0.791361
0.504827 -0.386044 -0.772088
0.413646 -0.523951 -0.744562
0.307339 -0.614679 -0.726438
0.190516 -0.680414 -0.707630
0.055364 -0.719727 -0.692046
-0.081259 -0.731334 -0.677161
-0.216216 -0.729730 -0.648649
-0.381032 -0.680414 -0.625981
-0.465581 -0.640174 -0.611075
-0.615785 -0.557139 -0.557139
-0.670409 -0.524668 -0.524668
-0.755263 -0.419591 -0.503509
-0.826886 -0.285133 -0.484726
-0.857143 -0.171429 -0.485714
-0.862316 -0.029735 -0.505496
-0.848185 0.058496 -0.526460
-0.853388 0.126428 -0.505712
-0.849383 0.196011 -0.490029
-0.800022 0.325935 -0.503718
-0.751809 0.404820 -0.520483
-0.636670 0.504030 -0.583614
-0.608799 0.576757 -0.544715
-0.563926 0.634417 -0.528681
-0.573959 0.650487 -0.497431
-0.475457 0.713186 -0.515079
-0.449404 0.749006 -0.486854
-0.360000 0.800000 -0.480000
-0.269032 0.845529 -0.461197
-0.260513 0.855971 -0.446594
-0.218218 0.872872 -0.436436
-0.218218 0.872872 -0.436436
-0.183186 0.879292 -0.439646
-0.180187 0.864900 -0.468487
-0.147442 0.884652 -0.442326
-0.145000 0.869999 -0.471250
-0.145000 0.869999 -0.471250
-0.147442 0.884652 -0.442326
-0.111111 0.888889 -0.444444
