-0.425373 0.687141 -0.588978
-0.398015 0.696526 -0.597022
-0.362069 0.691223 -0.625393
-0.354654 0.677067 -0.644826
-0.295758 0.722965 -0.624379
-0.253872 0.729883 -0.634681
-0.229170 0.720248 -0.654771
-0.161881 0.744652 -0.647524
-0.133333 0.733333 -0.666667
-0.032092 0.738105 -0.673922
0.032092 0.738105 -0.673922
0.161881 0.744652 -0.647524
0.259828 0.714527 -0.649570
0.317821 0.730988 -0.603860
0.381578 0.699559 -0.604165
0.417190 0.673922 -0.609739
0.544715 0.608799 -0.576757
0.566666 0.566666 -0.598147
0.657213 0.500734 -0.563326
0.706742 0.449745 -0.546119
0.764316 0.350311 -0.541390
0.806032 0.290172 -0.515861
0.843551 0.227110 -0.486664
0.865768 0.149270 -0.477665
0.887164 -0.057236 -0.457891
0.892871 -0.243510 -0.378794
0.848108 -0.411204 -0.334103
0.821687 -0.465622 -0.328675
0.751451 -0.584462 -0.306147
0.652714 -0.707107 -0.271964
0.530445 -0.809626 -0.251263
0.433289 -0.866578 -0.247594
0.288824 -0.930654 -0.224641
0.198571 -0.959760 -0.198571
0.125677 -0.973996 -0.188515
0.029801 -0.983433 -0.178806
-0.029086 -0.988941 -0.145432
-0.084549 -0.986405 -0.140915
-0.171219 -0.970241 -0.171219
-0.268317 -0.939111 -0.214654
-0.401610 -0.883541 -0.240966
-0.511093 -0.806988 -0.295896
-0.611974 -0.739469 -0.280488
-0.689500 -0.665724 -0.285310
-0.756098 -0.585366 -0.292683
-0.818363 -0.537051 -0.204591
-0.856061 -0.492883 -0.155647
-0.912608 -0.375780 -0.161048
-0.953329 -0.238332 -0.185369
-0.974616 -0.143326 -0.171991
-0.973417 0.000000 -0.229039
-0.950649 0.115230 -0.288076
-0.926261 0.216128 -0.308754
-0.875996 0.324443 -0.356887
-0.847576 0.391189 -0.358590
-0.792982 0.462573 -0.396491
-0.764775 0.473432 -0.437014
-0.713011 0.564467 -0.415923
-0.639602 0.639602 -0.426401
-0.598986 0.653439 -0.462853
-0.553346 0.669840 -0.495099
-0.466704 0.684499 -0.560044
-0.398015 0.696526 -0.597022
-0.331862 0.730096 -0.597351
-0.360898 0.721797 -0.590561
-0.295758 0.722965 -0.624379
-0.301850 0.737856 -0.603701
-0.265343 0.729694 -0.630190
-0.265343 0.729694 -0.630190
-0.229170 0.720248 -0.654771
-0.197814 0.725319 -0.659380
-0.165840 0.729694 -0.663358
-0.133333 0.733333 -0.666667
-0.130120 0.748190 -0.650600
-0.097953 0.750977 -0.653023
-0.032791 0.754200 -0.655826
-0.032791 0.754200 -0.655826
-0.032791 0.754200 -0.655826
0.000000 0.754606 -0.656179
