-0.529209 0.779887 -0.334237
-0.533994 0.786939 -0.309155
-0.533994 0.786939 -0.309155
-0.513448 0.798697 -0.313774
-0.513448 0.798697 -0.313774
-0.491979 0.810319 -0.318339
-0.491979 0.810319 -0.318339
-0.441750 0.824600 -0.353400
-0.371747 0.836431 -0.402726
-0.349074 0.825085 -0.444277
-0.221028 0.852537 -0.473632
-0.158910 0.826334 -0.540295
-0.063119 0.820553 -0.568075
-0.061517 0.830474 -0.553650
0.000000 0.796162 -0.605083
0.095588 0.764704 -0.637253
0.162221 0.713774 -0.681330
0.223835 0.639529 -0.735459
0.303449 0.576552 -0.758621
0.374817 0.499756 -0.780869
0.428393 0.428393 -0.795587
0.469208 0.344086 -0.813295
0.506979 0.253490 -0.823842
0.564710 0.125491 -0.815693
0.553650 0.061517 -0.830474
0.554437 -0.030802 -0.831655
0.537319 -0.189642 -0.821781
0.493067 -0.338983 -0.801234
0.510255 -0.420210 -0.750375
0.478683 -0.505276 -0.718024
0.426099 -0.612517 -0.665780
0.403057 -0.698632 -0.591150
0.327084 -0.790452 -0.517882
0.263067 -0.868121 -0.420907
0.217813 -0.898479 -0.381173
0.142278 -0.939032 -0.313011
0.084989 -0.963208 -0.254967
-0.083754 -0.977135 -0.195427
-0.178965 -0.954480 -0.238620
-0.242424 -0.939394 -0.242424
-0.308754 -0.926261 -0.216128
-0.411054 -0.880830 -0.234888
-0.480257 -0.847512 -0.226003
-0.542415 -0.827896 -0.142741
-0.611593 -0.786334 -0.087370
-0.705882 -0.705882 -0.058824
-0.736807 -0.675406 -0.030700
-0.833094 -0.544715 -0.096126
-0.909137 -0.404061 -0.101015
-0.947656 -0.270759 -0.169224
-0.970448 -0.133855 -0.200782
-0.973329 -0.032444 -0.227110
-0.982125 0.059523 -0.178568
-0.973996 0.125677 -0.188515
-0.958710 0.231413 -0.165295
-0.912774 0.358590 -0.195594
-0.893081 0.430002 -0.132308
-0.819782 0.557452 -0.131165
-0.786257 0.597555 -0.157251
-0.694314 0.694314 -0.189358
-0.675088 0.705774 -0.214801
-0.568241 0.777593 -0.269167
-0.512802 0.814451 -0.271484
-0.454337 0.848096 -0.272602
-0.418704 0.867315 -0.269167
-0.377777 0.881480 -0.283333
-0.307434 0.888143 -0.341593
-0.317011 0.880587 -0.352235
-0.284808 0.890024 -0.356009
-0.294086 0.882258 -0.367607
-0.327111 0.872295 -0.363456
-0.294086 0.882258 -0.367607
-0.327111 0.872295 -0.363456
-0.294086 0.882258 -0.367607
-0.294086 0.882258 -0.367607
-0.322666 0.860442 -0.394369
-0.322666 0.860442 -0.394369
-0.281091 0.878410 -0.386501
-0.299833 0.866186 -0.399778
-0.230533 0.889198 -0.395199
-0.166852 0.901002 -0.400445
-0.134156 0.905551 -0.402467
