-0.336146 0.773137 -0.537834
-0.262471 0.787414 -0.557752
-0.205316 0.787044 -0.581728
-0.201234 0.771395 -0.603701
-0.173240 0.762255 -0.623663
-0.102899 0.720294 -0.685994
-0.067191 0.705509 -0.705509
0.033615 0.672293 -0.739522
0.068640 0.652078 -0.755038
0.180775 0.578481 -0.795412
0.207390 0.518476 -0.829561
0.268917 0.470605 -0.840366
0.343807 0.378188 -0.859518
0.356887 0.324443 -0.875996
0.434785 0.234115 -0.869570
0.427900 0.164577 -0.888716
0.485389 0.032359 -0.873699
0.522976 -0.065372 -0.849837
0.518736 -0.030514 -0.854389
0.466478 -0.155493 -0.870759
0.484848 -0.212121 -0.848485
0.421924 -0.331512 -0.843848
0.357137 -0.476182 -0.803557
0.269167 -0.568241 -0.777593
0.206061 -0.677057 -0.706494
0.116941 -0.730882 -0.672411
0.028072 -0.786008 -0.617578
-0.055771 -0.808682 -0.585597
-0.081051 -0.837532 -0.540343
-0.134304 -0.832684 -0.537215
-0.189051 -0.837227 -0.513139
-0.252546 -0.841820 -0.477032
-0.373878 -0.805276 -0.460158
-0.487910 -0.774916 -0.401808
-0.504827 -0.772088 -0.386044
-0.590872 -0.715266 -0.373182
-0.649312 -0.680232 -0.340116
-0.736968 -0.576757 -0.352463
-0.764316 -0.541390 -0.350311
-0.825800 -0.428193 -0.367022
-0.880406 -0.303588 -0.364306
-0.901857 -0.217690 -0.373182
-0.924500 -0.092450 -0.369800
-0.928032 -0.030934 -0.371213
-0.910977 0.029386 -0.411409
-0.899640 0.119952 -0.419832
-0.880451 0.176090 -0.440225
-0.863868 0.259161 -0.431934
-0.841730 0.319277 -0.435377
-0.796187 0.412837 -0.442326
-0.741412 0.474504 -0.474504
-0.702738 0.535420 -0.468492
-0.683763 0.569803 -0.455842
-0.635943 0.635943 -0.437211
-0.615457 0.615457 -0.492366
-0.609551 0.647648 -0.457164
-0.533358 0.685745 -0.495261
-0.519589 0.705156 -0.482475
-0.482475 0.705156 -0.519589
-0.441129 0.735215 -0.514650
-0.410803 0.746914 -0.522840
-0.379049 0.758098 -0.530669
-0.379049 0.758098 -0.530669
-0.371391 0.742781 -0.557086
-0.338719 0.752710 -0.564532
-0.304776 0.761939 -0.571454
-0.304776 0.761939 -0.571454
