-0.481621 0.770594 -0.417405
-0.475055 0.760088 -0.443384
-0.417405 0.770594 -0.481621
-0.377777 0.755554 -0.535184
-0.344255 0.751101 -0.563326
-0.288824 0.738105 -0.609739
-0.248069 0.744208 -0.620174
-0.248788 0.715266 -0.653069
-0.243320 0.729959 -0.638714
-0.189170 0.725152 -0.662095
-0.130396 0.717180 -0.684580
0.000000 0.690476 -0.723356
0.063888 0.638877 -0.766652
0.129573 0.615470 -0.777436
0.178806 0.566219 -0.804627
0.239367 0.538575 -0.807862
0.335497 0.457496 -0.823492
0.408248 0.408248 -0.816497
0.498058 0.311286 -0.809345
0.525634 0.278277 -0.803910
0.594331 0.187683 -0.782014
0.619876 0.123975 -0.774845
0.672874 0.091756 -0.734045
0.689862 0.062715 -0.721219
0.721219 -0.062715 -0.689862
0.709677 -0.193548 -0.677419
0.684580 -0.325991 -0.651981
0.664743 -0.443162 -0.601434
0.607177 -0.546459 -0.576818
0.504827 -0.653305 -0.564218
0.420210 -0.750375 -0.510255
0.373878 -0.805276 -0.460158
0.285714 -0.857143 -0.428571
0.199189 -0.882121 -0.426833
0.110897 -0.914904 -0.388141
0.027886 -0.920224 -0.390398
-0.026900 -0.914587 -0.403494
-0.085575 -0.912797 -0.399349
-0.173712 -0.897514 -0.405329
-0.249519 -0.887179 -0.388141
-0.349186 -0.843865 -0.407383
-0.417473 -0.807114 -0.417473
-0.514917 -0.772375 -0.371884
-0.591373 -0.732177 -0.337928
-0.634029 -0.691669 -0.345834
-0.723714 -0.629317 -0.283193
-0.814451 -0.512802 -0.271484
-0.891264 -0.386214 -0.237670
-0.935929 -0.263230 -0.233982
-0.967663 -0.146616 -0.205262
-0.979045 -0.055945 -0.195809
-0.984063 0.056232 -0.168696
-0.970241 0.171219 -0.171219
-0.958508 0.216437 -0.185518
-0.927792 0.319928 -0.191957
-0.907580 0.375551 -0.187775
-0.866164 0.464016 -0.185606
-0.800022 0.562978 -0.207413
-0.791361 0.569780 -0.221581
-0.704925 0.672883 -0.224294
-0.672883 0.704925 -0.224294
-0.667592 0.702728 -0.245955
-0.649570 0.714527 -0.259828
-0.651312 0.719871 -0.239957
-0.524463 0.804176 -0.279713
-0.549119 0.789358 -0.274559
-0.457056 0.843795 -0.281265
-0.411665 0.860753 -0.299392
-0.379869 0.873698 -0.303895
-0.375293 0.863175 -0.337764
-0.406850 0.850686 -0.332877
-0.358979 0.861550 -0.358979
-0.348155 0.870388 -0.348155
-0.343807 0.859518 -0.378188
-0.312961 0.869335 -0.382507
-0.308697 0.857493 -0.411597
-0.299833 0.866186 -0.399778
-0.265343 0.862366 -0.431183
-0.295758 0.854413 -0.427207
-0.257930 0.870515 -0.419137
-0.257930 0.870515 -0.419137
-0.257930 0.870515 -0.419137
-0.257930 0.870515 -0.419137
-0.257930 0.870515 -0.419137
-0.257930 0.870515 -0.419137
-0.257930 0.870515 -0.419137
-0.257930 0.870515 -0.419137
-0.257930 0.870515 -0.419137
