-0.345691 0.893034 -0.288076
-0.322277 0.878938 -0.351575
-0.303588 0.880406 -0.364306
-0.283333 0.881480 -0.377777
-0.287641 0.862924 -0.415482
-0.283755 0.851265 -0.441397
-0.227469 0.877382 -0.422443
-0.188237 0.878438 -0.439219
-0.157720 0.883232 -0.441616
-0.093980 0.908471 -0.407245
0.031450 0.912058 -0.408854
0.122859 0.921443 -0.368577
0.154598 0.927589 -0.340116
0.220152 0.912058 -0.345953
0.289720 0.901352 -0.321911
0.364306 0.880406 -0.303588
0.481108 0.811869 -0.330762
0.568241 0.777593 -0.269167
0.699559 0.667761 -0.254385
0.801784 0.534522 -0.267261
0.848067 0.407072 -0.339227
0.905204 0.243709 -0.348155
0.946350 0.070100 -0.315450
0.949920 -0.061285 -0.306426
0.939413 -0.227736 -0.256203
0.898479 -0.381173 -0.217813
0.888204 -0.416346 -0.194295
0.802159 -0.580873 -0.138303
0.689951 -0.718699 -0.086244
0.577350 -0.808290 -0.115470
0.467365 -0.876309 -0.116841
0.384018 -0.915734 -0.118159
0.200327 -0.973018 -0.114473
0.084549 -0.986405 -0.140915
-0.028149 -0.985232 -0.168897
-0.169300 -0.959366 -0.225733
-0.306147 -0.918440 -0.250484
-0.428571 -0.857143 -0.285714
-0.458079 -0.858898 -0.229039
-0.588199 -0.767216 -0.255739
-0.751182 -0.606724 -0.260024
-0.857143 -0.428571 -0.285714
-0.939801 -0.254000 -0.228600
-0.958425 -0.163634 -0.233762
-0.974451 -0.048723 -0.219251
-0.982224 0.026547 -0.185826
-0.979327 0.126365 -0.157956
-0.955879 0.223039 -0.191176
-0.901263 0.360505 -0.240337
-0.861046 0.447744 -0.241093
-0.789015 0.555233 -0.263005
-0.738053 0.624506 -0.255480
-0.698226 0.670297 -0.251361
-0.607142 0.745129 -0.275974
-0.494685 0.824475 -0.274825
-0.476282 0.812481 -0.336199
-0.411409 0.852204 -0.323250
-0.322277 0.878938 -0.351575
-0.213996 0.917127 -0.336280
-0.218112 0.934765 -0.280430
-0.184550 0.922749 -0.338341
-0.184550 0.922749 -0.338341
-0.156174 0.937043 -0.312348
-0.150278 0.931725 -0.330612
-0.121886 0.944613 -0.304714
-0.150278 0.931725 -0.330612
-0.121886 0.944613 -0.304714
-0.121886 0.944613 -0.304714
-0.122975 0.953057 -0.276694
-0.151724 0.940691 -0.303449
-0.151724 0.940691 -0.303449
