-0.302156 0.793159 -0.528773
-0.219823 0.806018 -0.549557
-0.180775 0.795412 -0.578481
-0.176998 0.778792 -0.601793
-0.107833 0.754829 -0.646997
-0.038069 0.761387 -0.647179
0.076194 0.723842 -0.685745
0.151078 0.717620 -0.679851
0.287213 0.697518 -0.656488
0.396155 0.612240 -0.684268
0.510188 0.510188 -0.692398
0.590872 0.373182 -0.715266
0.665141 0.272103 -0.695375
0.717002 0.124696 -0.685828
0.690882 -0.031404 -0.722285
0.689862 -0.219502 -0.689862
0.676178 -0.352789 -0.646779
0.584305 -0.486921 -0.649227
0.599917 -0.529339 -0.599917
0.455842 -0.683763 -0.569803
0.351581 -0.773479 -0.527372
0.284808 -0.818822 -0.498413
0.217690 -0.839660 -0.497576
0.192015 -0.877784 -0.438892
0.130189 -0.911322 -0.390567
0.025880 -0.931692 -0.362325
-0.051350 -0.949968 -0.308098
-0.168166 -0.952938 -0.252248
-0.318339 -0.926079 -0.202580
-0.438892 -0.877784 -0.192015
-0.532624 -0.825567 -0.186418
-0.610572 -0.769851 -0.185826
-0.699390 -0.672490 -0.242096
-0.757638 -0.589274 -0.280607
-0.814451 -0.512802 -0.271484
-0.870022 -0.435011 -0.232006
-0.926079 -0.318339 -0.202580
-0.960130 -0.197674 -0.197674
-0.971099 -0.138728 -0.194220
-0.981251 -0.027257 -0.190799
-0.980159 0.054453 -0.190586
-0.959354 0.137051 -0.246691
-0.933416 0.240021 -0.266690
-0.896819 0.326116 -0.298940
-0.847488 0.437413 -0.300722
-0.782727 0.521818 -0.339182
-0.719297 0.586094 -0.372969
-0.725025 0.585597 -0.362512
-0.696897 0.609785 -0.377486
-0.644831 0.644831 -0.410347
-0.619219 0.688021 -0.378412
-0.549189 0.732252 -0.402739
-0.502609 0.773245 -0.386622
-0.472866 0.788110 -0.394055
-0.441415 0.802572 -0.401286
-0.441415 0.802572 -0.401286
-0.394976 0.829450 -0.394976
-0.394976 0.829450 -0.394976
-0.394976 0.829450 -0.394976
-0.388661 0.816188 -0.427527
-0.420903 0.803543 -0.420903
-0.388661 0.816188 -0.427527
-0.420903 0.803543 -0.420903
-0.420903 0.803543 -0.420903
-0.370625 0.815374 -0.444750
-0.413990 0.790345 -0.451626
-0.382080 0.802369 -0.458496
-0.382080 0.802369 -0.458496
-0.348743 0.813733 -0.464991
