-0.190789 0.890348 -0.413376
-0.196326 0.883467 -0.425373
-0.196326 0.883467 -0.425373
-0.164577 0.888716 -0.427900
-0.164577 0.888716 -0.427900
-0.164577 0.888716 -0.427900
-0.164577 0.888716 -0.427900
-0.169516 0.881483 -0.440741
-0.169516 0.881483 -0.440741
-0.169516 0.881483 -0.440741
-0.134231 0.872503 -0.469809
-0.166945 0.868115 -0.467446
-0.166945 0.868115 -0.467446
-0.134231 0.872503 -0.469809
-0.134231 0.872503 -0.469809
-0.135926 0.849535 -0.509721
-0.067229 0.840366 -0.537834
-0.067229 0.840366 -0.537834
0.000000 0.811534 -0.584305
0.062348 0.779350 -0.623480
0.062592 0.751101 -0.657213
0.098163 0.719862 -0.687141
0.166022 0.697294 -0.697294
0.202606 0.675352 -0.709120
0.271851 0.645646 -0.713609
0.331519 0.589368 -0.736709
0.381816 0.520658 -0.763631
0.461316 0.461316 -0.757876
0.507093 0.371868 -0.777542
0.555757 0.308754 -0.771884
0.596285 0.208700 -0.775170
0.639092 0.145248 -0.755291
0.675406 -0.030700 -0.736807
0.667894 -0.151794 -0.728612
0.635780 -0.333028 -0.696331
0.598986 -0.462853 -0.653439
0.549442 -0.604386 -0.576914
0.480457 -0.690656 -0.540514
0.373878 -0.805276 -0.460158
0.275241 -0.880771 -0.385337
0.242184 -0.914918 -0.322912
0.137361 -0.934052 -0.329665
0.082918 -0.939743 -0.331674
0.000000 -0.942990 -0.332820
-0.082918 -0.939743 -0.331674
-0.144760 -0.926467 -0.347425
-0.258625 -0.890819 -0.373569
-0.344549 -0.861372 -0.373261
-0.471677 -0.804625 -0.360694
-0.562455 -0.749940 -0.348187
-0.642115 -0.668870 -0.374567
-0.675429 -0.648412 -0.351223
-0.738947 -0.596841 -0.312631
-0.812021 -0.522013 -0.261007
-0.874368 -0.394876 -0.282054
-0.929197 -0.261337 -0.261337
-0.965715 -0.150893 -0.211250
-0.975820 -0.086102 -0.200904
-0.979457 0.000000 -0.201653
-0.967663 0.146616 -0.205262
-0.939413 0.256203 -0.227736
-0.924241 0.298142 -0.238514
-0.886581 0.413738 -0.206869
-0.851293 0.452249 -0.266029
-0.833347 0.488514 -0.258625
-0.802773 0.553637 -0.221455
-0.768610 0.597808 -0.227736
-0.672699 0.701946 -0.233982
-0.601385 0.751731 -0.270623
-0.586353 0.771517 -0.246885
-0.565546 0.785480 -0.251354
-0.543600 0.799412 -0.255812
-0.551825 0.797081 -0.245256
-0.525634 0.803910 -0.278277
-0.454337 0.848096 -0.272602
-0.415191 0.860038 -0.296565
-0.374270 0.873296 -0.311891
-0.367279 0.868115 -0.333890
-0.348155 0.870388 -0.348155
-0.343807 0.859518 -0.378188
-0.312961 0.869335 -0.382507
-0.284808 0.890024 -0.356009
-0.284808 0.890024 -0.356009
-0.243709 0.905204 -0.348155
-0.264616 0.893081 -0.363848
-0.233463 0.900500 -0.366871
-0.230533 0.889198 -0.395199
-0.261349 0.882052 -0.392023
-0.261349 0.882052 -0.392023
-0.254000 0.889001 -0.381000
-0.254000 0.889001 -0.381000
-0.254000 0.889001 -0.381000
-0.254000 0.889001 -0.381000
-0.254000 0.889001 -0.381000
