-0.096674 0.870063 -0.483368
-0.032739 0.851202 -0.523816
-0.031327 0.845818 -0.532552
0.064786 0.809829 -0.583077
0.128765 0.804778 -0.579441
0.188608 0.754434 -0.628695
0.302874 0.706706 -0.639401
0.290021 0.676716 -0.676716
0.366338 0.610563 -0.702147
0.456859 0.548230 -0.700517
0.555757 0.432255 -0.710134
0.609528 0.319277 -0.725629
0.646500 0.205704 -0.734659
0.658218 0.114473 -0.744073
0.613678 0.029223 -0.789015
0.588745 -0.147186 -0.794805
0.565685 -0.311127 -0.763675
0.534840 -0.422242 -0.731886
0.476095 -0.532106 -0.700140
0.381314 -0.653682 -0.653682
0.281718 -0.732467 -0.619780
0.138303 -0.802159 -0.580873
0.028149 -0.844484 -0.534840
-0.109353 -0.847488 -0.519428
-0.222911 -0.835917 -0.501550
-0.360694 -0.804625 -0.471677
-0.492805 -0.753702 -0.434828
-0.591054 -0.709265 -0.384185
-0.698371 -0.640174 -0.320087
-0.799412 -0.543600 -0.255812
-0.863868 -0.431934 -0.259161
-0.898650 -0.336994 -0.280828
-0.930039 -0.197281 -0.310013
-0.928793 -0.089883 -0.359533
-0.963460 0.033223 -0.265782
-0.962446 0.106938 -0.249523
-0.913289 0.304430 -0.270604
-0.870759 0.404281 -0.279887
-0.819689 0.485741 -0.303588
-0.767093 0.566982 -0.300167
-0.738495 0.590796 -0.324938
-0.683001 0.653305 -0.326653
-0.641989 0.703131 -0.305709
-0.595497 0.752207 -0.282078
-0.515861 0.806032 -0.290172
-0.462031 0.831655 -0.308021
-0.343415 0.874147 -0.343415
-0.237670 0.891264 -0.386214
-0.237670 0.891264 -0.386214
-0.201569 0.892664 -0.403139
-0.173712 0.897514 -0.405329
-0.176090 0.880451 -0.440225
-0.176090 0.880451 -0.440225
-0.180743 0.873589 -0.451856
-0.180743 0.873589 -0.451856
-0.209633 0.868481 -0.449215
-0.209633 0.868481 -0.449215
-0.212414 0.880001 -0.424828
-0.247594 0.866578 -0.433289
