-0.272008 0.816024 -0.510015
-0.198137 0.825573 -0.528367
-0.133556 0.834726 -0.534224
-0.069171 0.830057 -0.553372
-0.069171 0.830057 -0.553372
0.000000 0.820905 -0.571064
0.035944 0.790774 -0.611052
0.072122 0.757279 -0.649097
0.108112 0.720750 -0.684712
0.202606 0.675352 -0.709120
0.239115 0.614868 -0.751506
0.342193 0.513289 -0.787044
0.390360 0.487950 -0.780720
0.413793 0.379310 -0.827586
0.484200 0.276686 -0.830057
0.528367 0.198137 -0.825573
0.552345 0.092057 -0.828517
0.561256 0.029540 -0.827115
0.545986 -0.086208 -0.833347
0.495099 -0.203864 -0.844581
0.464991 -0.348743 -0.813733
0.401808 -0.487910 -0.774916
0.291606 -0.583212 -0.758175
0.145617 -0.669840 -0.728087
0.029424 -0.735612 -0.676763
-0.084282 -0.758535 -0.646159
-0.163360 -0.762346 -0.626213
-0.275974 -0.745129 -0.607142
-0.418446 -0.669514 -0.613721
-0.548026 -0.605713 -0.576870
-0.606061 -0.606061 -0.515152
-0.691280 -0.510946 -0.510946
-0.763057 -0.410877 -0.498922
-0.838206 -0.289037 -0.462459
-0.864453 -0.167313 -0.474055
-0.893033 -0.055815 -0.446516
-0.905459 0.000000 -0.424434
-0.894148 0.115374 -0.432652
-0.892664 0.201569 -0.403139
-0.851943 0.340777 -0.397573
-0.825210 0.426833 -0.369922
-0.786008 0.477219 -0.393004
-0.739940 0.538138 -0.403604
-0.684268 0.612240 -0.396155
-0.629999 0.669374 -0.393750
-0.623918 0.707107 -0.332756
-0.550828 0.762684 -0.338971
-0.509902 0.784465 -0.353009
-0.494543 0.798878 -0.342376
-0.431610 0.827253 -0.359675
-0.401663 0.839841 -0.365148
-0.322666 0.860442 -0.394369
-0.277184 0.866199 -0.415775
-0.234115 0.869570 -0.434785
-0.234115 0.869570 -0.434785
-0.202145 0.875962 -0.437981
-0.202145 0.875962 -0.437981
-0.199117 0.862840 -0.464606
-0.162221 0.875996 -0.454220
-0.169516 0.881483 -0.440741
-0.169516 0.881483 -0.440741
-0.208263 0.867763 -0.451237
-0.208263 0.867763 -0.451237
