-0.291536 0.728841 -0.619514
-0.187647 0.713057 -0.675528
-0.110959 0.702740 -0.702740
0.000000 0.650791 -0.759257
0.034219 0.615947 -0.787044
0.105409 0.527046 -0.843274
0.218218 0.436436 -0.872872
0.288300 0.324337 -0.900937
0.359443 0.251610 -0.898606
0.428298 0.142766 -0.892288
0.432853 0.066593 -0.899002
0.485389 -0.032359 -0.873699
0.505712 -0.126428 -0.853388
0.494006 -0.247003 -0.833635
0.469208 -0.344086 -0.813295
0.457496 -0.457496 -0.762493
0.407211 -0.552643 -0.727162
0.359856 -0.659736 -0.659736
0.299208 -0.718100 -0.628337
0.235498 -0.794805 -0.559308
0.116395 -0.843865 -0.523778
0.028989 -0.869657 -0.492805
-0.056478 -0.875413 -0.480065
-0.140028 -0.868174 -0.476095
-0.226003 -0.847512 -0.480257
-0.315188 -0.830949 -0.458455
-0.407383 -0.785668 -0.465581
-0.503718 -0.740761 -0.444457
-0.576552 -0.697932 -0.424828
-0.652124 -0.621070 -0.434749
-0.719453 -0.563050 -0.406647
-0.795587 -0.428393 -0.428393
-0.848096 -0.272602 -0.454337
-0.901681 -0.145432 -0.407211
-0.915844 -0.061056 -0.396866
-0.928477 0.000000 -0.371391
-0.922146 0.063596 -0.381578
-0.907009 0.161966 -0.388718
-0.900500 0.233463 -0.366871
-0.870388 0.348155 -0.348155
-0.837611 0.437014 -0.327761
-0.768662 0.538064 -0.345898
-0.674105 0.636655 -0.374503
-0.642999 0.642999 -0.416058
-0.627481 0.664392 -0.406017
-0.627481 0.664392 -0.406017
-0.629999 0.669374 -0.393750
-0.604312 0.679851 -0.415464
-0.572703 0.725423 -0.381802
-0.537667 0.729691 -0.422452
-0.500741 0.731853 -0.462223
-0.426562 0.775567 -0.465340
-0.386622 0.773245 -0.502609
-0.345898 0.768662 -0.538064
-0.329293 0.768350 -0.548821
-0.329293 0.768350 -0.548821
-0.329293 0.768350 -0.548821
-0.296093 0.777245 -0.555175
-0.296093 0.777245 -0.555175
