-0.303735 0.877457 -0.371232
-0.271114 0.903713 -0.331361
-0.242871 0.910765 -0.333947
-0.182574 0.912871 -0.365148
-0.124878 0.905366 -0.405854
-0.033845 0.879967 -0.473828
0.033672 0.841794 -0.538748
0.134763 0.808581 -0.572745
0.160210 0.801052 -0.576757
0.222925 0.764316 -0.605083
0.331862 0.730096 -0.597351
0.362462 0.659022 -0.659022
0.441836 0.568075 -0.694314
0.476282 0.448265 -0.756448
0.546437 0.230079 -0.805276
0.513289 0.068439 -0.855482
0.503545 -0.035968 -0.863220
0.475341 -0.178253 -0.861555
0.408248 -0.408248 -0.816497
0.401189 -0.493771 -0.771517
0.425195 -0.584643 -0.690942
0.440409 -0.621753 -0.647660
0.432219 -0.686465 -0.584767
0.460158 -0.805276 -0.373878
0.149270 -0.865768 -0.477665
0.000000 -0.906183 -0.422885
-0.177627 -0.917738 -0.355254
-0.319951 -0.901681 -0.290865
-0.394876 -0.874368 -0.282054
-0.466252 -0.839254 -0.279751
-0.497576 -0.839660 -0.217690
-0.624712 -0.743705 -0.237986
-0.700842 -0.670370 -0.243771
-0.817889 -0.525786 -0.233682
-0.880001 -0.424828 -0.212414
-0.935529 -0.321588 -0.146176
-0.980562 -0.153213 -0.122570
-0.985232 0.028149 -0.168897
-0.967013 0.165774 -0.193403
-0.941184 0.313728 -0.125491
-0.890819 0.431042 -0.143681
-0.786667 0.582717 -0.203951
-0.755827 0.624379 -0.197172
-0.615148 0.744652 -0.259010
-0.547469 0.790789 -0.273735
-0.425373 0.883467 -0.196326
-0.412813 0.894427 -0.172005
-0.422944 0.881134 -0.211472
-0.327544 0.909843 -0.254756
-0.353371 0.899490 -0.256997
-0.360510 0.884889 -0.294963
-0.306570 0.919709 -0.245256
-0.217584 0.963588 -0.155417
-0.212121 0.969697 -0.121212
-0.188515 0.973996 -0.125677
-0.241236 0.930481 -0.275698
-0.317999 0.847998 -0.423999
-0.363696 0.727393 -0.581914
-0.337764 0.863175 -0.375293
-0.388661 0.816188 -0.427527
-0.358590 0.847576 -0.391189
-0.311891 0.873296 -0.374270
-0.334255 0.881219 -0.334255
-0.271114 0.903713 -0.331361
