-0.388666 0.777332 -0.494666
-0.293294 0.806559 -0.513265
-0.179144 0.824061 -0.537431
-0.074901 0.823906 -0.561754
0.000000 0.808736 -0.588172
0.034943 0.803685 -0.594028
0.071750 0.789246 -0.609872
0.182696 0.730784 -0.657706
0.252099 0.684268 -0.684268
0.331519 0.589368 -0.736709
0.381816 0.520658 -0.763631
0.419827 0.419827 -0.804668
0.505076 0.303046 -0.808122
0.542768 0.127710 -0.830116
0.539784 0.059976 -0.839664
0.526460 -0.058496 -0.848185
0.475341 -0.178253 -0.861555
0.435377 -0.319277 -0.841730
0.322832 -0.469574 -0.821754
0.235498 -0.559308 -0.794805
0.116642 -0.641533 -0.758175
0.028843 -0.692244 -0.721087
-0.028273 -0.706824 -0.706824
-0.139918 -0.727575 -0.671608
-0.220026 -0.742588 -0.632575
-0.307339 -0.726438 -0.614679
-0.409995 -0.673564 -0.614993
-0.514679 -0.635780 -0.575230
-0.586353 -0.617213 -0.524631
-0.657858 -0.532552 -0.532552
-0.730882 -0.467764 -0.497000
-0.786008 -0.393004 -0.477219
-0.826886 -0.285133 -0.484726
-0.858898 -0.229039 -0.458079
-0.865768 -0.149270 -0.477665
-0.877575 -0.094026 -0.470129
-0.875179 0.030179 -0.482857
-0.874573 0.124939 -0.468521
-0.868481 0.209633 -0.449215
-0.854931 0.293882 -0.427465
-0.850033 0.329045 -0.411306
-0.798369 0.425797 -0.425797
-0.716799 0.553890 -0.423563
-0.612564 0.643192 -0.459423
-0.551724 0.724138 -0.413793
-0.508503 0.762754 -0.399538
-0.408248 0.816497 -0.408248
-0.309298 0.850569 -0.425285
-0.225335 0.863783 -0.450669
-0.229081 0.878144 -0.419982
-0.186081 0.893188 -0.409378
-0.188847 0.906467 -0.377695
-0.186081 0.893188 -0.409378
-0.186081 0.893188 -0.409378
-0.149801 0.898807 -0.411953
