-0.129914 0.844441 -0.519656
0.000000 0.842271 -0.539054
0.033981 0.815553 -0.577684
0.097538 0.780307 -0.617743
0.276520 0.760431 -0.587606
0.332964 0.699224 -0.632631
0.410347 0.644831 -0.644831
0.514496 0.514496 -0.685994
0.602961 0.401974 -0.689098
0.637962 0.279108 -0.717707
0.598764 0.136083 -0.789280
0.645777 -0.075974 -0.759737
0.712672 -0.332580 -0.617649
0.698064 -0.265929 -0.664822
0.642999 -0.416058 -0.642999
0.601668 -0.492274 -0.629017
0.618691 -0.618691 -0.484193
0.490135 -0.720787 -0.490135
0.517088 -0.775632 -0.361961
0.375644 -0.858616 -0.348813
0.203864 -0.902828 -0.378605
0.056299 -0.928933 -0.365943
-0.116248 -0.929981 -0.348743
-0.285133 -0.883912 -0.370673
-0.358590 -0.847576 -0.391189
-0.481108 -0.811869 -0.330762
-0.596285 -0.745356 -0.298142
-0.688247 -0.688247 -0.229416
-0.743705 -0.624712 -0.237986
-0.852537 -0.473632 -0.221028
-0.888662 -0.410152 -0.205076
-0.965594 -0.199778 -0.166482
-0.981288 0.031654 -0.189927
-0.965146 0.170320 -0.198707
-0.940691 0.303449 -0.151724
-0.884652 0.442326 -0.147442
-0.861640 0.492366 -0.123091
-0.794805 0.588745 -0.147186
-0.705978 0.705978 -0.056478
-0.621970 0.777463 -0.093296
-0.539784 0.839664 -0.059976
-0.483368 0.870063 -0.096674
-0.483911 0.864126 -0.138260
-0.498729 0.854965 -0.142494
-0.425864 0.887217 -0.177443
-0.329690 0.923133 -0.197814
-0.319928 0.927792 -0.191957
-0.272477 0.938533 -0.211927
-0.307434 0.888143 -0.341593
-0.339140 0.791327 -0.508710
-0.252352 0.914776 -0.315440
-0.294684 0.847216 -0.442026
-0.289720 0.901352 -0.321911
-0.318788 0.892607 -0.318788
-0.331497 0.895041 -0.298347
-0.382692 0.861057 -0.334855
-0.408248 0.816497 -0.408248
-0.360867 0.842023 -0.400963
-0.303735 0.877457 -0.371232
-0.271114 0.903713 -0.331361
-0.242871 0.910765 -0.333947
-0.182574 0.912871 -0.365148
-0.124878 0.905366 -0.405854
-0.033845 0.879967 -0.473828
0.033672 0.841794 -0.538748
0.134763 0.808581 -0.572745
