-0.393359 0.893998 -0.214560
-0.362500 0.906249 -0.217500
-0.390130 0.886659 -0.248264
-0.348155 0.905204 -0.243709
-0.337484 0.911206 -0.236239
-0.366871 0.900500 -0.233463
-0.334637 0.903521 -0.267710
-0.249513 0.935674 -0.249513
-0.204385 0.934331 -0.291979
-0.206061 0.912554 -0.353247
-0.228946 0.887164 -0.400655
-0.223520 0.866138 -0.447039
-0.113182 0.933755 -0.339547
-0.055258 0.967013 -0.248661
0.083269 0.971473 -0.222051
0.175113 0.963119 -0.204298
0.338341 0.922749 -0.184550
0.424828 0.880001 -0.212414
0.462031 0.831655 -0.308021
0.615148 0.744652 -0.259010
0.708205 0.643823 -0.289720
0.803910 0.525634 -0.278277
0.877982 0.393578 -0.272477
0.914659 0.285831 -0.285831
0.935536 0.120714 -0.331964
0.945274 -0.029540 -0.324938
0.939413 -0.227736 -0.256203
0.884652 -0.383349 -0.265396
0.802773 -0.553637 -0.221455
0.696311 -0.696311 -0.174078
0.591054 -0.797923 -0.118211
0.468767 -0.878938 -0.087894
0.407245 -0.908471 -0.093980
0.206061 -0.971429 -0.117749
0.087296 -0.989359 -0.116395
-0.054453 -0.980159 -0.190586
-0.088581 -0.974389 -0.206689
-0.215105 -0.952607 -0.215105
-0.394876 -0.874368 -0.282054
-0.567568 -0.756757 -0.324324
-0.682724 -0.658341 -0.316979
-0.761218 -0.543727 -0.353423
-0.850033 -0.411306 -0.329045
-0.911755 -0.276289 -0.303918
-0.957704 -0.159617 -0.239426
-0.977073 -0.026407 -0.211259
-0.974481 0.111369 -0.194896
-0.959366 0.169300 -0.225733
-0.916313 0.333205 -0.222137
-0.856281 0.442904 -0.265742
-0.776195 0.574960 -0.258732
-0.724714 0.637748 -0.260897
-0.654477 0.711388 -0.256100
-0.509933 0.821559 -0.254967
-0.455321 0.857075 -0.241052
-0.460921 0.864227 -0.201653
-0.388797 0.897223 -0.209352
-0.367538 0.888218 -0.275654
-0.340605 0.897958 -0.278677
-0.312806 0.907136 -0.281525
-0.224641 0.930654 -0.288824
-0.129302 0.937437 -0.323254
-0.097333 0.940884 -0.324443
-0.096275 0.930654 -0.353007
-0.120714 0.935536 -0.331964
-0.116791 0.905134 -0.408770
-0.115374 0.894148 -0.432652
-0.091372 0.913717 -0.395944
-0.121435 0.910765 -0.394665
-0.123267 0.893684 -0.431433
-0.121435 0.910765 -0.394665
