-0.333148 0.799556 -0.499722
-0.333148 0.799556 -0.499722
-0.303046 0.808122 -0.505076
-0.260240 0.813250 -0.520480
-0.213470 0.818303 -0.533676
-0.111959 0.821033 -0.559795
-0.073324 0.806559 -0.586588
-0.035944 0.790774 -0.611052
0.068319 0.785665 -0.614868
0.104957 0.769683 -0.629740
0.165295 0.760357 -0.628121
0.173867 0.730242 -0.660695
0.292314 0.657706 -0.694245
0.403567 0.605351 -0.686064
0.473118 0.545906 -0.691481
0.580000 0.435000 -0.688749
0.589015 0.415775 -0.692959
0.658665 0.296399 -0.691598
0.720248 0.229170 -0.654771
0.746726 0.124454 -0.653385
0.789015 -0.029223 -0.613678
0.793731 -0.183169 -0.580034
0.764272 -0.336280 -0.550276
0.716817 -0.477878 -0.507746
0.646162 -0.574367 -0.502571
0.556349 -0.684737 -0.470757
0.513996 -0.747631 -0.420542
0.388661 -0.816188 -0.427527
0.277184 -0.866199 -0.415775
0.202145 -0.875962 -0.437981
0.182574 -0.912871 -0.365148
0.110264 -0.937240 -0.330791
0.000000 -0.956352 -0.292219
-0.081081 -0.972973 -0.216216
-0.170320 -0.965146 -0.198707
-0.336861 -0.926367 -0.168430
-0.418446 -0.892685 -0.167379
-0.483843 -0.860165 -0.161281
-0.569177 -0.802022 -0.181102
-0.647660 -0.725379 -0.233157
-0.729946 -0.642353 -0.233583
-0.797081 -0.551825 -0.245256
-0.854788 -0.457922 -0.244225
-0.915734 -0.324938 -0.236318
-0.954439 -0.196502 -0.224574
-0.976519 -0.059183 -0.207140
-0.968493 0.000000 -0.249041
-0.968079 0.088007 -0.234686
-0.948109 0.195199 -0.250970
-0.913804 0.287195 -0.287195
-0.880078 0.373367 -0.293359
-0.839254 0.466252 -0.279751
-0.783929 0.542720 -0.301511
-0.724286 0.633750 -0.271607
-0.640174 0.698371 -0.320087
-0.572598 0.744378 -0.343559
-0.503706 0.783543 -0.363788
-0.513139 0.783212 -0.351095
-0.497511 0.801545 -0.331674
-0.476282 0.812481 -0.336199
-0.373261 0.861372 -0.344549
-0.306384 0.891299 -0.334237
-0.278677 0.897958 -0.340605
-0.279202 0.907406 -0.314102
-0.236239 0.911206 -0.337484
-0.198419 0.912727 -0.357154
-0.251610 0.898606 -0.359443
-0.240665 0.893898 -0.378188
-0.230533 0.889198 -0.395199
