-0.295656 0.886969 -0.354787
-0.185606 0.866164 -0.464016
-0.063119 0.820553 -0.568075
0.000000 0.780869 -0.624695
0.093842 0.719453 -0.688172
0.136320 0.647518 -0.749758
0.227230 0.584305 -0.779073
0.322832 0.469574 -0.821754
0.447612 0.387930 -0.805701
0.495099 0.203864 -0.844581
0.459423 0.000000 -0.888218
0.504030 -0.159167 -0.848893
0.493606 -0.282060 -0.822676
0.487950 -0.390360 -0.780720
0.477092 -0.527312 -0.703083
0.471133 -0.637415 -0.609701
0.470385 -0.764375 -0.440986
0.396681 -0.854389 -0.335653
0.295656 -0.886969 -0.354787
0.174004 -0.957024 -0.232006
0.056344 -0.957841 -0.281718
-0.026556 -0.956014 -0.292115
-0.143503 -0.947119 -0.287006
-0.290129 -0.928414 -0.232104
-0.378605 -0.902828 -0.203864
-0.474055 -0.864453 -0.167313
-0.599760 -0.779688 -0.179928
-0.709677 -0.677419 -0.193548
-0.826234 -0.511478 -0.236067
-0.918665 -0.353333 -0.176666
-0.949386 -0.255604 -0.182574
-0.992360 -0.102658 -0.068439
-0.997567 0.031174 -0.062348
-0.983135 0.173494 -0.057831
-0.947758 0.296174 -0.118470
-0.924500 0.369800 -0.092450
-0.887801 0.459208 0.030614
-0.842517 0.530474 -0.093613
-0.758175 0.641533 -0.116642
-0.666737 0.724714 -0.173931
-0.619288 0.760036 -0.197046
-0.532181 0.827837 -0.177394
-0.436436 0.872872 -0.218218
-0.367538 0.888218 -0.275654
-0.297936 0.893807 -0.335178
-0.345033 0.897085 -0.276026
-0.320815 0.891154 -0.320815
-0.310900 0.898155 -0.310900
-0.298347 0.895041 -0.331497
-0.285714 0.857143 -0.428571
-0.311286 0.809345 -0.498058
-0.356291 0.814379 -0.458088
-0.338719 0.903252 -0.263448
-0.330400 0.917779 -0.220267
-0.350931 0.912421 -0.210559
-0.270604 0.913289 -0.304430
-0.254772 0.923548 -0.286618
-0.240554 0.932146 -0.270623
-0.245256 0.919709 -0.306570
-0.150278 0.931725 -0.330612
-0.120714 0.935536 -0.331964
-0.177627 0.917738 -0.355254
