-0.573132 0.814451 -0.090495 -0.540262 -0.290910 -0.789613 0.030686 -0.951260 -0.306858 -0.163163 -0.978980 -0.122373 -0.046461 -0.998920 0.000000 0.062365 -0.997837 0.020788 0.065638 -0.962683 0.262550 -0.132036 -0.990267 -0.044012 -0.021413 -0.984986 0.171302
-0.621421 0.769379 -0.147957 -0.479623 -0.392419 -0.784837 0.031911 -0.957338 -0.287202 -0.156893 -0.980581 -0.117670 -0.045408 -0.998969 0.000000 0.062365 -0.997837 0.020788 0.065638 -0.962683 0.262550 -0.132036 -0.990267 -0.044012 -0.021413 -0.984986 0.171302
-0.729959 0.638714 -0.243320 -0.452216 -0.452216 -0.768767 0.000000 -0.957024 -0.290007 -0.178174 -0.979958 -0.089087 -0.045408 -0.998969 0.000000 0.062365 -0.997837 0.020788 0.065638 -0.962683 0.262550 -0.132036 -0.990267 -0.044012 -0.021413 -0.984986 0.171302
-0.821754 0.469574 -0.322832 -0.410365 -0.547153 -0.729537 0.000000 -0.957024 -0.290007 -0.178174 -0.979958 -0.089087 -0.046449 -0.998651 -0.023224 0.062365 -0.997837 0.020788 0.065248 -0.956974 0.282742 -0.132036 -0.990267 -0.044012 -0.021413 -0.984986 0.171302
-0.857143 0.285714 -0.428571 -0.438108 -0.613351 -0.657162 0.000000 -0.951709 -0.307003 -0.164260 -0.985562 -0.041065 -0.046449 -0.998651 -0.023224 0.062365 -0.997837 0.020788 0.065248 -0.956974 0.282742 -0.132036 -0.990267 -0.044012 -0.021413 -0.984986 0.171302
-0.873673 0.084549 -0.479111 -0.413449 -0.702863 -0.578829 0.000000 -0.948683 -0.316228 -0.188713 -0.981307 -0.037743 -0.046449 -0.998651 -0.023224 0.063686 -0.997744 0.021229 0.063917 -0.958750 0.276972 -0.132036 -0.990267 -0.044012 -0.021487 -0.988391 0.150407
-0.860116 -0.194220 -0.471677 -0.398410 -0.756978 -0.517932 0.000000 -0.952029 -0.306009 -0.175358 -0.982003 -0.070143 -0.046449 -0.998651 -0.023224 0.063686 -0.997744 0.021229 0.063917 -0.958750 0.276972 -0.132036 -0.990267 -0.044012 -0.021487 -0.988391 0.150407
-0.812979 -0.340927 -0.472052 -0.325246 -0.853771 -0.406558 -0.033981 -0.951479 -0.305832 -0.141069 -0.987484 -0.070535 -0.046449 -0.998651 -0.023224 0.084781 -0.996174 0.021195 0.063917 -0.958750 0.276972 -0.132036 -0.990267 -0.044012 -0.021487 -0.988391 0.150407
-0.767690 -0.502969 -0.397081 -0.282497 -0.887848 -0.363210 0.000000 -0.957826 -0.287348 -0.188311 -0.979217 -0.075324 -0.046411 -0.997844 -0.046411 0.084781 -0.996174 0.021195 0.063917 -0.958750 0.276972 -0.132036 -0.990267 -0.044012 -0.021487 -0.988391 0.150407
-0.738635 -0.580356 -0.342937 -0.232670 -0.891902 -0.387783 -0.030686 -0.951260 -0.306858 -0.195965 -0.979827 -0.039193 -0.047511 -0.997740 -0.047511 0.084781 -0.996174 0.021195 0.063917 -0.958750 0.276972 -0.132036 -0.990267 -0.044012 -0.021413 -0.984986 0.171302
-0.756757 -0.567568 -0.324324 -0.227921 -0.911685 -0.341882 -0.030069 -0.962216 -0.270623 -0.203785 -0.978167 -0.040757 -0.047511 -0.997740 -0.047511 0.084781 -0.996174 0.021195 0.063917 -0.958750 0.276972 -0.132036 -0.990267 -0.044012 -0.021413 -0.984986 0.171302
-0.756745 -0.560552 -0.336331 -0.162088 -0.932007 -0.324176 -0.029223 -0.964352 -0.263005 -0.203785 -0.978167 -0.040757 -0.047511 -0.997740 -0.047511 0.063686 -0.997744 0.021229 0.063917 -0.958750 0.276972 -0.132036 -0.990267 -0.044012 -0.021413 -0.984986 0.171302
-0.763195 -0.572396 -0.299827 -0.162088 -0.932007 -0.324176 -0.029223 -0.964352 -0.263005 -0.203785 -0.978167 -0.040757 -0.047511 -0.997740 -0.047511 0.063686 -0.997744 0.021229 0.063917 -0.958750 0.276972 -0.132036 -0.990267 -0.044012 -0.021413 -0.984986 0.171302
-0.797293 -0.522365 -0.302422 -0.168430 -0.926367 -0.336861 -0.029223 -0.964352 -0.263005 -0.203785 -0.978167 -0.040757 -0.047511 -0.997740 -0.047511 0.063686 -0.997744 0.021229 0.063917 -0.958750 0.276972 -0.132036 -0.990267 -0.044012 -0.021413 -0.984986 0.171302
-0.823213 -0.454186 -0.340640 -0.208878 -0.919063 -0.334205 -0.029223 -0.964352 -0.263005 -0.203785 -0.978167 -0.040757 -0.047511 -0.997740 -0.047511 0.063686 -0.997744 0.021229 0.063917 -0.958750 0.276972 -0.132036 -0.990267 -0.044012 -0.021413 -0.984986 0.171302
-0.843482 -0.393625 -0.365509 -0.208878 -0.919063 -0.334205 -0.029223 -0.964352 -0.263005 -0.203785 -0.978167 -0.040757 -0.047511 -0.997740 -0.047511 0.063686 -0.997744 0.021229 0.063917 -0.958750 0.276972 -0.132036 -0.990267 -0.044012 -0.021413 -0.984986 0.171302
-0.843865 -0.349186 -0.407383 -0.244745 -0.897399 -0.367118 -0.029223 -0.964352 -0.263005 -0.203785 -0.978167 -0.040757 -0.047511 -0.997740 -0.047511 0.063686 -0.997744 0.021229 0.063917 -0.958750 0.276972 -0.132036 -0.990267 -0.044012 -0.021413 -0.984986 0.171302
-0.832950 -0.327230 -0.446223 -0.244745 -0.897399 -0.367118 -0.028421 -0.966315 -0.255789 -0.212238 -0.976296 -0.042448 -0.023776 -0.998586 -0.047552 0.063686 -0.997744 0.021229 0.063917 -0.958750 0.276972 -0.132036 -0.990267 -0.044012 -0.021413 -0.984986 0.171302
-0.819689 -0.303588 -0.485741 -0.282497 -0.887848 -0.363210 -0.027842 -0.974481 -0.222738 -0.220755 -0.971324 -0.088302 -0.023776 -0.998586 -0.047552 0.063686 -0.997744 0.021229 0.063917 -0.958750 0.276972 -0.132036 -0.990267 -0.044012 -0.021413 -0.984986 0.171302
-0.824243 -0.264935 -0.500433 -0.244745 -0.897399 -0.367118 -0.027106 -0.975828 -0.216851 -0.230633 -0.968658 -0.092253 -0.023776 -0.998586 -0.047552 0.063686 -0.997744 0.021229 0.063917 -0.958750 0.276972 -0.132036 -0.990267 -0.044012 -0.021413 -0.984986 0.171302
-0.807862 -0.239367 -0.538575 -0.244745 -0.897399 -0.367118 -0.027106 -0.975828 -0.216851 -0.231372 -0.971764 -0.046274 -0.023776 -0.998586 -0.047552 0.063686 -0.997744 0.021229 0.063917 -0.958750 0.276972 -0.132036 -0.990267 -0.044012 -0.021413 -0.984986 0.171302
-0.777087 -0.217584 -0.590586 -0.244745 -0.897399 -0.367118 0.000000 -0.971850 -0.235600 -0.241747 -0.966988 -0.080582 -0.023776 -0.998586 -0.047552 0.063686 -0.997744 0.021229 0.063917 -0.958750 0.276972 -0.132036 -0.990267 -0.044012 -0.021413 -0.984986 0.171302
-0.739600 -0.184900 -0.647150 -0.205847 -0.905726 -0.370524 0.000000 -0.970143 -0.242536 -0.232670 -0.969458 -0.077557 -0.023776 -0.998586 -0.047552 0.063686 -0.997744 0.021229 0.063917 -0.958750 0.276972 -0.132036 -0.990267 -0.044012 -0.021413 -0.984986 0.171302
-0.682848 -0.155193 -0.713886 -0.169485 -0.889799 -0.423714 0.000000 -0.975441 -0.220261 -0.223452 -0.968291 -0.111726 -0.023776 -0.998586 -0.047552 0.063686 -0.997744 0.021229 0.063917 -0.958750 0.276972 -0.132036 -0.990267 -0.044012 -0.021413 -0.984986 0.171302
-0.647150 -0.184900 -0.739600 -0.089087 -0.890871 -0.445435 0.000000 -0.975441 -0.220261 -0.223452 -0.968291 -0.111726 -0.023776 -0.998586 -0.047552 0.063686 -0.997744 0.021229 0.063917 -0.958750 0.276972 -0.132036 -0.990267 -0.044012 -0.021413 -0.984986 0.171302
-0.594331 -0.187683 -0.782014 0.000000 -0.894427 -0.447214 0.000000 -0.975441 -0.220261 -0.223452 -0.968291 -0.111726 -0.023776 -0.998586 -0.047552 0.063686 -0.997744 0.021229 0.063917 -0.958750 0.276972 -0.132036 -0.990267 -0.044012 -0.021413 -0.984986 0.171302
-0.503453 -0.157329 -0.849578 0.127920 -0.895443 -0.426401 0.000000 -0.973841 -0.227230 -0.215666 -0.970495 -0.107833 -0.023776 -0.998586 -0.047552 0.065064 -0.997645 0.021688 0.062636 -0.960420 0.271423 -0.132036 -0.990267 -0.044012 -0.021413 -0.984986 0.171302
-0.388718 -0.161966 -0.907009 0.213785 -0.897895 -0.384812 0.032444 -0.973329 -0.227110 -0.215666 -0.970495 -0.107833 -0.023776 -0.998586 -0.047552 0.065064 -0.997645 0.021688 0.062980 -0.965696 0.251921 -0.132036 -0.990267 -0.044012 -0.021413 -0.984986 0.171302
-0.272541 -0.198212 -0.941506 0.254000 -0.889001 -0.381000 0.032191 -0.965734 -0.257529 -0.215666 -0.970495 -0.107833 -0.023776 -0.998586 -0.047552 0.065064 -0.997645 0.021688 0.062980 -0.965696 0.251921 -0.132036 -0.990267 -0.044012 -0.021413 -0.984986 0.171302
-0.183099 -0.205987 -0.961272 0.249783 -0.874241 -0.416305 0.032191 -0.965734 -0.257529 -0.215666 -0.970495 -0.107833 -0.023776 -0.998586 -0.047552 0.065064 -0.997645 0.021688 0.062980 -0.965696 0.251921 -0.132036 -0.990267 -0.044012 -0.021413 -0.984986 0.171302
0.027462 -0.274618 -0.961161 0.278225 -0.874421 -0.397464 0.032191 -0.965734 -0.257529 -0.216366 -0.973645 -0.072122 -0.023776 -0.998586 -0.047552 0.065064 -0.997645 0.021688 0.062980 -0.965696 0.251921 -0.132036 -0.990267 -0.044012 -0.021413 -0.984986 0.171302
0.232104 -0.290129 -0.928414 0.270226 -0.945792 -0.180151 0.033223 -0.963460 -0.265782 -0.216366 -0.973645 -0.072122 -0.023776 -0.998586 -0.047552 0.065064 -0.997645 0.021688 0.062980 -0.965696 0.251921 -0.132036 -0.990267 -0.044012 -0.021413 -0.984986 0.171302
0.465972 -0.246691 -0.849714 0.171341 -0.985212 0.000000 0.000000 -0.963993 -0.265929 -0.181608 -0.980684 -0.072643 -0.023776 -0.998586 -0.047552 0.065064 -0.997645 0.021688 0.062980 -0.965696 0.251921 -0.132036 -0.990267 -0.044012 -0.021413 -0.984986 0.171302
0.606219 -0.192888 -0.771552 0.123929 -0.991431 0.041310 0.000000 -0.963993 -0.265929 -0.181608 -0.980684 -0.072643 -0.023776 -0.998586 -0.047552 0.065064 -0.997645 0.021688 0.062980 -0.965696 0.251921 -0.132036 -0.990267 -0.044012 -0.021413 -0.984986 0.171302
0.652893 -0.170320 -0.738053 0.118771 -0.989759 0.079181 0.000000 -0.963993 -0.265929 -0.181608 -0.980684 -0.072643 -0.023776 -0.998586 -0.047552 0.065064 -0.997645 0.021688 0.062980 -0.965696 0.251921 -0.132036 -0.990267 -0.044012 -0.021786 -0.980348 0.196070
0.727575 -0.139918 -0.671608 0.118308 -0.985904 0.118308 0.000000 -0.963993 -0.265929 -0.181608 -0.980684 -0.072643 -0.023776 -0.998586 -0.047552 0.065064 -0.997645 0.021688 0.062980 -0.965696 0.251921 -0.132036 -0.990267 -0.044012 -0.021786 -0.980348 0.196070
0.741346 -0.142566 -0.655806 0.118308 -0.985904 0.118308 0.000000 -0.963993 -0.265929 -0.181608 -0.980684 -0.072643 -0.023776 -0.998586 -0.047552 0.065064 -0.997645 0.021688 0.062980 -0.965696 0.251921 -0.132036 -0.990267 -0.044012 -0.021786 -0.980348 0.196070
0.741346 -0.142566 -0.655806 0.117670 -0.980581 0.156893 -0.033223 -0.963460 -0.265782 -0.181608 -0.980684 -0.072643 -0.023776 -0.998586 -0.047552 0.065064 -0.997645 0.021688 0.062980 -0.965696 0.251921 -0.132036 -0.990267 -0.044012 -0.021786 -0.980348 0.196070
0.744073 -0.114473 -0.658218 0.117670 -0.980581 0.156893 -0.033223 -0.963460 -0.265782 -0.181608 -0.980684 -0.072643 -0.023776 -0.998586 -0.047552 0.065064 -0.997645 0.021688 0.062980 -0.965696 0.251921 -0.132036 -0.990267 -0.044012 -0.021786 -0.980348 0.196070
0.730882 -0.116941 -0.672411 0.118308 -0.985904 0.118308 -0.033223 -0.963460 -0.265782 -0.181969 -0.982631 -0.036394 -0.023776 -0.998586 -0.047552 0.065064 -0.997645 0.021688 0.062980 -0.965696 0.251921 -0.132036 -0.990267 -0.044012 -0.021786 -0.980348 0.196070
0.716817 -0.119470 -0.686950 0.118308 -0.985904 0.118308 -0.033223 -0.963460 -0.265782 -0.188713 -0.981307 -0.037743 -0.023776 -0.998586 -0.047552 0.065064 -0.997645 0.021688 0.062980 -0.965696 0.251921 -0.132036 -0.990267 -0.044012 -0.021786 -0.980348 0.196070
0.716817 -0.119470 -0.686950 0.118308 -0.985904 0.118308 -0.033223 -0.963460 -0.265782 -0.188713 -0.981307 -0.037743 -0.023776 -0.998586 -0.047552 0.065064 -0.997645 0.021688 0.064625 -0.969368 0.236957 -0.132036 -0.990267 -0.044012 -0.021786 -0.980348 0.196070
0.716817 -0.119470 -0.686950 0.118308 -0.985904 0.118308 0.000000 -0.963993 -0.265929 -0.224702 -0.973708 -0.037450 -0.023776 -0.998586 -0.047552 0.065064 -0.997645 0.021688 0.064625 -0.969368 0.236957 -0.132036 -0.990267 -0.044012 -0.021786 -0.980348 0.196070
0.701820 -0.122056 -0.701820 0.118308 -0.985904 0.118308 0.000000 -0.963993 -0.265929 -0.188713 -0.981307 -0.037743 -0.023776 -0.998586 -0.047552 0.065064 -0.997645 0.021688 0.064625 -0.969368 0.236957 -0.132036 -0.990267 -0.044012 -0.021786 -0.980348 0.196070
0.686950 -0.119470 -0.716817 0.118771 -0.989759 0.079181 0.000000 -0.963993 -0.265929 -0.188713 -0.981307 -0.037743 -0.023776 -0.998586 -0.047552 0.065064 -0.997645 0.021688 0.064625 -0.969368 0.236957 -0.132036 -0.990267 -0.044012 -0.021786 -0.980348 0.196070
0.686950 -0.119470 -0.716817 0.118771 -0.989759 0.079181 0.000000 -0.963993 -0.265929 -0.188847 -0.982006 0.000000 -0.023776 -0.998586 -0.047552 0.065064 -0.997645 0.021688 0.064625 -0.969368 0.236957 -0.132036 -0.990267 -0.044012 -0.021786 -0.980348 0.196070
0.686950 -0.119470 -0.716817 0.118771 -0.989759 0.079181 0.000000 -0.966235 -0.257663 -0.188847 -0.982006 0.000000 -0.023776 -0.998586 -0.047552 0.065064 -0.997645 0.021688 0.064625 -0.969368 0.236957 -0.132036 -0.990267 -0.044012 -0.021786 -0.980348 0.196070
