-0.684580 0.717180 -0.130396 -0.641223 0.284988 -0.712470 0.029540 -0.945274 -0.324938 -0.078206 -0.977577 -0.195515 -0.063571 -0.995950 -0.063571 0.125709 -0.980531 -0.150851 0.143215 -0.982049 0.122756 -0.101209 -0.986789 -0.126511 0.021253 -0.998870 0.042505
-0.650600 0.748190 -0.130120 -0.619514 0.291536 -0.728841 0.029540 -0.945274 -0.324938 -0.078206 -0.977577 -0.195515 -0.063571 -0.995950 -0.063571 0.125709 -0.980531 -0.150851 0.146151 -0.981299 0.125272 -0.101209 -0.986789 -0.126511 0.042476 -0.998194 0.042476
-0.653023 0.750977 -0.097953 -0.612637 0.324337 -0.720750 0.029814 -0.954056 -0.298142 -0.078206 -0.977577 -0.195515 -0.063571 -0.995950 -0.063571 0.125709 -0.980531 -0.150851 0.146151 -0.981299 0.125272 -0.101209 -0.986789 -0.126511 0.042476 -0.998194 0.042476
-0.666667 0.733333 -0.133333 -0.564532 0.338719 -0.752710 0.029540 -0.945274 -0.324938 -0.078750 -0.984374 -0.157500 -0.084629 -0.994389 -0.063472 0.125709 -0.980531 -0.150851 0.146151 -0.981299 0.125272 -0.101209 -0.986789 -0.126511 0.042476 -0.998194 0.042476
-0.666667 0.733333 -0.133333 -0.564532 0.338719 -0.752710 0.000000 -0.945687 -0.325080 -0.078750 -0.984374 -0.157500 -0.082885 -0.994618 -0.062164 0.125709 -0.980531 -0.150851 0.146151 -0.981299 0.125272 -0.101209 -0.986789 -0.126511 0.043396 -0.998115 0.043396
-0.656344 0.725433 -0.207267 -0.588348 0.313786 -0.745241 0.000000 -0.945687 -0.325080 -0.078750 -0.984374 -0.157500 -0.082885 -0.994618 -0.062164 0.125709 -0.980531 -0.150851 0.146151 -0.981299 0.125272 -0.101209 -0.986789 -0.126511 0.043396 -0.998115 0.043396
-0.689246 0.654783 -0.310160 -0.588348 0.196116 -0.784465 0.000000 -0.945687 -0.325080 -0.078750 -0.984374 -0.157500 -0.081211 -0.994834 -0.060908 0.125709 -0.980531 -0.150851 0.146151 -0.981299 0.125272 -0.101209 -0.986789 -0.126511 0.043396 -0.998115 0.043396
-0.702728 0.597319 -0.386501 -0.629198 0.000000 -0.777245 0.000000 -0.957024 -0.290007 -0.157500 -0.984374 -0.078750 -0.082885 -0.994618 -0.062164 0.125709 -0.980531 -0.150851 0.166486 -0.978106 0.124865 -0.101209 -0.986789 -0.126511 0.043396 -0.998115 0.043396
-0.742464 0.438729 -0.506225 -0.614868 -0.239115 -0.751506 0.000000 -0.954480 -0.298275 -0.128861 -0.987935 -0.085907 -0.063472 -0.994389 -0.084629 0.125709 -0.980531 -0.150851 0.146151 -0.981299 0.125272 -0.101209 -0.986789 -0.126511 0.043396 -0.998115 0.043396
-0.808581 0.235836 -0.539054 -0.557048 -0.452602 -0.696311 0.000000 -0.951445 -0.307820 -0.216930 -0.976187 0.000000 -0.043274 -0.995307 -0.086548 0.125709 -0.980531 -0.150851 0.146151 -0.981299 0.125272 -0.101209 -0.986789 -0.126511 0.043396 -0.998115 0.043396
-0.846810 -0.052926 -0.529256 -0.471672 -0.606435 -0.640126 0.000000 -0.951445 -0.307820 -0.216930 -0.976187 0.000000 -0.044130 -0.992916 -0.110324 0.125709 -0.980531 -0.150851 0.166486 -0.978106 0.124865 -0.101209 -0.986789 -0.126511 0.021253 -0.998870 0.042505
-0.784837 -0.392419 -0.479623 -0.403604 -0.739940 -0.538138 0.000000 -0.948683 -0.316228 -0.209529 -0.977802 0.000000 -0.045118 -0.992593 -0.112795 0.125709 -0.980531 -0.150851 0.163163 -0.978980 0.122373 -0.101209 -0.986789 -0.126511 0.021253 -0.998870 0.042505
-0.741550 -0.548102 -0.386896 -0.386294 -0.804778 -0.450676 0.027247 -0.953640 -0.299715 -0.259794 -0.964951 -0.037113 -0.045222 -0.994874 -0.090443 0.125709 -0.980531 -0.150851 0.163163 -0.978980 0.122373 -0.101209 -0.986789 -0.126511 0.020811 -0.998917 0.041622
-0.684580 -0.651981 -0.325991 -0.344592 -0.845818 -0.407245 0.027247 -0.953640 -0.299715 -0.224860 -0.974391 0.000000 -0.045222 -0.994874 -0.090443 0.125709 -0.980531 -0.150851 0.163163 -0.978980 0.122373 -0.101209 -0.986789 -0.126511 0.020811 -0.998917 0.041622
-0.708205 -0.643823 -0.289720 -0.311891 -0.873296 -0.374270 0.027247 -0.953640 -0.299715 -0.233373 -0.972387 0.000000 -0.045222 -0.994874 -0.090443 0.125709 -0.980531 -0.150851 0.163163 -0.978980 0.122373 -0.101209 -0.986789 -0.126511 0.000000 -0.999133 0.041631
-0.700842 -0.670370 -0.243771 -0.315440 -0.883232 -0.346984 0.027247 -0.953640 -0.299715 -0.196116 -0.980581 0.000000 -0.045222 -0.994874 -0.090443 0.125709 -0.980531 -0.150851 0.163538 -0.981228 0.102211 -0.101209 -0.986789 -0.126511 0.000000 -0.999133 0.041631
-0.699559 -0.667761 -0.254385 -0.315440 -0.883232 -0.346984 0.000000 -0.953994 -0.299827 -0.203954 -0.978980 0.000000 -0.022628 -0.995638 -0.090513 0.125709 -0.980531 -0.150851 0.163538 -0.981228 0.102211 -0.101209 -0.986789 -0.126511 0.000000 -0.999133 0.041631
-0.714527 -0.649570 -0.259828 -0.318788 -0.892607 -0.318788 0.000000 -0.951445 -0.307820 -0.196116 -0.980581 0.000000 -0.022628 -0.995638 -0.090513 0.126148 -0.983958 -0.126148 0.163538 -0.981228 0.102211 -0.101209 -0.986789 -0.126511 -0.020811 -0.998917 0.041622
-0.759113 -0.561084 -0.330049 -0.289720 -0.901352 -0.321911 0.000000 -0.951445 -0.307820 -0.196116 -0.980581 0.000000 0.000000 -0.995893 -0.090536 0.126148 -0.983958 -0.126148 0.143546 -0.984318 0.102533 -0.101209 -0.986789 -0.126511 -0.020811 -0.998917 0.041622
-0.739693 -0.493129 -0.457905 -0.307434 -0.888143 -0.341593 0.000000 -0.951445 -0.307820 -0.196116 -0.980581 0.000000 0.000000 -0.995701 -0.092623 0.126148 -0.983958 -0.126148 0.143546 -0.984318 0.102533 -0.101209 -0.986789 -0.126511 -0.020811 -0.998917 0.041622
-0.684268 -0.396155 -0.612240 -0.276026 -0.897085 -0.345033 0.000000 -0.953994 -0.299827 -0.195965 -0.979827 0.039193 -0.023150 -0.995434 -0.092599 0.126148 -0.983958 -0.126148 0.143546 -0.984318 0.102533 -0.101209 -0.986789 -0.126511 -0.020811 -0.998917 0.041622
-0.642448 -0.356915 -0.678139 -0.218218 -0.872872 -0.436436 0.000000 -0.961524 -0.274721 -0.203954 -0.978980 0.000000 -0.023150 -0.995434 -0.092599 0.126148 -0.983958 -0.126148 0.143546 -0.984318 0.102533 -0.101209 -0.986789 -0.126511 -0.020811 -0.998917 0.041622
-0.587606 -0.276520 -0.760431 -0.076866 -0.883962 -0.461197 0.000000 -0.959366 -0.282166 -0.196116 -0.980581 0.000000 -0.023150 -0.995434 -0.092599 0.126148 -0.983958 -0.126148 0.143546 -0.984318 0.102533 -0.101209 -0.986789 -0.126511 -0.020811 -0.998917 0.041622
-0.555757 -0.216128 -0.802760 0.123195 -0.903432 -0.410651 0.028205 -0.958984 -0.282054 -0.196116 -0.980581 0.000000 -0.023150 -0.995434 -0.092599 0.126148 -0.983958 -0.126148 0.143546 -0.984318 0.102533 -0.101209 -0.986789 -0.126511 -0.021253 -0.998870 0.042505
-0.436436 -0.218218 -0.872872 0.210166 -0.882696 -0.420331 0.000000 -0.964764 -0.263117 -0.151947 -0.987658 -0.037987 -0.023150 -0.995434 -0.092599 0.126148 -0.983958 -0.126148 0.123613 -0.988903 0.082409 -0.101209 -0.986789 -0.126511 -0.021253 -0.998870 0.042505
-0.324785 -0.259828 -0.909398 0.309965 -0.841334 -0.442807 0.000000 -0.962651 -0.270746 -0.152057 -0.988372 0.000000 -0.023150 -0.995434 -0.092599 0.126148 -0.983958 -0.126148 0.123613 -0.988903 0.082409 -0.101209 -0.986789 -0.126511 -0.021229 -0.997744 0.063686
-0.232873 -0.279448 -0.931493 0.354594 -0.797836 -0.487566 0.000000 -0.962651 -0.270746 -0.152057 -0.988372 0.000000 -0.023150 -0.995434 -0.092599 0.125709 -0.980531 -0.150851 0.123377 -0.987019 0.102815 -0.101209 -0.986789 -0.126511 -0.021229 -0.997744 0.063686
-0.111240 -0.305910 -0.945539 0.342368 -0.813125 -0.470757 0.000000 -0.962651 -0.270746 -0.151947 -0.987658 -0.037987 -0.023150 -0.995434 -0.092599 0.125709 -0.980531 -0.150851 0.125933 -0.986472 0.104944 -0.101209 -0.986789 -0.126511 -0.021229 -0.997744 0.063686
0.073324 -0.293294 -0.953206 0.361773 -0.859210 -0.361773 0.000000 -0.962651 -0.270746 -0.188713 -0.981307 -0.037743 -0.023150 -0.995434 -0.092599 0.125709 -0.980531 -0.150851 0.125933 -0.986472 0.104944 -0.101209 -0.986789 -0.126511 -0.021229 -0.997744 0.063686
0.398015 -0.199007 -0.895533 0.272446 -0.908153 -0.317854 0.000000 -0.954480 -0.298275 -0.188713 -0.981307 -0.037743 -0.023150 -0.995434 -0.092599 0.125709 -0.980531 -0.150851 0.125933 -0.986472 0.104944 -0.101209 -0.986789 -0.126511 -0.021229 -0.997744 0.063686
0.543075 -0.203653 -0.814613 0.321521 -0.918630 -0.229658 0.030387 -0.941993 -0.334255 -0.181969 -0.982631 -0.036394 0.000000 -0.995701 -0.092623 0.125709 -0.980531 -0.150851 0.105199 -0.988871 0.105199 -0.101209 -0.986789 -0.126511 -0.021195 -0.996174 0.084781
0.559233 -0.186411 -0.807781 0.329983 -0.942809 -0.047140 0.030387 -0.941993 -0.334255 -0.181969 -0.982631 -0.036394 -0.023150 -0.995434 -0.092599 0.125709 -0.980531 -0.150851 0.105199 -0.988871 0.105199 -0.101209 -0.986789 -0.126511 -0.021195 -0.996174 0.084781
0.568190 -0.135283 -0.811701 0.270226 -0.945792 0.180151 0.030387 -0.941993 -0.334255 -0.181969 -0.982631 -0.036394 -0.023150 -0.995434 -0.092599 0.125709 -0.980531 -0.150851 0.105199 -0.988871 0.105199 -0.101209 -0.986789 -0.126511 -0.021195 -0.996174 0.084781
0.643451 -0.087743 -0.760442 0.291162 -0.956674 0.000000 0.030387 -0.941993 -0.334255 -0.181969 -0.982631 -0.036394 -0.023150 -0.995434 -0.092599 0.125709 -0.980531 -0.150851 0.105199 -0.988871 0.105199 -0.101209 -0.986789 -0.126511 -0.021195 -0.996174 0.084781
0.646159 -0.084282 -0.758535 0.290910 -0.955847 0.041559 0.030387 -0.941993 -0.334255 -0.181969 -0.982631 -0.036394 -0.023150 -0.995434 -0.092599 0.125709 -0.980531 -0.150851 0.105199 -0.988871 0.105199 -0.101209 -0.986789 -0.126511 -0.021195 -0.996174 0.084781
0.632575 -0.082510 -0.770091 0.279776 -0.959233 0.039968 0.000000 -0.932568 -0.360994 -0.146450 -0.988540 -0.036613 -0.023150 -0.995434 -0.092599 0.125709 -0.980531 -0.150851 0.105199 -0.988871 0.105199 -0.101209 -0.986789 -0.126511 -0.021195 -0.996174 0.084781
0.644382 -0.112066 -0.756448 0.280000 -0.960000 0.000000 0.000000 -0.945687 -0.325080 -0.195515 -0.977577 -0.078206 -0.023150 -0.995434 -0.092599 0.125709 -0.980531 -0.150851 0.105199 -0.988871 0.105199 -0.101209 -0.986789 -0.126511 -0.021195 -0.996174 0.084781
0.613960 -0.111629 -0.781404 0.279776 -0.959233 -0.039968 0.000000 -0.945687 -0.325080 -0.195965 -0.979827 -0.039193 -0.023150 -0.995434 -0.092599 0.125709 -0.980531 -0.150851 0.084327 -0.990847 0.105409 -0.101209 -0.986789 -0.126511 -0.021152 -0.994166 0.105762
0.598764 -0.136083 -0.789280 0.290910 -0.955847 -0.041559 0.000000 -0.945687 -0.325080 -0.195965 -0.979827 -0.039193 -0.023094 -0.993042 -0.115470 0.125709 -0.980531 -0.150851 0.084327 -0.990847 0.105409 -0.101209 -0.986789 -0.126511 -0.021152 -0.994166 0.105762
0.593970 -0.141421 -0.791960 0.290159 -0.953381 -0.082903 0.029540 -0.945274 -0.324938 -0.195965 -0.979827 -0.039193 -0.023094 -0.993042 -0.115470 0.125709 -0.980531 -0.150851 0.084327 -0.990847 0.105409 -0.101209 -0.986789 -0.126511 -0.021152 -0.994166 0.105762
