-0.539660 0.809491 -0.231283 -0.454794 0.330759 -0.826898 0.000000 -0.945687 -0.325080 -0.118308 -0.985904 -0.118308 -0.021688 -0.997645 -0.065064 0.101209 -0.986789 -0.126511 0.107162 -0.985890 0.128594 -0.126511 -0.986789 -0.101209 0.000000 -0.996073 0.088540
-0.523205 0.822179 -0.224231 -0.470757 0.342368 -0.813125 0.000000 -0.945687 -0.325080 -0.118308 -0.985904 -0.118308 -0.021688 -0.997645 -0.065064 0.101209 -0.986789 -0.126511 0.128271 -0.983409 0.128271 -0.126511 -0.986789 -0.101209 0.000000 -0.996073 0.088540
-0.544125 0.816188 -0.194331 -0.463595 0.379305 -0.800755 0.029540 -0.945274 -0.324938 -0.156893 -0.980581 -0.117670 -0.021688 -0.997645 -0.065064 0.101209 -0.986789 -0.126511 0.128271 -0.983409 0.128271 -0.126511 -0.986789 -0.101209 0.000000 -0.996073 0.088540
-0.553660 0.812035 -0.184553 -0.463595 0.379305 -0.800755 0.029540 -0.945274 -0.324938 -0.156893 -0.980581 -0.117670 -0.021688 -0.997645 -0.065064 0.101209 -0.986789 -0.126511 0.128271 -0.983409 0.128271 -0.126511 -0.986789 -0.101209 0.000000 -0.997785 0.066519
-0.533676 0.818303 -0.213470 -0.487566 0.354594 -0.797836 0.029540 -0.945274 -0.324938 -0.156055 -0.975343 -0.156055 -0.021688 -0.997645 -0.065064 0.101209 -0.986789 -0.126511 0.128271 -0.983409 0.128271 -0.126511 -0.986789 -0.101209 0.022168 -0.997540 0.066503
-0.533676 0.818303 -0.213470 -0.487566 0.354594 -0.797836 0.029248 -0.935929 -0.350973 -0.156893 -0.980581 -0.117670 -0.021688 -0.997645 -0.065064 0.101209 -0.986789 -0.126511 0.149207 -0.980500 0.127891 -0.126511 -0.986789 -0.101209 0.022168 -0.997540 0.066503
-0.495905 0.850124 -0.177109 -0.583432 0.233373 -0.777910 0.029540 -0.945274 -0.324938 -0.156893 -0.980581 -0.117670 -0.043345 -0.996942 -0.065018 0.101209 -0.986789 -0.126511 0.149207 -0.980500 0.127891 -0.126511 -0.986789 -0.101209 0.022168 -0.997540 0.066503
-0.630900 0.736050 -0.245350 -0.595458 0.186081 -0.781539 0.000000 -0.945687 -0.325080 -0.156055 -0.975343 -0.156055 -0.042429 -0.997070 -0.063643 0.101209 -0.986789 -0.126511 0.149207 -0.980500 0.127891 -0.126511 -0.986789 -0.101209 0.022195 -0.998768 0.044390
-0.683271 0.645311 -0.341635 -0.633238 0.000000 -0.773957 0.000000 -0.954480 -0.298275 -0.156055 -0.975343 -0.156055 -0.042362 -0.995504 -0.084724 0.101209 -0.986789 -0.126511 0.149207 -0.980500 0.127891 -0.126511 -0.986789 -0.101209 0.021713 -0.998821 0.043427
-0.764775 0.437014 -0.473432 -0.644160 -0.169516 -0.745870 0.000000 -0.945687 -0.325080 -0.156893 -0.980581 -0.117670 -0.041487 -0.995688 -0.082974 0.101209 -0.986789 -0.126511 0.149207 -0.980500 0.127891 -0.126511 -0.986789 -0.101209 0.021713 -0.998821 0.043427
-0.801784 0.267261 -0.534522 -0.610960 -0.407307 -0.678844 0.000000 -0.954480 -0.298275 -0.163163 -0.978980 -0.122373 -0.042277 -0.993500 -0.105691 0.101209 -0.986789 -0.126511 0.149207 -0.980500 0.127891 -0.126511 -0.986789 -0.101209 0.021713 -0.998821 0.043427
-0.820553 0.063119 -0.568075 -0.586783 -0.521585 -0.619382 0.000000 -0.954480 -0.298275 -0.181012 -0.977466 -0.108607 -0.043274 -0.995307 -0.086548 0.101209 -0.986789 -0.126511 0.166486 -0.978106 0.124865 -0.126148 -0.983958 -0.126148 0.020811 -0.998917 0.041622
-0.824475 -0.274825 -0.494685 -0.507093 -0.642317 -0.574705 0.000000 -0.945687 -0.325080 -0.175358 -0.982003 -0.070143 -0.044227 -0.995098 -0.088453 0.101209 -0.986789 -0.126511 0.163163 -0.978980 0.122373 -0.101209 -0.986789 -0.126511 0.000000 -0.999133 0.041631
-0.784837 -0.479623 -0.392419 -0.468492 -0.702738 -0.535420 0.000000 -0.954480 -0.298275 -0.175358 -0.982003 -0.070143 -0.044227 -0.995098 -0.088453 0.101209 -0.986789 -0.126511 0.163163 -0.978980 0.122373 -0.101209 -0.986789 -0.126511 -0.020387 -0.998960 0.040774
-0.773479 -0.527372 -0.351581 -0.395387 -0.790774 -0.467275 0.000000 -0.954480 -0.298275 -0.175358 -0.982003 -0.070143 -0.044130 -0.992916 -0.110324 0.101209 -0.986789 -0.126511 0.159968 -0.979804 0.119976 -0.101209 -0.986789 -0.126511 -0.020400 -0.999584 0.020400
-0.764124 -0.531564 -0.365451 -0.359675 -0.827253 -0.431610 0.000000 -0.954480 -0.298275 -0.175358 -0.982003 -0.070143 -0.045118 -0.992593 -0.112795 0.101209 -0.986789 -0.126511 0.159968 -0.979804 0.119976 -0.101209 -0.986789 -0.126511 -0.020400 -0.999584 0.020400
-0.790398 -0.493999 -0.362266 -0.354218 -0.850124 -0.389640 0.027973 -0.951072 -0.307700 -0.233197 -0.971653 -0.038866 -0.046262 -0.994635 -0.092524 0.101209 -0.986789 -0.126511 0.159968 -0.979804 0.119976 -0.101209 -0.986789 -0.126511 -0.020400 -0.999584 0.020400
-0.777542 -0.507093 -0.371868 -0.384606 -0.839140 -0.384606 0.027462 -0.961161 -0.274618 -0.242338 -0.969351 -0.040390 -0.046262 -0.994635 -0.092524 0.101209 -0.986789 -0.126511 0.159968 -0.979804 0.119976 -0.101209 -0.986789 -0.126511 -0.020387 -0.998960 0.040774
-0.792982 -0.462573 -0.396491 -0.384606 -0.839140 -0.384606 0.027462 -0.961161 -0.274618 -0.262865 -0.963837 -0.043811 -0.046262 -0.994635 -0.092524 0.101209 -0.986789 -0.126511 0.159968 -0.979804 0.119976 -0.101209 -0.986789 -0.126511 -0.020387 -0.998960 0.040774
-0.777542 -0.371868 -0.507093 -0.384606 -0.839140 -0.384606 0.027462 -0.961161 -0.274618 -0.221404 -0.974176 -0.044281 -0.046262 -0.994635 -0.092524 0.101209 -0.986789 -0.126511 0.159968 -0.979804 0.119976 -0.101209 -0.986789 -0.126511 -0.020387 -0.998960 0.040774
-0.720750 -0.324337 -0.612637 -0.390375 -0.816239 -0.425864 0.026755 -0.963173 -0.267548 -0.231372 -0.971764 -0.046274 -0.046262 -0.994635 -0.092524 0.101209 -0.986789 -0.126511 0.159968 -0.979804 0.119976 -0.101209 -0.986789 -0.126511 -0.020387 -0.998960 0.040774
-0.684268 -0.252099 -0.684268 -0.342376 -0.798878 -0.494543 0.028618 -0.973018 -0.228946 -0.202444 -0.971732 -0.121466 -0.046262 -0.994635 -0.092524 0.101209 -0.986789 -0.126511 0.159968 -0.979804 0.119976 -0.101209 -0.986789 -0.126511 -0.020811 -0.998917 0.041622
-0.619586 -0.206529 -0.757271 -0.243935 -0.813116 -0.528525 0.029437 -0.971429 -0.235498 -0.187647 -0.975763 -0.112588 -0.046262 -0.994635 -0.092524 0.126148 -0.983958 -0.126148 0.140705 -0.984937 0.100504 -0.101209 -0.986789 -0.126511 -0.020811 -0.998917 0.041622
-0.612585 -0.161206 -0.773791 -0.040927 -0.818546 -0.572982 0.030514 -0.976445 -0.213597 -0.180187 -0.973012 -0.144150 -0.046262 -0.994635 -0.092524 0.126148 -0.983958 -0.126148 0.140705 -0.984937 0.100504 -0.101209 -0.986789 -0.126511 -0.020811 -0.998917 0.041622
-0.540295 -0.158910 -0.826334 0.126099 -0.798630 -0.588464 0.030303 -0.969697 -0.242424 -0.180187 -0.973012 -0.144150 -0.046262 -0.994635 -0.092524 0.126148 -0.983958 -0.126148 0.140705 -0.984937 0.100504 -0.101209 -0.986789 -0.126511 -0.020811 -0.998917 0.041622
-0.415694 -0.159882 -0.895341 0.200643 -0.802572 -0.561801 0.030303 -0.969697 -0.242424 -0.180187 -0.973012 -0.144150 -0.045222 -0.994874 -0.090443 0.126148 -0.983958 -0.126148 0.140705 -0.984937 0.100504 -0.101209 -0.986789 -0.126511 -0.020788 -0.997837 0.062365
-0.245678 -0.163785 -0.955414 0.328244 -0.779579 -0.533396 0.030964 -0.959886 -0.278677 -0.181012 -0.977466 -0.108607 -0.045222 -0.994874 -0.090443 0.126148 -0.983958 -0.126148 0.143546 -0.984318 0.102533 -0.101209 -0.986789 -0.126511 -0.020788 -0.997837 0.062365
0.000000 -0.149805 -0.988716 0.229658 -0.918630 -0.321521 0.030069 -0.962216 -0.270623 -0.181012 -0.977466 -0.108607 -0.045222 -0.994874 -0.090443 0.126148 -0.983958 -0.126148 0.143546 -0.984318 0.102533 -0.101209 -0.986789 -0.126511 -0.021229 -0.997744 0.063686
0.194461 -0.129641 -0.972306 0.272446 -0.908153 -0.317854 0.029814 -0.954056 -0.298142 -0.181012 -0.977466 -0.108607 -0.045118 -0.992593 -0.112795 0.126148 -0.983958 -0.126148 0.123377 -0.987019 0.102815 -0.101209 -0.986789 -0.126511 -0.021195 -0.996174 0.084781
0.427900 -0.164577 -0.888716 0.313678 -0.896221 -0.313678 0.029814 -0.954056 -0.298142 -0.181012 -0.977466 -0.108607 -0.046151 -0.992249 -0.115378 0.126148 -0.983958 -0.126148 0.123377 -0.987019 0.102815 -0.101209 -0.986789 -0.126511 -0.021195 -0.996174 0.084781
0.569841 -0.167600 -0.804482 0.317854 -0.908153 -0.272446 0.029540 -0.945274 -0.324938 -0.181608 -0.980684 -0.072643 -0.046151 -0.992249 -0.115378 0.126148 -0.983958 -0.126148 0.125933 -0.986472 0.104944 -0.101209 -0.986789 -0.126511 0.000000 -0.996398 0.084800
0.682848 -0.155193 -0.713886 0.353209 -0.883022 -0.309058 0.029540 -0.945274 -0.324938 -0.181608 -0.980684 -0.072643 -0.046151 -0.992249 -0.115378 0.126148 -0.983958 -0.126148 0.125933 -0.986472 0.104944 -0.101209 -0.986789 -0.126511 0.000000 -0.996398 0.084800
0.710134 -0.185252 -0.679258 0.406164 -0.857458 -0.315906 0.030686 -0.951260 -0.306858 -0.181012 -0.977466 -0.108607 -0.046151 -0.992249 -0.115378 0.126148 -0.983958 -0.126148 0.125933 -0.986472 0.104944 -0.101209 -0.986789 -0.126511 0.000000 -0.996398 0.084800
0.738818 -0.177316 -0.650160 0.448561 -0.852266 -0.269137 0.030387 -0.941993 -0.334255 -0.187647 -0.975763 -0.112588 -0.046151 -0.992249 -0.115378 0.126148 -0.983958 -0.126148 0.105199 -0.988871 0.105199 -0.101209 -0.986789 -0.126511 0.000000 -0.996398 0.084800
0.739600 -0.184900 -0.647150 0.442807 -0.841334 -0.309965 0.030387 -0.941993 -0.334255 -0.188311 -0.979217 -0.075324 -0.046151 -0.992249 -0.115378 0.126148 -0.983958 -0.126148 0.105199 -0.988871 0.105199 -0.101209 -0.986789 -0.126511 0.000000 -0.994389 0.105786
0.735077 -0.214397 -0.643192 0.466252 -0.839254 -0.279751 0.030387 -0.941993 -0.334255 -0.188311 -0.979217 -0.075324 -0.023094 -0.993042 -0.115470 0.126148 -0.983958 -0.126148 0.105199 -0.988871 0.105199 -0.101209 -0.986789 -0.126511 0.000000 -0.994389 0.105786
0.720511 -0.219286 -0.657858 0.483312 -0.834812 -0.263625 0.030387 -0.941993 -0.334255 -0.188311 -0.979217 -0.075324 -0.023094 -0.993042 -0.115470 0.126148 -0.983958 -0.126148 0.105199 -0.988871 0.105199 -0.101209 -0.986789 -0.126511 0.000000 -0.994389 0.105786
0.704925 -0.224294 -0.672883 0.483312 -0.834812 -0.263625 0.030387 -0.941993 -0.334255 -0.188311 -0.979217 -0.075324 -0.023094 -0.993042 -0.115470 0.126148 -0.983958 -0.126148 0.105199 -0.988871 0.105199 -0.101209 -0.986789 -0.126511 0.000000 -0.994389 0.105786
0.689862 -0.219502 -0.689862 0.488527 -0.843820 -0.222058 0.030686 -0.951260 -0.306858 -0.188311 -0.979217 -0.075324 -0.023094 -0.993042 -0.115470 0.126148 -0.983958 -0.126148 0.105199 -0.988871 0.105199 -0.101209 -0.986789 -0.126511 0.000000 -0.994389 0.105786
0.667761 -0.254385 -0.699559 0.488527 -0.843820 -0.222058 0.030686 -0.951260 -0.306858 -0.188311 -0.979217 -0.075324 -0.023094 -0.993042 -0.115470 0.126148 -0.983958 -0.126148 0.105199 -0.988871 0.105199 -0.101209 -0.986789 -0.126511 0.000000 -0.994389 0.105786
0.667761 -0.254385 -0.699559 0.488527 -0.843820 -0.222058 0.000000 -0.951709 -0.307003 -0.151620 -0.985527 -0.075810 -0.023094 -0.993042 -0.115470 0.126148 -0.983958 -0.126148 0.105199 -0.988871 0.105199 -0.101209 -0.986789 -0.126511 0.000000 -0.994389 0.105786
0.667761 -0.254385 -0.699559 0.488527 -0.843820 -0.222058 0.000000 -0.951709 -0.307003 -0.151620 -0.985527 -0.075810 -0.023094 -0.993042 -0.115470 0.126148 -0.983958 -0.126148 0.105199 -0.988871 0.105199 -0.101209 -0.986789 -0.126511 -0.021152 -0.994166 0.105762
0.649570 -0.259828 -0.714527 0.483312 -0.834812 -0.263625 0.000000 -0.951709 -0.307003 -0.151620 -0.985527 -0.075810 -0.023094 -0.993042 -0.115470 0.126148 -0.983958 -0.126148 0.105199 -0.988871 0.105199 -0.101209 -0.986789 -0.126511 -0.021101 -0.991729 0.126604
0.649570 -0.259828 -0.714527 0.483312 -0.834812 -0.263625 0.000000 -0.951709 -0.307003 -0.151620 -0.985527 -0.075810 -0.023094 -0.993042 -0.115470 0.126148 -0.983958 -0.126148 0.084327 -0.990847 0.105409 -0.101209 -0.986789 -0.126511 -0.021101 -0.991729 0.126604
0.654771 -0.229170 -0.720248 0.466085 -0.847427 -0.254228 0.030686 -0.951260 -0.306858 -0.151620 -0.985527 -0.075810 -0.023094 -0.993042 -0.115470 0.126148 -0.983958 -0.126148 0.084327 -0.990847 0.105409 -0.101209 -0.986789 -0.126511 -0.021101 -0.991729 0.126604
0.654771 -0.229170 -0.720248 0.466085 -0.847427 -0.254228 0.030686 -0.951260 -0.306858 -0.151620 -0.985527 -0.075810 -0.023027 -0.990142 -0.138159 0.126148 -0.983958 -0.126148 0.084327 -0.990847 0.105409 -0.101209 -0.986789 -0.126511 -0.021101 -0.991729 0.126604
0.654771 -0.229170 -0.720248 0.466085 -0.847427 -0.254228 0.030686 -0.951260 -0.306858 -0.151620 -0.985527 -0.075810 -0.023027 -0.990142 -0.138159 0.126148 -0.983958 -0.126148 0.084327 -0.990847 0.105409 -0.101209 -0.986789 -0.126511 -0.021101 -0.991729 0.126604
0.654771 -0.229170 -0.720248 0.466085 -0.847427 -0.254228 0.030686 -0.951260 -0.306858 -0.151620 -0.985527 -0.075810 -0.023027 -0.990142 -0.138159 0.126148 -0.983958 -0.126148 0.084327 -0.990847 0.105409 -0.101209 -0.986789 -0.126511 -0.021101 -0.991729 0.126604
0.639529 -0.223835 -0.735459 0.466085 -0.847427 -0.254228 0.030686 -0.951260 -0.306858 -0.151620 -0.985527 -0.075810 -0.023094 -0.993042 -0.115470 0.126148 -0.983958 -0.126148 0.084327 -0.990847 0.105409 -0.101209 -0.986789 -0.126511 -0.021101 -0.991729 0.126604
0.643823 -0.193147 -0.740396 0.466085 -0.847427 -0.254228 0.030686 -0.951260 -0.306858 -0.151620 -0.985527 -0.075810 -0.022576 -0.993352 -0.112881 0.126148 -0.983958 -0.126148 0.084327 -0.990847 0.105409 -0.101209 -0.986789 -0.126511 -0.021101 -0.991729 0.126604
0.643823 -0.193147 -0.740396 0.466085 -0.847427 -0.254228 0.030686 -0.951260 -0.306858 -0.151620 -0.985527 -0.075810 -0.022576 -0.993352 -0.112881 0.126148 -0.983958 -0.126148 0.084327 -0.990847 0.105409 -0.101209 -0.986789 -0.126511 -0.021101 -0.991729 0.126604
0.639529 -0.223835 -0.735459 0.466085 -0.847427 -0.254228 0.030686 -0.951260 -0.306858 -0.151620 -0.985527 -0.075810 -0.022576 -0.993352 -0.112881 0.126148 -0.983958 -0.126148 0.084327 -0.990847 0.105409 -0.101209 -0.986789 -0.126511 -0.021101 -0.991729 0.126604
0.639529 -0.223835 -0.735459 0.466085 -0.847427 -0.254228 0.030686 -0.951260 -0.306858 -0.151620 -0.985527 -0.075810 -0.022576 -0.993352 -0.112881 0.126148 -0.983958 -0.126148 0.084327 -0.990847 0.105409 -0.101209 -0.986789 -0.126511 -0.021101 -0.991729 0.126604
