-0.534840 0.844484 -0.028149 -0.375653 -0.125218 -0.918262 0.087370 -0.961074 -0.262111 -0.128861 -0.987935 -0.085907 0.021688 -0.997645 0.065064 0.105691 -0.993500 -0.042277 0.087370 -0.961074 0.262111 -0.126379 -0.989967 -0.063189 -0.022858 -0.982873 0.182860
-0.532552 0.845818 -0.031327 -0.446844 0.040622 -0.893689 0.089883 -0.958754 -0.269650 -0.123613 -0.988903 -0.082409 0.021229 -0.997744 0.063686 0.105691 -0.993500 -0.042277 0.087370 -0.961074 0.262111 -0.126379 -0.989967 -0.063189 -0.022858 -0.982873 0.182860
-0.509544 0.859855 -0.031846 -0.495715 0.041310 -0.867502 0.089883 -0.958754 -0.269650 -0.123613 -0.988903 -0.082409 0.021713 -0.998821 0.043427 0.105762 -0.994166 -0.021152 0.085573 -0.962691 0.256718 -0.126379 -0.989967 -0.063189 -0.022858 -0.982873 0.182860
-0.573132 0.814451 -0.090495 -0.463595 0.042145 -0.885044 0.089883 -0.958754 -0.269650 -0.123613 -0.988903 -0.082409 0.000000 -0.999753 0.022217 0.105762 -0.994166 -0.021152 0.085573 -0.962691 0.256718 -0.126519 -0.991067 -0.042173 -0.022948 -0.986747 0.160633
-0.591373 0.788498 -0.168964 -0.462364 -0.084066 -0.882696 0.089883 -0.958754 -0.269650 -0.123613 -0.988903 -0.082409 0.000000 -0.999753 0.022217 0.105762 -0.994166 -0.021152 0.085573 -0.962691 0.256718 -0.126519 -0.991067 -0.042173 -0.022948 -0.986747 0.160633
-0.631620 0.714006 -0.302079 -0.400099 -0.222277 -0.889108 0.061839 -0.958508 -0.278277 -0.118771 -0.989759 -0.079181 0.000000 -0.999742 0.022721 0.105762 -0.994166 -0.021152 0.106746 -0.960714 0.256190 -0.105691 -0.993500 -0.042277 0.000000 -0.987007 0.160676
-0.665340 0.607485 -0.433918 -0.390935 -0.304061 -0.868744 0.060057 -0.960913 -0.270257 -0.118771 -0.989759 -0.079181 -0.046461 -0.998920 0.000000 0.105762 -0.994166 -0.021152 0.106746 -0.960714 0.256190 -0.105691 -0.993500 -0.042277 0.000000 -0.987580 0.157115
-0.718403 0.431042 -0.545986 -0.379305 -0.463595 -0.800755 0.057401 -0.947119 -0.315706 -0.212238 -0.976296 0.042448 -0.047565 -0.998868 0.000000 0.105762 -0.994166 -0.021152 0.106746 -0.960714 0.256190 -0.105691 -0.993500 -0.042277 0.000000 -0.987580 0.157115
-0.742588 0.220026 -0.632575 -0.332756 -0.623918 -0.707107 0.057904 -0.955419 -0.289521 -0.212238 -0.976296 0.042448 -0.047552 -0.998586 -0.023776 0.105762 -0.994166 -0.021152 0.106746 -0.960714 0.256190 -0.105691 -0.993500 -0.042277 0.000000 -0.987580 0.157115
-0.786334 -0.087370 -0.611593 -0.324176 -0.688875 -0.648353 0.057904 -0.955419 -0.289521 -0.252199 -0.966762 0.042033 -0.047552 -0.998586 -0.023776 0.105762 -0.994166 -0.021152 0.106746 -0.960714 0.256190 -0.105691 -0.993500 -0.042277 0.000000 -0.987580 0.157115
-0.779887 -0.334237 -0.529209 -0.286251 -0.736075 -0.613396 0.030964 -0.959886 -0.278677 -0.196116 -0.980581 0.000000 -0.048708 -0.998516 -0.024354 0.105762 -0.994166 -0.021152 0.106746 -0.960714 0.256190 -0.105691 -0.993500 -0.042277 0.000000 -0.987580 0.157115
-0.776195 -0.431220 -0.459968 -0.272681 -0.818044 -0.506408 0.056773 -0.965146 -0.255480 -0.274434 -0.960518 0.045739 -0.047552 -0.998586 -0.023776 0.105762 -0.994166 -0.021152 0.106746 -0.960714 0.256190 -0.105691 -0.993500 -0.042277 -0.022439 -0.987332 0.157075
-0.783543 -0.503706 -0.363788 -0.232845 -0.853766 -0.465690 0.080036 -0.960427 -0.266785 -0.344031 -0.933799 0.098295 -0.023796 -0.999434 -0.023796 0.105762 -0.994166 -0.021152 0.106143 -0.955287 0.275972 -0.105691 -0.993500 -0.042277 -0.022439 -0.987332 0.157075
-0.780742 -0.510485 -0.360342 -0.229081 -0.878144 -0.419982 0.053452 -0.962140 -0.267261 -0.386244 -0.917329 0.096561 -0.023796 -0.999434 -0.023796 0.105762 -0.994166 -0.021152 0.106143 -0.955287 0.275972 -0.105691 -0.993500 -0.042277 -0.022439 -0.987332 0.157075
-0.788966 -0.515863 -0.333793 -0.236986 -0.868948 -0.434474 0.050833 -0.965824 -0.254164 -0.404061 -0.909137 0.101015 -0.023796 -0.999434 -0.023796 0.105762 -0.994166 -0.021152 0.106143 -0.955287 0.275972 -0.105691 -0.993500 -0.042277 -0.044845 -0.986587 0.156957
-0.801234 -0.493067 -0.338983 -0.202610 -0.891485 -0.405220 0.051148 -0.971807 -0.230165 -0.386244 -0.917329 0.096561 -0.023776 -0.998586 -0.047552 0.105762 -0.994166 -0.021152 0.106143 -0.955287 0.275972 -0.105691 -0.993500 -0.042277 -0.045859 -0.985969 0.160507
-0.836431 -0.402726 -0.371747 -0.195515 -0.899371 -0.391031 0.051148 -0.971807 -0.230165 -0.386244 -0.917329 0.096561 -0.023776 -0.998586 -0.047552 0.105762 -0.994166 -0.021152 0.106143 -0.955287 0.275972 -0.105691 -0.993500 -0.042277 -0.045859 -0.985969 0.160507
-0.843338 -0.312348 -0.437287 -0.195515 -0.899371 -0.391031 0.051148 -0.971807 -0.230165 -0.386244 -0.917329 0.096561 -0.023776 -0.998586 -0.047552 0.105762 -0.994166 -0.021152 0.106143 -0.955287 0.275972 -0.105691 -0.993500 -0.042277 -0.045859 -0.985969 0.160507
-0.820824 -0.243207 -0.516815 -0.202610 -0.891485 -0.405220 0.076596 -0.970222 -0.229789 -0.426162 -0.899676 0.094703 -0.023776 -0.998586 -0.047552 0.105691 -0.993500 -0.042277 0.106143 -0.955287 0.275972 -0.107958 -0.993217 -0.043183 -0.044845 -0.986587 0.156957
-0.783573 -0.150687 -0.602749 -0.240966 -0.883541 -0.401610 0.057520 -0.977835 -0.201319 -0.328244 -0.943701 0.041030 -0.023776 -0.998586 -0.047552 0.105762 -0.994166 -0.021152 0.106143 -0.955287 0.275972 -0.107833 -0.992062 -0.064700 -0.044677 -0.982888 0.178707
-0.719066 -0.089883 -0.689105 -0.240966 -0.883541 -0.401610 0.063214 -0.979816 -0.189642 -0.294086 -0.955779 0.000000 -0.023776 -0.998586 -0.047552 0.105762 -0.994166 -0.021152 0.106143 -0.955287 0.275972 -0.107833 -0.992062 -0.064700 -0.044677 -0.982888 0.178707
-0.660628 0.000000 -0.750714 -0.210166 -0.882696 -0.420331 0.065233 -0.978492 -0.195698 -0.284088 -0.958798 0.000000 -0.023776 -0.998586 -0.047552 0.105762 -0.994166 -0.021152 0.106143 -0.955287 0.275972 -0.107833 -0.992062 -0.064700 -0.044677 -0.982888 0.178707
-0.645942 0.000000 -0.763386 -0.130312 -0.868744 -0.477809 0.066890 -0.969905 -0.234115 -0.274721 -0.961524 0.000000 -0.023776 -0.998586 -0.047552 0.105762 -0.994166 -0.021152 0.106143 -0.955287 0.275972 -0.107833 -0.992062 -0.064700 -0.044677 -0.982888 0.178707
-0.561501 0.000000 -0.827476 -0.092748 -0.881104 -0.463739 0.032444 -0.973329 -0.227110 -0.242536 -0.970143 0.000000 -0.023776 -0.998586 -0.047552 0.084781 -0.996174 -0.021195 0.127057 -0.952928 0.275290 -0.107833 -0.992062 -0.064700 -0.044677 -0.982888 0.178707
-0.505496 0.029735 -0.862316 0.000000 -0.865426 -0.501036 0.064786 -0.971795 -0.226752 -0.242536 -0.970143 0.000000 0.000000 -0.998868 -0.047565 0.084781 -0.996174 -0.021195 0.108338 -0.953373 0.281678 -0.107833 -0.992062 -0.064700 -0.066932 -0.981664 0.178484
-0.434540 0.031039 -0.900118 0.092748 -0.881104 -0.463739 0.064282 -0.964237 -0.257130 -0.242536 -0.970143 0.000000 0.000000 -0.998868 -0.047565 0.084781 -0.996174 -0.021195 0.108979 -0.959018 0.261550 -0.107833 -0.992062 -0.064700 -0.066932 -0.981664 0.178484
-0.354654 0.000000 -0.934998 0.094386 -0.849473 -0.519122 0.064282 -0.964237 -0.257130 -0.242536 -0.970143 0.000000 0.000000 -0.998868 -0.047565 0.084781 -0.996174 -0.021195 0.108979 -0.959018 0.261550 -0.107833 -0.992062 -0.064700 -0.066650 -0.977536 0.199951
-0.259794 0.037113 -0.964951 0.135388 -0.857458 -0.496423 0.062348 -0.966394 -0.249392 -0.250962 -0.967997 0.000000 0.000000 -0.998868 -0.047565 0.084781 -0.996174 -0.021195 0.108979 -0.959018 0.261550 -0.107833 -0.992062 -0.064700 -0.066650 -0.977536 0.199951
-0.163163 0.122373 -0.978980 0.240772 -0.842701 -0.481543 0.092538 -0.956226 -0.277614 -0.250962 -0.967997 0.000000 0.000000 -0.998868 -0.047565 0.084781 -0.996174 -0.021195 0.108979 -0.959018 0.261550 -0.107833 -0.992062 -0.064700 -0.066650 -0.977536 0.199951
0.149537 0.059815 -0.986945 0.177297 -0.975133 -0.132973 0.092538 -0.956226 -0.277614 -0.250962 -0.967997 0.000000 0.000000 -0.998868 -0.047565 0.084781 -0.996174 -0.021195 0.108979 -0.959018 0.261550 -0.107833 -0.992062 -0.064700 -0.066650 -0.977536 0.199951
0.289886 0.028989 -0.956622 0.230633 -0.968658 -0.092253 0.093296 -0.964054 -0.248788 -0.259794 -0.964951 -0.037113 0.000000 -0.999717 -0.023803 0.084781 -0.996174 -0.021195 0.108979 -0.959018 0.261550 -0.107833 -0.992062 -0.064700 -0.066650 -0.977536 0.199951
0.457891 0.057236 -0.887164 0.171184 -0.984309 -0.042796 0.093296 -0.964054 -0.248788 -0.259973 -0.965616 0.000000 0.000000 -0.999717 -0.023803 0.084781 -0.996174 -0.021195 0.087370 -0.961074 0.262111 -0.107833 -0.992062 -0.064700 -0.066650 -0.977536 0.199951
0.585597 0.055771 -0.808682 0.164399 -0.986394 0.000000 0.123975 -0.960807 -0.247950 -0.259973 -0.965616 0.000000 0.000000 -0.999717 -0.023803 0.084781 -0.996174 -0.021195 0.087854 -0.966391 0.241598 -0.107833 -0.992062 -0.064700 -0.066650 -0.977536 0.199951
0.664109 0.027671 -0.747123 0.164399 -0.986394 0.000000 0.122975 -0.953057 -0.276694 -0.259973 -0.965616 0.000000 0.000000 -0.999717 -0.023803 0.084781 -0.996174 -0.021195 0.087854 -0.966391 0.241598 -0.107833 -0.992062 -0.064700 -0.066650 -0.977536 0.199951
0.732543 0.026162 -0.680218 0.123929 -0.991431 0.041310 0.122975 -0.953057 -0.276694 -0.259973 -0.965616 0.000000 0.000000 -0.999717 -0.023803 0.084781 -0.996174 -0.021195 0.087854 -0.966391 0.241598 -0.107833 -0.992062 -0.064700 -0.066650 -0.977536 0.199951
0.744881 0.053206 -0.665072 0.119051 -0.992095 0.039684 0.122975 -0.953057 -0.276694 -0.259973 -0.965616 0.000000 0.000000 -0.999717 -0.023803 0.084781 -0.996174 -0.021195 0.087854 -0.966391 0.241598 -0.107833 -0.992062 -0.064700 -0.066650 -0.977536 0.199951
0.769309 0.053056 -0.636670 0.119051 -0.992095 0.039684 0.122975 -0.953057 -0.276694 -0.259973 -0.965616 0.000000 0.000000 -0.999717 -0.023803 0.084781 -0.996174 -0.021195 0.087854 -0.966391 0.241598 -0.107833 -0.992062 -0.064700 -0.066650 -0.977536 0.199951
0.771552 0.055111 -0.633775 0.157867 -0.986671 0.039467 0.123975 -0.960807 -0.247950 -0.269630 -0.962964 0.000000 0.000000 -0.999717 -0.023803 0.084781 -0.996174 -0.021195 0.087854 -0.966391 0.241598 -0.107833 -0.992062 -0.064700 -0.066340 -0.972985 0.221133
0.746266 0.055279 -0.663348 0.157867 -0.986671 0.039467 0.123975 -0.960807 -0.247950 -0.269630 -0.962964 0.000000 0.000000 -0.999703 -0.024383 0.084781 -0.996174 -0.021195 0.087854 -0.966391 0.241598 -0.107833 -0.992062 -0.064700 -0.066340 -0.972985 0.221133
0.760036 0.056299 -0.647438 0.157867 -0.986671 0.039467 0.093296 -0.964054 -0.248788 -0.233373 -0.972387 0.000000 0.000000 -0.999703 -0.024383 0.084781 -0.996174 -0.021195 0.087854 -0.966391 0.241598 -0.107833 -0.992062 -0.064700 -0.066340 -0.972985 0.221133
0.747757 0.057520 -0.661477 0.157867 -0.986671 0.039467 0.093296 -0.964054 -0.248788 -0.233373 -0.972387 0.000000 0.000000 -0.999703 -0.024383 0.084781 -0.996174 -0.021195 0.087854 -0.966391 0.241598 -0.129070 -0.989533 -0.064535 -0.066340 -0.972985 0.221133
0.747757 0.057520 -0.661477 0.157867 -0.986671 0.039467 0.093980 -0.971124 -0.219286 -0.233373 -0.972387 0.000000 0.000000 -0.999703 -0.024383 0.084781 -0.996174 -0.021195 0.087854 -0.966391 0.241598 -0.107833 -0.992062 -0.064700 -0.066340 -0.972985 0.221133
0.747757 0.057520 -0.661477 0.157867 -0.986671 0.039467 0.094585 -0.977378 -0.189170 -0.233373 -0.972387 0.000000 0.000000 -0.999703 -0.024383 0.084781 -0.996174 -0.021195 0.087854 -0.966391 0.241598 -0.107833 -0.992062 -0.064700 -0.066340 -0.972985 0.221133
0.747757 0.057520 -0.661477 0.157991 -0.987441 0.000000 0.094585 -0.977378 -0.189170 -0.233373 -0.972387 0.000000 0.000000 -0.999703 -0.024383 0.086609 -0.996007 -0.021652 0.086026 -0.967798 0.236573 -0.107833 -0.992062 -0.064700 -0.066340 -0.972985 0.221133
0.747757 0.057520 -0.661477 0.157991 -0.987441 0.000000 0.061314 -0.981023 -0.183942 -0.233373 -0.972387 0.000000 0.000000 -0.999703 -0.024383 0.086609 -0.996007 -0.021652 0.086026 -0.967798 0.236573 -0.107833 -0.992062 -0.064700 -0.066340 -0.972985 0.221133
