-0.583432 0.777910 -0.233373 -0.507500 0.326250 -0.797499 0.000000 -0.963993 -0.265929 -0.113308 -0.982006 -0.151078 -0.046262 -0.994635 0.092524 0.000000 -0.997880 -0.065079 0.086447 -0.972533 0.216118 -0.130189 -0.963398 -0.234340 0.044677 -0.982888 0.178707
-0.613121 0.728082 -0.306561 -0.537431 0.179144 -0.824061 0.000000 -0.957826 -0.287348 -0.113308 -0.982006 -0.151078 -0.046262 -0.994635 0.092524 0.000000 -0.997880 -0.065079 0.086447 -0.972533 0.216118 -0.130189 -0.963398 -0.234340 0.067183 -0.985349 0.156760
-0.674285 0.603307 -0.425864 -0.544825 -0.072643 -0.835398 0.000000 -0.968277 -0.249878 -0.116863 -0.973862 -0.194772 -0.047445 -0.996335 0.071167 0.000000 -0.999056 -0.043437 0.086447 -0.972533 0.216118 -0.130189 -0.963398 -0.234340 0.065732 -0.985979 0.153375
-0.719092 0.457604 -0.522976 -0.558404 -0.314102 -0.767805 0.000000 -0.960346 -0.278810 -0.074744 -0.971666 -0.224231 -0.047552 -0.998586 0.023776 0.000000 -0.999056 -0.043437 0.086447 -0.972533 0.216118 -0.130189 -0.963398 -0.234340 0.065732 -0.985979 0.153375
-0.819782 0.131165 -0.557452 -0.470605 -0.571449 -0.672293 0.000000 -0.968277 -0.249878 -0.151078 -0.982006 -0.113308 -0.047565 -0.998868 0.000000 0.000000 -0.999056 -0.043437 0.086447 -0.972533 0.216118 -0.130189 -0.963398 -0.234340 0.065732 -0.985979 0.153375
-0.845000 -0.150893 -0.513036 -0.374879 -0.749758 -0.545279 0.000000 -0.976900 -0.213697 -0.188311 -0.979217 -0.075324 -0.048708 -0.998516 -0.024354 0.000000 -0.999056 -0.043437 0.086447 -0.972533 0.216118 -0.130189 -0.963398 -0.234340 0.043874 -0.987165 0.153559
-0.836536 -0.353919 -0.418268 -0.304256 -0.845154 -0.439480 0.000000 -0.983870 -0.178885 -0.188713 -0.981307 -0.037743 -0.048708 -0.998516 -0.024354 0.000000 -0.999056 -0.043437 0.086447 -0.972533 0.216118 -0.130189 -0.963398 -0.234340 0.043874 -0.987165 0.153559
-0.811107 -0.486664 -0.324443 -0.233463 -0.900500 -0.366871 0.000000 -0.988716 -0.149805 -0.188713 -0.981307 -0.037743 -0.027007 -0.999270 -0.027007 0.000000 -0.999014 -0.044401 0.084667 -0.973668 0.211667 -0.130189 -0.963398 -0.234340 0.021953 -0.987878 0.153670
-0.811107 -0.486664 -0.324443 -0.213066 -0.923287 -0.319599 0.000000 -0.984784 -0.173785 -0.195965 -0.979827 0.039193 -0.028548 -0.999185 -0.028548 0.000000 -0.999014 -0.044401 0.084667 -0.973668 0.211667 -0.130189 -0.963398 -0.234340 0.000000 -0.988116 0.153707
-0.809345 -0.498058 -0.311286 -0.180775 -0.940032 -0.289241 0.000000 -0.984784 -0.173785 -0.195965 -0.979827 0.039193 -0.029386 -0.999136 -0.029386 0.000000 -0.999014 -0.044401 0.084667 -0.973668 0.211667 -0.130189 -0.963398 -0.234340 0.000000 -0.984563 0.175033
-0.829693 -0.478669 -0.287202 -0.150649 -0.941554 -0.301297 0.000000 -0.989359 -0.145494 -0.195965 -0.979827 0.039193 -0.030275 -0.999083 -0.030275 0.000000 -0.999014 -0.044401 0.084667 -0.973668 0.211667 -0.130189 -0.963398 -0.234340 -0.021874 -0.984327 0.174991
-0.823778 -0.461316 -0.329511 -0.157991 -0.947943 -0.276483 0.000000 -0.989359 -0.145494 -0.195965 -0.979827 0.039193 -0.029386 -0.999136 -0.029386 0.000000 -0.999014 -0.044401 0.084667 -0.973668 0.211667 -0.127000 -0.965201 -0.228600 -0.021874 -0.984327 0.174991
-0.836431 -0.371747 -0.402726 -0.162088 -0.932007 -0.324176 0.029086 -0.988941 -0.145432 -0.233197 -0.971653 0.038866 0.000000 -0.999568 -0.029399 0.000000 -0.999014 -0.044401 0.084667 -0.973668 0.211667 -0.127000 -0.965201 -0.228600 -0.021874 -0.984327 0.174991
-0.805609 -0.287718 -0.517892 -0.168430 -0.926367 -0.336861 0.000000 -0.990492 -0.137568 -0.241747 -0.966988 0.080582 0.000000 -0.999568 -0.029399 0.000000 -0.999014 -0.044401 0.084667 -0.973668 0.211667 -0.127000 -0.965201 -0.228600 -0.021874 -0.984327 0.174991
-0.775170 -0.208700 -0.596285 -0.169485 -0.889799 -0.423714 0.000000 -0.990492 -0.137568 -0.241747 -0.966988 0.080582 0.000000 -0.999568 -0.029399 0.000000 -0.999014 -0.044401 0.084667 -0.973668 0.211667 -0.127000 -0.965201 -0.228600 -0.021874 -0.984327 0.174991
-0.725152 -0.189170 -0.662095 -0.127573 -0.850487 -0.510292 0.000000 -0.996347 -0.085401 -0.242536 -0.970143 0.000000 0.000000 -0.999654 -0.026307 0.000000 -0.997785 -0.066519 0.084667 -0.973668 0.211667 -0.127000 -0.965201 -0.228600 -0.021874 -0.984327 0.174991
-0.647524 -0.161881 -0.744652 -0.043396 -0.824530 -0.564152 0.000000 -0.996130 -0.087894 -0.233373 -0.972387 0.000000 0.000000 -0.999688 -0.024992 0.000000 -0.997785 -0.066519 0.084667 -0.973668 0.211667 -0.130189 -0.963398 -0.234340 -0.021874 -0.984327 0.174991
-0.615470 -0.129573 -0.777436 0.126099 -0.798630 -0.588464 -0.029285 -0.995703 -0.087856 -0.233197 -0.971653 -0.038866 0.000000 -0.999703 -0.024383 0.000000 -0.997785 -0.066519 0.084667 -0.973668 0.211667 -0.130189 -0.963398 -0.234340 -0.021874 -0.984327 0.174991
-0.495344 -0.132092 -0.858596 0.297402 -0.807233 -0.509831 -0.029948 -0.988272 -0.149738 -0.224860 -0.974391 0.000000 0.000000 -0.999717 -0.023803 0.000000 -0.997785 -0.066519 0.084667 -0.973668 0.211667 -0.130189 -0.963398 -0.234340 -0.021874 -0.984327 0.174991
-0.377590 -0.157329 -0.912509 0.379305 -0.800755 -0.463595 -0.029801 -0.983433 -0.178806 -0.224860 -0.974391 0.000000 0.000000 -0.999717 -0.023803 0.000000 -0.997785 -0.066519 0.084667 -0.973668 0.211667 -0.130189 -0.963398 -0.234340 -0.021874 -0.984327 0.174991
-0.180171 -0.210200 -0.960913 0.538274 -0.762554 -0.358849 -0.029630 -0.977805 -0.207413 -0.188713 -0.981307 -0.037743 0.000000 -0.999717 -0.023803 0.000000 -0.997785 -0.066519 0.084667 -0.973668 0.211667 -0.130189 -0.963398 -0.234340 -0.022261 -0.979472 0.200347
0.224294 -0.160210 -0.961262 0.353209 -0.883022 -0.309058 -0.030964 -0.959886 -0.278677 -0.188847 -0.982006 0.000000 0.000000 -0.999717 -0.023803 0.000000 -0.997785 -0.066519 0.063600 -0.975198 0.212000 -0.130189 -0.963398 -0.234340 -0.022261 -0.979472 0.200347
0.494006 -0.092626 -0.864511 0.290159 -0.911929 -0.290159 -0.030964 -0.959886 -0.278677 -0.188713 -0.981307 -0.037743 0.000000 -0.999717 -0.023803 0.000000 -0.997785 -0.066519 0.063600 -0.975198 0.212000 -0.130189 -0.963398 -0.234340 0.000000 -0.979715 0.200396
0.675886 -0.058773 -0.734659 0.244745 -0.938190 -0.244745 -0.031607 -0.948209 -0.316070 -0.188311 -0.979217 -0.075324 0.000000 -0.999717 -0.023803 0.000000 -0.997785 -0.066519 0.063600 -0.975198 0.212000 -0.130189 -0.963398 -0.234340 0.000000 -0.979715 0.200396
0.777593 -0.029907 -0.628056 0.274563 -0.941357 -0.196116 0.000000 -0.938876 -0.344255 -0.188311 -0.979217 -0.075324 0.000000 -0.999717 -0.023803 0.000000 -0.997785 -0.066519 0.063600 -0.975198 0.212000 -0.130189 -0.963398 -0.234340 0.000000 -0.975133 0.221621
0.817806 0.000000 -0.575493 0.264764 -0.945587 -0.189117 0.000000 -0.934998 -0.354654 -0.188311 -0.979217 -0.075324 0.000000 -0.999717 -0.023803 0.000000 -0.997785 -0.066519 0.063600 -0.975198 0.212000 -0.130189 -0.963398 -0.234340 0.000000 -0.975133 0.221621
0.827476 0.000000 -0.561501 0.266485 -0.951734 -0.152277 0.000000 -0.934998 -0.354654 -0.188311 -0.979217 -0.075324 0.000000 -0.999717 -0.023803 0.000000 -0.997785 -0.066519 0.063600 -0.975198 0.212000 -0.130189 -0.963398 -0.234340 0.000000 -0.975133 0.221621
0.827476 0.000000 -0.561501 0.231800 -0.965834 -0.115900 0.032225 -0.934512 -0.354470 -0.187647 -0.975763 -0.112588 0.000000 -0.999717 -0.023803 0.000000 -0.997785 -0.066519 0.042448 -0.976296 0.212238 -0.130189 -0.963398 -0.234340 0.000000 -0.975133 0.221621
0.821781 0.031607 -0.568926 0.266485 -0.951734 -0.152277 0.032225 -0.934512 -0.354470 -0.188311 -0.979217 -0.075324 0.000000 -0.999717 -0.023803 0.000000 -0.997785 -0.066519 0.042448 -0.976296 0.212238 -0.130189 -0.963398 -0.234340 0.000000 -0.975133 0.221621
