-0.470129 0.877575 -0.094026 -0.490653 0.264198 -0.830336 0.030303 -0.969697 -0.242424 -0.079181 -0.989759 -0.118771 0.063571 -0.995950 -0.063571 0.115378 -0.992249 -0.046151 0.080582 -0.966988 0.241747 -0.068006 -0.997427 -0.022669 -0.021552 -0.991370 0.129309
-0.561801 0.802572 -0.200643 -0.483475 0.185952 -0.855379 0.030303 -0.969697 -0.242424 -0.079493 -0.993661 -0.079493 0.042476 -0.998194 -0.042476 0.115378 -0.992249 -0.046151 0.080582 -0.966988 0.241747 -0.068006 -0.997427 -0.022669 -0.021552 -0.991370 0.129309
-0.645772 0.691898 -0.322886 -0.502571 0.071796 -0.861550 0.030303 -0.969697 -0.242424 -0.079493 -0.993661 -0.079493 0.000000 -0.999056 -0.043437 0.115470 -0.993042 -0.023094 0.080961 -0.971533 0.222643 -0.090513 -0.995638 -0.022628 -0.021552 -0.991370 0.129309
-0.640000 0.600000 -0.480000 -0.537431 -0.179144 -0.824061 0.030514 -0.976445 -0.213597 -0.079493 -0.993661 -0.079493 -0.022195 -0.998768 -0.044390 0.115470 -0.993042 -0.023094 0.080961 -0.971533 0.222643 -0.090513 -0.995638 -0.022628 -0.021552 -0.991370 0.129309
-0.690103 0.460069 -0.558655 -0.465773 -0.465773 -0.752403 0.030514 -0.976445 -0.213597 -0.079493 -0.993661 -0.079493 -0.045361 -0.997940 -0.045361 0.115470 -0.993042 -0.023094 0.080961 -0.971533 0.222643 -0.090513 -0.995638 -0.022628 -0.021552 -0.991370 0.129309
-0.758567 0.252856 -0.600533 -0.407307 -0.610960 -0.678844 0.031450 -0.974958 -0.220152 -0.079493 -0.993661 -0.079493 -0.046411 -0.997844 -0.046411 0.115470 -0.993042 -0.023094 0.080961 -0.971533 0.222643 -0.090513 -0.995638 -0.022628 -0.021552 -0.991370 0.129309
-0.783212 -0.027007 -0.621168 -0.336146 -0.773137 -0.537834 0.000000 -0.976900 -0.213697 -0.079493 -0.993661 -0.079493 -0.047511 -0.997740 -0.047511 0.115470 -0.993042 -0.023094 0.080961 -0.971533 0.222643 -0.090513 -0.995638 -0.022628 -0.021552 -0.991370 0.129309
-0.787250 -0.253045 -0.562322 -0.268917 -0.840366 -0.470605 0.000000 -0.975441 -0.220261 -0.114291 -0.990521 -0.076194 -0.047511 -0.997740 -0.047511 0.115470 -0.993042 -0.023094 0.080961 -0.971533 0.222643 -0.090513 -0.995638 -0.022628 -0.021101 -0.991729 0.126604
-0.764375 -0.440986 -0.470385 -0.257930 -0.870515 -0.419137 0.000000 -0.975441 -0.220261 -0.114291 -0.990521 -0.076194 -0.047511 -0.997740 -0.047511 0.115470 -0.993042 -0.023094 0.080961 -0.971533 0.222643 -0.090443 -0.994874 -0.045222 -0.042173 -0.991067 0.126519
-0.736866 -0.566820 -0.368433 -0.223950 -0.895799 -0.383914 0.000000 -0.976900 -0.213697 -0.118771 -0.989759 -0.079181 -0.047445 -0.996335 -0.071167 0.115470 -0.993042 -0.023094 0.080961 -0.971533 0.222643 -0.112795 -0.992593 -0.045118 -0.042173 -0.991067 0.126519
-0.723499 -0.578799 -0.376219 -0.204006 -0.918028 -0.340010 0.029630 -0.977805 -0.207413 -0.118771 -0.989759 -0.079181 -0.047445 -0.996335 -0.071167 0.115470 -0.993042 -0.023094 0.080961 -0.971533 0.222643 -0.112795 -0.992593 -0.045118 -0.042173 -0.991067 0.126519
-0.717532 -0.579545 -0.386363 -0.180775 -0.940032 -0.289241 0.029437 -0.971429 -0.235498 -0.118771 -0.989759 -0.079181 -0.047445 -0.996335 -0.071167 0.115470 -0.993042 -0.023094 0.080961 -0.971533 0.222643 -0.112795 -0.992593 -0.045118 -0.042173 -0.991067 0.126519
-0.703737 -0.591139 -0.394093 -0.182574 -0.949386 -0.255604 0.028618 -0.973018 -0.228946 -0.118771 -0.989759 -0.079181 -0.048593 -0.996156 -0.072889 0.115470 -0.993042 -0.023094 0.080961 -0.971533 0.222643 -0.112795 -0.992593 -0.045118 -0.063189 -0.989967 0.126379
-0.715455 -0.572364 -0.400655 -0.189117 -0.945587 -0.264764 0.028618 -0.973018 -0.228946 -0.119051 -0.992095 -0.039684 -0.024318 -0.997039 -0.072954 0.115470 -0.993042 -0.023094 0.080961 -0.971533 0.222643 -0.112795 -0.992593 -0.045118 -0.063189 -0.989967 0.126379
-0.751731 -0.481108 -0.451039 -0.152277 -0.951734 -0.266485 0.028618 -0.973018 -0.228946 -0.119051 -0.992095 -0.039684 -0.024318 -0.997039 -0.072954 0.115501 -0.993307 0.000000 0.081312 -0.975739 0.203279 -0.112795 -0.992593 -0.045118 -0.063189 -0.989967 0.126379
-0.763057 -0.410877 -0.498922 -0.156174 -0.937043 -0.312348 0.028618 -0.973018 -0.228946 -0.119051 -0.992095 -0.039684 0.000000 -0.997334 -0.072976 0.115501 -0.993307 0.000000 0.081312 -0.975739 0.203279 -0.112795 -0.992593 -0.045118 -0.063189 -0.989967 0.126379
-0.772088 -0.386044 -0.504827 -0.154189 -0.925132 -0.346925 0.028618 -0.973018 -0.228946 -0.119051 -0.992095 -0.039684 0.000000 -0.997334 -0.072976 0.138196 -0.990405 0.000000 0.061072 -0.977153 0.203574 -0.112795 -0.992593 -0.045118 -0.063189 -0.989967 0.126379
-0.743705 -0.356978 -0.565216 -0.198419 -0.912727 -0.357154 0.029437 -0.971429 -0.235498 -0.119051 -0.992095 -0.039684 0.000000 -0.997459 -0.071247 0.138196 -0.990405 0.000000 0.061072 -0.977153 0.203574 -0.112795 -0.992593 -0.045118 -0.063189 -0.989967 0.126379
-0.724616 -0.332116 -0.603847 -0.195515 -0.899371 -0.391031 0.058798 -0.970169 -0.235192 -0.157867 -0.986671 -0.039467 0.000000 -0.997575 -0.069598 0.138196 -0.990405 0.000000 0.061072 -0.977153 0.203574 -0.112795 -0.992593 -0.045118 -0.063189 -0.989967 0.126379
-0.689414 -0.299745 -0.659440 -0.163299 -0.898146 -0.408248 0.058798 -0.970169 -0.235192 -0.157991 -0.987441 0.000000 0.000000 -0.997575 -0.069598 0.138159 -0.990142 -0.023027 0.060808 -0.972929 0.222963 -0.112795 -0.992593 -0.045118 -0.063189 -0.989967 0.126379
-0.647766 -0.277614 -0.709458 -0.121070 -0.887848 -0.443924 0.056773 -0.965146 -0.255480 -0.164399 -0.986394 0.000000 0.000000 -0.997575 -0.069598 0.138159 -0.990142 -0.023027 0.060808 -0.972929 0.222963 -0.112795 -0.992593 -0.045118 -0.063189 -0.989967 0.126379
-0.560859 -0.280430 -0.778971 -0.125546 -0.878823 -0.460336 0.057166 -0.971825 -0.228665 -0.164260 -0.985562 -0.041065 0.000000 -0.997575 -0.069598 0.138159 -0.990142 -0.023027 0.060808 -0.972929 0.222963 -0.112795 -0.992593 -0.045118 -0.063189 -0.989967 0.126379
-0.555757 -0.216128 -0.802760 0.043769 -0.875376 -0.481457 0.058798 -0.970169 -0.235192 -0.157867 -0.986671 -0.039467 0.000000 -0.997575 -0.069598 0.138159 -0.990142 -0.023027 0.060808 -0.972929 0.222963 -0.112795 -0.992593 -0.045118 -0.063189 -0.989967 0.126379
-0.464606 -0.199117 -0.862840 0.085436 -0.854358 -0.512615 0.058798 -0.970169 -0.235192 -0.157500 -0.984374 -0.078750 0.000000 -0.997575 -0.069598 0.138159 -0.990142 -0.023027 0.060808 -0.972929 0.222963 -0.112795 -0.992593 -0.045118 -0.063189 -0.989967 0.126379
-0.360704 -0.163956 -0.918156 0.130312 -0.868744 -0.477809 0.030303 -0.969697 -0.242424 -0.118771 -0.989759 -0.079181 0.000000 -0.997575 -0.069598 0.138159 -0.990142 -0.023027 0.060808 -0.972929 0.222963 -0.112795 -0.992593 -0.045118 -0.063008 -0.987125 0.147019
-0.301681 -0.167600 -0.938562 0.254228 -0.847427 -0.466085 0.031220 -0.967805 -0.249756 -0.151620 -0.985527 -0.075810 0.000000 -0.997575 -0.069598 0.138159 -0.990142 -0.023027 0.060808 -0.972929 0.222963 -0.112881 -0.993352 -0.022576 -0.063008 -0.987125 0.147019
-0.187683 -0.156403 -0.969697 0.336861 -0.842152 -0.421076 0.030069 -0.962216 -0.270623 -0.151620 -0.985527 -0.075810 0.000000 -0.997575 -0.069598 0.138159 -0.990142 -0.023027 0.060808 -0.972929 0.222963 -0.112881 -0.993352 -0.022576 -0.063008 -0.987125 0.147019
0.000000 -0.159232 -0.987241 0.336861 -0.842152 -0.421076 0.061839 -0.958508 -0.278277 -0.151620 -0.985527 -0.075810 0.000000 -0.997575 -0.069598 0.138159 -0.990142 -0.023027 0.060808 -0.972929 0.222963 -0.112881 -0.993352 -0.022576 -0.063008 -0.987125 0.147019
0.199778 -0.166482 -0.965594 0.330759 -0.826898 -0.454794 0.062348 -0.966394 -0.249392 -0.151620 -0.985527 -0.075810 0.000000 -0.997575 -0.069598 0.138159 -0.990142 -0.023027 0.060808 -0.972929 0.222963 -0.112881 -0.993352 -0.022576 -0.064342 -0.986570 0.150130
0.399349 -0.085575 -0.912797 0.216371 -0.952033 -0.216371 0.062348 -0.966394 -0.249392 -0.151620 -0.985527 -0.075810 0.000000 -0.997575 -0.069598 0.138159 -0.990142 -0.023027 0.040580 -0.973929 0.223192 -0.112881 -0.993352 -0.022576 -0.064342 -0.986570 0.150130
0.536175 -0.051064 -0.842561 0.129219 -0.990680 -0.043073 0.060057 -0.960913 -0.270257 -0.151620 -0.985527 -0.075810 0.000000 -0.997575 -0.069598 0.138159 -0.990142 -0.023027 0.040580 -0.973929 0.223192 -0.112795 -0.992593 -0.045118 -0.064342 -0.986570 0.150130
0.571087 -0.049660 -0.819386 0.129339 -0.991600 0.000000 0.060057 -0.960913 -0.270257 -0.151620 -0.985527 -0.075810 0.000000 -0.997575 -0.069598 0.138159 -0.990142 -0.023027 0.040757 -0.978167 0.203785 -0.112795 -0.992593 -0.045118 -0.064121 -0.983184 0.170989
0.626962 -0.050157 -0.777433 0.129339 -0.991600 0.000000 0.061839 -0.958508 -0.278277 -0.151620 -0.985527 -0.075810 0.000000 -0.997575 -0.069598 0.138159 -0.990142 -0.023027 0.040757 -0.978167 0.203785 -0.112795 -0.992593 -0.045118 -0.064121 -0.983184 0.170989
0.606788 -0.046676 -0.793492 0.127458 -0.977176 0.169944 0.061839 -0.958508 -0.278277 -0.151620 -0.985527 -0.075810 0.000000 -0.997575 -0.069598 0.138159 -0.990142 -0.023027 0.040757 -0.978167 0.203785 -0.112795 -0.992593 -0.045118 -0.064121 -0.983184 0.170989
0.580611 -0.046449 -0.812855 0.125218 -0.960001 0.250435 0.060057 -0.960913 -0.270257 -0.151620 -0.985527 -0.075810 0.000000 -0.997575 -0.069598 0.138159 -0.990142 -0.023027 0.040757 -0.978167 0.203785 -0.112795 -0.992593 -0.045118 -0.064121 -0.983184 0.170989
0.565371 -0.023557 -0.824500 0.164122 -0.943701 0.287213 0.060523 -0.968364 -0.242091 -0.151620 -0.985527 -0.075810 0.000000 -0.997575 -0.069598 0.115470 -0.993042 -0.023094 0.061072 -0.977153 0.203574 -0.112795 -0.992593 -0.045118 -0.064121 -0.983184 0.170989
0.560143 -0.024354 -0.828038 0.159617 -0.957704 0.239426 0.060523 -0.968364 -0.242091 -0.151620 -0.985527 -0.075810 0.000000 -0.997575 -0.069598 0.115470 -0.993042 -0.023094 0.061072 -0.977153 0.203574 -0.112795 -0.992593 -0.045118 -0.064121 -0.983184 0.170989
0.560143 -0.024354 -0.828038 0.159617 -0.957704 0.239426 0.030303 -0.969697 -0.242424 -0.151620 -0.985527 -0.075810 0.000000 -0.997575 -0.069598 0.115470 -0.993042 -0.023094 0.061072 -0.977153 0.203574 -0.112795 -0.992593 -0.045118 -0.064121 -0.983184 0.170989
0.543086 -0.024686 -0.839314 0.159617 -0.957704 0.239426 0.030303 -0.969697 -0.242424 -0.151620 -0.985527 -0.075810 0.000000 -0.997575 -0.069598 0.115470 -0.993042 -0.023094 0.040757 -0.978167 0.203785 -0.112795 -0.992593 -0.045118 -0.064121 -0.983184 0.170989
0.554524 -0.025206 -0.831786 0.161034 -0.966204 0.201292 0.030303 -0.969697 -0.242424 -0.151620 -0.985527 -0.075810 0.023193 -0.997307 -0.069580 0.115470 -0.993042 -0.023094 0.040757 -0.978167 0.203785 -0.112795 -0.992593 -0.045118 -0.064121 -0.983184 0.170989
0.560648 -0.026698 -0.827624 0.163163 -0.978980 0.122373 0.030514 -0.976445 -0.213597 -0.151620 -0.985527 -0.075810 0.023193 -0.997307 -0.069580 0.115470 -0.993042 -0.023094 0.040757 -0.978167 0.203785 -0.112795 -0.992593 -0.045118 -0.064121 -0.983184 0.170989
0.573462 0.000000 -0.819232 0.163846 -0.983078 0.081923 0.031450 -0.974958 -0.220152 -0.146157 -0.986559 -0.073078 0.023193 -0.997307 -0.069580 0.115470 -0.993042 -0.023094 0.040757 -0.978167 0.203785 -0.112795 -0.992593 -0.045118 -0.064121 -0.983184 0.170989
