-0.553650 0.830474 -0.061517 -0.494451 -0.082409 -0.865290 0.029437 -0.971429 -0.235498 -0.171341 -0.985212 0.000000 0.000000 -0.999730 0.023250 0.081211 -0.994834 0.060908 0.067437 -0.966597 0.247269 -0.108034 -0.993912 0.021607 -0.043716 -0.983621 0.174866
-0.552345 0.828517 -0.092057 -0.512615 -0.085436 -0.854358 0.029437 -0.971429 -0.235498 -0.171341 -0.985212 0.000000 0.000000 -0.999730 0.023250 0.081211 -0.994834 0.060908 0.067437 -0.966597 0.247269 -0.108034 -0.993912 0.021607 -0.043716 -0.983621 0.174866
-0.597022 0.796030 -0.099504 -0.529297 -0.132324 -0.838054 0.030303 -0.969697 -0.242424 -0.164399 -0.986394 0.000000 0.000000 -0.999742 0.022721 0.081211 -0.994834 0.060908 0.089242 -0.959353 0.267726 -0.108034 -0.993912 0.021607 -0.043716 -0.983621 0.174866
-0.631233 0.764124 -0.132891 -0.492922 -0.179244 -0.851410 0.030069 -0.962216 -0.270623 -0.123929 -0.991431 -0.041310 0.000000 -0.999742 0.022721 0.081211 -0.994834 0.060908 0.089242 -0.959353 0.267726 -0.108034 -0.993912 0.021607 -0.043874 -0.987165 0.153559
-0.667761 0.699559 -0.254385 -0.459800 -0.321860 -0.827641 0.029223 -0.964352 -0.263005 -0.128861 -0.987935 -0.085907 -0.023243 -0.999460 0.023243 0.081211 -0.994834 0.060908 0.089242 -0.959353 0.267726 -0.108034 -0.993912 0.021607 -0.043874 -0.987165 0.153559
-0.694107 0.603572 -0.392322 -0.452216 -0.452216 -0.768767 0.029814 -0.954056 -0.298142 -0.123929 -0.991431 -0.041310 -0.023250 -0.999730 0.000000 0.081211 -0.994834 0.060908 0.089242 -0.959353 0.267726 -0.105762 -0.994166 0.021152 -0.022439 -0.987332 0.157075
-0.731886 0.422242 -0.534840 -0.449921 -0.584898 -0.674882 0.029814 -0.954056 -0.298142 -0.123929 -0.991431 -0.041310 -0.023796 -0.999434 -0.023796 0.081211 -0.994834 0.060908 0.089242 -0.959353 0.267726 -0.105762 -0.994166 0.021152 -0.022439 -0.987332 0.157075
-0.790452 0.218056 -0.572396 -0.378298 -0.714563 -0.588464 0.029814 -0.954056 -0.298142 -0.164260 -0.985562 -0.041065 -0.047552 -0.998586 -0.023776 0.081211 -0.994834 0.060908 0.089242 -0.959353 0.267726 -0.105762 -0.994166 0.021152 -0.022513 -0.990579 0.135079
-0.835073 -0.057591 -0.547117 -0.346844 -0.780399 -0.520266 0.030964 -0.959886 -0.278677 -0.188713 -0.981307 -0.037743 -0.048665 -0.997629 -0.048665 0.082885 -0.994618 0.062164 0.108979 -0.959018 0.261550 -0.105762 -0.994166 0.021152 -0.022513 -0.990579 0.135079
-0.824475 -0.274825 -0.494685 -0.314027 -0.824322 -0.471041 0.000000 -0.957826 -0.287348 -0.146450 -0.988540 -0.036613 -0.048665 -0.997629 -0.048665 0.082885 -0.994618 0.062164 0.108979 -0.959018 0.261550 -0.105762 -0.994166 0.021152 -0.022513 -0.990579 0.135079
-0.807114 -0.417473 -0.417473 -0.309298 -0.850569 -0.425285 0.028205 -0.958984 -0.282054 -0.212238 -0.976296 0.042448 -0.048708 -0.998516 -0.024354 0.082885 -0.994618 0.062164 0.108979 -0.959018 0.261550 -0.105786 -0.994389 0.000000 -0.022439 -0.987332 0.157075
-0.793999 -0.492827 -0.355931 -0.299392 -0.860753 -0.411665 0.000000 -0.963518 -0.267644 -0.274434 -0.960518 0.045739 -0.048665 -0.997629 -0.048665 0.082885 -0.994618 0.062164 0.108979 -0.959018 0.261550 -0.105786 -0.994389 0.000000 -0.044845 -0.986587 0.156957
-0.803557 -0.476182 -0.357137 -0.303895 -0.873698 -0.379869 0.026082 -0.965035 -0.260820 -0.328889 -0.939682 0.093968 -0.048665 -0.997629 -0.048665 0.082885 -0.994618 0.062164 0.108979 -0.959018 0.261550 -0.108059 -0.994144 0.000000 -0.043874 -0.987165 0.153559
-0.792624 -0.487769 -0.365826 -0.308148 -0.885927 -0.346667 0.000000 -0.973080 -0.230466 -0.328889 -0.939682 0.093968 -0.048665 -0.997629 -0.048665 0.082885 -0.994618 0.062164 0.108979 -0.959018 0.261550 -0.108059 -0.994144 0.000000 -0.043874 -0.987165 0.153559
-0.792624 -0.487769 -0.365826 -0.312110 -0.897315 -0.312110 0.000000 -0.971668 -0.236352 -0.314945 -0.944835 0.089984 -0.048665 -0.997629 -0.048665 0.082885 -0.994618 0.062164 0.108979 -0.959018 0.261550 -0.108059 -0.994144 0.000000 -0.043874 -0.987165 0.153559
-0.826574 -0.397980 -0.397980 -0.276268 -0.907738 -0.315735 -0.026252 -0.971333 -0.236270 -0.314945 -0.944835 0.089984 -0.048665 -0.997629 -0.048665 0.082885 -0.994618 0.062164 0.108979 -0.959018 0.261550 -0.108059 -0.994144 0.000000 -0.043874 -0.987165 0.153559
-0.843338 -0.312348 -0.437287 -0.272681 -0.895953 -0.350590 -0.026407 -0.977073 -0.211259 -0.314945 -0.944835 0.089984 -0.048665 -0.997629 -0.048665 0.082885 -0.994618 0.062164 0.108979 -0.959018 0.261550 -0.108059 -0.994144 0.000000 -0.043874 -0.987165 0.153559
-0.826574 -0.214297 -0.520435 -0.272681 -0.895953 -0.350590 0.000000 -0.979457 -0.201653 -0.315981 -0.947943 0.039498 -0.048665 -0.997629 -0.048665 0.082885 -0.994618 0.062164 0.108979 -0.959018 0.261550 -0.108059 -0.994144 0.000000 -0.043874 -0.987165 0.153559
-0.794805 -0.147186 -0.588745 -0.282497 -0.887848 -0.363210 -0.029630 -0.977805 -0.207413 -0.304555 -0.951734 0.038069 -0.048665 -0.997629 -0.048665 0.082885 -0.994618 0.062164 0.109580 -0.964300 0.241075 -0.108059 -0.994144 0.000000 -0.043874 -0.987165 0.153559
-0.781052 -0.144639 -0.607485 -0.254000 -0.889001 -0.381000 -0.030514 -0.976445 -0.213597 -0.293887 -0.955134 0.036736 -0.048665 -0.997629 -0.048665 0.103517 -0.993765 0.041407 0.087370 -0.961074 0.262111 -0.108059 -0.994144 0.000000 -0.043874 -0.987165 0.153559
-0.733078 -0.087969 -0.674432 -0.222277 -0.889108 -0.400099 -0.031654 -0.981288 -0.189927 -0.283909 -0.958194 0.035489 -0.048665 -0.997629 -0.048665 0.103517 -0.993765 0.041407 0.087370 -0.961074 0.262111 -0.108059 -0.994144 0.000000 -0.043874 -0.987165 0.153559
-0.674453 -0.061314 -0.735767 -0.226805 -0.861858 -0.453609 -0.031830 -0.986741 -0.159152 -0.284088 -0.958798 0.000000 -0.048665 -0.997629 -0.048665 0.103517 -0.993765 0.041407 0.087370 -0.961074 0.262111 -0.108059 -0.994144 0.000000 -0.043874 -0.987165 0.153559
-0.629343 -0.085819 -0.772375 -0.144171 -0.865025 -0.480569 -0.031654 -0.981288 -0.189927 -0.284088 -0.958798 0.000000 -0.048665 -0.997629 -0.048665 0.103517 -0.993765 0.041407 0.087370 -0.961074 0.262111 -0.108059 -0.994144 0.000000 -0.065732 -0.985979 0.153375
-0.544715 -0.096126 -0.833094 -0.096674 -0.870063 -0.483368 -0.031654 -0.981288 -0.189927 -0.283909 -0.958194 0.035489 -0.048665 -0.997629 -0.048665 0.103517 -0.993765 0.041407 0.087370 -0.961074 0.262111 -0.108059 -0.994144 0.000000 -0.065732 -0.985979 0.153375
-0.471672 -0.101073 -0.875962 0.049629 -0.893325 -0.446663 -0.031654 -0.981288 -0.189927 -0.293887 -0.955134 0.036736 -0.048665 -0.997629 -0.048665 0.103517 -0.993765 0.041407 0.087370 -0.961074 0.262111 -0.108059 -0.994144 0.000000 -0.065732 -0.985979 0.153375
-0.324443 -0.097333 -0.940884 0.147442 -0.884652 -0.442326 0.000000 -0.975441 -0.220261 -0.293887 -0.955134 0.036736 -0.048665 -0.997629 -0.048665 0.103517 -0.993765 0.041407 0.087854 -0.966391 0.241598 -0.108059 -0.994144 0.000000 -0.065732 -0.985979 0.153375
-0.162995 -0.130396 -0.977972 0.147442 -0.884652 -0.442326 0.000000 -0.968277 -0.249878 -0.259794 -0.964951 0.037113 -0.048665 -0.997629 -0.048665 0.103517 -0.993765 0.041407 0.087854 -0.966391 0.241598 -0.108034 -0.993912 -0.021607 -0.065497 -0.982448 0.174658
0.033962 -0.169809 -0.984892 0.150566 -0.903394 -0.401508 0.000000 -0.968277 -0.249878 -0.259794 -0.964951 0.037113 -0.048708 -0.998516 -0.024354 0.103517 -0.993765 0.041407 0.087854 -0.966391 0.241598 -0.108034 -0.993912 -0.021607 -0.065497 -0.982448 0.174658
0.188515 -0.125677 -0.973996 0.145521 -0.970143 -0.194029 0.030964 -0.959886 -0.278677 -0.259794 -0.964951 0.037113 -0.048708 -0.998516 -0.024354 0.103517 -0.993765 0.041407 0.087854 -0.966391 0.241598 -0.108034 -0.993912 -0.021607 -0.065497 -0.982448 0.174658
0.405906 -0.033826 -0.913289 0.127458 -0.977176 -0.169944 0.063119 -0.946792 -0.315597 -0.259794 -0.964951 0.037113 -0.048708 -0.998516 -0.024354 0.103517 -0.993765 0.041407 0.087854 -0.966391 0.241598 -0.108034 -0.993912 -0.021607 -0.065497 -0.982448 0.174658
0.568926 0.031607 -0.821781 0.079181 -0.989759 -0.118771 0.063119 -0.946792 -0.315597 -0.259794 -0.964951 0.037113 -0.048708 -0.998516 -0.024354 0.103517 -0.993765 0.041407 0.087854 -0.966391 0.241598 -0.108034 -0.993912 -0.021607 -0.065233 -0.978492 0.195698
0.658181 0.031342 -0.752207 0.119051 -0.992095 -0.039684 0.031607 -0.948209 -0.316070 -0.224860 -0.974391 0.000000 -0.048708 -0.998516 -0.024354 0.103517 -0.993765 0.041407 0.087854 -0.966391 0.241598 -0.108034 -0.993912 -0.021607 -0.065233 -0.978492 0.195698
0.706773 -0.030729 -0.706773 0.171184 -0.984309 0.042796 0.031607 -0.948209 -0.316070 -0.224860 -0.974391 0.000000 -0.048708 -0.998516 -0.024354 0.103517 -0.993765 0.041407 0.088302 -0.971324 0.220755 -0.108034 -0.993912 -0.021607 -0.065233 -0.978492 0.195698
0.703842 -0.095979 -0.703842 0.230633 -0.968658 0.092253 0.031607 -0.948209 -0.316070 -0.224860 -0.974391 0.000000 -0.048665 -0.997629 -0.048665 0.103517 -0.993765 0.041407 0.088302 -0.971324 0.220755 -0.108034 -0.993912 -0.021607 -0.065233 -0.978492 0.195698
0.732469 -0.127386 -0.668776 0.262111 -0.961074 0.087370 0.063119 -0.946792 -0.315597 -0.224860 -0.974391 0.000000 -0.048665 -0.997629 -0.048665 0.103517 -0.993765 0.041407 0.088302 -0.971324 0.220755 -0.108034 -0.993912 -0.021607 -0.065233 -0.978492 0.195698
0.729149 -0.158511 -0.665745 0.273576 -0.957518 0.091192 0.063119 -0.946792 -0.315597 -0.224860 -0.974391 0.000000 -0.048665 -0.997629 -0.048665 0.103517 -0.993765 0.041407 0.066340 -0.972985 0.221133 -0.108034 -0.993912 -0.021607 -0.065233 -0.978492 0.195698
0.729694 -0.165840 -0.663358 0.314945 -0.944835 0.089984 0.063119 -0.946792 -0.315597 -0.224860 -0.974391 0.000000 -0.048665 -0.997629 -0.048665 0.103517 -0.993765 0.041407 0.066340 -0.972985 0.221133 -0.108034 -0.993912 -0.021607 -0.065233 -0.978492 0.195698
0.713609 -0.169907 -0.679628 0.315906 -0.947717 0.045129 0.031911 -0.957338 -0.287202 -0.224860 -0.974391 0.000000 -0.048665 -0.997629 -0.048665 0.103517 -0.993765 0.041407 0.066340 -0.972985 0.221133 -0.108034 -0.993912 -0.021607 -0.065233 -0.978492 0.195698
0.679628 -0.169907 -0.713609 0.315906 -0.947717 0.045129 0.030964 -0.959886 -0.278677 -0.233373 -0.972387 0.000000 -0.048665 -0.997629 -0.048665 0.103517 -0.993765 0.041407 0.066340 -0.972985 0.221133 -0.108034 -0.993912 -0.021607 -0.065233 -0.978492 0.195698
0.697294 -0.166022 -0.697294 0.274434 -0.960518 0.045739 0.030069 -0.962216 -0.270623 -0.233373 -0.972387 0.000000 -0.048665 -0.997629 -0.048665 0.103517 -0.993765 0.041407 0.066340 -0.972985 0.221133 -0.108034 -0.993912 -0.021607 -0.065233 -0.978492 0.195698
0.683187 -0.136637 -0.717346 0.274434 -0.960518 0.045739 0.031220 -0.967805 -0.249756 -0.224702 -0.973708 -0.037450 -0.049875 -0.997509 -0.049875 0.103517 -0.993765 0.041407 0.066340 -0.972985 0.221133 -0.107958 -0.993217 -0.043183 -0.065233 -0.978492 0.195698
0.685994 -0.102899 -0.720294 0.262865 -0.963837 0.043811 0.031220 -0.967805 -0.249756 -0.224702 -0.973708 -0.037450 -0.049875 -0.997509 -0.049875 0.103517 -0.993765 0.041407 0.066650 -0.977536 0.199951 -0.107958 -0.993217 -0.043183 -0.065233 -0.978492 0.195698
0.667180 -0.105344 -0.737410 0.262865 -0.963837 -0.043811 0.000000 -0.968277 -0.249878 -0.224860 -0.974391 0.000000 -0.049875 -0.997509 -0.049875 0.103517 -0.993765 0.041407 0.066650 -0.977536 0.199951 -0.107958 -0.993217 -0.043183 -0.065233 -0.978492 0.195698
0.667180 -0.105344 -0.737410 0.262865 -0.963837 -0.043811 0.000000 -0.968277 -0.249878 -0.224860 -0.974391 0.000000 -0.049875 -0.997509 -0.049875 0.103517 -0.993765 0.041407 0.066650 -0.977536 0.199951 -0.107958 -0.993217 -0.043183 -0.065233 -0.978492 0.195698
0.667180 -0.105344 -0.737410 0.262865 -0.963837 -0.043811 0.000000 -0.975441 -0.220261 -0.224702 -0.973708 -0.037450 -0.024961 -0.998441 -0.049922 0.103517 -0.993765 0.041407 0.066650 -0.977536 0.199951 -0.108034 -0.993912 -0.021607 -0.065233 -0.978492 0.195698
