-0.527574 0.833012 -0.166602 -0.561801 -0.200643 -0.802572 0.088007 -0.968079 -0.234686 0.042448 -0.976296 -0.212238 -0.021734 -0.999764 0.000000 0.071247 -0.997459 0.000000 0.078206 -0.977577 0.195515 -0.112651 -0.991333 -0.067591 0.000000 -0.992278 0.124035
-0.516610 0.832317 -0.200904 -0.631055 -0.168281 -0.757266 0.088007 -0.968079 -0.234686 0.042448 -0.976296 -0.212238 -0.043437 -0.999056 0.000000 0.071247 -0.997459 0.000000 0.078206 -0.977577 0.195515 -0.112651 -0.991333 -0.067591 0.000000 -0.992278 0.124035
-0.507519 0.835914 -0.208979 -0.631055 -0.168281 -0.757266 0.058798 -0.970169 -0.235192 0.042448 -0.976296 -0.212238 -0.043427 -0.998821 0.021713 0.071247 -0.997459 0.000000 0.078206 -0.977577 0.195515 -0.112651 -0.991333 -0.067591 0.000000 -0.992278 0.124035
-0.506979 0.823842 -0.253490 -0.655386 -0.163846 -0.737309 0.058798 -0.970169 -0.235192 0.042448 -0.976296 -0.212238 -0.065064 -0.997645 0.021688 0.071227 -0.997178 -0.023742 0.077894 -0.973677 0.214209 -0.112651 -0.991333 -0.067591 0.020668 -0.992066 0.124008
-0.552718 0.780307 -0.292615 -0.626088 -0.208696 -0.751305 0.058798 -0.970169 -0.235192 0.042033 -0.966762 -0.252199 -0.065064 -0.997645 0.021688 0.071227 -0.997178 -0.023742 0.077894 -0.973677 0.214209 -0.112651 -0.991333 -0.067591 0.020668 -0.992066 0.124008
-0.617743 0.682769 -0.390154 -0.593732 -0.254457 -0.763370 0.058371 -0.963119 -0.262669 0.042448 -0.976296 -0.212238 -0.043437 -0.999056 0.000000 0.071227 -0.997178 -0.023742 0.077894 -0.973677 0.214209 -0.112651 -0.991333 -0.067591 0.020668 -0.992066 0.124008
-0.656875 0.599755 -0.456956 -0.540262 -0.457144 -0.706496 0.058371 -0.963119 -0.262669 0.000000 -0.977176 -0.212430 -0.023224 -0.998651 -0.046449 0.071247 -0.997459 0.000000 0.077894 -0.973677 0.214209 -0.112651 -0.991333 -0.067591 0.020668 -0.992066 0.124008
-0.735316 0.393919 -0.551487 -0.533396 -0.533396 -0.656488 0.058798 -0.970169 -0.235192 0.000000 -0.977176 -0.212430 -0.023193 -0.997307 -0.069580 0.071247 -0.997459 0.000000 0.077894 -0.973677 0.214209 -0.112651 -0.991333 -0.067591 0.020668 -0.992066 0.124008
-0.802159 0.138303 -0.580873 -0.497431 -0.573959 -0.650487 0.030303 -0.969697 -0.242424 -0.075324 -0.979217 -0.188311 -0.023742 -0.997178 -0.071227 0.071247 -0.997459 0.000000 0.077894 -0.973677 0.214209 -0.112651 -0.991333 -0.067591 0.020668 -0.992066 0.124008
-0.824163 -0.137361 -0.549442 -0.486513 -0.636209 -0.598785 0.031911 -0.957338 -0.287202 -0.105474 -0.984428 -0.140633 -0.023696 -0.995216 -0.094782 0.071247 -0.997459 0.000000 0.097202 -0.972020 0.213844 -0.112651 -0.991333 -0.067591 0.020668 -0.992066 0.124008
-0.822944 -0.345106 -0.451292 -0.402739 -0.732252 -0.549189 0.031911 -0.957338 -0.287202 -0.102359 -0.989467 -0.102359 -0.024268 -0.994982 -0.097071 0.094809 -0.995495 0.000000 0.097202 -0.972020 0.213844 -0.112651 -0.991333 -0.067591 0.020253 -0.992383 0.121516
-0.790452 -0.517882 -0.327084 -0.402739 -0.732252 -0.549189 0.030964 -0.959886 -0.278677 -0.131519 -0.986394 -0.098639 -0.024268 -0.994982 -0.097071 0.094782 -0.995216 0.023696 0.097202 -0.972020 0.213844 -0.112651 -0.991333 -0.067591 0.000000 -0.992586 0.121541
-0.737859 -0.628547 -0.245953 -0.399538 -0.762754 -0.508503 0.029223 -0.964352 -0.263005 -0.140633 -0.984428 -0.105474 -0.024268 -0.994982 -0.097071 -0.024318 -0.997039 -0.072954 0.097202 -0.972020 0.213844 -0.112651 -0.991333 -0.067591 0.000000 -0.992586 0.121541
-0.729730 -0.648649 -0.216216 -0.359675 -0.827253 -0.431610 0.028205 -0.958984 -0.282054 -0.181608 -0.980684 -0.072643 -0.024268 -0.994982 -0.097071 -0.024318 -0.997039 -0.072954 0.097202 -0.972020 0.213844 -0.112651 -0.991333 -0.067591 -0.020253 -0.992383 0.121516
-0.716335 -0.659028 -0.229227 -0.396155 -0.828325 -0.396155 0.028205 -0.958984 -0.282054 -0.181608 -0.980684 -0.072643 -0.024268 -0.994982 -0.097071 0.047565 -0.998868 0.000000 0.097202 -0.972020 0.213844 -0.112651 -0.991333 -0.067591 -0.020253 -0.992383 0.121516
-0.748691 -0.628900 -0.209633 -0.384606 -0.839140 -0.384606 0.027661 -0.968122 -0.248946 -0.195515 -0.977577 -0.078206 -0.024318 -0.997039 -0.072954 0.071247 -0.997459 0.000000 0.097202 -0.972020 0.213844 -0.112651 -0.991333 -0.067591 -0.020253 -0.992383 0.121516
-0.772988 -0.579741 -0.257663 -0.358979 -0.861550 -0.358979 0.053819 -0.968736 -0.242184 -0.157867 -0.986671 -0.039467 -0.024318 -0.997039 -0.072954 0.071247 -0.997459 0.000000 0.097202 -0.972020 0.213844 -0.112651 -0.991333 -0.067591 -0.040481 -0.991773 0.121442
-0.795948 -0.519096 -0.311458 -0.358979 -0.861550 -0.358979 0.053819 -0.968736 -0.242184 -0.157867 -0.986671 -0.039467 -0.023742 -0.997178 -0.071227 0.071247 -0.997459 0.000000 0.097202 -0.972020 0.213844 -0.112651 -0.991333 -0.067591 -0.040481 -0.991773 0.121442
-0.803863 -0.438470 -0.401931 -0.370370 -0.851852 -0.370370 0.052450 -0.970330 -0.236026 -0.164260 -0.985562 -0.041065 -0.023776 -0.998586 -0.047552 0.071247 -0.997459 0.000000 0.097202 -0.972020 0.213844 -0.112651 -0.991333 -0.067591 -0.040481 -0.991773 0.121442
-0.787044 -0.342193 -0.513289 -0.370370 -0.851852 -0.370370 0.052450 -0.970330 -0.236026 -0.164260 -0.985562 -0.041065 -0.023776 -0.998586 -0.047552 0.094809 -0.995495 0.000000 0.097202 -0.972020 0.213844 -0.112651 -0.991333 -0.067591 -0.040481 -0.991773 0.121442
-0.780307 -0.292615 -0.552718 -0.354100 -0.865578 -0.354100 0.053819 -0.968736 -0.242184 -0.164260 -0.985562 -0.041065 -0.023776 -0.998586 -0.047552 0.092623 -0.995701 0.000000 0.097202 -0.972020 0.213844 -0.112651 -0.991333 -0.067591 -0.040481 -0.991773 0.121442
-0.738105 -0.288824 -0.609739 -0.283190 -0.849569 -0.445012 0.052450 -0.970330 -0.236026 -0.178707 -0.982888 -0.044677 -0.023776 -0.998586 -0.047552 0.094809 -0.995495 0.000000 0.097202 -0.972020 0.213844 -0.134806 -0.988577 -0.067403 -0.020253 -0.992383 0.121516
-0.715266 -0.248788 -0.653069 -0.206372 -0.866763 -0.454019 0.052450 -0.970330 -0.236026 -0.178707 -0.982888 -0.044677 -0.023776 -0.998586 -0.047552 0.094782 -0.995216 0.023696 0.097202 -0.972020 0.213844 -0.134568 -0.986835 -0.089712 -0.020253 -0.992383 0.121516
-0.647150 -0.184900 -0.739600 -0.132973 -0.886484 -0.443242 0.057166 -0.971825 -0.228665 -0.157500 -0.984374 -0.078750 -0.023776 -0.998586 -0.047552 0.094570 -0.992988 0.070928 0.097202 -0.972020 0.213844 -0.137613 -0.986228 -0.091742 -0.019854 -0.992681 0.119122
-0.618450 -0.176700 -0.765700 0.000000 -0.894427 -0.447214 0.090577 -0.966155 -0.241539 -0.181608 -0.980684 -0.072643 -0.023776 -0.998586 -0.047552 0.094386 -0.991051 0.094386 0.097202 -0.972020 0.213844 -0.137613 -0.986228 -0.091742 -0.019854 -0.992681 0.119122
-0.492366 -0.123091 -0.861640 0.042033 -0.924729 -0.378298 0.060943 -0.975084 -0.213300 -0.145671 -0.983282 -0.109254 -0.023776 -0.998586 -0.047552 0.094386 -0.991051 0.094386 0.097202 -0.972020 0.213844 -0.137613 -0.986228 -0.091742 -0.019854 -0.992681 0.119122
-0.427900 -0.164577 -0.888716 0.130189 -0.911322 -0.390567 0.062807 -0.973515 -0.219826 -0.140633 -0.984428 -0.105474 -0.023776 -0.998586 -0.047552 0.117688 -0.988577 0.094150 0.097202 -0.972020 0.213844 -0.137613 -0.986228 -0.091742 -0.019854 -0.992681 0.119122
-0.289241 -0.180775 -0.940032 0.213785 -0.897895 -0.384812 0.066890 -0.969905 -0.234115 -0.141069 -0.987484 -0.070535 -0.023776 -0.998586 -0.047552 0.117688 -0.988577 0.094150 0.097202 -0.972020 0.213844 -0.137867 -0.988049 -0.068934 -0.019854 -0.992681 0.119122
-0.138343 -0.207514 -0.968400 0.254000 -0.889001 -0.381000 0.066336 -0.961869 -0.265343 -0.141069 -0.987484 -0.070535 -0.023776 -0.998586 -0.047552 0.117917 -0.990500 0.070750 0.097202 -0.972020 0.213844 -0.137867 -0.988049 -0.068934 -0.019854 -0.992681 0.119122
0.069130 -0.241955 -0.967822 0.244745 -0.897399 -0.367118 0.068519 -0.959264 -0.274075 -0.141069 -0.987484 -0.070535 -0.023776 -0.998586 -0.047552 0.094782 -0.995216 0.023696 0.097202 -0.972020 0.213844 -0.137867 -0.988049 -0.068934 -0.019854 -0.992681 0.119122
0.198571 -0.198571 -0.959760 0.296334 -0.931334 -0.211667 0.070844 -0.956389 -0.283375 -0.136320 -0.988317 -0.068160 -0.023776 -0.998586 -0.047552 0.071227 -0.997178 -0.023742 0.097590 -0.975900 0.195180 -0.137867 -0.988049 -0.068934 -0.019803 -0.990148 0.138621
0.365220 -0.084282 -0.927098 0.195965 -0.979827 -0.039193 0.070844 -0.956389 -0.283375 -0.135926 -0.985460 -0.101944 -0.023776 -0.998586 -0.047552 0.071167 -0.996335 -0.047445 0.097590 -0.975900 0.195180 -0.137867 -0.988049 -0.068934 -0.019803 -0.990148 0.138621
0.498792 -0.026252 -0.866324 0.188847 -0.982006 0.000000 0.068519 -0.959264 -0.274075 -0.140633 -0.984428 -0.105474 -0.023742 -0.997178 -0.071227 0.047511 -0.997740 -0.047511 0.078206 -0.977577 0.195515 -0.137867 -0.988049 -0.068934 -0.020199 -0.989748 0.141393
0.560050 -0.053338 -0.826740 0.233197 -0.971653 0.038866 0.068519 -0.959264 -0.274075 -0.140633 -0.984428 -0.105474 -0.023742 -0.997178 -0.071227 0.071167 -0.996335 -0.047445 0.078206 -0.977577 0.195515 -0.137867 -0.988049 -0.068934 -0.020199 -0.989748 0.141393
0.560050 -0.053338 -0.826740 0.241747 -0.966988 0.080582 0.068519 -0.959264 -0.274075 -0.141069 -0.987484 -0.070535 -0.023742 -0.997178 -0.071227 0.071227 -0.997178 -0.023742 0.078206 -0.977577 0.195515 -0.137867 -0.988049 -0.068934 -0.020199 -0.989748 0.141393
0.590511 -0.053683 -0.805242 0.239426 -0.957704 0.159617 0.068519 -0.959264 -0.274075 -0.146157 -0.986559 -0.073078 0.000000 -0.997459 -0.071247 0.094782 -0.995216 -0.023696 0.078206 -0.977577 0.195515 -0.115225 -0.990931 -0.069135 -0.020199 -0.989748 0.141393
0.607582 -0.052833 -0.792498 0.239426 -0.957704 0.159617 0.069130 -0.967822 -0.241955 -0.146157 -0.986559 -0.073078 0.000000 -0.997459 -0.071247 0.092623 -0.995701 0.000000 0.078206 -0.977577 0.195515 -0.115225 -0.990931 -0.069135 -0.020137 -0.986733 0.161099
0.611378 -0.050948 -0.789697 0.237729 -0.950915 0.198107 0.069130 -0.967822 -0.241955 -0.146157 -0.986559 -0.073078 0.000000 -0.997459 -0.071247 0.092623 -0.995701 0.000000 0.078206 -0.977577 0.195515 -0.115225 -0.990931 -0.069135 -0.020137 -0.986733 0.161099
0.623850 -0.051988 -0.779813 0.237729 -0.950915 0.198107 0.064282 -0.964237 -0.257130 -0.146157 -0.986559 -0.073078 0.000000 -0.997459 -0.071247 0.094782 -0.995216 0.023696 0.078206 -0.977577 0.195515 -0.115225 -0.990931 -0.069135 -0.020137 -0.986733 0.161099
0.636670 -0.053056 -0.769309 0.201292 -0.966204 0.161034 0.062348 -0.966394 -0.249392 -0.146157 -0.986559 -0.073078 0.000000 -0.997459 -0.071247 0.094782 -0.995216 0.023696 0.078206 -0.977577 0.195515 -0.115225 -0.990931 -0.069135 -0.020137 -0.986733 0.161099
0.624484 -0.026020 -0.780604 0.199840 -0.959233 0.199840 0.062807 -0.973515 -0.219826 -0.146157 -0.986559 -0.073078 0.000000 -0.997459 -0.071247 0.094782 -0.995216 0.023696 0.078206 -0.977577 0.195515 -0.115378 -0.992249 -0.046151 -0.020199 -0.989748 0.141393
0.624484 -0.026020 -0.780604 0.199840 -0.959233 0.199840 0.060943 -0.975084 -0.213300 -0.146157 -0.986559 -0.073078 0.000000 -0.997459 -0.071247 0.071247 -0.997459 0.000000 0.058948 -0.982472 0.176845 -0.115378 -0.992249 -0.046151 -0.020199 -0.989748 0.141393
0.608219 -0.026444 -0.793329 0.199840 -0.959233 0.199840 0.091203 -0.972829 -0.212806 -0.146157 -0.986559 -0.073078 0.000000 -0.997459 -0.071247 0.071227 -0.997178 -0.023742 0.058948 -0.982472 0.176845 -0.115378 -0.992249 -0.046151 -0.020199 -0.989748 0.141393
0.608219 -0.026444 -0.793329 0.199840 -0.959233 0.199840 0.090577 -0.966155 -0.241539 -0.146157 -0.986559 -0.073078 0.000000 -0.997459 -0.071247 0.071247 -0.997459 0.000000 0.058948 -0.982472 0.176845 -0.115378 -0.992249 -0.046151 -0.020199 -0.989748 0.141393
0.591150 -0.026870 -0.806114 0.201292 -0.966204 0.161034 0.090577 -0.966155 -0.241539 -0.146157 -0.986559 -0.073078 0.000000 -0.997459 -0.071247 0.071227 -0.997178 -0.023742 0.058948 -0.982472 0.176845 -0.115378 -0.992249 -0.046151 -0.020199 -0.989748 0.141393
0.604159 -0.027462 -0.796391 0.202444 -0.971732 0.121466 0.091203 -0.972829 -0.212806 -0.146157 -0.986559 -0.073078 0.023742 -0.997178 -0.071227 0.071227 -0.997178 -0.023742 0.058948 -0.982472 0.176845 -0.115378 -0.992249 -0.046151 -0.040373 -0.989142 0.141306
0.572609 -0.054534 -0.818013 0.202444 -0.971732 0.121466 0.091203 -0.972829 -0.212806 -0.146157 -0.986559 -0.073078 0.023742 -0.997178 -0.071227 0.071227 -0.997178 -0.023742 0.058948 -0.982472 0.176845 -0.115378 -0.992249 -0.046151 -0.040373 -0.989142 0.141306
0.551318 -0.110264 -0.826977 0.202444 -0.971732 0.121466 0.090577 -0.966155 -0.241539 -0.146157 -0.986559 -0.073078 0.023742 -0.997178 -0.071227 0.071227 -0.997178 -0.023742 0.058948 -0.982472 0.176845 -0.115470 -0.993042 -0.023094 -0.040373 -0.989142 0.141306
