-0.488915 0.865004 -0.112827 -0.668503 0.037139 -0.742781 0.030303 -0.969697 -0.242424 -0.075324 -0.979217 -0.188311 -0.045396 -0.998711 0.022698 0.115470 -0.993042 -0.023094 0.135470 -0.967641 0.212881 -0.094703 -0.994379 -0.047351 0.000000 -0.992877 0.119145
-0.515889 0.833360 -0.198419 -0.685745 0.076194 -0.723842 0.030303 -0.969697 -0.242424 -0.078206 -0.977577 -0.195515 -0.045396 -0.998711 0.022698 0.115470 -0.993042 -0.023094 0.135470 -0.967641 0.212881 -0.094703 -0.994379 -0.047351 0.000000 -0.992877 0.119145
-0.592943 0.767338 -0.244153 -0.643614 -0.040226 -0.764292 0.030303 -0.969697 -0.242424 -0.109254 -0.983282 -0.145671 -0.045396 -0.998711 0.022698 0.115470 -0.993042 -0.023094 0.135470 -0.967641 0.212881 -0.094703 -0.994379 -0.047351 0.000000 -0.995037 0.099504
-0.669840 0.669840 -0.320358 -0.586911 -0.293455 -0.754599 0.030303 -0.969697 -0.242424 -0.105474 -0.984428 -0.140633 -0.068006 -0.997427 0.022669 0.115470 -0.993042 -0.023094 0.135470 -0.967641 0.212881 -0.094703 -0.994379 -0.047351 0.000000 -0.995037 0.099504
-0.730531 0.568190 -0.378794 -0.540262 -0.457144 -0.706496 0.030303 -0.969697 -0.242424 -0.105474 -0.984428 -0.140633 -0.046461 -0.998920 0.000000 0.115470 -0.993042 -0.023094 0.135470 -0.967641 0.212881 -0.094703 -0.994379 -0.047351 0.000000 -0.995037 0.099504
-0.771262 0.462757 -0.437048 -0.457164 -0.647648 -0.609551 0.030069 -0.962216 -0.270623 -0.140633 -0.984428 -0.105474 -0.046461 -0.998920 0.000000 0.115470 -0.993042 -0.023094 0.135470 -0.967641 0.212881 -0.094703 -0.994379 -0.047351 0.000000 -0.995037 0.099504
-0.835763 0.235058 -0.496234 -0.422452 -0.729691 -0.537667 0.063725 -0.955879 -0.286764 -0.174821 -0.978997 -0.104893 -0.047565 -0.998868 0.000000 0.115470 -0.993042 -0.023094 0.135470 -0.967641 0.212881 -0.094703 -0.994379 -0.047351 0.000000 -0.995037 0.099504
-0.868680 -0.081439 -0.488633 -0.410803 -0.746914 -0.522840 0.063725 -0.955879 -0.286764 -0.140633 -0.984428 -0.105474 -0.047552 -0.998586 -0.023776 0.115470 -0.993042 -0.023094 0.135470 -0.967641 0.212881 -0.094703 -0.994379 -0.047351 0.000000 -0.995037 0.099504
-0.834622 -0.389490 -0.389490 -0.379049 -0.758098 -0.530669 0.065724 -0.952999 -0.295758 -0.135926 -0.985460 -0.101944 -0.024376 -0.999406 -0.024376 0.115470 -0.993042 -0.023094 0.135470 -0.967641 0.212881 -0.094703 -0.994379 -0.047351 0.000000 -0.995037 0.099504
-0.785795 -0.541928 -0.298060 -0.370625 -0.815374 -0.444750 0.060057 -0.960913 -0.270257 -0.151620 -0.985527 -0.075810 -0.024376 -0.999406 -0.024376 0.115470 -0.993042 -0.023094 0.135470 -0.967641 0.212881 -0.094703 -0.994379 -0.047351 0.000000 -0.995037 0.099504
-0.712128 -0.657349 -0.246506 -0.396155 -0.828325 -0.396155 0.058371 -0.963119 -0.262669 -0.157500 -0.984374 -0.078750 -0.024376 -0.999406 -0.024376 0.115470 -0.993042 -0.023094 0.135470 -0.967641 0.212881 -0.094703 -0.994379 -0.047351 0.000000 -0.995037 0.099504
-0.702902 -0.674786 -0.224929 -0.358979 -0.861550 -0.358979 0.084348 -0.955947 -0.281161 -0.203785 -0.978167 -0.040757 -0.024376 -0.999406 -0.024376 0.115470 -0.993042 -0.023094 0.135470 -0.967641 0.212881 -0.094703 -0.994379 -0.047351 -0.019897 -0.994840 0.099484
-0.695375 -0.695375 -0.181402 -0.358979 -0.861550 -0.358979 0.082138 -0.958275 -0.273793 -0.203785 -0.978167 -0.040757 -0.024376 -0.999406 -0.024376 0.115470 -0.993042 -0.023094 0.135470 -0.967641 0.212881 -0.094703 -0.994379 -0.047351 -0.019897 -0.994840 0.099484
-0.698149 -0.698149 -0.158670 -0.352235 -0.880587 -0.317011 0.082138 -0.958275 -0.273793 -0.203785 -0.978167 -0.040757 -0.024376 -0.999406 -0.024376 0.115470 -0.993042 -0.023094 0.135470 -0.967641 0.212881 -0.094703 -0.994379 -0.047351 -0.019897 -0.994840 0.099484
-0.697294 -0.697294 -0.166022 -0.352235 -0.880587 -0.317011 0.054861 -0.960076 -0.274307 -0.164260 -0.985562 -0.041065 -0.024376 -0.999406 -0.024376 0.115470 -0.993042 -0.023094 0.135470 -0.967641 0.212881 -0.094703 -0.994379 -0.047351 -0.039770 -0.994250 0.099425
-0.725433 -0.656344 -0.207267 -0.359443 -0.898606 -0.251610 0.056344 -0.957841 -0.281718 -0.157867 -0.986671 -0.039467 -0.024376 -0.999406 -0.024376 0.115470 -0.993042 -0.023094 0.135470 -0.967641 0.212881 -0.094703 -0.994379 -0.047351 -0.039770 -0.994250 0.099425
-0.741999 -0.635999 -0.212000 -0.359443 -0.898606 -0.251610 0.054861 -0.960076 -0.274307 -0.157867 -0.986671 -0.039467 0.000000 -0.999703 -0.024383 0.115470 -0.993042 -0.023094 0.135470 -0.967641 0.212881 -0.094703 -0.994379 -0.047351 -0.039770 -0.994250 0.099425
-0.758761 -0.614235 -0.216789 -0.359443 -0.898606 -0.251610 0.054861 -0.960076 -0.274307 -0.157867 -0.986671 -0.039467 0.000000 -0.999703 -0.024383 0.115470 -0.993042 -0.023094 0.135470 -0.967641 0.212881 -0.094703 -0.994379 -0.047351 -0.039770 -0.994250 0.099425
-0.768865 -0.585802 -0.256288 -0.359443 -0.898606 -0.251610 0.054861 -0.960076 -0.274307 -0.157867 -0.986671 -0.039467 0.000000 -0.999703 -0.024383 0.115470 -0.993042 -0.023094 0.135470 -0.967641 0.212881 -0.094703 -0.994379 -0.047351 -0.039770 -0.994250 0.099425
-0.773137 -0.537834 -0.336146 -0.359443 -0.898606 -0.251610 0.055258 -0.967013 -0.248661 -0.157500 -0.984374 -0.078750 0.000000 -0.999703 -0.024383 0.115470 -0.993042 -0.023094 0.135470 -0.967641 0.212881 -0.094703 -0.994379 -0.047351 -0.039770 -0.994250 0.099425
-0.764316 -0.541390 -0.350311 -0.338719 -0.903252 -0.263448 0.028421 -0.966315 -0.255789 -0.151620 -0.985527 -0.075810 0.000000 -0.999703 -0.024383 0.115470 -0.993042 -0.023094 0.135470 -0.967641 0.212881 -0.094703 -0.994379 -0.047351 -0.039770 -0.994250 0.099425
-0.743311 -0.473016 -0.473016 -0.338719 -0.903252 -0.263448 0.028421 -0.966315 -0.255789 -0.151620 -0.985527 -0.075810 0.000000 -0.999703 -0.024383 0.115470 -0.993042 -0.023094 0.135470 -0.967641 0.212881 -0.094703 -0.994379 -0.047351 -0.039770 -0.994250 0.099425
-0.726735 -0.449884 -0.519096 -0.335178 -0.893807 -0.297936 0.028421 -0.966315 -0.255789 -0.151620 -0.985527 -0.075810 0.000000 -1.000000 0.000000 0.115470 -0.993042 -0.023094 0.135470 -0.967641 0.212881 -0.094703 -0.994379 -0.047351 -0.039770 -0.994250 0.099425
-0.729694 -0.431183 -0.530687 -0.282497 -0.887848 -0.363210 0.029223 -0.964352 -0.263005 -0.151620 -0.985527 -0.075810 0.000000 -1.000000 0.000000 0.115470 -0.993042 -0.023094 0.135470 -0.967641 0.212881 -0.094703 -0.994379 -0.047351 -0.039770 -0.994250 0.099425
-0.737851 -0.338182 -0.584132 -0.125218 -0.918262 -0.375653 0.029223 -0.964352 -0.263005 -0.151620 -0.985527 -0.075810 0.000000 -0.999703 -0.024383 0.115470 -0.993042 -0.023094 0.135470 -0.967641 0.212881 -0.094703 -0.994379 -0.047351 -0.039770 -0.994250 0.099425
-0.696331 -0.333028 -0.635780 -0.043727 -0.918266 -0.393543 0.029437 -0.971429 -0.235498 -0.151620 -0.985527 -0.075810 0.000000 -0.999703 -0.024383 0.115470 -0.993042 -0.023094 0.135470 -0.967641 0.212881 -0.094703 -0.994379 -0.047351 -0.039770 -0.994250 0.099425
-0.678280 -0.282617 -0.678280 0.087204 -0.915644 -0.392419 0.030303 -0.969697 -0.242424 -0.151620 -0.985527 -0.075810 0.000000 -0.999688 -0.024992 0.115470 -0.993042 -0.023094 0.136006 -0.971469 0.194294 -0.094703 -0.994379 -0.047351 -0.039770 -0.994250 0.099425
-0.654477 -0.256100 -0.711388 0.213785 -0.897895 -0.384812 0.031220 -0.967805 -0.249756 -0.146157 -0.986559 -0.073078 0.000000 -0.999688 -0.024992 0.115470 -0.993042 -0.023094 0.116863 -0.973862 0.194772 -0.094703 -0.994379 -0.047351 -0.039770 -0.994250 0.099425
-0.572611 -0.241100 -0.783573 0.292941 -0.878823 -0.376638 0.031450 -0.974958 -0.220152 -0.145671 -0.983282 -0.109254 0.000000 -0.999688 -0.024992 0.115470 -0.993042 -0.023094 0.116863 -0.973862 0.194772 -0.094703 -0.994379 -0.047351 -0.039770 -0.994250 0.099425
-0.453504 -0.291539 -0.842223 0.297402 -0.892205 -0.339887 0.031450 -0.974958 -0.220152 -0.145671 -0.983282 -0.109254 0.000000 -0.999703 -0.024383 0.115470 -0.993042 -0.023094 0.116863 -0.973862 0.194772 -0.094703 -0.994379 -0.047351 -0.039770 -0.994250 0.099425
-0.310900 -0.310900 -0.898155 0.330477 -0.867502 -0.371787 0.031450 -0.974958 -0.220152 -0.151620 -0.985527 -0.075810 0.000000 -0.999703 -0.024383 0.115470 -0.993042 -0.023094 0.116863 -0.973862 0.194772 -0.094703 -0.994379 -0.047351 -0.039770 -0.994250 0.099425
-0.094444 -0.314814 -0.944443 0.343947 -0.902861 -0.257960 0.032191 -0.965734 -0.257529 -0.146157 -0.986559 -0.073078 0.000000 -0.999703 -0.024383 0.115470 -0.993042 -0.023094 0.116863 -0.973862 0.194772 -0.094703 -0.994379 -0.047351 -0.039684 -0.992095 0.119051
0.065060 -0.325300 -0.943370 0.347498 -0.912182 -0.217186 0.032191 -0.965734 -0.257529 -0.146157 -0.986559 -0.073078 0.000000 -0.999703 -0.024383 0.115470 -0.993042 -0.023094 0.117287 -0.977391 0.175930 -0.094703 -0.994379 -0.047351 -0.039684 -0.992095 0.119051
0.278677 -0.340605 -0.897958 0.270226 -0.945792 -0.180151 0.032191 -0.965734 -0.257529 -0.146157 -0.986559 -0.073078 0.000000 -0.999703 -0.024383 0.115470 -0.993042 -0.023094 0.117287 -0.977391 0.175930 -0.094703 -0.994379 -0.047351 -0.039684 -0.992095 0.119051
0.415191 -0.296565 -0.860038 0.178707 -0.982888 -0.044677 0.064786 -0.971795 -0.226752 -0.145671 -0.983282 -0.109254 0.000000 -1.000000 0.000000 0.115470 -0.993042 -0.023094 0.117287 -0.977391 0.175930 -0.094703 -0.994379 -0.047351 -0.019854 -0.992681 0.119122
0.451466 -0.282166 -0.846499 0.178707 -0.982888 0.044677 0.064282 -0.964237 -0.257130 -0.145671 -0.983282 -0.109254 0.000000 -1.000000 0.000000 0.115470 -0.993042 -0.023094 0.117287 -0.977391 0.175930 -0.094703 -0.994379 -0.047351 -0.019854 -0.992681 0.119122
0.490079 -0.217813 -0.844026 0.163163 -0.978980 0.122373 0.062348 -0.966394 -0.249392 -0.145671 -0.983282 -0.109254 0.000000 -1.000000 0.000000 0.115470 -0.993042 -0.023094 0.117287 -0.977391 0.175930 -0.094703 -0.994379 -0.047351 -0.019854 -0.992681 0.119122
0.499137 -0.210163 -0.840651 0.162221 -0.973329 0.162221 0.062348 -0.966394 -0.249392 -0.146157 -0.986559 -0.073078 0.000000 -1.000000 0.000000 0.115470 -0.993042 -0.023094 0.097945 -0.979451 0.176301 -0.094703 -0.994379 -0.047351 -0.019854 -0.992681 0.119122
0.513139 -0.189051 -0.837227 0.161034 -0.966204 0.201292 0.062348 -0.966394 -0.249392 -0.146157 -0.986559 -0.073078 0.000000 -1.000000 0.000000 0.115470 -0.993042 -0.023094 0.097945 -0.979451 0.176301 -0.094703 -0.994379 -0.047351 -0.019803 -0.990148 0.138621
0.524950 -0.193403 -0.828868 0.161034 -0.966204 0.201292 0.062807 -0.973515 -0.219826 -0.145671 -0.983282 -0.109254 0.000000 -1.000000 0.000000 0.115470 -0.993042 -0.023094 0.097945 -0.979451 0.176301 -0.094703 -0.994379 -0.047351 -0.019803 -0.990148 0.138621
0.537186 -0.197911 -0.819916 0.159617 -0.957704 0.239426 0.062807 -0.973515 -0.219826 -0.145671 -0.983282 -0.109254 0.000000 -1.000000 0.000000 0.115470 -0.993042 -0.023094 0.097945 -0.979451 0.176301 -0.094703 -0.994379 -0.047351 -0.019803 -0.990148 0.138621
0.549859 -0.202580 -0.810319 0.125218 -0.960001 0.250435 0.031450 -0.974958 -0.220152 -0.110133 -0.991201 -0.073422 0.000000 -1.000000 0.000000 0.115470 -0.993042 -0.023094 0.097945 -0.979451 0.176301 -0.094703 -0.994379 -0.047351 -0.019803 -0.990148 0.138621
0.549859 -0.202580 -0.810319 0.126435 -0.969334 0.210725 0.031450 -0.974958 -0.220152 -0.110133 -0.991201 -0.073422 0.000000 -1.000000 0.000000 0.115470 -0.993042 -0.023094 0.097945 -0.979451 0.176301 -0.094703 -0.994379 -0.047351 -0.019803 -0.990148 0.138621
0.537186 -0.197911 -0.819916 0.125218 -0.960001 0.250435 0.031654 -0.981288 -0.189927 -0.109764 -0.987878 -0.109764 0.000000 -1.000000 0.000000 0.115470 -0.993042 -0.023094 0.097945 -0.979451 0.176301 -0.094703 -0.994379 -0.047351 -0.019803 -0.990148 0.138621
0.537186 -0.197911 -0.819916 0.125218 -0.960001 0.250435 0.031450 -0.974958 -0.220152 -0.109764 -0.987878 -0.109764 0.000000 -1.000000 0.000000 0.115470 -0.993042 -0.023094 0.097945 -0.979451 0.176301 -0.094703 -0.994379 -0.047351 -0.019803 -0.990148 0.138621
0.516610 -0.200904 -0.832317 0.125218 -0.960001 0.250435 0.031450 -0.974958 -0.220152 -0.109764 -0.987878 -0.109764 0.000000 -1.000000 0.000000 0.115470 -0.993042 -0.023094 0.097945 -0.979451 0.176301 -0.094703 -0.994379 -0.047351 -0.019803 -0.990148 0.138621
0.495099 -0.203864 -0.844581 0.165948 -0.954201 0.248922 0.031450 -0.974958 -0.220152 -0.109764 -0.987878 -0.109764 0.000000 -1.000000 0.000000 0.115470 -0.993042 -0.023094 0.098266 -0.982662 0.157226 -0.094703 -0.994379 -0.047351 -0.019803 -0.990148 0.138621
0.491979 -0.231520 -0.839259 0.167542 -0.963364 0.209427 0.031450 -0.974958 -0.220152 -0.109764 -0.987878 -0.109764 0.000000 -1.000000 0.000000 0.115470 -0.993042 -0.023094 0.098266 -0.982662 0.157226 -0.094703 -0.994379 -0.047351 -0.020199 -0.989748 0.141393
0.477032 -0.252546 -0.841820 0.168880 -0.971061 0.168880 0.062807 -0.973515 -0.219826 -0.109764 -0.987878 -0.109764 0.000000 -1.000000 0.000000 0.115470 -0.993042 -0.023094 0.098266 -0.982662 0.157226 -0.094703 -0.994379 -0.047351 -0.020199 -0.989748 0.141393
