-0.651584 0.473879 -0.592349 -0.652078 0.068640 -0.755038 0.033501 -0.971537 -0.234509 -0.131812 -0.966625 -0.219687 -0.046449 -0.998651 -0.023224 0.023796 -0.999434 -0.023796 0.057375 -0.956248 0.286875 -0.118180 -0.992711 0.023636 0.020970 -0.985604 0.167762
-0.665640 0.499230 -0.554700 -0.632846 0.035158 -0.773479 0.000000 -0.972082 -0.234641 -0.126435 -0.969334 -0.210725 -0.046449 -0.998651 -0.023224 0.023796 -0.999434 -0.023796 0.057375 -0.956248 0.286875 -0.118180 -0.992711 0.023636 0.020970 -0.985604 0.167762
-0.685994 0.514496 -0.514496 -0.615947 0.034219 -0.787044 0.000000 -0.979260 -0.202606 -0.126435 -0.969334 -0.210725 -0.046449 -0.998651 -0.023224 0.023796 -0.999434 -0.023796 0.038285 -0.957124 0.287137 -0.118180 -0.992711 0.023636 0.020970 -0.985604 0.167762
-0.665640 0.554700 -0.499230 -0.616308 0.000000 -0.787505 0.000000 -0.972082 -0.234641 -0.127458 -0.977176 -0.169944 -0.046449 -0.998651 -0.023224 0.023796 -0.999434 -0.023796 0.038285 -0.957124 0.287137 -0.118180 -0.992711 0.023636 0.020970 -0.985604 0.167762
-0.665640 0.554700 -0.499230 -0.616308 0.000000 -0.787505 0.000000 -0.972082 -0.234641 -0.127458 -0.977176 -0.169944 -0.046449 -0.998651 -0.023224 0.023796 -0.999434 -0.023796 0.038490 -0.962250 0.269430 -0.118180 -0.992711 0.023636 0.020970 -0.985604 0.167762
-0.685583 0.538672 -0.489702 -0.592943 -0.069758 -0.802217 0.000000 -0.972082 -0.234641 -0.127458 -0.977176 -0.169944 -0.046449 -0.998651 -0.023224 0.023796 -0.999434 -0.023796 0.038490 -0.962250 0.269430 -0.118180 -0.992711 0.023636 0.020970 -0.985604 0.167762
-0.692636 0.461757 -0.554109 -0.594737 -0.132164 -0.792982 0.000000 -0.972082 -0.234641 -0.122373 -0.978980 -0.163163 -0.046449 -0.998651 -0.023224 0.023796 -0.999434 -0.023796 0.038490 -0.962250 0.269430 -0.118180 -0.992711 0.023636 0.020970 -0.985604 0.167762
-0.782609 0.260870 -0.565217 -0.607471 -0.168742 -0.776212 0.000000 -0.979260 -0.202606 -0.112588 -0.975763 -0.187647 -0.046411 -0.997844 -0.046411 0.023796 -0.999434 -0.023796 0.038490 -0.962250 0.269430 -0.118180 -0.992711 0.023636 0.020970 -0.985604 0.167762
-0.813125 0.171184 -0.556349 -0.632631 -0.332964 -0.699224 0.000000 -0.963993 -0.265929 -0.122373 -0.978980 -0.163163 -0.023193 -0.997307 -0.069580 0.023796 -0.999434 -0.023796 0.038490 -0.962250 0.269430 -0.118180 -0.992711 0.023636 0.020970 -0.985604 0.167762
-0.907009 0.161966 -0.388718 -0.369552 -0.604722 -0.705509 0.000000 -0.972082 -0.234641 -0.123091 -0.984732 -0.123091 -0.022628 -0.995638 -0.090513 0.023796 -0.999434 -0.023796 0.019619 -0.961339 0.274668 -0.118180 -0.992711 0.023636 0.021413 -0.984986 0.171302
-0.924336 0.027186 -0.380609 -0.186081 -0.781539 -0.595458 0.000000 -0.963993 -0.265929 -0.224702 -0.973708 -0.037450 0.000000 -0.997684 -0.068024 0.023796 -0.999434 -0.023796 0.019619 -0.961339 0.274668 -0.118213 -0.992988 0.000000 0.000000 -0.985212 0.171341
-0.926467 -0.144760 -0.347425 -0.073078 -0.876941 -0.475010 0.000000 -0.963993 -0.265929 -0.259794 -0.964951 -0.037113 0.000000 -0.997785 -0.066519 0.023796 -0.999434 -0.023796 0.019996 -0.959808 0.279944 -0.118213 -0.992988 0.000000 -0.021413 -0.984986 0.171302
-0.877433 -0.380221 -0.292478 -0.037242 -0.893807 -0.446903 0.000000 -0.970143 -0.242536 -0.290910 -0.955847 0.041559 0.000000 -0.997334 -0.072976 0.023796 -0.999434 -0.023796 0.019996 -0.959808 0.279944 -0.118213 -0.992988 0.000000 -0.042796 -0.984309 0.171184
-0.842701 -0.481543 -0.240772 -0.036588 -0.914702 -0.402469 0.000000 -0.971850 -0.235600 -0.328244 -0.943701 0.041030 -0.024318 -0.997039 -0.072954 0.023796 -0.999434 -0.023796 0.019996 -0.959808 0.279944 -0.118213 -0.992988 0.000000 -0.042796 -0.984309 0.171184
-0.844939 -0.466173 -0.262222 -0.035875 -0.932745 -0.358748 0.000000 -0.971850 -0.235600 -0.328244 -0.943701 0.041030 -0.023742 -0.997178 -0.071227 0.023796 -0.999434 -0.023796 0.019619 -0.961339 0.274668 -0.141421 -0.989949 0.000000 -0.020970 -0.985604 0.167762
-0.844939 -0.466173 -0.262222 -0.074074 -0.925926 -0.370370 0.000000 -0.971850 -0.235600 -0.328244 -0.943701 0.041030 -0.023742 -0.997178 -0.071227 0.023796 -0.999434 -0.023796 0.019619 -0.961339 0.274668 -0.141382 -0.989675 0.023564 -0.020970 -0.985604 0.167762
-0.817540 -0.496364 -0.291979 -0.116248 -0.929981 -0.348743 0.000000 -0.971850 -0.235600 -0.328244 -0.943701 0.041030 -0.023193 -0.997307 -0.069580 0.023796 -0.999434 -0.023796 0.039216 -0.960784 0.274510 -0.141382 -0.989675 0.023564 -0.020970 -0.985604 0.167762
-0.826886 -0.484726 -0.285133 -0.116248 -0.929981 -0.348743 0.000000 -0.970143 -0.242536 -0.315981 -0.947943 0.039498 -0.023193 -0.997307 -0.069580 0.023796 -0.999434 -0.023796 0.039216 -0.960784 0.274510 -0.141421 -0.989949 0.000000 -0.020892 -0.981941 0.188031
-0.821781 -0.474105 -0.316070 -0.198419 -0.912727 -0.357154 0.000000 -0.970143 -0.242536 -0.315981 -0.947943 0.039498 0.000000 -0.997684 -0.068024 0.023796 -0.999434 -0.023796 0.039216 -0.960784 0.274510 -0.141421 -0.989949 0.000000 -0.041586 -0.977260 0.207928
-0.815553 -0.441758 -0.373795 -0.192450 -0.885270 -0.423390 0.000000 -0.968277 -0.249878 -0.304555 -0.951734 0.038069 0.000000 -0.997684 -0.068024 0.023796 -0.999434 -0.023796 0.039216 -0.960784 0.274510 -0.141421 -0.989949 0.000000 -0.041586 -0.977260 0.207928
-0.794552 -0.413167 -0.444949 -0.118771 -0.910579 -0.395904 0.000000 -0.968277 -0.249878 -0.269630 -0.962964 0.000000 0.000000 -0.997684 -0.068024 0.023796 -0.999434 -0.023796 0.039216 -0.960784 0.274510 -0.141421 -0.989949 0.000000 -0.041586 -0.977260 0.207928
-0.724138 -0.413793 -0.551724 -0.079493 -0.914168 -0.397464 0.032191 -0.965734 -0.257529 -0.294086 -0.955779 0.000000 0.000000 -0.997684 -0.068024 0.023796 -0.999434 -0.023796 0.039421 -0.965810 0.256235 -0.115470 -0.993042 0.023094 -0.041757 -0.981299 0.187908
-0.655291 -0.468065 -0.592882 0.042954 -0.902027 -0.429537 0.032444 -0.973329 -0.227110 -0.294086 -0.955779 0.000000 0.000000 -0.997684 -0.068024 0.023243 -0.999460 -0.023243 0.040185 -0.964447 0.261204 -0.115470 -0.993042 0.023094 -0.041757 -0.981299 0.187908
-0.572611 -0.482199 -0.663024 0.127920 -0.895443 -0.426401 0.032444 -0.973329 -0.227110 -0.294086 -0.955779 0.000000 0.000000 -0.997684 -0.068024 0.023243 -0.999460 -0.023243 0.040185 -0.964447 0.261204 -0.115470 -0.993042 0.023094 -0.041757 -0.981299 0.187908
-0.422885 -0.543710 -0.724947 0.222277 -0.889108 -0.400099 0.032444 -0.973329 -0.227110 -0.294086 -0.955779 0.000000 0.000000 -0.997684 -0.068024 0.023243 -0.999460 -0.023243 0.040185 -0.964447 0.261204 -0.115501 -0.993307 0.000000 -0.041757 -0.981299 0.187908
-0.303449 -0.576552 -0.758621 0.292941 -0.878823 -0.376638 0.033748 -0.978703 -0.202490 -0.283909 -0.958194 -0.035489 0.000000 -0.997684 -0.068024 0.023243 -0.999460 -0.023243 0.040185 -0.964447 0.261204 -0.118213 -0.992988 0.000000 -0.020806 -0.977894 0.208063
-0.176700 -0.618450 -0.765700 0.385518 -0.856706 -0.342682 0.033748 -0.978703 -0.202490 -0.283909 -0.958194 -0.035489 0.000000 -0.997684 -0.068024 0.023243 -0.999460 -0.023243 0.040185 -0.964447 0.261204 -0.118213 -0.992988 0.000000 -0.020806 -0.977894 0.208063
-0.030471 -0.609428 -0.792256 0.426790 -0.853579 -0.298753 0.033748 -0.978703 -0.202490 -0.283909 -0.958194 -0.035489 0.000000 -0.997684 -0.068024 0.023243 -0.999460 -0.023243 0.040185 -0.964447 0.261204 -0.115470 -0.993042 0.023094 -0.020806 -0.977894 0.208063
0.123975 -0.619876 -0.774845 0.421076 -0.842152 -0.336861 0.033748 -0.978703 -0.202490 -0.283909 -0.958194 -0.035489 0.000000 -0.997684 -0.068024 0.023243 -0.999460 -0.023243 0.040390 -0.969351 0.242338 -0.115470 -0.993042 0.023094 -0.020806 -0.977894 0.208063
0.298142 -0.596285 -0.745356 0.426790 -0.853579 -0.298753 0.000000 -0.979260 -0.202606 -0.250801 -0.967375 -0.035829 0.000000 -0.997684 -0.068024 0.023243 -0.999460 -0.023243 0.040390 -0.969351 0.242338 -0.115470 -0.993042 0.023094 -0.020806 -0.977894 0.208063
0.343559 -0.572598 -0.744378 0.431934 -0.863868 -0.259161 0.033748 -0.978703 -0.202490 -0.284088 -0.958798 0.000000 0.000000 -0.997684 -0.068024 0.023243 -0.999460 -0.023243 0.040390 -0.969351 0.242338 -0.115470 -0.993042 0.023094 -0.021238 -0.976956 0.212382
0.382518 -0.559065 -0.735612 0.431934 -0.863868 -0.259161 0.033748 -0.978703 -0.202490 -0.284088 -0.958798 0.000000 0.000000 -0.997684 -0.068024 0.023243 -0.999460 -0.023243 0.040390 -0.969351 0.242338 -0.118180 -0.992711 0.023636 -0.021238 -0.976956 0.212382
0.413738 -0.531949 -0.738818 0.436436 -0.872872 -0.218218 0.033748 -0.978703 -0.202490 -0.294086 -0.955779 0.000000 0.000000 -0.997684 -0.068024 0.023243 -0.999460 -0.023243 0.020207 -0.969944 0.242486 -0.115470 -0.993042 0.023094 -0.021238 -0.976956 0.212382
0.422885 -0.543710 -0.724947 0.436436 -0.872872 -0.218218 0.033748 -0.978703 -0.202490 -0.294086 -0.955779 0.000000 0.000000 -0.997684 -0.068024 0.023243 -0.999460 -0.023243 0.020207 -0.969944 0.242486 -0.115470 -0.993042 0.023094 -0.021238 -0.976956 0.212382
