-0.460317 0.887755 0.000000 -0.744208 0.248069 -0.620174 0.026939 -0.969790 -0.242448 0.000000 -0.985212 -0.171341 -0.067746 -0.993605 0.090328 0.047351 -0.994379 -0.094703 0.076739 -0.978420 0.191847 -0.094386 -0.991051 -0.094386 0.038999 -0.994471 0.097497
-0.563547 0.819705 -0.102463 -0.754434 0.188608 -0.628695 0.026939 -0.969790 -0.242448 0.000000 -0.985212 -0.171341 -0.067867 -0.995383 0.067867 0.047351 -0.994379 -0.094703 0.076739 -0.978420 0.191847 -0.094386 -0.991051 -0.094386 0.038999 -0.994471 0.097497
-0.592349 0.770054 -0.236940 -0.792553 0.095106 -0.602340 0.026939 -0.969790 -0.242448 -0.044992 -0.989827 -0.134976 -0.069598 -0.997575 0.000000 0.047351 -0.994379 -0.094703 0.076739 -0.978420 0.191847 -0.092229 -0.991457 -0.092229 0.059596 -0.993269 0.099327
-0.735662 0.605839 -0.302920 -0.757271 -0.206529 -0.619586 0.000000 -0.966705 -0.255893 -0.043073 -0.990680 -0.129219 -0.069580 -0.997307 -0.023193 0.047445 -0.996335 -0.071167 0.076739 -0.978420 0.191847 -0.092229 -0.991457 -0.092229 0.059596 -0.993269 0.099327
-0.849045 0.373580 -0.373580 -0.632674 -0.446594 -0.632674 0.000000 -0.966705 -0.255893 -0.118308 -0.985904 -0.118308 -0.069523 -0.996503 -0.046349 0.047445 -0.996335 -0.071167 0.076739 -0.978420 0.191847 -0.092229 -0.991457 -0.092229 0.059596 -0.993269 0.099327
-0.917979 0.189927 -0.348199 -0.528681 -0.634417 -0.563926 0.029223 -0.964352 -0.263005 -0.181012 -0.977466 -0.108607 -0.069523 -0.996503 -0.046349 0.047445 -0.996335 -0.071167 0.076739 -0.978420 0.191847 -0.092229 -0.991457 -0.092229 0.039770 -0.994250 0.099425
-0.930408 0.000000 -0.366525 -0.413547 -0.792632 -0.448010 0.030964 -0.959886 -0.278677 -0.169031 -0.980379 -0.101419 -0.046411 -0.997844 -0.046411 0.047445 -0.996335 -0.071167 0.076739 -0.978420 0.191847 -0.092229 -0.991457 -0.092229 0.039770 -0.994250 0.099425
-0.920602 -0.216612 -0.324918 -0.365148 -0.839841 -0.401663 0.030964 -0.959886 -0.278677 -0.163605 -0.981630 -0.098163 -0.047445 -0.996335 -0.071167 0.047445 -0.996335 -0.071167 0.076739 -0.978420 0.191847 -0.092229 -0.991457 -0.092229 0.039770 -0.994250 0.099425
-0.880771 -0.385337 -0.275241 -0.331295 -0.883452 -0.331295 0.033223 -0.963460 -0.265782 -0.189170 -0.977378 -0.094585 -0.047445 -0.996335 -0.071167 0.047445 -0.996335 -0.071167 0.076739 -0.978420 0.191847 -0.092229 -0.991457 -0.092229 0.019897 -0.994840 0.099484
-0.816355 -0.526681 -0.237006 -0.324337 -0.900937 -0.288300 0.060057 -0.960913 -0.270257 -0.241955 -0.967822 -0.069130 -0.047511 -0.997740 -0.047511 0.047445 -0.996335 -0.071167 0.076739 -0.978420 0.191847 -0.115011 -0.989094 -0.092009 0.019897 -0.994840 0.099484
-0.776410 -0.595248 -0.207043 -0.324337 -0.900937 -0.288300 0.056773 -0.965146 -0.255480 -0.224231 -0.971666 -0.074744 -0.047511 -0.997740 -0.047511 0.047445 -0.996335 -0.071167 0.076739 -0.978420 0.191847 -0.115011 -0.989094 -0.092009 0.019932 -0.996617 0.079729
-0.819824 -0.546550 -0.170797 -0.327544 -0.909843 -0.254756 0.055258 -0.967013 -0.248661 -0.232670 -0.969458 -0.077557 -0.047511 -0.997740 -0.047511 0.047445 -0.996335 -0.071167 0.076739 -0.978420 0.191847 -0.115011 -0.989094 -0.092009 0.000000 -0.996815 0.079745
-0.764124 -0.631233 -0.132891 -0.371391 -0.891338 -0.259973 0.055258 -0.967013 -0.248661 -0.241747 -0.966988 -0.080582 -0.047552 -0.998586 -0.023776 0.047445 -0.996335 -0.071167 0.076739 -0.978420 0.191847 -0.112452 -0.989576 -0.089961 0.000000 -0.996815 0.079745
-0.800132 -0.581914 -0.145479 -0.371391 -0.891338 -0.259973 0.053819 -0.968736 -0.242184 -0.251533 -0.964210 -0.083844 -0.048708 -0.998516 -0.024354 0.047445 -0.996335 -0.071167 0.076739 -0.978420 0.191847 -0.112452 -0.989576 -0.089961 0.000000 -0.996815 0.079745
-0.824061 -0.465773 -0.322458 -0.384048 -0.883310 -0.268833 0.027106 -0.975828 -0.216851 -0.251533 -0.964210 -0.083844 -0.048708 -0.998516 -0.024354 0.047445 -0.996335 -0.071167 0.076739 -0.978420 0.191847 -0.112452 -0.989576 -0.089961 0.000000 -0.996815 0.079745
-0.816239 -0.390375 -0.425864 -0.384048 -0.883310 -0.268833 0.027106 -0.975828 -0.216851 -0.252199 -0.966762 -0.042033 -0.048708 -0.998516 -0.024354 0.047445 -0.996335 -0.071167 0.076739 -0.978420 0.191847 -0.112452 -0.989576 -0.089961 -0.019932 -0.996617 0.079729
-0.804176 -0.279713 -0.524463 -0.379869 -0.873698 -0.303895 0.027106 -0.975828 -0.216851 -0.212238 -0.976296 -0.042448 -0.048723 -0.998812 0.000000 0.047511 -0.997740 -0.047511 0.076739 -0.978420 0.191847 -0.112452 -0.989576 -0.089961 -0.019932 -0.996617 0.079729
-0.764316 -0.222925 -0.605083 -0.318981 -0.877197 -0.358854 0.027106 -0.975828 -0.216851 -0.212238 -0.976296 -0.042448 -0.048723 -0.998812 0.000000 0.047511 -0.997740 -0.047511 0.076739 -0.978420 0.191847 -0.112452 -0.989576 -0.089961 -0.019932 -0.996617 0.079729
-0.738053 -0.170320 -0.652893 -0.168430 -0.926367 -0.336861 0.027842 -0.974481 -0.222738 -0.203785 -0.978167 -0.040757 -0.048723 -0.998812 0.000000 0.047511 -0.997740 -0.047511 0.076739 -0.978420 0.191847 -0.115011 -0.989094 -0.092009 -0.019544 -0.996748 0.078176
-0.655386 -0.163846 -0.737309 -0.089984 -0.944835 -0.314945 0.028618 -0.973018 -0.228946 -0.195965 -0.979827 -0.039193 -0.048723 -0.998812 0.000000 0.047511 -0.997740 -0.047511 0.076739 -0.978420 0.191847 -0.117688 -0.988577 -0.094150 -0.019544 -0.996748 0.078176
-0.547176 -0.164153 -0.820763 -0.088648 -0.930809 -0.354594 0.028618 -0.973018 -0.228946 -0.195965 -0.979827 -0.039193 -0.048723 -0.998812 0.000000 0.047445 -0.996335 -0.071167 0.076444 -0.974661 0.210221 -0.117688 -0.988577 -0.094150 -0.019544 -0.996748 0.078176
-0.497851 -0.175712 -0.849276 0.043727 -0.918266 -0.393543 0.029630 -0.977805 -0.207413 -0.188311 -0.979217 -0.075324 -0.048723 -0.998812 0.000000 0.047445 -0.996335 -0.071167 0.076444 -0.974661 0.210221 -0.094386 -0.991051 -0.094386 -0.019544 -0.996748 0.078176
-0.386494 -0.193247 -0.901819 0.127920 -0.895443 -0.426401 0.029630 -0.977805 -0.207413 -0.188311 -0.979217 -0.075324 -0.048723 -0.998812 0.000000 0.047445 -0.996335 -0.071167 0.076739 -0.978420 0.191847 -0.094386 -0.991051 -0.094386 -0.019511 -0.995039 0.097553
-0.235702 -0.235702 -0.942809 0.210166 -0.882696 -0.420331 0.030514 -0.976445 -0.213597 -0.181608 -0.980684 -0.072643 -0.048723 -0.998812 0.000000 0.047445 -0.996335 -0.071167 0.076739 -0.978420 0.191847 -0.094386 -0.991051 -0.094386 -0.019511 -0.995039 0.097553
-0.098321 -0.294963 -0.950437 0.342682 -0.856706 -0.385518 0.030303 -0.969697 -0.242424 -0.181608 -0.980684 -0.072643 -0.048708 -0.998516 -0.024354 0.047445 -0.996335 -0.071167 0.076739 -0.978420 0.191847 -0.094386 -0.991051 -0.094386 -0.019511 -0.995039 0.097553
0.116150 -0.261337 -0.958234 0.347498 -0.912182 -0.217186 0.030303 -0.969697 -0.242424 -0.181608 -0.980684 -0.072643 -0.048708 -0.998516 -0.024354 0.047445 -0.996335 -0.071167 0.076739 -0.978420 0.191847 -0.094386 -0.991051 -0.094386 -0.019511 -0.995039 0.097553
0.335148 -0.195503 -0.921658 0.300676 -0.944981 -0.128861 0.030514 -0.976445 -0.213597 -0.181608 -0.980684 -0.072643 -0.024376 -0.999406 -0.024376 0.047445 -0.996335 -0.071167 0.076739 -0.978420 0.191847 -0.094386 -0.991051 -0.094386 -0.019511 -0.995039 0.097553
0.495246 -0.165082 -0.852924 0.290910 -0.955847 -0.041559 0.030514 -0.976445 -0.213597 -0.181608 -0.980684 -0.072643 -0.024376 -0.999406 -0.024376 0.047445 -0.996335 -0.071167 0.057628 -0.979683 0.192095 -0.094386 -0.991051 -0.094386 -0.019511 -0.995039 0.097553
0.611820 -0.139050 -0.778680 0.203785 -0.978167 0.040757 0.031220 -0.967805 -0.249756 -0.175358 -0.982003 -0.070143 -0.024376 -0.999406 -0.024376 0.047445 -0.996335 -0.071167 0.057628 -0.979683 0.192095 -0.094386 -0.991051 -0.094386 -0.019470 -0.992962 0.116819
0.688886 -0.110222 -0.716441 0.203785 -0.978167 0.040757 0.031450 -0.974958 -0.220152 -0.175358 -0.982003 -0.070143 -0.024376 -0.999406 -0.024376 0.047445 -0.996335 -0.071167 0.057628 -0.979683 0.192095 -0.094386 -0.991051 -0.094386 0.000000 -0.993151 0.116841
0.732177 -0.084482 -0.675855 0.240772 -0.963087 0.120386 0.031450 -0.974958 -0.220152 -0.175358 -0.982003 -0.070143 -0.024376 -0.999406 -0.024376 0.047445 -0.996335 -0.071167 0.057831 -0.983135 0.173494 -0.094386 -0.991051 -0.094386 0.000000 -0.993151 0.116841
0.762073 -0.058621 -0.644831 0.241747 -0.966988 0.080582 0.031220 -0.967805 -0.249756 -0.181969 -0.982631 -0.036394 -0.024376 -0.999406 -0.024376 0.047351 -0.994379 -0.094703 0.057831 -0.983135 0.173494 -0.094386 -0.991051 -0.094386 0.000000 -0.993151 0.116841
0.760036 -0.056299 -0.647438 0.230599 -0.960828 0.153732 0.031450 -0.974958 -0.220152 -0.181608 -0.980684 -0.072643 -0.024376 -0.999406 -0.024376 0.047445 -0.996335 -0.071167 0.057831 -0.983135 0.173494 -0.094386 -0.991051 -0.094386 0.000000 -0.993151 0.116841
0.760941 -0.028183 -0.648209 0.229081 -0.954504 0.190901 0.031450 -0.974958 -0.220152 -0.181608 -0.980684 -0.072643 -0.024376 -0.999406 -0.024376 0.048593 -0.996156 -0.072889 0.057831 -0.983135 0.173494 -0.094386 -0.991051 -0.094386 0.000000 -0.993151 0.116841
0.748686 -0.028796 -0.662299 0.230599 -0.960828 0.153732 0.031654 -0.981288 -0.189927 -0.181608 -0.980684 -0.072643 -0.023796 -0.999434 -0.023796 0.048593 -0.996156 -0.072889 0.057831 -0.983135 0.173494 -0.094386 -0.991051 -0.094386 0.000000 -0.993151 0.116841
0.721087 -0.028843 -0.692244 0.229081 -0.954504 0.190901 0.031654 -0.981288 -0.189927 -0.181608 -0.980684 -0.072643 -0.023796 -0.999434 -0.023796 0.048593 -0.996156 -0.072889 0.058948 -0.982472 0.176845 -0.094386 -0.991051 -0.094386 0.000000 -0.990712 0.135980
0.691592 -0.030069 -0.721662 0.301297 -0.941554 0.150649 0.000000 -0.976900 -0.213697 -0.181608 -0.980684 -0.072643 -0.023796 -0.999434 -0.023796 0.048593 -0.996156 -0.072889 0.039337 -0.983422 0.177016 -0.094386 -0.991051 -0.094386 0.000000 -0.990712 0.135980
0.657213 -0.062592 -0.751101 0.346925 -0.925132 0.154189 0.030700 -0.982409 -0.184202 -0.181012 -0.977466 -0.108607 -0.023796 -0.999434 -0.023796 0.048593 -0.996156 -0.072889 0.039337 -0.983422 0.177016 -0.094386 -0.991051 -0.094386 0.000000 -0.990342 0.138648
0.657213 -0.062592 -0.751101 0.346925 -0.925132 0.154189 0.030700 -0.982409 -0.184202 -0.181012 -0.977466 -0.108607 -0.023796 -0.999434 -0.023796 0.048593 -0.996156 -0.072889 0.039337 -0.983422 0.177016 -0.094386 -0.991051 -0.094386 0.000000 -0.990342 0.138648
