-0.599334 0.765816 -0.233075 -0.558404 0.209401 -0.802706 0.029540 -0.945274 -0.324938 -0.039467 -0.986671 -0.157867 0.000000 -0.998969 -0.045408 0.128332 -0.975321 -0.179664 0.123377 -0.987019 0.102815 -0.101209 -0.986789 -0.126511 0.021713 -0.998821 0.043427
-0.599334 0.765816 -0.233075 -0.564276 0.282138 -0.775880 0.029540 -0.945274 -0.324938 -0.078750 -0.984374 -0.157500 0.022698 -0.998711 -0.045396 0.128332 -0.975321 -0.179664 0.123377 -0.987019 0.102815 -0.101209 -0.986789 -0.126511 0.021713 -0.998821 0.043427
-0.584305 0.779073 -0.227230 -0.539513 0.287740 -0.791285 0.029540 -0.945274 -0.324938 -0.078750 -0.984374 -0.157500 0.000000 -0.998969 -0.045408 0.128332 -0.975321 -0.179664 0.143215 -0.982049 0.122756 -0.101209 -0.986789 -0.126511 0.021713 -0.998821 0.043427
-0.614868 0.751506 -0.239115 -0.552052 0.345033 -0.759072 0.029540 -0.945274 -0.324938 -0.078206 -0.977577 -0.195515 0.000000 -0.999014 -0.044401 0.125196 -0.976527 -0.175274 0.146151 -0.981299 0.125272 -0.101209 -0.986789 -0.126511 0.021713 -0.998821 0.043427
-0.614868 0.751506 -0.239115 -0.552052 0.345033 -0.759072 0.029248 -0.935929 -0.350973 -0.078750 -0.984374 -0.157500 0.022195 -0.998768 -0.044390 0.125196 -0.976527 -0.175274 0.146151 -0.981299 0.125272 -0.101209 -0.986789 -0.126511 0.043396 -0.998115 0.043396
-0.640126 0.741199 -0.202145 -0.527372 0.351581 -0.773479 0.029540 -0.945274 -0.324938 -0.078750 -0.984374 -0.157500 0.022195 -0.998768 -0.044390 0.125196 -0.976527 -0.175274 0.146151 -0.981299 0.125272 -0.101209 -0.986789 -0.126511 0.043396 -0.998115 0.043396
-0.619586 0.757271 -0.206529 -0.533676 0.320206 -0.782725 0.000000 -0.945687 -0.325080 -0.078750 -0.984374 -0.157500 -0.041622 -0.998917 -0.020811 0.125196 -0.976527 -0.175274 0.166486 -0.978106 0.124865 -0.101209 -0.986789 -0.126511 0.043396 -0.998115 0.043396
-0.609557 0.745014 -0.270914 -0.537431 0.179144 -0.824061 0.000000 -0.954480 -0.298275 -0.078750 -0.984374 -0.157500 -0.101430 -0.994015 -0.040572 0.125196 -0.976527 -0.175274 0.166486 -0.978106 0.124865 -0.101209 -0.986789 -0.126511 0.043396 -0.998115 0.043396
-0.588802 0.706562 -0.392534 -0.554700 0.000000 -0.832050 0.000000 -0.945687 -0.325080 -0.079181 -0.989759 -0.118771 -0.101430 -0.994015 -0.040572 0.125709 -0.980531 -0.150851 0.166884 -0.980444 0.104303 -0.101209 -0.986789 -0.126511 0.043396 -0.998115 0.043396
-0.646696 0.560470 -0.517357 -0.529339 -0.247025 -0.811652 0.000000 -0.954480 -0.298275 -0.079181 -0.989759 -0.118771 -0.082974 -0.995688 -0.041487 0.125709 -0.980531 -0.150851 0.166884 -0.980444 0.104303 -0.101209 -0.986789 -0.126511 0.043396 -0.998115 0.043396
-0.743527 0.234798 -0.626128 -0.506225 -0.438729 -0.742464 0.000000 -0.954480 -0.298275 -0.118308 -0.985904 -0.118308 -0.084629 -0.994389 -0.063472 0.125709 -0.980531 -0.150851 0.166884 -0.980444 0.104303 -0.101209 -0.986789 -0.126511 0.043396 -0.998115 0.043396
-0.805242 0.053683 -0.590511 -0.435028 -0.602347 -0.669274 0.000000 -0.957024 -0.290007 -0.145671 -0.983282 -0.109254 -0.066259 -0.993884 -0.088345 0.125709 -0.980531 -0.150851 0.166486 -0.978106 0.124865 -0.101209 -0.986789 -0.126511 0.042476 -0.998194 0.042476
-0.787726 -0.358057 -0.501280 -0.398015 -0.696526 -0.597022 0.000000 -0.962651 -0.270746 -0.140633 -0.984428 -0.105474 -0.066259 -0.993884 -0.088345 0.125709 -0.980531 -0.150851 0.163163 -0.978980 0.122373 -0.101209 -0.986789 -0.126511 0.042476 -0.998194 0.042476
-0.755038 -0.480479 -0.446159 -0.336146 -0.773137 -0.537834 0.000000 -0.962651 -0.270746 -0.141069 -0.987484 -0.070535 -0.045222 -0.994874 -0.090443 0.125709 -0.980531 -0.150851 0.163163 -0.978980 0.122373 -0.101209 -0.986789 -0.126511 0.020811 -0.998917 0.041622
-0.755554 -0.535184 -0.377777 -0.324443 -0.811107 -0.486664 0.000000 -0.959366 -0.282166 -0.151947 -0.987658 -0.037987 -0.045222 -0.994874 -0.090443 0.126148 -0.983958 -0.126148 0.163163 -0.978980 0.122373 -0.101209 -0.986789 -0.126511 0.020811 -0.998917 0.041622
-0.759113 -0.561084 -0.330049 -0.334450 -0.836125 -0.434785 0.000000 -0.961524 -0.274721 -0.164399 -0.986394 0.000000 -0.045222 -0.994874 -0.090443 0.126148 -0.983958 -0.126148 0.163163 -0.978980 0.122373 -0.101209 -0.986789 -0.126511 0.020811 -0.998917 0.041622
-0.773137 -0.537834 -0.336146 -0.339227 -0.848067 -0.407072 0.000000 -0.963518 -0.267644 -0.212430 -0.977176 0.000000 -0.022628 -0.995638 -0.090513 0.126148 -0.983958 -0.126148 0.163163 -0.978980 0.122373 -0.101209 -0.986789 -0.126511 0.000000 -0.999133 0.041631
-0.787044 -0.513289 -0.342193 -0.333890 -0.868115 -0.367279 0.000000 -0.963518 -0.267644 -0.212430 -0.977176 0.000000 -0.022628 -0.995638 -0.090513 0.126148 -0.983958 -0.126148 0.163163 -0.978980 0.122373 -0.101209 -0.986789 -0.126511 0.000000 -0.999133 0.041631
-0.790774 -0.467275 -0.395387 -0.337869 -0.878459 -0.337869 0.000000 -0.963518 -0.267644 -0.212430 -0.977176 0.000000 -0.022576 -0.993352 -0.112881 0.126148 -0.983958 -0.126148 0.163163 -0.978980 0.122373 -0.101209 -0.986789 -0.126511 0.000000 -0.999133 0.041631
-0.790774 -0.395387 -0.467275 -0.317011 -0.880587 -0.352235 0.000000 -0.963518 -0.267644 -0.221404 -0.974176 0.044281 -0.023094 -0.993042 -0.115470 0.126148 -0.983958 -0.126148 0.163163 -0.978980 0.122373 -0.101209 -0.986789 -0.126511 0.000000 -0.998053 0.062378
-0.777245 -0.296093 -0.555175 -0.317011 -0.880587 -0.352235 0.000000 -0.963518 -0.267644 -0.221404 -0.974176 0.044281 -0.023094 -0.993042 -0.115470 0.126148 -0.983958 -0.126148 0.163163 -0.978980 0.122373 -0.101209 -0.986789 -0.126511 0.000000 -0.998053 0.062378
-0.728841 -0.291536 -0.619514 -0.332877 -0.850686 -0.406850 0.000000 -0.965363 -0.260909 -0.231372 -0.971764 0.046274 -0.023094 -0.993042 -0.115470 0.126148 -0.983958 -0.126148 0.163163 -0.978980 0.122373 -0.101209 -0.986789 -0.126511 0.000000 -0.998053 0.062378
-0.664392 -0.258375 -0.701303 -0.304114 -0.836315 -0.456172 0.000000 -0.973417 -0.229039 -0.203785 -0.978167 -0.040757 -0.023094 -0.993042 -0.115470 0.126148 -0.983958 -0.126148 0.163163 -0.978980 0.122373 -0.101209 -0.986789 -0.126511 0.000000 -0.998053 0.062378
-0.651312 -0.239957 -0.719871 -0.198419 -0.833360 -0.515889 0.000000 -0.978234 -0.207504 -0.195515 -0.977577 -0.078206 -0.023094 -0.993042 -0.115470 0.126148 -0.983958 -0.126148 0.163163 -0.978980 0.122373 -0.101209 -0.986789 -0.126511 0.000000 -0.998053 0.062378
-0.620042 -0.228436 -0.750577 -0.041885 -0.837708 -0.544510 0.000000 -0.970143 -0.242536 -0.188311 -0.979217 -0.075324 -0.023094 -0.993042 -0.115470 0.126148 -0.983958 -0.126148 0.163163 -0.978980 0.122373 -0.101209 -0.986789 -0.126511 0.000000 -0.998053 0.062378
-0.557752 -0.262471 -0.787414 0.092057 -0.828517 -0.552345 0.000000 -0.975441 -0.220261 -0.181012 -0.977466 -0.108607 -0.023094 -0.993042 -0.115470 0.126148 -0.983958 -0.126148 0.163163 -0.978980 0.122373 -0.101209 -0.986789 -0.126511 -0.020788 -0.997837 0.062365
-0.415482 -0.287641 -0.862924 0.225189 -0.810679 -0.540453 0.000000 -0.975441 -0.220261 -0.181012 -0.977466 -0.108607 -0.023094 -0.993042 -0.115470 0.126148 -0.983958 -0.126148 0.143546 -0.984318 0.102533 -0.101209 -0.986789 -0.126511 -0.020788 -0.997837 0.062365
-0.249756 -0.343415 -0.905366 0.260870 -0.782609 -0.565217 0.000000 -0.968277 -0.249878 -0.181608 -0.980684 -0.072643 0.000000 -0.995701 -0.092623 0.126148 -0.983958 -0.126148 0.143546 -0.984318 0.102533 -0.101209 -0.986789 -0.126511 -0.020788 -0.997837 0.062365
-0.122859 -0.368577 -0.921443 0.293455 -0.754599 -0.586911 0.030964 -0.959886 -0.278677 -0.181608 -0.980684 -0.072643 0.000000 -0.995701 -0.092623 0.126148 -0.983958 -0.126148 0.143546 -0.984318 0.102533 -0.101209 -0.986789 -0.126511 -0.021195 -0.996174 0.084781
0.030192 -0.422693 -0.905770 0.277787 -0.753992 -0.595257 0.030964 -0.959886 -0.278677 -0.181608 -0.980684 -0.072643 -0.023150 -0.995434 -0.092599 0.126148 -0.983958 -0.126148 0.143546 -0.984318 0.102533 -0.101209 -0.986789 -0.126511 -0.021195 -0.996174 0.084781
0.272166 -0.462681 -0.843713 0.240578 -0.761831 -0.601445 0.030686 -0.951260 -0.306858 -0.181608 -0.980684 -0.072643 -0.023150 -0.995434 -0.092599 0.126148 -0.983958 -0.126148 0.123377 -0.987019 0.102815 -0.101209 -0.986789 -0.126511 -0.021195 -0.996174 0.084781
0.260240 -0.520480 -0.813250 0.349149 -0.829228 -0.436436 0.061285 -0.949920 -0.306426 -0.181969 -0.982631 -0.036394 -0.023094 -0.993042 -0.115470 0.126148 -0.983958 -0.126148 0.125933 -0.986472 0.104944 -0.101209 -0.986789 -0.126511 -0.021195 -0.996174 0.084781
0.333793 -0.515863 -0.788966 0.406164 -0.857458 -0.315906 0.030387 -0.941993 -0.334255 -0.151947 -0.987658 -0.037987 -0.023094 -0.993042 -0.115470 0.126148 -0.983958 -0.126148 0.125933 -0.986472 0.104944 -0.101209 -0.986789 -0.126511 0.000000 -0.996398 0.084800
0.439652 -0.533863 -0.722285 0.411650 -0.869040 -0.274434 0.030686 -0.951260 -0.306858 -0.188311 -0.979217 -0.075324 -0.023094 -0.993042 -0.115470 0.126148 -0.983958 -0.126148 0.105199 -0.988871 0.105199 -0.101209 -0.986789 -0.126511 0.000000 -0.994389 0.105786
0.502519 -0.502519 -0.703526 0.453609 -0.861858 -0.226805 0.030686 -0.951260 -0.306858 -0.188311 -0.979217 -0.075324 -0.023094 -0.993042 -0.115470 0.126148 -0.983958 -0.126148 0.105199 -0.988871 0.105199 -0.101209 -0.986789 -0.126511 0.000000 -0.994389 0.105786
0.535420 -0.468492 -0.702738 0.457869 -0.869950 -0.183147 0.030387 -0.941993 -0.334255 -0.188713 -0.981307 -0.037743 0.000000 -0.993307 -0.115501 0.126148 -0.983958 -0.126148 0.105199 -0.988871 0.105199 -0.101209 -0.986789 -0.126511 0.000000 -0.994389 0.105786
0.563050 -0.406647 -0.719453 0.461266 -0.876405 -0.138380 0.030387 -0.941993 -0.334255 -0.188713 -0.981307 -0.037743 0.000000 -0.993307 -0.115501 0.126148 -0.983958 -0.126148 0.105199 -0.988871 0.105199 -0.101209 -0.986789 -0.126511 -0.021152 -0.994166 0.105762
0.590872 -0.373182 -0.715266 0.443242 -0.886484 -0.132973 0.030387 -0.941993 -0.334255 -0.188713 -0.981307 -0.037743 0.000000 -0.993307 -0.115501 0.126148 -0.983958 -0.126148 0.105199 -0.988871 0.105199 -0.101209 -0.986789 -0.126511 -0.021152 -0.994166 0.105762
0.577884 -0.364979 -0.729959 0.406579 -0.903508 -0.135526 0.030686 -0.951260 -0.306858 -0.151620 -0.985527 -0.075810 -0.023150 -0.995434 -0.092599 0.126148 -0.983958 -0.126148 0.105199 -0.988871 0.105199 -0.098743 -0.987429 -0.123429 -0.021152 -0.994166 0.105762
0.584132 -0.338182 -0.737851 0.390567 -0.911322 -0.130189 0.030686 -0.951260 -0.306858 -0.151620 -0.985527 -0.075810 -0.023150 -0.995434 -0.092599 0.126148 -0.983958 -0.126148 0.084327 -0.990847 0.105409 -0.098743 -0.987429 -0.123429 -0.021152 -0.994166 0.105762
0.590796 -0.324938 -0.738495 0.336861 -0.926367 -0.168430 0.030686 -0.951260 -0.306858 -0.151947 -0.987658 -0.037987 -0.023094 -0.993042 -0.115470 0.126148 -0.983958 -0.126148 0.084327 -0.990847 0.105409 -0.098743 -0.987429 -0.123429 -0.021101 -0.991729 0.126604
0.578073 -0.317940 -0.751495 0.338971 -0.932170 -0.127114 0.029814 -0.954056 -0.298142 -0.157867 -0.986671 -0.039467 -0.023094 -0.993042 -0.115470 0.126148 -0.983958 -0.126148 0.084327 -0.990847 0.105409 -0.098743 -0.987429 -0.123429 -0.021101 -0.991729 0.126604
0.576552 -0.303449 -0.758621 0.336861 -0.926367 -0.168430 0.029814 -0.954056 -0.298142 -0.157867 -0.986671 -0.039467 -0.023094 -0.993042 -0.115470 0.126148 -0.983958 -0.126148 0.084327 -0.990847 0.105409 -0.098743 -0.987429 -0.123429 -0.021101 -0.991729 0.126604
0.576552 -0.303449 -0.758621 0.336861 -0.926367 -0.168430 0.030069 -0.962216 -0.270623 -0.157500 -0.984374 -0.078750 0.000000 -0.993307 -0.115501 0.126148 -0.983958 -0.126148 0.084327 -0.990847 0.105409 -0.098743 -0.987429 -0.123429 -0.021101 -0.991729 0.126604
