-0.693642 0.693642 -0.194220 -0.317999 -0.423999 -0.847998 0.000000 -0.979260 -0.202606 -0.203279 -0.975739 -0.081312 -0.048708 -0.998516 -0.024354 0.000000 -0.999730 -0.023250 0.019353 -0.967641 0.251587 -0.115378 -0.992249 0.046151 0.000000 -0.985821 0.167799
-0.692532 0.692532 -0.201988 -0.317999 -0.423999 -0.847998 0.000000 -0.979260 -0.202606 -0.241747 -0.966988 -0.080582 -0.048708 -0.998516 -0.024354 0.000000 -0.999730 -0.023250 0.019353 -0.967641 0.251587 -0.115470 -0.993042 0.023094 0.000000 -0.985821 0.167799
-0.705774 0.675088 -0.214801 -0.358979 -0.358979 -0.861550 0.000000 -0.979260 -0.202606 -0.242338 -0.969351 -0.040390 -0.048708 -0.998516 -0.024354 0.000000 -0.999730 -0.023250 0.019353 -0.967641 0.251587 -0.115470 -0.993042 0.023094 0.000000 -0.985821 0.167799
-0.657858 0.720511 -0.219286 -0.413793 -0.379310 -0.827586 0.000000 -0.979260 -0.202606 -0.242338 -0.969351 -0.040390 -0.048708 -0.998516 -0.024354 0.000000 -0.999730 -0.023250 0.019353 -0.967641 0.251587 -0.115470 -0.993042 0.023094 0.000000 -0.985821 0.167799
-0.677057 0.706494 -0.206061 -0.379310 -0.413793 -0.827586 0.000000 -0.979260 -0.202606 -0.242338 -0.969351 -0.040390 -0.048708 -0.998516 -0.024354 0.000000 -0.999730 -0.023250 0.019353 -0.967641 0.251587 -0.115501 -0.993307 0.000000 0.000000 -0.985821 0.167799
-0.688247 0.688247 -0.229416 -0.349215 -0.419058 -0.838116 0.000000 -0.979260 -0.202606 -0.241747 -0.966988 -0.080582 -0.048708 -0.998516 -0.024354 0.000000 -0.999730 -0.023250 0.019353 -0.967641 0.251587 -0.115501 -0.993307 0.000000 0.000000 -0.985821 0.167799
-0.685253 0.685253 -0.246691 -0.327761 -0.437014 -0.837611 0.000000 -0.980581 -0.196116 -0.251533 -0.964210 -0.083844 -0.048708 -0.998516 -0.024354 0.000000 -0.999730 -0.023250 0.019353 -0.967641 0.251587 -0.115501 -0.993307 0.000000 0.000000 -0.986394 0.164399
-0.685253 0.685253 -0.246691 -0.327761 -0.437014 -0.837611 0.000000 -0.980581 -0.196116 -0.211667 -0.973668 -0.084667 -0.048708 -0.998516 -0.024354 0.000000 -0.999730 -0.023250 0.019353 -0.967641 0.251587 -0.115501 -0.993307 0.000000 0.000000 -0.986394 0.164399
-0.685253 0.685253 -0.246691 -0.327761 -0.437014 -0.837611 0.000000 -0.980581 -0.196116 -0.169944 -0.977176 -0.127458 -0.049922 -0.998441 -0.024961 0.000000 -0.999730 -0.023250 0.019353 -0.967641 0.251587 -0.115501 -0.993307 0.000000 0.000000 -0.986394 0.164399
-0.703732 0.676665 -0.216533 -0.243935 -0.528525 -0.813116 0.000000 -0.980581 -0.196116 -0.169944 -0.977176 -0.127458 -0.048723 -0.998812 0.000000 0.000000 -0.999730 -0.023250 0.019353 -0.967641 0.251587 -0.115501 -0.993307 0.000000 0.000000 -0.986394 0.164399
-0.767195 0.602796 -0.219199 -0.243935 -0.528525 -0.813116 0.000000 -0.980581 -0.196116 -0.203279 -0.975739 -0.081312 -0.072976 -0.997334 0.000000 0.000000 -0.999730 -0.023250 0.019353 -0.967641 0.251587 -0.118213 -0.992988 0.000000 0.000000 -0.986394 0.164399
-0.801784 0.534522 -0.267261 -0.338719 -0.564532 -0.752710 0.000000 -0.981780 -0.190022 -0.211667 -0.973668 -0.084667 -0.072976 -0.997334 0.000000 0.000000 -0.999730 -0.023250 0.019353 -0.967641 0.251587 -0.072633 -0.992646 -0.096844 0.000000 -0.986394 0.164399
-0.859608 0.429804 -0.276303 -0.317208 -0.634417 -0.704907 0.000000 -0.981780 -0.190022 -0.224860 -0.974391 0.000000 -0.071227 -0.997178 -0.023742 0.000000 -0.999730 -0.023250 0.019353 -0.967641 0.251587 -0.094703 -0.994379 -0.047351 0.000000 -0.986394 0.164399
-0.918650 0.262471 -0.295280 -0.285351 -0.677708 -0.677708 0.000000 -0.982872 -0.184289 -0.283909 -0.958194 0.035489 -0.071227 -0.997178 -0.023742 0.000000 -0.999730 -0.023250 0.019722 -0.966374 0.256385 -0.092623 -0.995701 0.000000 0.000000 -0.986394 0.164399
-0.958194 0.035489 -0.283909 -0.272063 -0.660724 -0.699590 -0.031830 -0.986741 -0.159152 -0.274559 -0.960958 0.034320 -0.025557 -0.996729 -0.076671 0.000000 -0.999730 -0.023250 0.040185 -0.964447 0.261204 -0.092623 -0.995701 0.000000 0.000000 -0.989090 0.147311
-0.941742 -0.201802 -0.269069 -0.241747 -0.725241 -0.644658 -0.032862 -0.985861 -0.164310 -0.274559 -0.960958 0.034320 0.000000 -0.996898 -0.078702 0.000000 -0.999730 -0.023250 0.040979 -0.963002 0.266362 -0.118213 -0.992988 0.000000 -0.021040 -0.988871 0.147279
-0.910359 -0.292615 -0.292615 -0.127573 -0.850487 -0.510292 -0.034139 -0.990044 -0.136558 -0.306009 -0.952029 0.000000 -0.024922 -0.996890 -0.074767 0.000000 -0.999730 -0.023250 0.040979 -0.963002 0.266362 -0.118213 -0.992988 0.000000 -0.021040 -0.988871 0.147279
-0.874157 -0.388514 -0.291386 -0.042033 -0.924729 -0.378298 -0.032862 -0.985861 -0.164310 -0.316033 -0.948098 0.035115 -0.023742 -0.997178 -0.071227 0.000000 -0.999730 -0.023250 0.040979 -0.963002 0.266362 -0.118213 -0.992988 0.000000 -0.021040 -0.988871 0.147279
-0.862867 -0.400617 -0.308167 0.000000 -0.944497 -0.328521 0.000000 -0.986394 -0.164399 -0.316033 -0.948098 0.035115 -0.024318 -0.997039 -0.072954 0.000000 -0.999730 -0.023250 0.061404 -0.961992 0.266083 -0.118213 -0.992988 0.000000 -0.021040 -0.988871 0.147279
-0.854413 -0.427207 -0.295758 0.041030 -0.943701 -0.328244 -0.031654 -0.981288 -0.189927 -0.337764 -0.938233 0.075059 -0.024922 -0.996890 -0.074767 0.000000 -0.999730 -0.023250 0.061404 -0.961992 0.266083 -0.115470 -0.993042 0.023094 -0.042052 -0.988215 0.147181
-0.877982 -0.393578 -0.272477 0.041030 -0.943701 -0.328244 -0.030700 -0.982409 -0.184202 -0.337764 -0.938233 0.075059 -0.023742 -0.997178 -0.071227 0.000000 -0.999730 -0.023250 0.061728 -0.967070 0.246911 -0.072633 -0.992646 -0.096844 -0.042052 -0.988215 0.147181
-0.869657 -0.376851 -0.318874 0.039498 -0.947943 -0.315981 -0.030700 -0.982409 -0.184202 -0.303895 -0.949671 0.075974 0.000000 -0.998812 -0.048723 0.000000 -0.999730 -0.023250 0.061728 -0.967070 0.246911 -0.048970 -0.979404 -0.195881 -0.042052 -0.988215 0.147181
-0.864511 -0.339629 -0.370505 0.041030 -0.943701 -0.328244 -0.030700 -0.982409 -0.184202 -0.303895 -0.949671 0.075974 0.000000 -0.998752 -0.049938 0.000000 -0.999730 -0.023250 0.060523 -0.968364 0.242091 -0.071067 -0.994937 -0.071067 -0.042052 -0.988215 0.147181
-0.870759 -0.279887 -0.404281 0.081855 -0.941327 -0.327418 0.000000 -0.982872 -0.184289 -0.337764 -0.938233 0.075059 -0.023776 -0.998586 -0.047552 0.000000 -0.999730 -0.023250 0.060523 -0.968364 0.242091 -0.094782 -0.995216 -0.023696 -0.042052 -0.988215 0.147181
-0.821781 -0.316070 -0.474105 0.080713 -0.928204 -0.363210 0.000000 -0.982872 -0.184289 -0.337764 -0.938233 0.075059 -0.023776 -0.998586 -0.047552 0.000000 -0.999730 -0.023250 0.060523 -0.968364 0.242091 -0.115501 -0.993307 0.000000 -0.042052 -0.988215 0.147181
-0.730096 -0.331862 -0.597351 0.080713 -0.928204 -0.363210 0.000000 -0.982872 -0.184289 -0.336581 -0.934947 0.112194 -0.023776 -0.998586 -0.047552 0.000000 -0.999730 -0.023250 0.060523 -0.968364 0.242091 -0.115470 -0.993042 0.023094 -0.041913 -0.984955 0.167652
-0.642493 -0.417620 -0.642493 0.125218 -0.918262 -0.375653 0.000000 -0.987241 -0.159232 -0.293294 -0.953206 0.073324 -0.024961 -0.998441 -0.049922 0.000000 -0.999730 -0.023250 0.060523 -0.968364 0.242091 -0.115378 -0.992249 0.046151 -0.041913 -0.984955 0.167652
-0.498617 -0.465376 -0.731305 0.125218 -0.918262 -0.375653 0.000000 -0.980581 -0.196116 -0.293294 -0.953206 0.073324 0.000000 -0.998812 -0.048723 0.000000 -0.999730 -0.023250 0.060523 -0.968364 0.242091 -0.115378 -0.992249 0.046151 -0.041913 -0.984955 0.167652
-0.377777 -0.535184 -0.755554 0.257960 -0.902861 -0.343947 0.000000 -0.980581 -0.196116 -0.293294 -0.953206 0.073324 0.000000 -0.998868 -0.047565 0.000000 -0.999730 -0.023250 0.040580 -0.973929 0.223192 -0.115378 -0.992249 0.046151 -0.041913 -0.984955 0.167652
-0.222925 -0.605083 -0.764316 0.335377 -0.880366 -0.335377 0.000000 -0.986394 -0.164399 -0.293887 -0.955134 0.036736 0.023776 -0.998586 -0.047552 0.000000 -0.999730 -0.023250 0.040580 -0.973929 0.223192 -0.115378 -0.992249 0.046151 -0.041913 -0.984955 0.167652
-0.028560 -0.599755 -0.799674 0.403705 -0.897123 -0.179425 0.000000 -0.986394 -0.164399 -0.304555 -0.951734 0.038069 0.023224 -0.998651 -0.046449 0.000000 -0.999730 -0.023250 0.040580 -0.973929 0.223192 -0.115378 -0.992249 0.046151 -0.041913 -0.984955 0.167652
0.192888 -0.606219 -0.771552 0.426162 -0.899676 -0.094703 0.000000 -0.980581 -0.196116 -0.304555 -0.951734 0.038069 0.023224 -0.998651 -0.046449 0.000000 -0.999730 -0.023250 0.040580 -0.973929 0.223192 -0.115470 -0.993042 0.023094 -0.041913 -0.984955 0.167652
0.349695 -0.591791 -0.726289 0.426162 -0.899676 -0.094703 0.000000 -0.985460 -0.169907 -0.294086 -0.955779 0.000000 0.023224 -0.998651 -0.046449 0.000000 -0.999730 -0.023250 0.040580 -0.973929 0.223192 -0.115470 -0.993042 0.023094 -0.041913 -0.984955 0.167652
0.409463 -0.573249 -0.709736 0.427603 -0.902717 -0.047511 0.000000 -0.979260 -0.202606 -0.259973 -0.965616 0.000000 0.023224 -0.998651 -0.046449 0.000000 -0.999730 -0.023250 0.040580 -0.973929 0.223192 -0.115470 -0.993042 0.023094 -0.041757 -0.981299 0.187908
0.497321 -0.524950 -0.690724 0.386244 -0.917329 -0.096561 0.033748 -0.978703 -0.202490 -0.294086 -0.955779 0.000000 0.023224 -0.998651 -0.046449 0.000000 -0.998920 -0.046461 0.040390 -0.969351 0.242338 -0.141421 -0.989949 0.000000 -0.041757 -0.981299 0.187908
0.532106 -0.476095 -0.700140 0.370991 -0.927478 -0.046374 0.033748 -0.978703 -0.202490 -0.293887 -0.955134 0.036736 0.023224 -0.998651 -0.046449 0.023776 -0.998586 -0.047552 0.019819 -0.971107 0.237822 -0.141421 -0.989949 0.000000 -0.041757 -0.981299 0.187908
0.507746 -0.477878 -0.716817 0.427603 -0.902717 -0.047511 0.033962 -0.984892 -0.169809 -0.294086 -0.955779 0.000000 0.023224 -0.998651 -0.046449 0.023776 -0.998586 -0.047552 0.019819 -0.971107 0.237822 -0.141421 -0.989949 0.000000 -0.041757 -0.981299 0.187908
