-0.545906 0.837056 -0.036394 -0.539660 0.231283 -0.809491 -0.030514 -0.976445 -0.213597 -0.109764 -0.987878 -0.109764 -0.044401 -0.999014 0.000000 0.048593 -0.996156 -0.072889 0.076444 -0.974661 0.210221 -0.047351 -0.994379 -0.094703 0.019803 -0.990148 0.138621
-0.544825 0.835398 -0.072643 -0.544125 0.194331 -0.816188 -0.031450 -0.974958 -0.220152 -0.109764 -0.987878 -0.109764 -0.066519 -0.997785 0.000000 0.048593 -0.996156 -0.072889 0.076444 -0.974661 0.210221 -0.047351 -0.994379 -0.094703 0.019803 -0.990148 0.138621
-0.562565 0.822210 -0.086548 -0.619586 0.206529 -0.757271 -0.031450 -0.974958 -0.220152 -0.145671 -0.983282 -0.109254 -0.066519 -0.997785 0.000000 0.048593 -0.996156 -0.072889 0.076444 -0.974661 0.210221 -0.047351 -0.994379 -0.094703 0.019854 -0.992681 0.119122
-0.597110 0.780836 -0.183726 -0.663358 0.165840 -0.729694 -0.032444 -0.973329 -0.227110 -0.141069 -0.987484 -0.070535 -0.088540 -0.996073 0.000000 0.048593 -0.996156 -0.072889 0.076444 -0.974661 0.210221 -0.047351 -0.994379 -0.094703 0.019854 -0.992681 0.119122
-0.682323 0.682323 -0.262432 -0.719066 0.089883 -0.689105 -0.032444 -0.973329 -0.227110 -0.141069 -0.987484 -0.070535 -0.088540 -0.996073 0.000000 0.048593 -0.996156 -0.072889 0.076444 -0.974661 0.210221 -0.047351 -0.994379 -0.094703 0.019854 -0.992681 0.119122
-0.768350 0.548821 -0.329293 -0.656344 -0.207267 -0.725433 -0.031450 -0.974958 -0.220152 -0.141069 -0.987484 -0.070535 -0.068006 -0.997427 -0.022669 0.048593 -0.996156 -0.072889 0.076444 -0.974661 0.210221 -0.047351 -0.994379 -0.094703 0.019854 -0.992681 0.119122
-0.814191 0.460195 -0.353996 -0.629317 -0.409056 -0.660783 -0.030514 -0.976445 -0.213597 -0.141069 -0.987484 -0.070535 -0.069580 -0.997307 -0.023193 0.048593 -0.996156 -0.072889 0.076125 -0.970593 0.228375 -0.047351 -0.994379 -0.094703 0.019854 -0.992681 0.119122
-0.890348 0.190789 -0.413376 -0.587473 -0.587473 -0.556553 0.000000 -0.971850 -0.235600 -0.175682 -0.983820 -0.035136 -0.071167 -0.996335 -0.047445 0.048593 -0.996156 -0.072889 0.076125 -0.970593 0.228375 -0.047351 -0.994379 -0.094703 0.019854 -0.992681 0.119122
-0.922123 -0.099689 -0.373834 -0.418040 -0.766406 -0.487713 0.000000 -0.971850 -0.235600 -0.169809 -0.984892 -0.033962 -0.071167 -0.996335 -0.047445 0.048593 -0.996156 -0.072889 0.076125 -0.970593 0.228375 -0.047351 -0.994379 -0.094703 0.019854 -0.992681 0.119122
-0.894737 -0.315789 -0.315789 -0.277184 -0.866199 -0.415775 0.000000 -0.971850 -0.235600 -0.175682 -0.983820 -0.035136 -0.071167 -0.996335 -0.047445 0.048593 -0.996156 -0.072889 0.076125 -0.970593 0.228375 -0.047351 -0.994379 -0.094703 0.000000 -0.992877 0.119145
-0.815366 -0.506089 -0.281161 -0.281091 -0.878410 -0.386501 0.000000 -0.971850 -0.235600 -0.175682 -0.983820 -0.035136 -0.071067 -0.994937 -0.071067 0.048593 -0.996156 -0.072889 0.076125 -0.970593 0.228375 -0.047351 -0.994379 -0.094703 0.000000 -0.992877 0.119145
-0.771552 -0.606219 -0.192888 -0.246564 -0.915811 -0.317011 0.000000 -0.973417 -0.229039 -0.181969 -0.982631 -0.036394 -0.047445 -0.996335 -0.071167 0.048593 -0.996156 -0.072889 0.076125 -0.970593 0.228375 -0.047351 -0.994379 -0.094703 -0.019854 -0.992681 0.119122
-0.784465 -0.588348 -0.196116 -0.241236 -0.930481 -0.275698 0.000000 -0.973417 -0.229039 -0.181969 -0.982631 -0.036394 -0.047445 -0.996335 -0.071167 0.048593 -0.996156 -0.072889 0.076125 -0.970593 0.228375 -0.047351 -0.994379 -0.094703 -0.019803 -0.990148 0.138621
-0.762848 -0.610278 -0.213597 -0.243414 -0.938882 -0.243414 0.000000 -0.973417 -0.229039 -0.181969 -0.982631 -0.036394 -0.048593 -0.996156 -0.072889 0.048593 -0.996156 -0.072889 0.076125 -0.970593 0.228375 -0.047351 -0.994379 -0.094703 -0.019803 -0.990148 0.138621
-0.735077 -0.643192 -0.214397 -0.251610 -0.934551 -0.251610 0.000000 -0.973417 -0.229039 -0.181969 -0.982631 -0.036394 -0.048593 -0.996156 -0.072889 0.048593 -0.996156 -0.072889 0.076125 -0.970593 0.228375 -0.047351 -0.994379 -0.094703 -0.039583 -0.989566 0.138539
-0.751506 -0.614868 -0.239115 -0.294484 -0.920263 -0.257674 0.000000 -0.971850 -0.235600 -0.181969 -0.982631 -0.036394 -0.048593 -0.996156 -0.072889 0.048593 -0.996156 -0.072889 0.076125 -0.970593 0.228375 -0.047351 -0.994379 -0.094703 -0.039583 -0.989566 0.138539
-0.773479 -0.527372 -0.351581 -0.294484 -0.920263 -0.257674 0.000000 -0.979457 -0.201653 -0.188713 -0.981307 -0.037743 -0.048593 -0.996156 -0.072889 0.048593 -0.996156 -0.072889 0.076125 -0.970593 0.228375 -0.047351 -0.994379 -0.094703 -0.039583 -0.989566 0.138539
-0.792632 -0.413547 -0.448010 -0.304776 -0.914327 -0.266679 0.000000 -0.979457 -0.201653 -0.188713 -0.981307 -0.037743 -0.048665 -0.997629 -0.048665 0.048593 -0.996156 -0.072889 0.076125 -0.970593 0.228375 -0.047351 -0.994379 -0.094703 -0.039583 -0.989566 0.138539
-0.781572 -0.305832 -0.543702 -0.269630 -0.924445 -0.269630 0.000000 -0.979457 -0.201653 -0.188847 -0.982006 0.000000 -0.048665 -0.997629 -0.048665 0.048593 -0.996156 -0.072889 0.076125 -0.970593 0.228375 -0.047351 -0.994379 -0.094703 -0.039583 -0.989566 0.138539
-0.713609 -0.271851 -0.645646 -0.242140 -0.928204 -0.282497 0.000000 -0.978234 -0.207504 -0.188847 -0.982006 0.000000 -0.048665 -0.997629 -0.048665 0.048593 -0.996156 -0.072889 0.076125 -0.970593 0.228375 -0.047351 -0.994379 -0.094703 -0.039583 -0.989566 0.138539
-0.679258 -0.185252 -0.710134 -0.122271 -0.937410 -0.326056 0.000000 -0.983870 -0.178885 -0.188713 -0.981307 -0.037743 -0.048665 -0.997629 -0.048665 0.048593 -0.996156 -0.072889 0.076125 -0.970593 0.228375 -0.047351 -0.994379 -0.094703 -0.039583 -0.989566 0.138539
-0.602749 -0.150687 -0.783573 -0.085126 -0.936382 -0.340503 0.000000 -0.983870 -0.178885 -0.188713 -0.981307 -0.037743 -0.024354 -0.998516 -0.048708 0.048593 -0.996156 -0.072889 0.076444 -0.974661 0.210221 -0.047351 -0.994379 -0.094703 -0.039583 -0.989566 0.138539
-0.519656 -0.129914 -0.844441 0.000000 -0.919145 -0.393919 0.000000 -0.978234 -0.207504 -0.188713 -0.981307 -0.037743 -0.024354 -0.998516 -0.048708 0.048593 -0.996156 -0.072889 0.076444 -0.974661 0.210221 -0.047351 -0.994379 -0.094703 -0.039583 -0.989566 0.138539
-0.392023 -0.098006 -0.914720 0.087204 -0.915644 -0.392419 0.000000 -0.982872 -0.184289 -0.181608 -0.980684 -0.072643 -0.024354 -0.998516 -0.048708 0.048593 -0.996156 -0.072889 0.076444 -0.974661 0.210221 -0.047351 -0.994379 -0.094703 -0.039583 -0.989566 0.138539
-0.345444 -0.103633 -0.932700 0.213785 -0.897895 -0.384812 0.000000 -0.982872 -0.184289 -0.181969 -0.982631 -0.036394 0.000000 -0.998812 -0.048723 0.048593 -0.996156 -0.072889 0.076444 -0.974661 0.210221 -0.047351 -0.994379 -0.094703 -0.039583 -0.989566 0.138539
-0.174821 -0.104893 -0.978997 0.254000 -0.889001 -0.381000 0.000000 -0.982872 -0.184289 -0.188713 -0.981307 -0.037743 0.000000 -0.998812 -0.048723 0.048593 -0.996156 -0.072889 0.076444 -0.974661 0.210221 -0.047351 -0.994379 -0.094703 -0.039583 -0.989566 0.138539
0.036613 -0.146450 -0.988540 0.288185 -0.864556 -0.411693 0.000000 -0.981780 -0.190022 -0.181608 -0.980684 -0.072643 0.000000 -0.998812 -0.048723 0.048665 -0.997629 -0.048665 0.057406 -0.975909 0.210490 -0.047351 -0.994379 -0.094703 -0.039583 -0.989566 0.138539
0.231800 -0.115900 -0.965834 0.325246 -0.853771 -0.406558 0.031654 -0.981288 -0.189927 -0.181608 -0.980684 -0.072643 0.000000 -0.998812 -0.048723 0.048665 -0.997629 -0.048665 0.057406 -0.975909 0.210490 -0.047351 -0.994379 -0.094703 -0.039583 -0.989566 0.138539
0.397422 -0.030571 -0.917127 0.248922 -0.954201 -0.165948 0.031654 -0.981288 -0.189927 -0.181608 -0.980684 -0.072643 0.000000 -0.998812 -0.048723 0.048665 -0.997629 -0.048665 0.057406 -0.975909 0.210490 -0.047351 -0.994379 -0.094703 -0.039583 -0.989566 0.138539
0.522562 0.000000 -0.852601 0.203785 -0.978167 -0.040757 0.031450 -0.974958 -0.220152 -0.181608 -0.980684 -0.072643 0.000000 -0.998812 -0.048723 0.048665 -0.997629 -0.048665 0.057406 -0.975909 0.210490 -0.047351 -0.994379 -0.094703 -0.039467 -0.986671 0.157867
0.595647 -0.025898 -0.802829 0.164399 -0.986394 0.000000 0.031450 -0.974958 -0.220152 -0.181608 -0.980684 -0.072643 0.000000 -0.998812 -0.048723 0.048665 -0.997629 -0.048665 0.057628 -0.979683 0.192095 -0.047351 -0.994379 -0.094703 -0.039467 -0.986671 0.157867
0.652717 -0.026109 -0.757152 0.164260 -0.985562 0.041065 0.031450 -0.974958 -0.220152 -0.181608 -0.980684 -0.072643 0.000000 -0.998812 -0.048723 0.048665 -0.997629 -0.048665 0.057628 -0.979683 0.192095 -0.047351 -0.994379 -0.094703 -0.039467 -0.986671 0.157867
0.706139 -0.052307 -0.706139 0.164260 -0.985562 0.041065 0.030303 -0.969697 -0.242424 -0.181969 -0.982631 -0.036394 0.000000 -0.998812 -0.048723 0.048665 -0.997629 -0.048665 0.057628 -0.979683 0.192095 -0.047351 -0.994379 -0.094703 -0.039467 -0.986671 0.157867
0.719297 -0.053281 -0.692656 0.203279 -0.975739 0.081312 0.030303 -0.969697 -0.242424 -0.181969 -0.982631 -0.036394 0.000000 -0.998812 -0.048723 0.048665 -0.997629 -0.048665 0.057628 -0.979683 0.192095 -0.047351 -0.994379 -0.094703 -0.039467 -0.986671 0.157867
0.716253 -0.106112 -0.689726 0.250435 -0.960001 0.125218 0.030514 -0.976445 -0.213597 -0.181608 -0.980684 -0.072643 0.000000 -0.998812 -0.048723 0.048665 -0.997629 -0.048665 0.057628 -0.979683 0.192095 -0.047351 -0.994379 -0.094703 -0.039467 -0.986671 0.157867
0.687964 -0.114661 -0.716630 0.288921 -0.949312 0.123823 0.030514 -0.976445 -0.213597 -0.181608 -0.980684 -0.072643 0.000000 -0.998812 -0.048723 0.048593 -0.996156 -0.072889 0.038454 -0.980588 0.192272 -0.047351 -0.994379 -0.094703 -0.039467 -0.986671 0.157867
