-0.413990 0.903252 0.112906 -0.580000 0.290000 -0.761249 0.034320 -0.960958 -0.274559 -0.146157 -0.986559 -0.073078 -0.062257 -0.996116 0.062257 0.000000 -0.999133 -0.041631 0.067437 -0.966597 0.247269 -0.127000 -0.965201 -0.228600 0.022355 -0.983624 0.178841
-0.522514 0.844061 -0.120580 -0.614235 0.216789 -0.758761 0.034320 -0.960958 -0.274559 -0.151620 -0.985527 -0.075810 -0.063571 -0.995950 0.063571 0.000000 -0.999133 -0.041631 0.067437 -0.966597 0.247269 -0.127000 -0.965201 -0.228600 0.022355 -0.983624 0.178841
-0.602595 0.753244 -0.263635 -0.633238 0.000000 -0.773957 0.033223 -0.963460 -0.265782 -0.113878 -0.986947 -0.113878 -0.044357 -0.998031 0.044357 0.000000 -0.999133 -0.041631 0.067437 -0.966597 0.247269 -0.127000 -0.965201 -0.228600 0.022355 -0.983624 0.178841
-0.710336 0.575034 -0.405906 -0.625779 -0.257674 -0.736210 0.000000 -0.963993 -0.265929 -0.078750 -0.984374 -0.157500 -0.023250 -0.999730 0.000000 0.000000 -0.999096 -0.042515 0.066002 -0.968027 0.242007 -0.127000 -0.965201 -0.228600 0.022355 -0.983624 0.178841
-0.771517 0.401189 -0.493771 -0.536399 -0.500639 -0.679439 -0.029437 -0.971429 -0.235498 -0.187647 -0.975763 -0.112588 -0.023796 -0.999434 -0.023796 0.000000 -0.999096 -0.042515 0.066002 -0.968027 0.242007 -0.127000 -0.965201 -0.228600 0.022355 -0.983624 0.178841
-0.844652 0.136234 -0.517690 -0.404916 -0.699400 -0.588968 -0.029437 -0.971429 -0.235498 -0.187647 -0.975763 -0.112588 -0.024354 -0.998516 -0.048708 0.000000 -0.999096 -0.042515 0.065638 -0.962683 0.262550 -0.127000 -0.965201 -0.228600 0.022261 -0.979472 0.200347
-0.868174 -0.140028 -0.476095 -0.358057 -0.787726 -0.501280 -0.030303 -0.969697 -0.242424 -0.181608 -0.980684 -0.072643 -0.024354 -0.998516 -0.048708 0.000000 -0.999096 -0.042515 0.065638 -0.962683 0.262550 -0.127000 -0.965201 -0.228600 0.022261 -0.979472 0.200347
-0.845385 -0.392500 -0.362308 -0.313150 -0.835067 -0.452328 -0.028421 -0.966315 -0.255789 -0.203785 -0.978167 -0.040757 -0.024354 -0.998516 -0.048708 0.000000 -0.999056 -0.043437 0.064282 -0.964237 0.257130 -0.127000 -0.965201 -0.228600 0.022261 -0.979472 0.200347
-0.782691 -0.550782 -0.289886 -0.303735 -0.877457 -0.371232 -0.027661 -0.968122 -0.248946 -0.212238 -0.976296 -0.042448 -0.024961 -0.998441 -0.049922 0.000000 -0.999056 -0.043437 0.064282 -0.964237 0.257130 -0.127000 -0.965201 -0.228600 0.000000 -0.979715 0.200396
-0.770054 -0.592349 -0.236940 -0.236239 -0.911206 -0.337484 0.000000 -0.966705 -0.255893 -0.242536 -0.970143 0.000000 -0.024961 -0.998441 -0.049922 0.000000 -0.999056 -0.043437 0.064282 -0.964237 0.257130 -0.127000 -0.965201 -0.228600 0.000000 -0.979715 0.200396
-0.764316 -0.605083 -0.222925 -0.246564 -0.915811 -0.317011 0.000000 -0.966705 -0.255893 -0.242536 -0.970143 0.000000 -0.024961 -0.998441 -0.049922 0.000000 -0.999056 -0.043437 0.064282 -0.964237 0.257130 -0.127000 -0.965201 -0.228600 -0.022261 -0.979472 0.200347
-0.744652 -0.615148 -0.259010 -0.249207 -0.925625 -0.284808 0.000000 -0.966705 -0.255893 -0.233373 -0.972387 0.000000 -0.024961 -0.998441 -0.049922 0.000000 -0.999056 -0.043437 0.064282 -0.964237 0.257130 -0.127000 -0.965201 -0.228600 -0.022261 -0.979472 0.200347
-0.765816 -0.599334 -0.233075 -0.251610 -0.934551 -0.251610 0.000000 -0.966705 -0.255893 -0.242536 -0.970143 0.000000 -0.024961 -0.998441 -0.049922 0.000000 -0.999056 -0.043437 0.064282 -0.964237 0.257130 -0.127000 -0.965201 -0.228600 -0.022261 -0.979472 0.200347
-0.794284 -0.529523 -0.297857 -0.260333 -0.929760 -0.260333 0.029437 -0.971429 -0.235498 -0.269630 -0.962964 0.000000 -0.024961 -0.998441 -0.049922 0.000000 -0.999056 -0.043437 0.064625 -0.969368 0.236957 -0.127000 -0.965201 -0.228600 -0.022261 -0.979472 0.200347
-0.816279 -0.391814 -0.424465 -0.257674 -0.920263 -0.294484 0.029437 -0.971429 -0.235498 -0.269630 -0.962964 0.000000 0.000000 -0.998752 -0.049938 0.000000 -0.999056 -0.043437 0.064625 -0.969368 0.236957 -0.127000 -0.965201 -0.228600 -0.044488 -0.978745 0.200198
-0.819689 -0.303588 -0.485741 -0.201129 -0.925196 -0.321807 0.029437 -0.971429 -0.235498 -0.233197 -0.971653 0.038866 0.000000 -0.999688 -0.024992 0.000000 -0.999056 -0.043437 0.064625 -0.969368 0.236957 -0.127000 -0.965201 -0.228600 -0.044488 -0.978745 0.200198
-0.770054 -0.236940 -0.592349 -0.175243 -0.920027 -0.350486 0.000000 -0.973417 -0.229039 -0.203785 -0.978167 0.040757 0.000000 -0.999703 -0.024383 0.000000 -0.999056 -0.043437 0.043133 -0.970495 0.237232 -0.127000 -0.965201 -0.228600 -0.044488 -0.978745 0.200198
-0.710134 -0.185252 -0.679258 -0.135526 -0.903508 -0.406579 0.029801 -0.983433 -0.178806 -0.233197 -0.971653 -0.038866 0.000000 -0.999703 -0.024383 0.000000 -0.999056 -0.043437 0.043133 -0.970495 0.237232 -0.127000 -0.965201 -0.228600 -0.044488 -0.978745 0.200198
-0.667894 -0.151794 -0.728612 -0.089087 -0.890871 -0.445435 0.000000 -0.988012 -0.154377 -0.224231 -0.971666 -0.074744 0.000000 -0.999703 -0.024383 0.000000 -0.999056 -0.043437 0.043133 -0.970495 0.237232 -0.127000 -0.965201 -0.228600 -0.044488 -0.978745 0.200198
-0.602340 -0.095106 -0.792553 0.042954 -0.902027 -0.429537 0.000000 -0.987241 -0.159232 -0.216789 -0.975550 -0.036131 0.000000 -0.999703 -0.024383 0.000000 -0.999056 -0.043437 0.043133 -0.970495 0.237232 -0.127000 -0.965201 -0.228600 -0.044488 -0.978745 0.200198
-0.540514 -0.030029 -0.840799 0.286491 -0.900400 -0.327418 0.000000 -0.987241 -0.159232 -0.216366 -0.973645 -0.072122 0.000000 -0.999703 -0.024383 0.000000 -0.999056 -0.043437 0.043133 -0.970495 0.237232 -0.130189 -0.963398 -0.234340 -0.043540 -0.979651 0.195930
-0.459208 -0.030614 -0.887801 0.367118 -0.897399 -0.244745 0.000000 -0.987241 -0.159232 -0.216366 -0.973645 -0.072122 0.000000 -0.999703 -0.024383 0.000000 -0.999056 -0.043437 0.043133 -0.970495 0.237232 -0.133535 -0.961454 -0.240363 -0.043540 -0.979651 0.195930
-0.335578 -0.067116 -0.939618 0.430134 -0.860268 -0.273722 0.000000 -0.981780 -0.190022 -0.224702 -0.973708 -0.037450 0.000000 -0.999703 -0.024383 0.000000 -0.999056 -0.043437 0.043133 -0.970495 0.237232 -0.159617 -0.957704 -0.239426 -0.021786 -0.980348 0.196070
-0.129641 -0.194461 -0.972306 0.521247 -0.825307 -0.217186 0.000000 -0.975441 -0.220261 -0.188311 -0.979217 -0.075324 0.000000 -0.999703 -0.024383 0.000000 -0.999056 -0.043437 0.043133 -0.970495 0.237232 -0.159617 -0.957704 -0.239426 -0.021688 -0.975957 0.216879
0.231413 -0.165295 -0.958710 0.347498 -0.912182 -0.217186 0.000000 -0.966235 -0.257663 -0.188311 -0.979217 -0.075324 0.000000 -0.999703 -0.024383 0.000000 -0.999056 -0.043437 0.043133 -0.970495 0.237232 -0.159617 -0.957704 -0.239426 -0.021688 -0.975957 0.216879
0.466478 -0.155493 -0.870759 0.311188 -0.933564 -0.177822 0.000000 -0.955064 -0.296399 -0.181608 -0.980684 -0.072643 0.000000 -0.999703 -0.024383 0.000000 -0.999056 -0.043437 0.043345 -0.975270 0.216727 -0.133535 -0.961454 -0.240363 -0.021688 -0.975957 0.216879
0.623885 -0.118835 -0.772429 0.260870 -0.956522 -0.130435 0.032915 -0.954547 -0.296239 -0.181969 -0.982631 -0.036394 0.000000 -0.999703 -0.024383 0.000000 -0.999056 -0.043437 0.043345 -0.975270 0.216727 -0.133535 -0.961454 -0.240363 -0.021688 -0.975957 0.216879
0.730153 -0.112331 -0.673987 0.262111 -0.961074 -0.087370 0.032915 -0.954547 -0.296239 -0.181608 -0.980684 -0.072643 0.000000 -0.999703 -0.024383 0.000000 -0.999056 -0.043437 0.043345 -0.975270 0.216727 -0.133535 -0.961454 -0.240363 -0.021688 -0.975957 0.216879
0.793999 -0.082138 -0.602344 0.279776 -0.959233 -0.039968 0.032582 -0.944871 -0.325818 -0.181608 -0.980684 -0.072643 0.000000 -0.999703 -0.024383 0.000000 -0.997880 -0.065079 0.043345 -0.975270 0.216727 -0.130189 -0.963398 -0.234340 -0.022157 -0.974893 0.221567
0.830773 -0.055385 -0.553849 0.280000 -0.960000 0.000000 0.033615 -0.941210 -0.336146 -0.181608 -0.980684 -0.072643 0.000000 -0.999703 -0.024383 0.000000 -0.997880 -0.065079 0.043345 -0.975270 0.216727 -0.130189 -0.963398 -0.234340 -0.022157 -0.974893 0.221567
0.809626 -0.027918 -0.586281 0.315244 -0.945732 0.078811 0.065060 -0.943370 -0.325300 -0.181608 -0.980684 -0.072643 0.000000 -0.999703 -0.024383 0.000000 -0.997880 -0.065079 0.043345 -0.975270 0.216727 -0.130189 -0.963398 -0.234340 -0.022043 -0.969907 0.242477
0.822881 -0.028375 -0.567504 0.315244 -0.945732 0.078811 0.065724 -0.952999 -0.295758 -0.215666 -0.970495 -0.107833 0.000000 -0.999703 -0.024383 0.000000 -0.997880 -0.065079 0.043345 -0.975270 0.216727 -0.130189 -0.963398 -0.234340 -0.022043 -0.969907 0.242477
0.799674 -0.028560 -0.599755 0.314027 -0.942082 0.117760 0.032582 -0.944871 -0.325818 -0.181012 -0.977466 -0.108607 0.000000 -0.999703 -0.024383 0.000000 -0.999056 -0.043437 0.043345 -0.975270 0.216727 -0.130946 -0.968998 -0.209513 -0.022157 -0.974893 0.221567
0.777941 0.000000 -0.628337 0.348743 -0.929981 0.116248 0.065060 -0.943370 -0.325300 -0.181608 -0.980684 -0.072643 0.000000 -0.999703 -0.024383 0.000000 -0.999056 -0.043437 0.044281 -0.974176 0.221404 -0.130946 -0.968998 -0.209513 -0.022157 -0.974893 0.221567
0.750714 0.000000 -0.660628 0.348743 -0.929981 0.116248 0.065724 -0.952999 -0.295758 -0.181608 -0.980684 -0.072643 0.000000 -0.999703 -0.024383 0.000000 -0.999056 -0.043437 0.044281 -0.974176 0.221404 -0.130946 -0.968998 -0.209513 -0.022157 -0.974893 0.221567
0.737154 0.000000 -0.675725 0.348743 -0.929981 0.116248 0.064282 -0.964237 -0.257130 -0.181012 -0.977466 -0.108607 0.000000 -0.999703 -0.024383 0.000000 -0.999056 -0.043437 0.044281 -0.974176 0.221404 -0.134352 -0.967337 -0.214964 -0.021688 -0.975957 0.216879
