-0.483368 0.870063 -0.096674 -0.595726 -0.119145 -0.794301 0.057401 -0.947119 -0.315706 -0.171341 -0.985212 0.000000 -0.068006 -0.997427 -0.022669 0.043396 -0.998115 0.043396 0.063529 -0.952928 0.296466 -0.088518 -0.995829 -0.022130 -0.021953 -0.987878 0.153670
-0.471988 0.881043 -0.031466 -0.588464 -0.126099 -0.798630 0.057401 -0.947119 -0.315706 -0.090443 -0.994874 -0.045222 -0.069598 -0.997575 0.000000 0.043396 -0.998115 0.043396 0.063529 -0.952928 0.296466 -0.088518 -0.995829 -0.022130 -0.021953 -0.987878 0.153670
-0.496139 0.868243 0.000000 -0.559950 -0.129219 -0.818388 0.057401 -0.947119 -0.315706 -0.090167 -0.991837 -0.090167 -0.069598 -0.997575 0.000000 0.043396 -0.998115 0.043396 0.084572 -0.951436 0.296002 -0.066503 -0.997540 -0.022168 0.000000 -0.988116 0.153707
-0.503871 0.863779 0.000000 -0.624695 0.000000 -0.780869 0.057401 -0.947119 -0.315706 -0.045222 -0.994874 -0.090443 -0.069598 -0.997575 0.000000 0.043427 -0.998821 0.021713 0.084572 -0.951436 0.296002 -0.066503 -0.997540 -0.022168 0.000000 -0.988116 0.153707
-0.552967 0.829450 -0.078995 -0.628768 0.036986 -0.776713 0.059549 -0.952786 -0.297746 -0.044992 -0.989827 -0.134976 -0.069598 -0.997575 0.000000 0.043427 -0.998821 0.021713 0.084572 -0.951436 0.296002 -0.066503 -0.997540 -0.022168 0.000000 -0.988116 0.153707
-0.637962 0.717707 -0.279108 -0.629198 0.000000 -0.777245 0.029814 -0.954056 -0.298142 -0.047088 -0.988851 -0.141264 -0.069598 -0.997575 0.000000 0.043427 -0.998821 0.021713 0.084572 -0.951436 0.296002 -0.066503 -0.997540 -0.022168 0.000000 -0.988116 0.153707
-0.706562 0.588802 -0.392534 -0.625355 -0.110357 -0.772497 0.029814 -0.954056 -0.298142 -0.047351 -0.994379 -0.094703 -0.069580 -0.997307 -0.023193 0.043427 -0.998821 0.021713 0.084572 -0.951436 0.296002 -0.066503 -0.997540 -0.022168 0.000000 -0.991228 0.132164
-0.691481 0.473118 -0.545906 -0.641223 -0.284988 -0.712470 0.031607 -0.948209 -0.316070 -0.043274 -0.995307 -0.086548 -0.046449 -0.998651 -0.023224 0.043427 -0.998821 0.021713 0.084572 -0.951436 0.296002 -0.066503 -0.997540 -0.022168 0.000000 -0.991228 0.132164
-0.730988 0.317821 -0.603860 -0.607919 -0.464879 -0.643679 0.000000 -0.960346 -0.278810 -0.082974 -0.995688 -0.041487 -0.046411 -0.997844 -0.046411 0.043427 -0.998821 0.021713 0.084572 -0.951436 0.296002 -0.066503 -0.997540 -0.022168 0.000000 -0.991228 0.132164
-0.797923 0.118211 -0.591054 -0.502571 -0.646162 -0.574367 -0.030964 -0.959886 -0.278677 -0.119051 -0.992095 -0.039684 -0.047511 -0.997740 -0.047511 0.043427 -0.998821 0.021713 0.084572 -0.951436 0.296002 -0.066503 -0.997540 -0.022168 0.000000 -0.991228 0.132164
-0.820244 -0.084853 -0.565685 -0.470016 -0.723102 -0.506171 -0.031220 -0.967805 -0.249756 -0.152057 -0.988372 0.000000 -0.047511 -0.997740 -0.047511 0.043427 -0.998821 0.021713 0.084572 -0.951436 0.296002 -0.066503 -0.997540 -0.022168 0.000000 -0.991228 0.132164
-0.858898 -0.229039 -0.458079 -0.425062 -0.779280 -0.460484 -0.031220 -0.967805 -0.249756 -0.152057 -0.988372 0.000000 -0.047511 -0.997740 -0.047511 0.043396 -0.998115 0.043396 0.084572 -0.951436 0.296002 -0.066503 -0.997540 -0.022168 0.000000 -0.991228 0.132164
-0.852204 -0.323250 -0.411409 -0.419827 -0.804668 -0.419827 -0.031220 -0.967805 -0.249756 -0.152057 -0.988372 0.000000 -0.023796 -0.999434 -0.023796 0.043396 -0.998115 0.043396 0.084572 -0.951436 0.296002 -0.088453 -0.995098 -0.044227 0.000000 -0.988116 0.153707
-0.851943 -0.340777 -0.397573 -0.375293 -0.863175 -0.337764 -0.031220 -0.967805 -0.249756 -0.152057 -0.988372 0.000000 -0.023796 -0.999434 -0.023796 0.043427 -0.998821 0.021713 0.084572 -0.951436 0.296002 -0.088453 -0.995098 -0.044227 -0.021953 -0.987878 0.153670
-0.851943 -0.340777 -0.397573 -0.346667 -0.885927 -0.308148 -0.031220 -0.967805 -0.249756 -0.152057 -0.988372 0.000000 -0.023796 -0.999434 -0.023796 0.043427 -0.998821 0.021713 0.084572 -0.951436 0.296002 -0.088453 -0.995098 -0.044227 -0.021953 -0.987878 0.153670
-0.859455 -0.332692 -0.388141 -0.315735 -0.907738 -0.276268 0.000000 -0.968277 -0.249878 -0.182089 -0.983282 0.000000 -0.023776 -0.998586 -0.047552 0.043427 -0.998821 0.021713 0.084572 -0.951436 0.296002 -0.088453 -0.995098 -0.044227 -0.021953 -0.987878 0.153670
-0.867154 -0.307700 -0.391618 -0.315735 -0.907738 -0.276268 0.000000 -0.968277 -0.249878 -0.182089 -0.983282 0.000000 -0.023776 -0.998586 -0.047552 0.043427 -0.998821 0.021713 0.084572 -0.951436 0.296002 -0.088453 -0.995098 -0.044227 -0.021953 -0.987878 0.153670
-0.860447 -0.249807 -0.444102 -0.327418 -0.900400 -0.286491 0.000000 -0.968277 -0.249878 -0.182089 -0.983282 0.000000 -0.023776 -0.998586 -0.047552 0.043427 -0.998821 0.021713 0.084572 -0.951436 0.296002 -0.088453 -0.995098 -0.044227 -0.043874 -0.987165 0.153559
-0.860116 -0.194220 -0.471677 -0.335377 -0.880366 -0.335377 0.000000 -0.968277 -0.249878 -0.181969 -0.982631 0.036394 -0.023776 -0.998586 -0.047552 0.043427 -0.998821 0.021713 0.084572 -0.951436 0.296002 -0.088453 -0.995098 -0.044227 -0.043874 -0.987165 0.153559
-0.841224 -0.162818 -0.515589 -0.335377 -0.880366 -0.335377 0.000000 -0.966235 -0.257663 -0.175682 -0.983820 0.035136 -0.023776 -0.998586 -0.047552 0.043427 -0.998821 0.021713 0.084572 -0.951436 0.296002 -0.088453 -0.995098 -0.044227 -0.043874 -0.987165 0.153559
-0.847488 -0.109353 -0.519428 -0.330477 -0.867502 -0.371787 0.000000 -0.973841 -0.227230 -0.175791 -0.984428 0.000000 -0.023776 -0.998586 -0.047552 0.043427 -0.998821 0.021713 0.084572 -0.951436 0.296002 -0.088453 -0.995098 -0.044227 -0.043874 -0.987165 0.153559
-0.817957 -0.112822 -0.564108 -0.342682 -0.856706 -0.385518 0.000000 -0.973841 -0.227230 -0.175791 -0.984428 0.000000 -0.024376 -0.999406 -0.024376 0.043427 -0.998821 0.021713 0.084572 -0.951436 0.296002 -0.066454 -0.996805 -0.044302 -0.043874 -0.987165 0.153559
-0.773960 -0.057330 -0.630634 -0.342682 -0.856706 -0.385518 0.000000 -0.973841 -0.227230 -0.175791 -0.984428 0.000000 -0.024376 -0.999406 -0.024376 0.043427 -0.998821 0.021713 0.084572 -0.951436 0.296002 -0.088453 -0.995098 -0.044227 -0.043874 -0.987165 0.153559
-0.691592 -0.030069 -0.721662 -0.336861 -0.842152 -0.421076 0.000000 -0.973841 -0.227230 -0.182089 -0.983282 0.000000 -0.024376 -0.999406 -0.024376 0.043427 -0.998821 0.021713 0.084572 -0.951436 0.296002 -0.088453 -0.995098 -0.044227 -0.043874 -0.987165 0.153559
-0.643192 0.000000 -0.765705 -0.269137 -0.852266 -0.448561 0.000000 -0.973841 -0.227230 -0.182089 -0.983282 0.000000 -0.024376 -0.999406 -0.024376 0.043427 -0.998821 0.021713 0.084572 -0.951436 0.296002 -0.088453 -0.995098 -0.044227 -0.043716 -0.983621 0.174866
-0.548026 0.000000 -0.836461 -0.138380 -0.876405 -0.461266 0.000000 -0.966235 -0.257663 -0.182089 -0.983282 0.000000 -0.024376 -0.999406 -0.024376 0.043427 -0.998821 0.021713 0.084572 -0.951436 0.296002 -0.088453 -0.995098 -0.044227 -0.043716 -0.983621 0.174866
-0.470588 0.000000 -0.882353 -0.138380 -0.876405 -0.461266 0.000000 -0.966235 -0.257663 -0.181969 -0.982631 0.036394 -0.024376 -0.999406 -0.024376 0.043427 -0.998821 0.021713 0.084572 -0.951436 0.296002 -0.088453 -0.995098 -0.044227 -0.043716 -0.983621 0.174866
-0.375748 0.057807 -0.924917 0.042954 -0.902027 -0.429537 0.000000 -0.966235 -0.257663 -0.182089 -0.983282 0.000000 -0.024376 -0.999406 -0.024376 0.043427 -0.998821 0.021713 0.084572 -0.951436 0.296002 -0.088453 -0.995098 -0.044227 -0.043716 -0.983621 0.174866
-0.257529 0.032191 -0.965734 0.085671 -0.899541 -0.428353 0.000000 -0.960346 -0.278810 -0.182089 -0.983282 0.000000 -0.024376 -0.999406 -0.024376 0.043427 -0.998821 0.021713 0.084572 -0.951436 0.296002 -0.088453 -0.995098 -0.044227 -0.043716 -0.983621 0.174866
-0.169907 0.000000 -0.985460 0.169485 -0.889799 -0.423714 0.030964 -0.959886 -0.278677 -0.182089 -0.983282 0.000000 -0.024376 -0.999406 -0.024376 0.043427 -0.998821 0.021713 0.063529 -0.952928 0.296466 -0.088453 -0.995098 -0.044227 -0.043716 -0.983621 0.174866
0.036986 -0.036986 -0.998631 0.172452 -0.905374 -0.388018 0.030964 -0.959886 -0.278677 -0.182089 -0.983282 0.000000 -0.024376 -0.999406 -0.024376 0.043427 -0.998821 0.021713 0.063529 -0.952928 0.296466 -0.088453 -0.995098 -0.044227 -0.043716 -0.983621 0.174866
0.315244 -0.078811 -0.945732 0.169485 -0.889799 -0.423714 0.030964 -0.959886 -0.278677 -0.181969 -0.982631 -0.036394 -0.024376 -0.999406 -0.024376 0.043427 -0.998821 0.021713 0.063529 -0.952928 0.296466 -0.088453 -0.995098 -0.044227 -0.043540 -0.979651 0.195930
0.390567 -0.130189 -0.911322 0.235702 -0.942809 -0.235702 0.030964 -0.959886 -0.278677 -0.181969 -0.982631 -0.036394 -0.024354 -0.998516 -0.048708 0.043427 -0.998821 0.021713 0.063917 -0.958750 0.276972 -0.088453 -0.995098 -0.044227 -0.043540 -0.979651 0.195930
0.538575 -0.089762 -0.837783 0.220755 -0.971324 -0.088302 0.031220 -0.967805 -0.249756 -0.181969 -0.982631 -0.036394 -0.024354 -0.998516 -0.048708 0.043427 -0.998821 0.021713 0.063917 -0.958750 0.276972 -0.088453 -0.995098 -0.044227 -0.043540 -0.979651 0.195930
0.629343 -0.085819 -0.772375 0.203954 -0.978980 0.000000 0.030964 -0.959886 -0.278677 -0.188713 -0.981307 -0.037743 -0.024354 -0.998516 -0.048708 0.043427 -0.998821 0.021713 0.063917 -0.958750 0.276972 -0.088453 -0.995098 -0.044227 -0.044488 -0.978745 0.200198
0.716441 -0.110222 -0.688886 0.203954 -0.978980 0.000000 0.030964 -0.959886 -0.278677 -0.188713 -0.981307 -0.037743 -0.024354 -0.998516 -0.048708 0.043427 -0.998821 0.021713 0.063917 -0.958750 0.276972 -0.088453 -0.995098 -0.044227 -0.044488 -0.978745 0.200198
0.718024 -0.079780 -0.691431 0.195515 -0.977577 0.078206 0.030964 -0.959886 -0.278677 -0.188713 -0.981307 -0.037743 0.000000 -0.998868 -0.047565 0.043427 -0.998821 0.021713 0.042660 -0.959840 0.277287 -0.088453 -0.995098 -0.044227 -0.044488 -0.978745 0.200198
0.729463 -0.108069 -0.675429 0.194772 -0.973862 0.116863 0.031220 -0.967805 -0.249756 -0.188713 -0.981307 -0.037743 0.000000 -0.998868 -0.047565 0.043427 -0.998821 0.021713 0.042660 -0.959840 0.277287 -0.066454 -0.996805 -0.044302 -0.044281 -0.974176 0.221404
0.744845 -0.082761 -0.662085 0.194772 -0.973862 0.116863 0.062348 -0.966394 -0.249392 -0.188713 -0.981307 -0.037743 0.000000 -0.998868 -0.047565 0.043427 -0.998821 0.021713 0.042660 -0.959840 0.277287 -0.066454 -0.996805 -0.044302 -0.044281 -0.974176 0.221404
0.731334 -0.081259 -0.677161 0.193746 -0.968730 0.154997 0.061839 -0.958508 -0.278277 -0.188713 -0.981307 -0.037743 0.000000 -0.998868 -0.047565 0.043427 -0.998821 0.021713 0.043550 -0.958108 0.283077 -0.066454 -0.996805 -0.044302 -0.044281 -0.974176 0.221404
0.718353 -0.082887 -0.690724 0.194772 -0.973862 0.116863 0.062348 -0.966394 -0.249392 -0.188311 -0.979217 -0.075324 0.000000 -0.997459 -0.071247 0.043427 -0.998821 0.021713 0.043811 -0.963837 0.262865 -0.088453 -0.995098 -0.044227 -0.066340 -0.972985 0.221133
0.718353 -0.082887 -0.690724 0.194772 -0.973862 0.116863 0.062348 -0.966394 -0.249392 -0.188713 -0.981307 -0.037743 0.000000 -0.997459 -0.071247 0.044390 -0.998768 0.022195 0.043811 -0.963837 0.262865 -0.088453 -0.995098 -0.044227 -0.066340 -0.972985 0.221133
0.719727 -0.055364 -0.692046 0.194772 -0.973862 0.116863 0.031220 -0.967805 -0.249756 -0.188713 -0.981307 -0.037743 0.000000 -0.997459 -0.071247 0.044390 -0.998768 0.022195 0.043811 -0.963837 0.262865 -0.088453 -0.995098 -0.044227 -0.066340 -0.972985 0.221133
0.691381 -0.057615 -0.720189 0.231800 -0.965834 0.115900 0.031450 -0.974958 -0.220152 -0.188311 -0.979217 -0.075324 0.000000 -0.997459 -0.071247 0.044390 -0.998768 0.022195 0.043811 -0.963837 0.262865 -0.088453 -0.995098 -0.044227 -0.066002 -0.968027 0.242007
0.691381 -0.057615 -0.720189 0.232670 -0.969458 0.077557 0.030303 -0.969697 -0.242424 -0.188311 -0.979217 -0.075324 0.000000 -0.997459 -0.071247 0.043437 -0.999056 0.000000 0.043811 -0.963837 0.262865 -0.088453 -0.995098 -0.044227 -0.066002 -0.968027 0.242007
0.691381 -0.057615 -0.720189 0.232670 -0.969458 0.077557 0.058798 -0.970169 -0.235192 -0.195965 -0.979827 -0.039193 0.000000 -0.997459 -0.071247 0.065079 -0.997880 0.000000 0.043811 -0.963837 0.262865 -0.088518 -0.995829 -0.022130 -0.066340 -0.972985 0.221133
