-0.539660 0.809491 -0.231283 -0.552345 0.092057 -0.828517 0.030069 -0.962216 -0.270623 -0.106265 -0.991811 -0.070844 -0.022195 -0.998768 -0.044390 0.024354 -0.998516 -0.048708 0.058733 -0.978888 0.195778 -0.071067 -0.994937 -0.071067 0.000000 -0.989949 0.141421
-0.547862 0.821794 -0.156532 -0.540295 0.158910 -0.826334 0.030069 -0.962216 -0.270623 -0.105934 -0.988714 -0.105934 -0.084800 -0.996398 0.000000 0.024354 -0.998516 -0.048708 0.057628 -0.979683 0.192095 -0.071067 -0.994937 -0.071067 0.000000 -0.989949 0.141421
-0.505259 0.855054 -0.116598 -0.543075 0.203653 -0.814613 0.030069 -0.962216 -0.270623 -0.070844 -0.991811 -0.106265 -0.042515 -0.999096 0.000000 0.024354 -0.998516 -0.048708 0.057628 -0.979683 0.192095 -0.071067 -0.994937 -0.071067 0.020199 -0.989748 0.141393
-0.507178 0.858302 -0.078027 -0.518476 0.207390 -0.829561 0.000000 -0.962651 -0.270746 -0.070844 -0.991811 -0.106265 0.000000 -1.000000 0.000000 0.024354 -0.998516 -0.048708 0.057628 -0.979683 0.192095 -0.071067 -0.994937 -0.071067 0.020199 -0.989748 0.141393
-0.524637 0.847491 -0.080713 -0.529339 0.247025 -0.811652 0.000000 -0.962651 -0.270746 -0.070535 -0.987484 -0.141069 0.021734 -0.999764 0.000000 0.024354 -0.998516 -0.048708 0.076739 -0.978420 0.191847 -0.071067 -0.994937 -0.071067 0.020199 -0.989748 0.141393
-0.524637 0.847491 -0.080713 -0.529339 0.247025 -0.811652 0.000000 -0.970143 -0.242536 -0.070535 -0.987484 -0.141069 0.021734 -0.999764 0.000000 0.024354 -0.998516 -0.048708 0.076739 -0.978420 0.191847 -0.071067 -0.994937 -0.071067 0.020199 -0.989748 0.141393
-0.512615 0.854358 -0.085436 -0.549119 0.274559 -0.789358 0.000000 -0.970143 -0.242536 -0.070535 -0.987484 -0.141069 0.044357 -0.998031 -0.044357 0.024354 -0.998516 -0.048708 0.076739 -0.978420 0.191847 -0.071067 -0.994937 -0.071067 0.020199 -0.989748 0.141393
-0.591520 0.773527 -0.227508 -0.577350 0.237732 -0.781121 0.030303 -0.969697 -0.242424 -0.109254 -0.983282 -0.145671 0.000000 -0.998969 -0.045408 0.024354 -0.998516 -0.048708 0.076739 -0.978420 0.191847 -0.071067 -0.994937 -0.071067 0.020253 -0.992383 0.121516
-0.645772 0.691898 -0.322886 -0.612585 0.161206 -0.773791 0.058798 -0.970169 -0.235192 -0.187647 -0.975763 -0.112588 -0.022698 -0.998711 -0.045396 0.024354 -0.998516 -0.048708 0.076444 -0.974661 0.210221 -0.071067 -0.994937 -0.071067 0.020253 -0.992383 0.121516
-0.717620 0.528773 -0.453234 -0.614868 -0.068319 -0.785665 0.059183 -0.976519 -0.207140 -0.223452 -0.968291 -0.111726 -0.022698 -0.998711 -0.045396 0.024354 -0.998516 -0.048708 0.076444 -0.974661 0.210221 -0.071067 -0.994937 -0.071067 0.020253 -0.992383 0.121516
-0.767520 0.400445 -0.500556 -0.581728 -0.307974 -0.752825 0.060943 -0.975084 -0.213300 -0.223452 -0.968291 -0.111726 -0.045303 -0.996659 -0.067954 0.024354 -0.998516 -0.048708 0.076444 -0.974661 0.210221 -0.071067 -0.994937 -0.071067 0.020253 -0.992383 0.121516
-0.800022 0.207413 -0.562978 -0.463695 -0.570701 -0.677708 0.060523 -0.968364 -0.242091 -0.223452 -0.968291 -0.111726 -0.046349 -0.996503 -0.069523 0.024354 -0.998516 -0.048708 0.076444 -0.974661 0.210221 -0.071067 -0.994937 -0.071067 0.020253 -0.992383 0.121516
-0.821889 -0.056682 -0.566820 -0.347105 -0.728921 -0.590079 0.058798 -0.970169 -0.235192 -0.223452 -0.968291 -0.111726 -0.046349 -0.996503 -0.069523 0.024354 -0.998516 -0.048708 0.076444 -0.974661 0.210221 -0.071067 -0.994937 -0.071067 0.019854 -0.992681 0.119122
-0.781404 -0.279073 -0.558146 -0.308154 -0.821744 -0.479351 0.029437 -0.971429 -0.235498 -0.187647 -0.975763 -0.112588 -0.046349 -0.996503 -0.069523 0.024354 -0.998516 -0.048708 0.076444 -0.974661 0.210221 -0.071067 -0.994937 -0.071067 0.019854 -0.992681 0.119122
-0.772375 -0.371884 -0.514917 -0.233463 -0.900500 -0.366871 0.029223 -0.964352 -0.263005 -0.195515 -0.977577 -0.078206 -0.046349 -0.996503 -0.069523 0.024354 -0.998516 -0.048708 0.076444 -0.974661 0.210221 -0.071067 -0.994937 -0.071067 0.000000 -0.992877 0.119145
-0.750375 -0.510255 -0.420210 -0.229170 -0.916679 -0.327385 0.029223 -0.964352 -0.263005 -0.195515 -0.977577 -0.078206 -0.046349 -0.996503 -0.069523 0.024354 -0.998516 -0.048708 0.076444 -0.974661 0.210221 -0.071067 -0.994937 -0.071067 0.000000 -0.992877 0.119145
-0.751391 -0.571057 -0.330612 -0.231539 -0.926158 -0.297694 0.028421 -0.966315 -0.255789 -0.195515 -0.977577 -0.078206 -0.046349 -0.996503 -0.069523 0.024354 -0.998516 -0.048708 0.076444 -0.974661 0.210221 -0.071067 -0.994937 -0.071067 -0.019854 -0.992681 0.119122
-0.745043 -0.583077 -0.323932 -0.233723 -0.934893 -0.267112 0.028618 -0.973018 -0.228946 -0.195515 -0.977577 -0.078206 -0.046262 -0.994635 -0.092524 0.024354 -0.998516 -0.048708 0.076444 -0.974661 0.210221 -0.071067 -0.994937 -0.071067 -0.019854 -0.992681 0.119122
-0.745284 -0.590017 -0.310535 -0.225176 -0.938233 -0.262705 0.000000 -0.973417 -0.229039 -0.195965 -0.979827 -0.039193 -0.046262 -0.994635 -0.092524 0.024354 -0.998516 -0.048708 0.076444 -0.974661 0.210221 -0.071067 -0.994937 -0.071067 -0.019854 -0.992681 0.119122
-0.738105 -0.609739 -0.288824 -0.269630 -0.924445 -0.269630 0.000000 -0.973417 -0.229039 -0.195965 -0.979827 -0.039193 -0.023193 -0.997307 -0.069580 0.024354 -0.998516 -0.048708 0.076444 -0.974661 0.210221 -0.071067 -0.994937 -0.071067 -0.019854 -0.992681 0.119122
-0.759113 -0.561084 -0.330049 -0.269630 -0.924445 -0.269630 0.000000 -0.973417 -0.229039 -0.195965 -0.979827 -0.039193 -0.023193 -0.997307 -0.069580 0.024354 -0.998516 -0.048708 0.076444 -0.974661 0.210221 -0.071067 -0.994937 -0.071067 -0.019854 -0.992681 0.119122
-0.770594 -0.481621 -0.417405 -0.269630 -0.924445 -0.269630 0.000000 -0.980581 -0.196116 -0.195965 -0.979827 -0.039193 -0.023193 -0.997307 -0.069580 0.024354 -0.998516 -0.048708 0.076444 -0.974661 0.210221 -0.070928 -0.992988 -0.094570 -0.019803 -0.990148 0.138621
-0.772991 -0.432875 -0.463794 -0.279553 -0.918532 -0.279553 0.000000 -0.980581 -0.196116 -0.203785 -0.978167 -0.040757 -0.023193 -0.997307 -0.069580 0.024354 -0.998516 -0.048708 0.076444 -0.974661 0.210221 -0.070928 -0.992988 -0.094570 -0.019803 -0.990148 0.138621
-0.742781 -0.371391 -0.557086 -0.276268 -0.907738 -0.315735 0.000000 -0.980581 -0.196116 -0.164260 -0.985562 -0.041065 -0.023193 -0.997307 -0.069580 0.024354 -0.998516 -0.048708 0.076444 -0.974661 0.210221 -0.070928 -0.992988 -0.094570 -0.019803 -0.990148 0.138621
-0.717002 -0.311740 -0.623480 -0.239236 -0.917070 -0.318981 0.000000 -0.980581 -0.196116 -0.164260 -0.985562 -0.041065 -0.023224 -0.998651 -0.046449 0.024354 -0.998516 -0.048708 0.076444 -0.974661 0.210221 -0.070928 -0.992988 -0.094570 -0.039583 -0.989566 0.138539
-0.673189 -0.305995 -0.673189 -0.205847 -0.905726 -0.370524 -0.028006 -0.980196 -0.196039 -0.157867 -0.986671 -0.039467 -0.023224 -0.998651 -0.046449 0.024354 -0.998516 -0.048708 0.076444 -0.974661 0.210221 -0.070928 -0.992988 -0.094570 -0.039583 -0.989566 0.138539
-0.620066 -0.265742 -0.738173 -0.083844 -0.922288 -0.377300 -0.028006 -0.980196 -0.196039 -0.157867 -0.986671 -0.039467 -0.023224 -0.998651 -0.046449 0.024354 -0.998516 -0.048708 0.076444 -0.974661 0.210221 -0.070928 -0.992988 -0.094570 -0.039583 -0.989566 0.138539
-0.533863 -0.219826 -0.816497 -0.042954 -0.902027 -0.429537 -0.028796 -0.979051 -0.201569 -0.151947 -0.987658 -0.037987 -0.023224 -0.998651 -0.046449 0.024354 -0.998516 -0.048708 0.076444 -0.974661 0.210221 -0.070928 -0.992988 -0.094570 -0.039583 -0.989566 0.138539
-0.410686 -0.221138 -0.884554 0.043727 -0.918266 -0.393543 0.000000 -0.983870 -0.178885 -0.188311 -0.979217 -0.075324 -0.023224 -0.998651 -0.046449 0.024354 -0.998516 -0.048708 0.076444 -0.974661 0.210221 -0.070928 -0.992988 -0.094570 -0.039583 -0.989566 0.138539
-0.356138 -0.226633 -0.906533 0.127920 -0.895443 -0.426401 0.000000 -0.982872 -0.184289 -0.181608 -0.980684 -0.072643 -0.023224 -0.998651 -0.046449 0.024354 -0.998516 -0.048708 0.076444 -0.974661 0.210221 -0.070928 -0.992988 -0.094570 -0.039583 -0.989566 0.138539
-0.228436 -0.228436 -0.946379 0.257960 -0.902861 -0.343947 0.000000 -0.982872 -0.184289 -0.181608 -0.980684 -0.072643 -0.023224 -0.998651 -0.046449 0.048708 -0.998516 -0.024354 0.057406 -0.975909 0.210490 -0.070928 -0.992988 -0.094570 -0.039583 -0.989566 0.138539
-0.063119 -0.315597 -0.946792 0.353209 -0.883022 -0.309058 0.000000 -0.982872 -0.184289 -0.181608 -0.980684 -0.072643 -0.023224 -0.998651 -0.046449 0.048708 -0.998516 -0.024354 0.057628 -0.979683 0.192095 -0.070928 -0.992988 -0.094570 -0.019803 -0.990148 0.138621
0.118470 -0.296174 -0.947758 0.336861 -0.926367 -0.168430 0.000000 -0.981780 -0.190022 -0.181608 -0.980684 -0.072643 -0.023224 -0.998651 -0.046449 0.048708 -0.998516 -0.024354 0.057628 -0.979683 0.192095 -0.070928 -0.992988 -0.094570 -0.019803 -0.990148 0.138621
0.306858 -0.337544 -0.889889 0.338971 -0.932170 -0.127114 0.000000 -0.981780 -0.190022 -0.181608 -0.980684 -0.072643 -0.023224 -0.998651 -0.046449 0.048708 -0.998516 -0.024354 0.057628 -0.979683 0.192095 -0.070928 -0.992988 -0.094570 -0.019803 -0.990148 0.138621
0.473503 -0.278531 -0.835593 0.252422 -0.967617 0.000000 0.000000 -0.981780 -0.190022 -0.181608 -0.980684 -0.072643 -0.023224 -0.998651 -0.046449 0.048708 -0.998516 -0.024354 0.057628 -0.979683 0.192095 -0.070928 -0.992988 -0.094570 -0.019745 -0.987248 0.157960
0.570498 -0.285249 -0.770172 0.252199 -0.966762 0.042033 0.000000 -0.988012 -0.154377 -0.181012 -0.977466 -0.108607 -0.023224 -0.998651 -0.046449 0.048708 -0.998516 -0.024354 0.057628 -0.979683 0.192095 -0.047351 -0.994379 -0.094703 -0.039467 -0.986671 0.157867
0.636682 -0.276818 -0.719727 0.212238 -0.976296 0.042448 0.000000 -0.982872 -0.184289 -0.181608 -0.980684 -0.072643 -0.023224 -0.998651 -0.046449 0.048708 -0.998516 -0.024354 0.057628 -0.979683 0.192095 -0.047351 -0.994379 -0.094703 -0.039467 -0.986671 0.157867
0.680414 -0.272166 -0.680414 0.211667 -0.973668 0.084667 0.000000 -0.982872 -0.184289 -0.181608 -0.980684 -0.072643 -0.023224 -0.998651 -0.046449 0.048708 -0.998516 -0.024354 0.057628 -0.979683 0.192095 -0.047351 -0.994379 -0.094703 -0.039467 -0.986671 0.157867
0.701946 -0.233982 -0.672699 0.209427 -0.963364 0.167542 0.000000 -0.982872 -0.184289 -0.181608 -0.980684 -0.072643 -0.023224 -0.998651 -0.046449 0.048708 -0.998516 -0.024354 0.038454 -0.980588 0.192272 -0.047351 -0.994379 -0.094703 -0.039467 -0.986671 0.157867
0.716335 -0.229227 -0.659028 0.126435 -0.969334 0.210725 0.000000 -0.982872 -0.184289 -0.181608 -0.980684 -0.072643 -0.023224 -0.998651 -0.046449 0.048708 -0.998516 -0.024354 0.038454 -0.980588 0.192272 -0.047351 -0.994379 -0.094703 -0.039467 -0.986671 0.157867
0.743161 -0.228665 -0.628828 0.127458 -0.977176 0.169944 0.000000 -0.982872 -0.184289 -0.181969 -0.982631 -0.036394 -0.023224 -0.998651 -0.046449 0.048708 -0.998516 -0.024354 0.038454 -0.980588 0.192272 -0.047351 -0.994379 -0.094703 -0.039467 -0.986671 0.157867
0.729865 -0.224574 -0.645650 0.126435 -0.969334 0.210725 0.000000 -0.976900 -0.213697 -0.181969 -0.982631 -0.036394 -0.023224 -0.998651 -0.046449 0.048708 -0.998516 -0.024354 0.039193 -0.979827 0.195965 -0.047351 -0.994379 -0.094703 -0.039337 -0.983422 0.177016
0.720787 -0.201820 -0.663124 0.126435 -0.969334 0.210725 0.000000 -0.982872 -0.184289 -0.181608 -0.980684 -0.072643 -0.023224 -0.998651 -0.046449 0.048708 -0.998516 -0.024354 0.039337 -0.983422 0.177016 -0.047351 -0.994379 -0.094703 -0.039337 -0.983422 0.177016
0.720787 -0.201820 -0.663124 0.126435 -0.969334 0.210725 0.000000 -0.982872 -0.184289 -0.181608 -0.980684 -0.072643 -0.023776 -0.998586 -0.047552 0.048708 -0.998516 -0.024354 0.039337 -0.983422 0.177016 -0.047351 -0.994379 -0.094703 -0.039337 -0.983422 0.177016
0.688247 -0.229416 -0.688247 0.126435 -0.969334 0.210725 0.000000 -0.982872 -0.184289 -0.181608 -0.980684 -0.072643 -0.023776 -0.998586 -0.047552 0.048708 -0.998516 -0.024354 0.039337 -0.983422 0.177016 -0.047351 -0.994379 -0.094703 -0.039337 -0.983422 0.177016
0.674786 -0.224929 -0.702902 0.126435 -0.969334 0.210725 0.000000 -0.976900 -0.213697 -0.181969 -0.982631 -0.036394 -0.023776 -0.998586 -0.047552 0.048708 -0.998516 -0.024354 0.039337 -0.983422 0.177016 -0.047351 -0.994379 -0.094703 -0.039337 -0.983422 0.177016
0.649500 -0.197674 -0.734217 0.121466 -0.971732 0.202444 0.030514 -0.976445 -0.213597 -0.181969 -0.982631 -0.036394 0.000000 -0.998868 -0.047565 0.048708 -0.998516 -0.024354 0.039337 -0.983422 0.177016 -0.047351 -0.994379 -0.094703 -0.039337 -0.983422 0.177016
0.649500 -0.197674 -0.734217 0.121466 -0.971732 0.202444 0.030514 -0.976445 -0.213597 -0.181969 -0.982631 -0.036394 0.000000 -0.998868 -0.047565 0.048708 -0.998516 -0.024354 0.019680 -0.983993 0.177119 -0.047351 -0.994379 -0.094703 -0.039337 -0.983422 0.177016
0.636195 -0.193624 -0.746837 0.121466 -0.971732 0.202444 0.030514 -0.976445 -0.213597 -0.216366 -0.973645 -0.072122 0.000000 -0.998868 -0.047565 0.048708 -0.998516 -0.024354 0.019680 -0.983993 0.177119 -0.047351 -0.994379 -0.094703 -0.039337 -0.983422 0.177016
