-0.392023 0.914720 -0.098006 -0.655386 -0.163846 -0.737309 0.031220 -0.967805 -0.249756 -0.151620 -0.985527 -0.075810 -0.045408 -0.998969 0.000000 0.092623 -0.995701 0.000000 0.116863 -0.973862 0.194772 -0.094703 -0.994379 -0.047351 0.000000 -0.995037 0.099504
-0.416777 0.903017 -0.104194 -0.662085 -0.082761 -0.744845 0.031911 -0.957338 -0.287202 -0.151947 -0.987658 -0.037987 -0.045408 -0.998969 0.000000 0.092623 -0.995701 0.000000 0.116863 -0.973862 0.194772 -0.094703 -0.994379 -0.047351 0.000000 -0.995037 0.099504
-0.400331 0.909843 -0.109181 -0.686064 -0.040357 -0.726421 0.032191 -0.965734 -0.257529 -0.151620 -0.985527 -0.075810 -0.045408 -0.998969 0.000000 0.092623 -0.995701 0.000000 0.116863 -0.973862 0.194772 -0.094703 -0.994379 -0.047351 0.000000 -0.995037 0.099504
-0.488915 0.865004 -0.112827 -0.686624 0.000000 -0.727013 0.000000 -0.958798 -0.284088 -0.102658 -0.992360 -0.068439 -0.045408 -0.998969 0.000000 0.092623 -0.995701 0.000000 0.116401 -0.970006 0.213401 -0.094703 -0.994379 -0.047351 0.000000 -0.996815 0.079745
-0.583432 0.777910 -0.233373 -0.706562 -0.039253 -0.706562 0.000000 -0.961524 -0.274721 -0.106265 -0.991811 -0.070844 -0.045396 -0.998711 0.022698 0.090536 -0.995893 0.000000 0.118632 -0.968826 0.217492 -0.094703 -0.994379 -0.047351 0.000000 -0.996815 0.079745
-0.662226 0.662226 -0.350590 -0.702740 -0.110959 -0.702740 0.000000 -0.952029 -0.306009 -0.110357 -0.993211 -0.036786 -0.045408 -0.998969 0.000000 0.090536 -0.995893 0.000000 0.118632 -0.968826 0.217492 -0.094703 -0.994379 -0.047351 0.000000 -0.996815 0.079745
-0.717620 0.528773 -0.453234 -0.709120 -0.202606 -0.675352 0.000000 -0.963993 -0.265929 -0.076472 -0.994135 -0.076472 -0.045408 -0.998969 0.000000 0.090536 -0.995893 0.000000 0.118632 -0.968826 0.217492 -0.094703 -0.994379 -0.047351 0.000000 -0.996685 0.081362
-0.800757 0.348155 -0.487417 -0.670137 -0.319113 -0.670137 -0.033223 -0.963460 -0.265782 -0.079493 -0.993661 -0.079493 -0.045408 -0.998969 0.000000 0.090536 -0.995893 0.000000 0.118632 -0.968826 0.217492 -0.094703 -0.994379 -0.047351 0.000000 -0.996685 0.081362
-0.827896 0.142741 -0.542415 -0.587255 -0.518166 -0.621800 -0.033223 -0.963460 -0.265782 -0.106265 -0.991811 -0.070844 -0.046449 -0.998651 -0.023224 0.090536 -0.995893 0.000000 0.118632 -0.968826 0.217492 -0.092524 -0.994635 -0.046262 0.000000 -0.996546 0.083045
-0.854358 -0.085436 -0.512615 -0.520480 -0.650600 -0.553010 -0.034320 -0.960958 -0.274559 -0.106265 -0.991811 -0.070844 -0.023243 -0.999460 -0.023243 0.090536 -0.995893 0.000000 0.138053 -0.966374 0.216941 -0.092524 -0.994635 -0.046262 0.000000 -0.996546 0.083045
-0.811107 -0.324443 -0.486664 -0.457905 -0.739693 -0.493129 0.000000 -0.961524 -0.274721 -0.169516 -0.983192 -0.067806 -0.023243 -0.999460 -0.023243 0.090536 -0.995893 0.000000 0.138053 -0.966374 0.216941 -0.092524 -0.994635 -0.046262 0.000000 -0.996546 0.083045
-0.753735 -0.538382 -0.376867 -0.419827 -0.804668 -0.419827 0.030964 -0.959886 -0.278677 -0.224702 -0.973708 -0.037450 -0.023250 -0.999730 0.000000 0.090536 -0.995893 0.000000 0.138053 -0.966374 0.216941 -0.092524 -0.994635 -0.046262 0.000000 -0.996546 0.083045
-0.701678 -0.647703 -0.296864 -0.379310 -0.827586 -0.413793 0.030964 -0.959886 -0.278677 -0.224702 -0.973708 -0.037450 -0.023243 -0.999460 -0.023243 0.090536 -0.995893 0.000000 0.138053 -0.966374 0.216941 -0.092524 -0.994635 -0.046262 0.000000 -0.996685 0.081362
-0.696897 -0.667860 -0.261337 -0.384606 -0.839140 -0.384606 0.027462 -0.961161 -0.274618 -0.233197 -0.971653 -0.038866 -0.023796 -0.999434 -0.023796 0.112910 -0.993605 0.000000 0.138053 -0.966374 0.216941 -0.092524 -0.994635 -0.046262 -0.020336 -0.996478 0.081345
-0.670370 -0.700842 -0.243771 -0.358979 -0.861550 -0.358979 0.000000 -0.956352 -0.292219 -0.233197 -0.971653 -0.038866 -0.023796 -0.999434 -0.023796 0.112910 -0.993605 0.000000 0.138053 -0.966374 0.216941 -0.092524 -0.994635 -0.046262 -0.020336 -0.996478 0.081345
-0.665141 -0.695375 -0.272103 -0.363456 -0.872295 -0.327111 0.000000 -0.956352 -0.292219 -0.224702 -0.973708 -0.037450 -0.023796 -0.999434 -0.023796 0.090443 -0.994874 0.045222 0.138053 -0.966374 0.216941 -0.092524 -0.994635 -0.046262 -0.020336 -0.996478 0.081345
-0.670370 -0.700842 -0.243771 -0.331295 -0.883452 -0.331295 0.000000 -0.956352 -0.292219 -0.224702 -0.973708 -0.037450 0.000000 -0.999717 -0.023803 0.090443 -0.994874 0.045222 0.138053 -0.966374 0.216941 -0.092524 -0.994635 -0.046262 -0.040647 -0.995861 0.081295
-0.708205 -0.643823 -0.289720 -0.320815 -0.891154 -0.320815 0.000000 -0.958536 -0.284970 -0.224702 -0.973708 -0.037450 0.000000 -0.999717 -0.023803 0.092524 -0.994635 0.046262 0.135470 -0.967641 0.212881 -0.094703 -0.994379 -0.047351 -0.039841 -0.996024 0.079682
-0.759113 -0.561084 -0.330049 -0.320815 -0.891154 -0.320815 0.000000 -0.963518 -0.267644 -0.224702 -0.973708 -0.037450 0.000000 -0.999717 -0.023803 0.092524 -0.994635 0.046262 0.135470 -0.967641 0.212881 -0.094703 -0.994379 -0.047351 -0.039841 -0.996024 0.079682
-0.771517 -0.493771 -0.401189 -0.320815 -0.891154 -0.320815 0.000000 -0.968493 -0.249041 -0.224702 -0.973708 -0.037450 0.000000 -1.000000 0.000000 0.115378 -0.992249 0.046151 0.136006 -0.971469 0.194294 -0.094703 -0.994379 -0.047351 -0.039841 -0.996024 0.079682
-0.757054 -0.427900 -0.493731 -0.331295 -0.883452 -0.331295 0.000000 -0.968493 -0.249041 -0.224702 -0.973708 -0.037450 0.000000 -1.000000 0.000000 0.115470 -0.993042 0.023094 0.136006 -0.971469 0.194294 -0.094703 -0.994379 -0.047351 -0.039841 -0.996024 0.079682
-0.763631 -0.381816 -0.520658 -0.327111 -0.872295 -0.363456 0.000000 -0.973417 -0.229039 -0.188713 -0.981307 -0.037743 0.000000 -1.000000 0.000000 0.115470 -0.993042 0.023094 0.136006 -0.971469 0.194294 -0.094703 -0.994379 -0.047351 -0.039841 -0.996024 0.079682
-0.737410 -0.316033 -0.596951 -0.303895 -0.873698 -0.379869 0.029630 -0.977805 -0.207413 -0.188847 -0.982006 0.000000 0.000000 -1.000000 0.000000 0.115470 -0.993042 0.023094 0.136006 -0.971469 0.194294 -0.094703 -0.994379 -0.047351 -0.039841 -0.996024 0.079682
-0.730988 -0.317821 -0.603860 -0.210166 -0.882696 -0.420331 0.029801 -0.983433 -0.178806 -0.188713 -0.981307 -0.037743 0.000000 -1.000000 0.000000 0.115470 -0.993042 0.023094 0.136006 -0.971469 0.194294 -0.094703 -0.994379 -0.047351 -0.039841 -0.996024 0.079682
-0.683486 -0.256307 -0.683486 -0.044455 -0.933564 -0.355643 0.030700 -0.982409 -0.184202 -0.188713 -0.981307 -0.037743 0.000000 -1.000000 0.000000 0.115501 -0.993307 0.000000 0.136006 -0.971469 0.194294 -0.094703 -0.994379 -0.047351 -0.039841 -0.996024 0.079682
-0.645067 -0.154816 -0.748278 0.174574 -0.960159 -0.218218 0.030700 -0.982409 -0.184202 -0.188713 -0.981307 -0.037743 0.000000 -1.000000 0.000000 0.115501 -0.993307 0.000000 0.136006 -0.971469 0.194294 -0.094570 -0.992988 -0.070928 -0.039770 -0.994250 0.099425
-0.597555 -0.157251 -0.786257 0.211667 -0.931334 -0.296334 0.031450 -0.974958 -0.220152 -0.181969 -0.982631 -0.036394 0.000000 -1.000000 0.000000 0.115501 -0.993307 0.000000 0.136006 -0.971469 0.194294 -0.094570 -0.992988 -0.070928 -0.039770 -0.994250 0.099425
-0.509721 -0.135926 -0.849535 0.248282 -0.910366 -0.331042 0.031654 -0.981288 -0.189927 -0.181608 -0.980684 -0.072643 0.000000 -1.000000 0.000000 0.092623 -0.995701 0.000000 0.136006 -0.971469 0.194294 -0.094570 -0.992988 -0.070928 -0.039770 -0.994250 0.099425
-0.432731 -0.252426 -0.865462 0.426790 -0.853579 -0.298753 0.032444 -0.973329 -0.227110 -0.175682 -0.983820 -0.035136 0.000000 -1.000000 0.000000 0.092623 -0.995701 0.000000 0.136006 -0.971469 0.194294 -0.094570 -0.992988 -0.070928 -0.039770 -0.994250 0.099425
-0.324785 -0.259828 -0.909398 0.426790 -0.853579 -0.298753 0.032444 -0.973329 -0.227110 -0.175682 -0.983820 -0.035136 0.000000 -1.000000 0.000000 0.092623 -0.995701 0.000000 0.136006 -0.971469 0.194294 -0.094570 -0.992988 -0.070928 -0.019854 -0.992681 0.119122
-0.160872 -0.321745 -0.933060 0.454794 -0.826898 -0.330759 0.032444 -0.973329 -0.227110 -0.181608 -0.980684 -0.072643 0.000000 -1.000000 0.000000 0.092599 -0.995434 -0.023150 0.136006 -0.971469 0.194294 -0.094570 -0.992988 -0.070928 -0.020253 -0.992383 0.121516
0.000000 -0.365652 -0.930751 0.460739 -0.837708 -0.293198 0.031220 -0.967805 -0.249756 -0.181608 -0.980684 -0.072643 0.000000 -1.000000 0.000000 0.092599 -0.995434 -0.023150 0.136496 -0.974972 0.175495 -0.094570 -0.992988 -0.070928 -0.020253 -0.992383 0.121516
0.233463 -0.366871 -0.900500 0.363210 -0.887848 -0.282497 0.031220 -0.967805 -0.249756 -0.181608 -0.980684 -0.072643 0.000000 -1.000000 0.000000 0.092599 -0.995434 -0.023150 0.136496 -0.974972 0.175495 -0.094703 -0.994379 -0.047351 -0.020253 -0.992383 0.121516
0.407383 -0.349186 -0.843865 0.220755 -0.971324 -0.088302 0.060523 -0.968364 -0.242091 -0.181608 -0.980684 -0.072643 0.000000 -1.000000 0.000000 0.092599 -0.995434 -0.023150 0.117287 -0.977391 0.175930 -0.094703 -0.994379 -0.047351 -0.020253 -0.992383 0.121516
0.501940 -0.306741 -0.808682 0.212430 -0.977176 0.000000 0.030303 -0.969697 -0.242424 -0.145671 -0.983282 -0.109254 0.000000 -1.000000 0.000000 0.092599 -0.995434 -0.023150 0.117287 -0.977391 0.175930 -0.094703 -0.994379 -0.047351 -0.020253 -0.992383 0.121516
0.538108 -0.281866 -0.794350 0.163163 -0.978980 0.122373 0.030303 -0.969697 -0.242424 -0.146157 -0.986559 -0.073078 0.000000 -1.000000 0.000000 0.092599 -0.995434 -0.023150 0.117287 -0.977391 0.175930 -0.094703 -0.994379 -0.047351 0.000000 -0.992586 0.121541
0.555939 -0.277969 -0.783368 0.162221 -0.973329 0.162221 0.030303 -0.969697 -0.242424 -0.146157 -0.986559 -0.073078 0.000000 -1.000000 0.000000 0.092599 -0.995434 -0.023150 0.117287 -0.977391 0.175930 -0.094703 -0.994379 -0.047351 0.000000 -0.992586 0.121541
0.564892 -0.268996 -0.780089 0.161034 -0.966204 0.201292 0.031220 -0.967805 -0.249756 -0.145671 -0.983282 -0.109254 0.000000 -1.000000 0.000000 0.115470 -0.993042 -0.023094 0.117287 -0.977391 0.175930 -0.094703 -0.994379 -0.047351 0.000000 -0.989949 0.141421
0.594812 -0.270369 -0.757033 0.161034 -0.966204 0.201292 0.062348 -0.966394 -0.249392 -0.145671 -0.983282 -0.109254 0.000000 -1.000000 0.000000 0.115470 -0.993042 -0.023094 0.117287 -0.977391 0.175930 -0.094703 -0.994379 -0.047351 0.000000 -0.989949 0.141421
0.586719 -0.240021 -0.773402 0.159617 -0.957704 0.239426 0.062348 -0.966394 -0.249392 -0.145671 -0.983282 -0.109254 0.000000 -1.000000 0.000000 0.115470 -0.993042 -0.023094 0.117287 -0.977391 0.175930 -0.094703 -0.994379 -0.047351 0.000000 -0.989949 0.141421
0.598986 -0.245040 -0.762346 0.159617 -0.957704 0.239426 0.062348 -0.966394 -0.249392 -0.146157 -0.986559 -0.073078 0.000000 -1.000000 0.000000 0.115470 -0.993042 -0.023094 0.117287 -0.977391 0.175930 -0.094703 -0.994379 -0.047351 0.000000 -0.989949 0.141421
0.581096 -0.249041 -0.774794 0.159617 -0.957704 0.239426 0.062807 -0.973515 -0.219826 -0.145671 -0.983282 -0.109254 0.000000 -1.000000 0.000000 0.115470 -0.993042 -0.023094 0.097945 -0.979451 0.176301 -0.094703 -0.994379 -0.047351 0.000000 -0.989949 0.141421
