-0.635943 0.755182 -0.158986 -0.494543 0.342376 -0.798878 0.000000 -0.970143 -0.242536 -0.068160 -0.988317 -0.136320 0.000000 -0.999774 -0.021272 0.044390 -0.998768 0.022195 0.089757 -0.964892 0.246833 0.000000 -0.999742 -0.022721 0.000000 -0.993307 0.115501
-0.644091 0.751439 -0.143131 -0.495261 0.228582 -0.838133 0.000000 -0.972082 -0.234641 -0.098639 -0.986394 -0.131519 -0.020829 -0.999783 0.000000 0.044390 -0.998768 0.022195 0.089757 -0.964892 0.246833 0.000000 -0.999742 -0.022721 0.000000 -0.993307 0.115501
-0.663792 0.705279 -0.248922 -0.585511 0.172209 -0.792162 0.000000 -0.972082 -0.234641 -0.099015 -0.990148 -0.099015 -0.041631 -0.999133 0.000000 0.044390 -0.998768 0.022195 0.089757 -0.964892 0.246833 0.000000 -0.999742 -0.022721 0.000000 -0.993307 0.115501
-0.682318 0.584844 -0.438633 -0.705650 0.064150 -0.705650 0.000000 -0.973841 -0.227230 -0.099015 -0.990148 -0.099015 -0.041631 -0.999133 0.000000 0.044357 -0.998031 0.044357 0.090236 -0.970034 0.225589 0.000000 -0.999742 -0.022721 0.000000 -0.993307 0.115501
-0.745815 0.471041 -0.471041 -0.651312 -0.239957 -0.719871 0.000000 -0.973841 -0.227230 -0.131024 -0.982683 -0.131024 -0.042515 -0.999096 0.000000 -0.023224 -0.998651 -0.046449 0.090236 -0.970034 0.225589 0.000000 -0.999742 -0.022721 0.000000 -0.993307 0.115501
-0.849383 0.196011 -0.490029 -0.508340 -0.547443 -0.664753 0.000000 -0.973841 -0.227230 -0.131024 -0.982683 -0.131024 -0.042505 -0.998870 -0.021253 -0.070928 -0.992988 -0.094570 0.090236 -0.970034 0.225589 0.000000 -0.999742 -0.022721 0.000000 -0.993307 0.115501
-0.853199 -0.060943 -0.518013 -0.421637 -0.737865 -0.527046 0.000000 -0.973841 -0.227230 -0.131024 -0.982683 -0.131024 -0.021267 -0.999548 -0.021267 -0.070750 -0.990500 -0.117917 0.090236 -0.970034 0.225589 0.000000 -0.999742 -0.022721 0.000000 -0.993307 0.115501
-0.856281 -0.265742 -0.442904 -0.277184 -0.866199 -0.415775 0.000000 -0.973841 -0.227230 -0.131024 -0.982683 -0.131024 -0.021729 -0.999528 -0.021729 -0.070750 -0.990500 -0.117917 0.090236 -0.970034 0.225589 0.000000 -0.999742 -0.022721 0.000000 -0.993605 0.112910
-0.799086 -0.515539 -0.309324 -0.248264 -0.886659 -0.390130 0.000000 -0.968277 -0.249878 -0.140633 -0.984428 -0.105474 -0.021729 -0.999528 -0.021729 0.000000 -0.999742 -0.022721 0.090236 -0.970034 0.225589 0.000000 -0.999742 -0.022721 0.000000 -0.993605 0.112910
-0.738173 -0.620066 -0.265742 -0.217500 -0.906249 -0.362500 0.030303 -0.969697 -0.242424 -0.151078 -0.982006 -0.113308 -0.021713 -0.998821 -0.043427 0.044390 -0.998768 0.022195 0.090236 -0.970034 0.225589 0.000000 -0.999742 -0.022721 -0.022576 -0.993352 0.112881
-0.715860 -0.656205 -0.238620 -0.178800 -0.929758 -0.321839 0.053819 -0.968736 -0.242184 -0.151620 -0.985527 -0.075810 -0.021713 -0.998821 -0.043427 0.066503 -0.997540 0.022168 0.088302 -0.971324 0.220755 0.000000 -0.999742 -0.022721 -0.022576 -0.993352 0.112881
-0.700842 -0.670370 -0.243771 -0.189117 -0.945587 -0.264764 0.000000 -0.966705 -0.255893 -0.151620 -0.985527 -0.075810 -0.021713 -0.998821 -0.043427 0.065018 -0.996942 0.043345 0.088302 -0.971324 0.220755 0.000000 -0.999742 -0.022721 -0.045118 -0.992593 0.112795
-0.667761 -0.699559 -0.254385 -0.225176 -0.938233 -0.262705 -0.029437 -0.971429 -0.235498 -0.151620 -0.985527 -0.075810 -0.021713 -0.998821 -0.043427 0.086548 -0.995307 0.043274 0.088302 -0.971324 0.220755 0.000000 -0.999742 -0.022721 -0.045118 -0.992593 0.112795
-0.634681 -0.729883 -0.253872 -0.233373 -0.933492 -0.272268 -0.030303 -0.969697 -0.242424 -0.146157 -0.986559 -0.073078 -0.022195 -0.998768 -0.044390 0.086447 -0.994144 0.064836 0.066340 -0.972985 0.221133 0.000000 -0.999742 -0.022721 -0.045118 -0.992593 0.112795
-0.676716 -0.676716 -0.290021 -0.251533 -0.922288 -0.293455 -0.031220 -0.967805 -0.249756 -0.151620 -0.985527 -0.075810 0.000000 -0.999753 -0.022217 0.086447 -0.994144 0.064836 0.066650 -0.977536 0.199951 0.000000 -0.999742 -0.022721 -0.045118 -0.992593 0.112795
-0.699559 -0.604165 -0.381578 -0.251533 -0.922288 -0.293455 -0.031220 -0.967805 -0.249756 -0.151620 -0.985527 -0.075810 0.000000 -0.999753 -0.022217 0.086548 -0.995307 0.043274 0.066340 -0.972985 0.221133 0.000000 -0.999742 -0.022721 -0.045118 -0.992593 0.112795
-0.706742 -0.546119 -0.449745 -0.248282 -0.910366 -0.331042 -0.032191 -0.965734 -0.257529 -0.146157 -0.986559 -0.073078 0.000000 -0.999753 -0.022217 0.086548 -0.995307 0.043274 0.066340 -0.972985 0.221133 0.000000 -0.999742 -0.022721 -0.067591 -0.991333 0.112651
-0.706742 -0.449745 -0.546119 -0.248282 -0.910366 -0.331042 -0.032444 -0.973329 -0.227110 -0.146450 -0.988540 -0.036613 0.000000 -0.999753 -0.022217 0.000000 -0.997684 -0.068024 0.066340 -0.972985 0.221133 0.000000 -0.999730 -0.023250 -0.066114 -0.991709 0.110190
-0.673922 -0.417190 -0.609739 -0.213785 -0.897895 -0.384812 0.000000 -0.973841 -0.227230 -0.146450 -0.988540 -0.036613 0.000000 -0.999753 -0.022217 -0.070750 -0.990500 -0.117917 0.066340 -0.972985 0.221133 0.000000 -0.999730 -0.023250 -0.066114 -0.991709 0.110190
-0.647518 -0.340799 -0.681598 -0.210166 -0.882696 -0.420331 0.000000 -0.973841 -0.227230 -0.146450 -0.988540 -0.036613 0.000000 -0.999753 -0.022217 -0.070535 -0.987484 -0.141069 0.066340 -0.972985 0.221133 0.000000 -0.999730 -0.023250 -0.066114 -0.991709 0.110190
-0.645646 -0.271851 -0.713609 -0.089087 -0.890871 -0.445435 0.000000 -0.975441 -0.220261 -0.146450 -0.988540 -0.036613 0.000000 -1.000000 0.000000 -0.073677 -0.982353 -0.171912 0.064942 -0.974126 0.216473 0.000000 -0.999730 -0.023250 -0.066114 -0.991709 0.110190
-0.614235 -0.216789 -0.758761 0.087287 -0.872872 -0.480079 0.000000 -0.975441 -0.220261 -0.146157 -0.986559 -0.073078 0.000000 -1.000000 0.000000 -0.073677 -0.982353 -0.171912 0.064942 -0.974126 0.216473 0.000000 -0.999730 -0.023250 -0.065938 -0.989071 0.131876
-0.498729 -0.142494 -0.854965 0.179425 -0.897123 -0.403705 0.000000 -0.973841 -0.227230 -0.141069 -0.987484 -0.070535 0.000000 -1.000000 0.000000 -0.073677 -0.982353 -0.171912 0.064942 -0.974126 0.216473 0.000000 -0.999730 -0.023250 -0.044012 -0.990267 0.132036
-0.430134 -0.078206 -0.899371 0.263880 -0.879599 -0.395820 0.032444 -0.973329 -0.227110 -0.141069 -0.987484 -0.070535 0.000000 -1.000000 0.000000 -0.073677 -0.982353 -0.171912 0.064942 -0.974126 0.216473 0.000000 -0.999730 -0.023250 -0.044012 -0.990267 0.132036
-0.412393 -0.082479 -0.907265 0.414870 -0.829740 -0.373383 0.032191 -0.965734 -0.257529 -0.141069 -0.987484 -0.070535 0.000000 -1.000000 0.000000 -0.071940 -0.983182 -0.167860 0.064942 -0.974126 0.216473 0.000000 -0.999730 -0.023250 -0.044012 -0.990267 0.132036
-0.255551 -0.127775 -0.958315 0.540262 -0.789613 -0.290910 0.032444 -0.973329 -0.227110 -0.141069 -0.987484 -0.070535 0.000000 -1.000000 0.000000 -0.048029 -0.984599 -0.168102 0.064942 -0.974126 0.216473 0.000000 -0.999730 -0.023250 -0.044012 -0.990267 0.132036
0.000000 -0.120331 -0.992734 0.445435 -0.890871 -0.089087 0.032191 -0.965734 -0.257529 -0.141069 -0.987484 -0.070535 0.000000 -1.000000 0.000000 0.023224 -0.998651 -0.046449 0.064942 -0.974126 0.216473 0.000000 -0.999730 -0.023250 -0.044012 -0.990267 0.132036
0.254254 -0.113002 -0.960513 0.316228 -0.948683 0.000000 0.033223 -0.963460 -0.265782 -0.136320 -0.988317 -0.068160 0.000000 -1.000000 0.000000 0.066503 -0.997540 0.022168 0.064942 -0.974126 0.216473 0.000000 -0.999730 -0.023250 -0.044012 -0.990267 0.132036
0.377278 -0.134742 -0.916246 0.315906 -0.947717 0.045129 0.033223 -0.963460 -0.265782 -0.136320 -0.988317 -0.068160 0.000000 -1.000000 0.000000 0.066454 -0.996805 0.044302 0.064942 -0.974126 0.216473 0.000000 -0.999730 -0.023250 -0.043874 -0.987165 0.153559
0.517690 -0.136234 -0.844652 0.274721 -0.961524 0.000000 0.000000 -0.955064 -0.296399 -0.102658 -0.992360 -0.068439 0.000000 -1.000000 0.000000 0.088453 -0.995098 0.044227 0.064942 -0.974126 0.216473 0.000000 -0.999730 -0.023250 -0.043874 -0.987165 0.153559
0.607485 -0.144639 -0.781052 0.274721 -0.961524 0.000000 0.033223 -0.963460 -0.265782 -0.102359 -0.989467 -0.102359 0.000000 -1.000000 0.000000 0.086447 -0.994144 0.064836 0.066340 -0.972985 0.221133 0.000000 -0.999730 -0.023250 -0.021953 -0.987878 0.153670
0.635780 -0.151376 -0.756881 0.274721 -0.961524 0.000000 0.033223 -0.963460 -0.265782 -0.105934 -0.988714 -0.105934 0.000000 -1.000000 0.000000 0.088345 -0.993884 0.066259 0.066650 -0.977536 0.199951 0.000000 -0.999730 -0.023250 -0.021953 -0.987878 0.153670
0.665745 -0.158511 -0.729149 0.302920 -0.952033 -0.043274 0.033223 -0.963460 -0.265782 -0.105934 -0.988714 -0.105934 0.000000 -0.999753 -0.022217 0.088453 -0.995098 0.044227 0.066650 -0.977536 0.199951 0.000000 -0.999730 -0.023250 -0.021953 -0.987878 0.153670
0.663358 -0.165840 -0.729694 0.262865 -0.963837 -0.043811 0.033223 -0.963460 -0.265782 -0.106265 -0.991811 -0.070844 0.000000 -0.999014 -0.044401 0.023193 -0.997307 -0.069580 0.066650 -0.977536 0.199951 0.000000 -0.999730 -0.023250 -0.021953 -0.987878 0.153670
0.656344 -0.207267 -0.725433 0.315906 -0.947717 -0.045129 0.033223 -0.963460 -0.265782 -0.106265 -0.991811 -0.070844 0.000000 -0.999014 -0.044401 0.000000 -0.989461 -0.144799 0.066650 -0.977536 0.199951 0.000000 -0.999730 -0.023250 -0.021953 -0.987878 0.153670
0.656344 -0.207267 -0.725433 0.315906 -0.947717 -0.045129 0.033223 -0.963460 -0.265782 -0.141069 -0.987484 -0.070535 0.000000 -0.999014 -0.044401 -0.024035 -0.985452 -0.168248 0.066650 -0.977536 0.199951 0.000000 -0.999730 -0.023250 -0.021874 -0.984327 0.174991
0.640411 -0.177892 -0.747146 0.315906 -0.947717 -0.045129 0.033223 -0.963460 -0.265782 -0.141069 -0.987484 -0.070535 0.000000 -0.999014 -0.044401 -0.024507 -0.980286 -0.196057 0.066650 -0.977536 0.199951 0.000000 -0.999730 -0.023250 -0.021874 -0.984327 0.174991
0.640411 -0.177892 -0.747146 0.314945 -0.944835 -0.089984 0.033223 -0.963460 -0.265782 -0.141069 -0.987484 -0.070535 0.000000 -0.999014 -0.044401 -0.024507 -0.980286 -0.196057 0.044488 -0.978745 0.200198 0.000000 -0.999730 -0.023250 -0.043716 -0.983621 0.174866
0.618693 -0.181969 -0.764268 0.314945 -0.944835 -0.089984 0.033223 -0.963460 -0.265782 -0.141069 -0.987484 -0.070535 0.000000 -0.999014 -0.044401 -0.024507 -0.980286 -0.196057 0.044488 -0.978745 0.200198 0.000000 -0.999730 -0.023250 -0.043716 -0.983621 0.174866
0.595458 -0.186081 -0.781539 0.354594 -0.930809 -0.088648 0.033223 -0.963460 -0.265782 -0.141069 -0.987484 -0.070535 0.022195 -0.998768 -0.044390 -0.024507 -0.980286 -0.196057 0.044488 -0.978745 0.200198 0.000000 -0.999730 -0.023250 -0.043716 -0.983621 0.174866
0.578481 -0.180775 -0.795412 0.354594 -0.930809 -0.088648 0.033223 -0.963460 -0.265782 -0.141069 -0.987484 -0.070535 0.022195 -0.998768 -0.044390 -0.023932 -0.981209 -0.191456 0.044488 -0.978745 0.200198 0.000000 -0.999730 -0.023250 -0.043716 -0.983621 0.174866
0.553660 -0.184553 -0.812035 0.354594 -0.930809 -0.088648 0.033223 -0.963460 -0.265782 -0.141333 -0.989331 -0.035333 0.022195 -0.998768 -0.044390 -0.024035 -0.985452 -0.168248 0.044488 -0.978745 0.200198 0.000000 -0.999730 -0.023250 -0.043716 -0.983621 0.174866
0.553660 -0.184553 -0.812035 0.354594 -0.930809 -0.088648 0.033223 -0.963460 -0.265782 -0.141333 -0.989331 -0.035333 0.022195 -0.998768 -0.044390 -0.024035 -0.985452 -0.168248 0.044488 -0.978745 0.200198 0.000000 -0.999730 -0.023250 -0.043716 -0.983621 0.174866
