-0.537431 0.824061 -0.179144 -0.657213 0.500734 -0.563326 -0.029814 -0.954056 -0.298142 -0.110732 -0.959678 -0.258375 -0.026669 -0.986754 -0.160014 0.048450 -0.969003 -0.242251 0.147181 -0.988215 0.042052 -0.146472 -0.952069 -0.268532 0.021272 -0.999774 0.000000
-0.550823 0.826234 -0.118033 -0.619586 0.481900 -0.619586 -0.030069 -0.962216 -0.270623 -0.109618 -0.950019 -0.292314 -0.054944 -0.988996 -0.137361 0.072127 -0.961694 -0.264466 0.126379 -0.989967 0.063189 -0.146472 -0.952069 -0.268532 0.021272 -0.999774 0.000000
-0.592464 0.789953 -0.157991 -0.619586 0.481900 -0.619586 -0.030069 -0.962216 -0.270623 -0.108394 -0.939418 -0.325183 -0.053281 -0.985703 -0.159844 0.072127 -0.961694 -0.264466 0.126379 -0.989967 0.063189 -0.146472 -0.952069 -0.268532 0.021272 -0.999774 0.000000
-0.574380 0.804132 -0.153168 -0.619586 0.481900 -0.619586 -0.030069 -0.962216 -0.270623 -0.108394 -0.939418 -0.325183 -0.053037 -0.981187 -0.185630 0.072127 -0.961694 -0.264466 0.126379 -0.989967 0.063189 -0.146472 -0.952069 -0.268532 0.021272 -0.999774 0.000000
-0.557086 0.817059 -0.148556 -0.619586 0.481900 -0.619586 -0.030069 -0.962216 -0.270623 -0.108394 -0.939418 -0.325183 -0.025110 -0.979294 -0.200881 0.072127 -0.961694 -0.264466 0.126379 -0.989967 0.063189 -0.146472 -0.952069 -0.268532 0.021272 -0.999774 0.000000
-0.557086 0.817059 -0.148556 -0.609208 0.507673 -0.609208 -0.029437 -0.971429 -0.235498 -0.113552 -0.946264 -0.302804 0.000000 -0.979603 -0.200944 0.072127 -0.961694 -0.264466 0.126379 -0.989967 0.063189 -0.195998 -0.955492 -0.220498 0.021272 -0.999774 0.000000
-0.559795 0.821033 -0.111959 -0.609208 0.507673 -0.609208 -0.029437 -0.971429 -0.235498 -0.113552 -0.946264 -0.302804 0.000000 -0.975610 -0.219512 0.072127 -0.961694 -0.264466 0.126379 -0.989967 0.063189 -0.195998 -0.955492 -0.220498 0.021272 -0.999774 0.000000
-0.607919 0.786718 -0.107280 -0.609208 0.507673 -0.609208 -0.029223 -0.964352 -0.263005 -0.113552 -0.946264 -0.302804 0.025872 -0.983124 -0.181102 0.072127 -0.961694 -0.264466 0.126379 -0.989967 0.063189 -0.171293 -0.954347 -0.244704 0.021734 -0.999764 0.000000
-0.618693 0.764268 -0.181969 -0.642317 0.507093 -0.574705 -0.029223 -0.964352 -0.263005 -0.075974 -0.949671 -0.303895 0.025872 -0.983124 -0.181102 0.072127 -0.961694 -0.264466 0.126379 -0.989967 0.063189 -0.171293 -0.954347 -0.244704 0.021267 -0.999548 -0.021267
-0.764268 0.618693 -0.181969 -0.672293 0.470605 -0.571449 -0.061898 -0.990375 -0.123797 -0.075059 -0.938233 -0.337764 0.025985 -0.987429 -0.155910 0.072127 -0.961694 -0.264466 0.126379 -0.989967 0.063189 -0.170226 -0.948403 -0.267498 0.021267 -0.999548 -0.021267
-0.800132 0.581914 -0.145479 -0.721995 0.309426 -0.618853 -0.030514 -0.976445 -0.213597 -0.072500 -0.942499 -0.326250 0.000000 -0.990405 -0.138196 0.072127 -0.961694 -0.264466 0.126379 -0.989967 0.063189 -0.197006 -0.960405 -0.197006 0.021729 -0.999528 -0.021729
-0.826898 0.537484 -0.165380 -0.739940 0.000000 -0.672673 -0.064786 -0.971795 -0.226752 -0.034280 -0.925548 -0.377075 -0.042052 -0.988215 -0.147181 0.072127 -0.961694 -0.264466 0.126183 -0.988434 0.084122 -0.195998 -0.955492 -0.220498 0.021729 -0.999528 -0.021729
-0.844905 0.499262 -0.192024 -0.725319 -0.197814 -0.659380 -0.056773 -0.965146 -0.255480 -0.067535 -0.911725 -0.405211 -0.041913 -0.984955 -0.167652 0.072127 -0.961694 -0.264466 0.126183 -0.988434 0.084122 -0.172276 -0.959823 -0.221498 0.021267 -0.999548 -0.021267
-0.906467 0.377695 -0.188847 -0.693968 -0.346984 -0.630880 -0.027017 -0.945601 -0.324206 -0.099613 -0.896520 -0.431658 -0.062801 -0.983875 -0.167468 0.072127 -0.961694 -0.264466 0.126183 -0.988434 0.084122 -0.171293 -0.954347 -0.244704 0.021267 -0.999548 -0.021267
-0.912871 0.401663 -0.073030 -0.634039 -0.483077 -0.603847 -0.057904 -0.955419 -0.289521 -0.102359 -0.921228 -0.375315 -0.061314 -0.981023 -0.183942 0.072127 -0.961694 -0.264466 0.126183 -0.988434 0.084122 -0.144005 -0.960031 -0.240008 0.021253 -0.998870 -0.042505
-0.987688 0.058099 -0.145248 -0.299813 -0.674579 -0.674579 -0.059002 -0.944039 -0.324513 -0.107833 -0.970495 -0.215666 -0.039960 -0.979021 -0.199800 0.072127 -0.961694 -0.264466 0.109764 -0.987878 0.109764 -0.144005 -0.960031 -0.240008 0.022211 -0.999507 -0.022211
-0.986741 -0.031830 -0.159152 -0.370389 -0.673435 -0.639763 -0.031607 -0.948209 -0.316070 -0.173136 -0.969561 -0.173136 -0.058733 -0.978888 -0.195778 0.072127 -0.961694 -0.264466 0.112197 -0.987332 0.112197 -0.143141 -0.954276 -0.262426 0.022716 -0.999484 -0.022716
-0.979457 0.000000 -0.201653 -0.145479 -0.800132 -0.581914 -0.031607 -0.948209 -0.316070 -0.174078 -0.974835 -0.139262 -0.039036 -0.975900 -0.214698 0.072127 -0.961694 -0.264466 0.112197 -0.987332 0.112197 -0.143141 -0.954276 -0.262426 0.000000 -0.999742 -0.022721
-0.958043 0.106449 -0.266123 -0.034381 -0.893898 -0.446949 -0.031607 -0.948209 -0.316070 -0.174821 -0.978997 -0.104893 -0.039036 -0.975900 -0.214698 0.072127 -0.961694 -0.264466 0.114738 -0.986747 0.114738 -0.143141 -0.954276 -0.262426 0.000000 -0.999742 -0.022721
-0.971429 -0.029437 -0.235498 -0.077267 -0.811301 -0.579501 -0.031607 -0.948209 -0.316070 -0.174821 -0.978997 -0.104893 -0.038866 -0.971653 -0.233197 0.073833 -0.959823 -0.270719 0.111887 -0.984609 0.134265 -0.139952 -0.956337 -0.256578 0.000000 -0.999717 -0.023803
-0.958275 0.082138 -0.273793 0.000000 -0.879292 -0.476283 -0.031607 -0.948209 -0.316070 -0.174078 -0.974835 -0.139262 -0.038866 -0.971653 -0.233197 0.073833 -0.959823 -0.270719 0.111887 -0.984609 0.134265 -0.139952 -0.956337 -0.256578 0.000000 -0.999717 -0.023803
-0.937425 0.133918 -0.321403 0.000000 -0.901523 -0.432731 -0.031607 -0.948209 -0.316070 -0.174078 -0.974835 -0.139262 -0.039036 -0.975900 -0.214698 0.073833 -0.959823 -0.270719 0.111887 -0.984609 0.134265 -0.139952 -0.956337 -0.256578 0.000000 -0.999717 -0.023803
-0.907608 0.220026 -0.357542 0.000000 -0.901523 -0.432731 -0.031607 -0.948209 -0.316070 -0.167506 -0.971537 -0.167506 -0.039036 -0.975900 -0.214698 0.073833 -0.959823 -0.270719 0.111887 -0.984609 0.134265 -0.139952 -0.956337 -0.256578 0.000000 -0.999717 -0.023803
-0.863868 0.259161 -0.431934 -0.034900 -0.907406 -0.418803 -0.032582 -0.944871 -0.325818 -0.166482 -0.965594 -0.199778 -0.039036 -0.975900 -0.214698 0.073833 -0.959823 -0.270719 0.111887 -0.984609 0.134265 -0.139952 -0.956337 -0.256578 0.000000 -0.999717 -0.023803
-0.823842 0.253490 -0.506979 -0.034900 -0.907406 -0.418803 -0.031607 -0.948209 -0.316070 -0.138343 -0.968400 -0.207514 -0.039036 -0.975900 -0.214698 0.073833 -0.959823 -0.270719 0.111887 -0.984609 0.134265 -0.139952 -0.956337 -0.256578 0.000000 -0.999717 -0.023803
-0.760357 0.165295 -0.628121 0.075539 -0.906467 -0.415464 -0.030686 -0.951260 -0.306858 -0.137280 -0.960958 -0.240239 -0.042448 -0.976296 -0.212238 0.073833 -0.959823 -0.270719 0.111887 -0.984609 0.134265 -0.139952 -0.956337 -0.256578 0.022669 -0.997427 -0.068006
-0.687141 0.098163 -0.719862 0.152388 -0.876230 -0.457164 -0.030686 -0.951260 -0.306858 -0.137280 -0.960958 -0.240239 -0.043345 -0.975270 -0.216727 0.073833 -0.959823 -0.270719 0.109474 -0.985270 0.131369 -0.139952 -0.956337 -0.256578 0.022168 -0.997540 -0.066503
-0.588172 0.000000 -0.808736 0.165380 -0.826898 -0.537484 -0.030686 -0.951260 -0.306858 -0.137280 -0.960958 -0.240239 -0.044281 -0.974176 -0.221404 0.072127 -0.961694 -0.264466 0.105574 -0.992392 0.063344 -0.139952 -0.956337 -0.256578 0.000000 -1.000000 0.000000
-0.491705 -0.037823 -0.869940 0.290910 -0.789613 -0.540262 0.000000 -0.954480 -0.298275 -0.141955 -0.958194 -0.248421 -0.044281 -0.974176 -0.221404 0.072127 -0.961694 -0.264466 0.101430 -0.994015 0.040572 -0.139952 -0.956337 -0.256578 -0.020400 -0.999584 0.020400
-0.302920 -0.043274 -0.952033 0.284356 -0.771822 -0.568711 0.000000 -0.948683 -0.316228 -0.141955 -0.958194 -0.248421 -0.045256 -0.973010 -0.226281 0.072127 -0.961694 -0.264466 0.101430 -0.994015 0.040572 -0.139952 -0.956337 -0.256578 -0.020400 -0.999584 0.020400
-0.045222 -0.090443 -0.994874 0.331042 -0.744845 -0.579324 0.000000 -0.948683 -0.316228 -0.141955 -0.958194 -0.248421 -0.022646 -0.973758 -0.226455 0.072127 -0.961694 -0.264466 0.099425 -0.994250 0.039770 -0.139952 -0.956337 -0.256578 -0.020387 -0.998960 0.040774
0.188847 0.000000 -0.982006 0.314945 -0.809858 -0.494913 0.000000 -0.948683 -0.316228 -0.141955 -0.958194 -0.248421 -0.022646 -0.973758 -0.226455 0.073833 -0.959823 -0.270719 0.097553 -0.995039 0.019511 -0.139952 -0.956337 -0.256578 -0.020387 -0.998960 0.040774
0.221013 0.184177 -0.957722 0.332877 -0.850686 -0.406850 -0.029814 -0.954056 -0.298142 -0.141955 -0.958194 -0.248421 -0.022646 -0.973758 -0.226455 0.073833 -0.959823 -0.270719 0.097497 -0.994471 0.038999 -0.142214 -0.948091 -0.284427 -0.019960 -0.998006 0.059880
0.230034 0.197172 -0.952999 0.342376 -0.874961 -0.342376 -0.030686 -0.951260 -0.306858 -0.141955 -0.958194 -0.248421 -0.022646 -0.973758 -0.226455 0.097561 -0.951220 -0.292683 0.079603 -0.995037 0.059702 -0.142214 -0.948091 -0.284427 -0.019960 -0.998006 0.059880
0.228436 0.228436 -0.946379 0.375293 -0.863175 -0.337764 -0.030686 -0.951260 -0.306858 -0.141955 -0.958194 -0.248421 -0.022646 -0.973758 -0.226455 0.097561 -0.951220 -0.292683 0.079603 -0.995037 0.059702 -0.142214 -0.948091 -0.284427 -0.020366 -0.997924 0.061097
0.259010 0.226633 -0.938910 0.387783 -0.853123 -0.349005 -0.030686 -0.951260 -0.306858 -0.141955 -0.958194 -0.248421 -0.022646 -0.973758 -0.226455 0.097561 -0.951220 -0.292683 0.079603 -0.995037 0.059702 -0.142214 -0.948091 -0.284427 -0.020366 -0.997924 0.061097
0.259010 0.226633 -0.938910 0.433798 -0.828159 -0.354925 -0.031607 -0.948209 -0.316070 -0.141955 -0.958194 -0.248421 -0.022646 -0.973758 -0.226455 0.097561 -0.951220 -0.292683 0.079603 -0.995037 0.059702 -0.142214 -0.948091 -0.284427 -0.020366 -0.997924 0.061097
0.259010 0.226633 -0.938910 0.433798 -0.828159 -0.354925 -0.031220 -0.967805 -0.249756 -0.141955 -0.958194 -0.248421 -0.022646 -0.973758 -0.226455 0.097561 -0.951220 -0.292683 0.081211 -0.994834 0.060908 -0.142214 -0.948091 -0.284427 -0.020366 -0.997924 0.061097
0.252982 0.189737 -0.948683 0.454794 -0.826898 -0.330759 -0.032191 -0.965734 -0.257529 -0.141955 -0.958194 -0.248421 -0.022157 -0.974893 -0.221567 0.097561 -0.951220 -0.292683 0.081211 -0.994834 0.060908 -0.142214 -0.948091 -0.284427 -0.020366 -0.997924 0.061097
0.260793 0.195594 -0.945373 0.454794 -0.826898 -0.330759 -0.031220 -0.967805 -0.249756 -0.141955 -0.958194 -0.248421 -0.022157 -0.974893 -0.221567 0.097561 -0.951220 -0.292683 0.081211 -0.994834 0.060908 -0.142214 -0.948091 -0.284427 -0.020788 -0.997837 0.062365
