-0.559673 0.811526 -0.167902 -0.494913 -0.314945 -0.809858 0.000000 -0.934998 -0.354654 -0.118308 -0.985904 -0.118308 -0.023803 -0.999717 0.000000 0.084781 -0.996174 -0.021195 0.087854 -0.966391 0.241598 -0.126519 -0.991067 -0.042173 -0.023027 -0.990142 0.138159
-0.628828 0.743161 -0.228665 -0.487566 -0.354594 -0.797836 0.000000 -0.928477 -0.371391 -0.118771 -0.989759 -0.079181 -0.023803 -0.999717 0.000000 0.084781 -0.996174 -0.021195 0.087370 -0.961074 0.262111 -0.126519 -0.991067 -0.042173 -0.023027 -0.990142 0.138159
-0.691669 0.634029 -0.345834 -0.452216 -0.452216 -0.768767 0.027724 -0.942628 -0.332692 -0.231372 -0.971764 -0.046274 -0.023803 -0.999717 0.000000 0.084781 -0.996174 -0.021195 0.087370 -0.961074 0.262111 -0.126519 -0.991067 -0.042173 -0.023027 -0.990142 0.138159
-0.754337 0.464207 -0.464207 -0.400099 -0.577920 -0.711287 0.027017 -0.945601 -0.324206 -0.242536 -0.970143 0.000000 -0.023796 -0.999434 -0.023796 0.084781 -0.996174 -0.021195 0.087370 -0.961074 0.262111 -0.126519 -0.991067 -0.042173 -0.023027 -0.990142 0.138159
-0.809626 0.251263 -0.530445 -0.342682 -0.685365 -0.642529 0.057401 -0.947119 -0.315706 -0.262865 -0.963837 -0.043811 -0.023796 -0.999434 -0.023796 0.084781 -0.996174 -0.021195 0.108979 -0.959018 0.261550 -0.126519 -0.991067 -0.042173 -0.023027 -0.990142 0.138159
-0.826034 -0.059002 -0.560523 -0.338971 -0.762684 -0.550828 0.030387 -0.941993 -0.334255 -0.203954 -0.978980 0.000000 -0.023796 -0.999434 -0.023796 0.084781 -0.996174 -0.021195 0.108979 -0.959018 0.261550 -0.105691 -0.993500 -0.042277 -0.046017 -0.989356 0.138050
-0.775388 -0.387694 -0.498464 -0.287456 -0.821302 -0.492781 0.029814 -0.954056 -0.298142 -0.203954 -0.978980 0.000000 -0.023796 -0.999434 -0.023796 0.084781 -0.996174 -0.021195 0.108979 -0.959018 0.261550 -0.105691 -0.993500 -0.042277 -0.046017 -0.989356 0.138050
-0.733761 -0.543526 -0.407645 -0.273722 -0.860268 -0.430134 0.059549 -0.952786 -0.297746 -0.242536 -0.970143 0.000000 -0.023796 -0.999434 -0.023796 0.084781 -0.996174 -0.021195 0.108979 -0.959018 0.261550 -0.105691 -0.993500 -0.042277 -0.045859 -0.985969 0.160507
-0.681677 -0.654410 -0.327205 -0.268833 -0.883310 -0.384048 0.059549 -0.952786 -0.297746 -0.242536 -0.970143 0.000000 -0.023796 -0.999434 -0.023796 0.086609 -0.996007 -0.021652 0.106746 -0.960714 0.256190 -0.105691 -0.993500 -0.042277 -0.045859 -0.985969 0.160507
-0.685435 -0.656875 -0.314158 -0.259973 -0.891338 -0.371391 0.059549 -0.952786 -0.297746 -0.242536 -0.970143 0.000000 0.000000 -0.999717 -0.023803 0.086609 -0.996007 -0.021652 0.106746 -0.960714 0.256190 -0.105691 -0.993500 -0.042277 -0.045859 -0.985969 0.160507
-0.698371 -0.640174 -0.320087 -0.251610 -0.898606 -0.359443 0.060057 -0.960913 -0.270257 -0.233373 -0.972387 0.000000 0.000000 -0.999717 -0.023803 0.086609 -0.996007 -0.021652 0.106746 -0.960714 0.256190 -0.105691 -0.993500 -0.042277 -0.045859 -0.985969 0.160507
-0.718100 -0.628337 -0.299208 -0.243709 -0.905204 -0.348155 0.060057 -0.960913 -0.270257 -0.233373 -0.972387 0.000000 0.000000 -0.999717 -0.023803 0.086609 -0.996007 -0.021652 0.106746 -0.960714 0.256190 -0.107958 -0.993217 -0.043183 -0.044845 -0.986587 0.156957
-0.709795 -0.617213 -0.339467 -0.254756 -0.909843 -0.327544 0.060057 -0.960913 -0.270257 -0.269630 -0.962964 0.000000 0.000000 -0.999717 -0.023803 0.086609 -0.996007 -0.021652 0.106746 -0.960714 0.256190 -0.129219 -0.990680 -0.043073 -0.044845 -0.986587 0.156957
-0.770594 -0.481621 -0.417405 -0.220267 -0.917779 -0.330400 0.058371 -0.963119 -0.262669 -0.269630 -0.962964 0.000000 0.000000 -0.999717 -0.023803 0.086609 -0.996007 -0.021652 0.106746 -0.960714 0.256190 -0.129219 -0.990680 -0.043073 -0.044845 -0.986587 0.156957
-0.777436 -0.356325 -0.518291 -0.220267 -0.917779 -0.330400 0.056773 -0.965146 -0.255480 -0.279776 -0.959233 0.039968 0.000000 -0.999717 -0.023803 0.086609 -0.996007 -0.021652 0.106746 -0.960714 0.256190 -0.129070 -0.989533 -0.064535 -0.044677 -0.982888 0.178707
-0.758947 -0.316228 -0.569210 -0.227921 -0.911685 -0.341882 0.056773 -0.965146 -0.255480 -0.279776 -0.959233 0.039968 0.000000 -0.999703 -0.024383 0.086609 -0.996007 -0.021652 0.106746 -0.960714 0.256190 -0.129070 -0.989533 -0.064535 -0.044677 -0.982888 0.178707
-0.704925 -0.224294 -0.672883 -0.191460 -0.919007 -0.344628 0.056773 -0.965146 -0.255480 -0.279776 -0.959233 0.039968 0.000000 -0.999703 -0.024383 0.086609 -0.996007 -0.021652 0.106746 -0.960714 0.256190 -0.129070 -0.989533 -0.064535 -0.044677 -0.982888 0.178707
-0.695375 -0.181402 -0.695375 -0.127114 -0.932170 -0.338971 0.056773 -0.965146 -0.255480 -0.279776 -0.959233 0.039968 0.000000 -0.999703 -0.024383 0.086609 -0.996007 -0.021652 0.106746 -0.960714 0.256190 -0.129070 -0.989533 -0.064535 -0.066932 -0.981664 0.178484
-0.632599 -0.180743 -0.753094 -0.088648 -0.930809 -0.354594 0.058798 -0.970169 -0.235192 -0.280000 -0.960000 0.000000 0.000000 -0.999703 -0.024383 0.086609 -0.996007 -0.021652 0.106746 -0.960714 0.256190 -0.129070 -0.989533 -0.064535 -0.066932 -0.981664 0.178484
-0.585517 -0.123267 -0.801234 -0.043727 -0.918266 -0.393543 0.060523 -0.968364 -0.242091 -0.269630 -0.962964 0.000000 0.000000 -0.999703 -0.024383 0.086609 -0.996007 -0.021652 0.106746 -0.960714 0.256190 -0.129070 -0.989533 -0.064535 -0.066932 -0.981664 0.178484
-0.503453 -0.157329 -0.849578 0.045549 -0.910975 -0.409939 0.060523 -0.968364 -0.242091 -0.269630 -0.962964 0.000000 0.000000 -0.999703 -0.024383 0.086609 -0.996007 -0.021652 0.106746 -0.960714 0.256190 -0.129070 -0.989533 -0.064535 -0.066932 -0.981664 0.178484
-0.405854 -0.124878 -0.905366 0.044677 -0.893534 -0.446767 0.058798 -0.970169 -0.235192 -0.269630 -0.962964 0.000000 0.000000 -0.999703 -0.024383 0.086609 -0.996007 -0.021652 0.106746 -0.960714 0.256190 -0.129070 -0.989533 -0.064535 -0.066932 -0.981664 0.178484
-0.304714 -0.121886 -0.944613 0.044677 -0.893534 -0.446767 0.058798 -0.970169 -0.235192 -0.280000 -0.960000 0.000000 0.000000 -0.999703 -0.024383 0.084724 -0.995504 -0.042362 0.108338 -0.953373 0.281678 -0.129070 -0.989533 -0.064535 -0.066932 -0.981664 0.178484
-0.212121 -0.121212 -0.969697 0.130312 -0.868744 -0.477809 0.060523 -0.968364 -0.242091 -0.269630 -0.962964 0.000000 0.000000 -0.999703 -0.024383 0.084724 -0.995504 -0.042362 0.108338 -0.953373 0.281678 -0.129070 -0.989533 -0.064535 -0.066932 -0.981664 0.178484
-0.031976 -0.127906 -0.991271 0.130312 -0.868744 -0.477809 0.060057 -0.960913 -0.270257 -0.269630 -0.962964 0.000000 0.000000 -0.999703 -0.024383 0.084724 -0.995504 -0.042362 0.108338 -0.953373 0.281678 -0.129070 -0.989533 -0.064535 -0.066932 -0.981664 0.178484
0.139262 -0.174078 -0.974835 0.166378 -0.873485 -0.457540 0.089883 -0.958754 -0.269650 -0.269630 -0.962964 0.000000 0.000000 -0.999703 -0.024383 0.084724 -0.995504 -0.042362 0.108338 -0.953373 0.281678 -0.129070 -0.989533 -0.064535 -0.066650 -0.977536 0.199951
0.245602 -0.184202 -0.951709 0.229658 -0.918630 -0.321521 0.089883 -0.958754 -0.269650 -0.269430 -0.962250 -0.038490 0.000000 -0.999703 -0.024383 0.084724 -0.995504 -0.042362 0.087370 -0.961074 0.262111 -0.129070 -0.989533 -0.064535 -0.066650 -0.977536 0.199951
0.419832 -0.119952 -0.899640 0.218218 -0.960159 -0.174574 0.060057 -0.960913 -0.270257 -0.233197 -0.971653 -0.038866 0.000000 -0.999703 -0.024383 0.086548 -0.995307 -0.043274 0.085573 -0.962691 0.256718 -0.107833 -0.992062 -0.064700 -0.066650 -0.977536 0.199951
0.557619 -0.117393 -0.821754 0.219687 -0.966625 -0.131812 0.060057 -0.960913 -0.270257 -0.233197 -0.971653 -0.038866 0.000000 -0.999703 -0.024383 0.086548 -0.995307 -0.043274 0.085573 -0.962691 0.256718 -0.107833 -0.992062 -0.064700 -0.066650 -0.977536 0.199951
0.675855 -0.084482 -0.732177 0.210725 -0.969334 -0.126435 0.060057 -0.960913 -0.270257 -0.233197 -0.971653 -0.038866 0.000000 -0.999703 -0.024383 0.086548 -0.995307 -0.043274 0.085573 -0.962691 0.256718 -0.107833 -0.992062 -0.064700 -0.066650 -0.977536 0.199951
0.744845 -0.082761 -0.662085 0.211667 -0.973668 -0.084667 0.059549 -0.952786 -0.297746 -0.233197 -0.971653 -0.038866 0.000000 -0.999703 -0.024383 0.086548 -0.995307 -0.043274 0.085573 -0.962691 0.256718 -0.107833 -0.992062 -0.064700 -0.066650 -0.977536 0.199951
0.795491 -0.054861 -0.603476 0.203785 -0.978167 -0.040757 0.091713 -0.947698 -0.305709 -0.233197 -0.971653 -0.038866 0.000000 -0.999703 -0.024383 0.086548 -0.995307 -0.043274 0.085573 -0.962691 0.256718 -0.107833 -0.992062 -0.064700 -0.066340 -0.972985 0.221133
0.818013 -0.054534 -0.572609 0.203785 -0.978167 -0.040757 0.091713 -0.947698 -0.305709 -0.233197 -0.971653 -0.038866 0.000000 -0.999703 -0.024383 0.086548 -0.995307 -0.043274 0.085573 -0.962691 0.256718 -0.107833 -0.992062 -0.064700 -0.066340 -0.972985 0.221133
0.839065 -0.054133 -0.541332 0.203785 -0.978167 -0.040757 0.091713 -0.947698 -0.305709 -0.233197 -0.971653 -0.038866 0.000000 -0.999703 -0.024383 0.086548 -0.995307 -0.043274 0.085573 -0.962691 0.256718 -0.107833 -0.992062 -0.064700 -0.066340 -0.972985 0.221133
0.831730 -0.027724 -0.554487 0.233197 -0.971653 -0.038866 0.091713 -0.947698 -0.305709 -0.233197 -0.971653 -0.038866 0.000000 -0.999703 -0.024383 0.086548 -0.995307 -0.043274 0.085573 -0.962691 0.256718 -0.107833 -0.992062 -0.064700 -0.066340 -0.972985 0.221133
0.831730 -0.027724 -0.554487 0.233197 -0.971653 -0.038866 0.091713 -0.947698 -0.305709 -0.233373 -0.972387 0.000000 0.000000 -0.999703 -0.024383 0.086548 -0.995307 -0.043274 0.085573 -0.962691 0.256718 -0.107833 -0.992062 -0.064700 -0.066340 -0.972985 0.221133
0.822881 -0.028375 -0.567504 0.233197 -0.971653 -0.038866 0.091713 -0.947698 -0.305709 -0.233373 -0.972387 0.000000 0.000000 -0.999703 -0.024383 0.086548 -0.995307 -0.043274 0.085573 -0.962691 0.256718 -0.107833 -0.992062 -0.064700 -0.066340 -0.972985 0.221133
0.822881 -0.028375 -0.567504 0.196116 -0.980581 0.000000 0.089126 -0.950681 -0.297088 -0.233373 -0.972387 0.000000 0.000000 -0.999703 -0.024383 0.086548 -0.995307 -0.043274 0.085573 -0.962691 0.256718 -0.107833 -0.992062 -0.064700 -0.066340 -0.972985 0.221133
0.822881 -0.028375 -0.567504 0.196116 -0.980581 0.000000 0.089126 -0.950681 -0.297088 -0.233373 -0.972387 0.000000 0.000000 -0.999703 -0.024383 0.107958 -0.993217 -0.043183 0.064282 -0.964237 0.257130 -0.107833 -0.992062 -0.064700 -0.066340 -0.972985 0.221133
0.813390 -0.029050 -0.580993 0.195965 -0.979827 -0.039193 0.089126 -0.950681 -0.297088 -0.233373 -0.972387 0.000000 0.000000 -0.999703 -0.024383 0.107958 -0.993217 -0.043183 0.042904 -0.965345 0.257425 -0.107833 -0.992062 -0.064700 -0.066340 -0.972985 0.221133
0.813390 -0.029050 -0.580993 0.195965 -0.979827 -0.039193 0.061839 -0.958508 -0.278277 -0.224702 -0.973708 -0.037450 0.000000 -0.999703 -0.024383 0.107958 -0.993217 -0.043183 0.042904 -0.965345 0.257425 -0.107833 -0.992062 -0.064700 -0.066340 -0.972985 0.221133
0.803202 -0.029748 -0.594964 0.195965 -0.979827 -0.039193 0.061839 -0.958508 -0.278277 -0.224702 -0.973708 -0.037450 0.000000 -0.999703 -0.024383 0.107958 -0.993217 -0.043183 0.042904 -0.965345 0.257425 -0.107833 -0.992062 -0.064700 -0.066340 -0.972985 0.221133
0.803202 -0.029748 -0.594964 0.195965 -0.979827 -0.039193 0.062348 -0.966394 -0.249392 -0.224702 -0.973708 -0.037450 0.000000 -0.999703 -0.024383 0.107958 -0.993217 -0.043183 0.043133 -0.970495 0.237232 -0.107833 -0.992062 -0.064700 -0.066340 -0.972985 0.221133
