-0.461062 0.886659 -0.035466 -0.599205 0.149801 -0.786456 0.000000 -0.976900 -0.213697 -0.145671 -0.983282 -0.109254 -0.021267 -0.999548 -0.021267 0.069598 -0.997575 0.000000 0.038866 -0.971653 0.233197 -0.138196 -0.990405 0.000000 -0.060796 -0.992994 0.101326
-0.537484 0.826898 -0.165380 -0.625355 0.110357 -0.772497 0.000000 -0.976900 -0.213697 -0.109254 -0.983282 -0.145671 0.000000 -0.999764 -0.021734 0.069598 -0.997575 0.000000 0.038866 -0.971653 0.233197 -0.138196 -0.990405 0.000000 -0.040572 -0.994015 0.101430
-0.558398 0.773166 -0.300676 -0.615947 -0.034219 -0.787044 0.030303 -0.969697 -0.242424 -0.151078 -0.982006 -0.113308 0.046349 -0.996503 -0.069523 0.069580 -0.997307 0.023193 0.058498 -0.974972 0.214494 -0.138196 -0.990405 0.000000 -0.040572 -0.994015 0.101430
-0.588984 0.631055 -0.504844 -0.620042 -0.228436 -0.750577 0.030303 -0.969697 -0.242424 -0.145671 -0.983282 -0.109254 -0.024204 -0.992355 -0.121019 0.068006 -0.997427 0.022669 0.059362 -0.969584 0.237449 -0.138196 -0.990405 0.000000 -0.040572 -0.994015 0.101430
-0.647648 0.457164 -0.609551 -0.555757 -0.432255 -0.710134 0.000000 -0.976900 -0.213697 -0.151078 -0.982006 -0.113308 -0.024268 -0.994982 -0.097071 0.068006 -0.997427 0.022669 0.059362 -0.969584 0.237449 -0.138159 -0.990142 -0.023027 -0.020299 -0.994629 0.101493
-0.695874 0.321173 -0.642345 -0.325183 -0.686498 -0.650366 0.000000 -0.976900 -0.213697 -0.151078 -0.982006 -0.113308 -0.049553 -0.991059 -0.123882 0.068006 -0.997427 0.022669 0.059362 -0.969584 0.237449 -0.138159 -0.990142 -0.023027 -0.020299 -0.994629 0.101493
-0.772049 -0.070186 -0.631676 -0.240098 -0.823193 -0.514496 0.030514 -0.976445 -0.213597 -0.187647 -0.975763 -0.112588 -0.048365 -0.991484 -0.120913 0.068006 -0.997427 0.022669 0.059631 -0.973980 0.218649 -0.138159 -0.990142 -0.023027 -0.020299 -0.994629 0.101493
-0.695788 -0.417473 -0.584462 -0.147442 -0.884652 -0.442326 0.030303 -0.969697 -0.242424 -0.188311 -0.979217 -0.075324 -0.048365 -0.991484 -0.120913 0.068006 -0.997427 0.022669 0.059631 -0.973980 0.218649 -0.138159 -0.990142 -0.023027 -0.020299 -0.994629 0.101493
-0.658123 -0.605473 -0.447523 -0.146944 -0.918398 -0.367359 0.030303 -0.969697 -0.242424 -0.188311 -0.979217 -0.075324 -0.048365 -0.991484 -0.120913 0.068006 -0.997427 0.022669 0.079399 -0.972636 0.218347 -0.138159 -0.990142 -0.023027 -0.040572 -0.994015 0.101430
-0.636670 -0.689726 -0.344863 -0.154189 -0.925132 -0.346925 0.000000 -0.970143 -0.242536 -0.188311 -0.979217 -0.075324 -0.048365 -0.991484 -0.120913 0.068006 -0.997427 0.022669 0.079399 -0.972636 0.218347 -0.138159 -0.990142 -0.023027 -0.040572 -0.994015 0.101430
-0.663665 -0.663665 -0.345106 -0.110732 -0.959678 -0.258375 0.030514 -0.976445 -0.213597 -0.224231 -0.971666 -0.074744 -0.048493 -0.994104 -0.096986 0.068006 -0.997427 0.022669 0.080961 -0.971533 0.222643 -0.138159 -0.990142 -0.023027 -0.040572 -0.994015 0.101430
-0.669589 -0.669589 -0.321403 -0.074744 -0.971666 -0.224231 0.030514 -0.976445 -0.213597 -0.232670 -0.969458 -0.077557 -0.047351 -0.994379 -0.094703 0.068006 -0.997427 0.022669 0.080961 -0.971533 0.222643 -0.138159 -0.990142 -0.023027 -0.040572 -0.994015 0.101430
-0.638396 -0.693909 -0.333076 -0.116863 -0.973862 -0.194772 0.030514 -0.976445 -0.213597 -0.195515 -0.977577 -0.078206 -0.047351 -0.994379 -0.094703 0.090513 -0.995638 0.022628 0.060808 -0.972929 0.222963 -0.138159 -0.990142 -0.023027 -0.040572 -0.994015 0.101430
-0.666667 -0.666667 -0.333333 -0.116863 -0.973862 -0.194772 0.000000 -0.978234 -0.207504 -0.195515 -0.977577 -0.078206 -0.047445 -0.996335 -0.071167 0.068006 -0.997427 0.022669 0.061072 -0.977153 0.203574 -0.138159 -0.990142 -0.023027 -0.040572 -0.994015 0.101430
-0.672398 -0.644382 -0.364216 -0.121466 -0.971732 -0.202444 0.000000 -0.978234 -0.207504 -0.195965 -0.979827 -0.039193 -0.023742 -0.997178 -0.071227 0.068006 -0.997427 0.022669 0.061072 -0.977153 0.203574 -0.138050 -0.989356 -0.046017 -0.040481 -0.991773 0.121442
-0.677057 -0.588745 -0.441559 -0.159617 -0.957704 -0.239426 0.000000 -0.976900 -0.213697 -0.188847 -0.982006 0.000000 -0.023742 -0.997178 -0.071227 0.068006 -0.997427 0.022669 0.061072 -0.977153 0.203574 -0.138050 -0.989356 -0.046017 -0.040481 -0.991773 0.121442
-0.679416 -0.472637 -0.561256 -0.159617 -0.957704 -0.239426 -0.030514 -0.976445 -0.213597 -0.182089 -0.983282 0.000000 -0.023742 -0.997178 -0.071227 0.068006 -0.997427 0.022669 0.061072 -0.977153 0.203574 -0.138050 -0.989356 -0.046017 -0.040481 -0.991773 0.121442
-0.634908 -0.393038 -0.665141 -0.157991 -0.947943 -0.276483 0.000000 -0.976900 -0.213697 -0.216930 -0.976187 0.000000 -0.023776 -0.998586 -0.047552 0.068024 -0.997684 0.000000 0.061072 -0.977153 0.203574 -0.115378 -0.992249 -0.046151 -0.060659 -0.990759 0.121317
-0.584132 -0.338182 -0.737851 -0.120580 -0.924448 -0.361741 0.000000 -0.982872 -0.184289 -0.216930 -0.976187 0.000000 -0.023776 -0.998586 -0.047552 0.068024 -0.997684 0.000000 0.061072 -0.977153 0.203574 -0.115378 -0.992249 -0.046151 -0.060659 -0.990759 0.121317
-0.498058 -0.311286 -0.809345 -0.123195 -0.903432 -0.410651 0.000000 -0.988012 -0.154377 -0.216789 -0.975550 -0.036131 -0.023776 -0.998586 -0.047552 0.068024 -0.997684 0.000000 0.081312 -0.975739 0.203279 -0.115470 -0.993042 -0.023094 -0.060659 -0.990759 0.121317
-0.454337 -0.272602 -0.848096 0.000000 -0.902861 -0.429934 0.000000 -0.988012 -0.154377 -0.216789 -0.975550 -0.036131 -0.047511 -0.997740 -0.047511 0.068024 -0.997684 0.000000 0.081633 -0.979592 0.183673 -0.115470 -0.993042 -0.023094 -0.060659 -0.990759 0.121317
-0.374879 -0.272639 -0.886078 0.042835 -0.856706 -0.514024 0.000000 -0.988012 -0.154377 -0.216930 -0.976187 0.000000 -0.046411 -0.997844 -0.046411 0.068024 -0.997684 0.000000 0.081633 -0.979592 0.183673 -0.115470 -0.993042 -0.023094 -0.060659 -0.990759 0.121317
-0.350134 -0.159152 -0.923080 0.213980 -0.855921 -0.470757 0.030700 -0.982409 -0.184202 -0.216930 -0.976187 0.000000 -0.023224 -0.998651 -0.046449 0.068024 -0.997684 0.000000 0.081633 -0.979592 0.183673 -0.115470 -0.993042 -0.023094 -0.060659 -0.990759 0.121317
-0.245350 -0.210300 -0.946350 0.252199 -0.798630 -0.546431 0.031654 -0.981288 -0.189927 -0.209529 -0.977802 0.000000 -0.023224 -0.998651 -0.046449 0.069598 -0.997575 0.000000 0.080032 -0.980392 0.180072 -0.115470 -0.993042 -0.023094 -0.060659 -0.990759 0.121317
-0.074744 -0.224231 -0.971666 0.290910 -0.789613 -0.540262 0.031654 -0.981288 -0.189927 -0.209401 -0.977207 -0.034900 -0.023224 -0.998651 -0.046449 0.069598 -0.997575 0.000000 0.080032 -0.980392 0.180072 -0.115470 -0.993042 -0.023094 -0.040481 -0.991773 0.121442
0.160210 -0.224294 -0.961262 0.284356 -0.771822 -0.568711 0.032444 -0.973329 -0.227110 -0.209401 -0.977207 -0.034900 -0.023224 -0.998651 -0.046449 0.069598 -0.997575 0.000000 0.080032 -0.980392 0.180072 -0.115470 -0.993042 -0.023094 -0.040481 -0.991773 0.121442
0.262330 -0.163956 -0.950947 0.257960 -0.902861 -0.343947 0.032444 -0.973329 -0.227110 -0.209401 -0.977207 -0.034900 -0.023224 -0.998651 -0.046449 0.069598 -0.997575 0.000000 0.080032 -0.980392 0.180072 -0.115470 -0.993042 -0.023094 -0.040373 -0.989142 0.141306
0.446516 -0.055815 -0.893033 0.163163 -0.978980 -0.122373 0.064282 -0.964237 -0.257130 -0.242390 -0.969561 -0.034627 -0.023243 -0.999460 -0.023243 0.092623 -0.995701 0.000000 0.060108 -0.981769 0.180325 -0.115470 -0.993042 -0.023094 -0.040373 -0.989142 0.141306
0.560050 -0.053338 -0.826740 0.079682 -0.996024 0.039841 0.062348 -0.966394 -0.249392 -0.241955 -0.967822 -0.069130 -0.023243 -0.999460 -0.023243 0.092623 -0.995701 0.000000 0.060108 -0.981769 0.180325 -0.115470 -0.993042 -0.023094 -0.040373 -0.989142 0.141306
0.649836 -0.054153 -0.758143 0.076472 -0.994135 0.076472 0.062348 -0.966394 -0.249392 -0.241955 -0.967822 -0.069130 -0.023243 -0.999460 -0.023243 0.092623 -0.995701 0.000000 0.060108 -0.981769 0.180325 -0.115470 -0.993042 -0.023094 -0.020199 -0.989748 0.141393
0.691431 -0.079780 -0.718024 0.038180 -0.992685 0.114541 0.060523 -0.968364 -0.242091 -0.216789 -0.975550 -0.036131 -0.023243 -0.999460 -0.023243 0.115501 -0.993307 0.000000 0.060108 -0.981769 0.180325 -0.115470 -0.993042 -0.023094 -0.020199 -0.989748 0.141393
0.704934 -0.078326 -0.704934 0.038180 -0.992685 0.114541 0.060057 -0.960913 -0.270257 -0.216789 -0.975550 -0.036131 -0.023243 -0.999460 -0.023243 0.115501 -0.993307 0.000000 0.060108 -0.981769 0.180325 -0.115378 -0.992249 -0.046151 -0.020068 -0.983349 0.180615
0.704934 -0.078326 -0.704934 0.038180 -0.992685 0.114541 0.060523 -0.968364 -0.242091 -0.216366 -0.973645 -0.072122 -0.023243 -0.999460 -0.023243 0.115501 -0.993307 0.000000 0.060108 -0.981769 0.180325 -0.092524 -0.994635 -0.046262 -0.040112 -0.982756 0.180506
0.676753 -0.104116 -0.728811 0.039467 -0.986671 0.157867 0.060523 -0.968364 -0.242091 -0.216366 -0.973645 -0.072122 -0.023243 -0.999460 -0.023243 0.115501 -0.993307 0.000000 0.060108 -0.981769 0.180325 -0.092524 -0.994635 -0.046262 -0.040112 -0.982756 0.180506
0.660328 -0.110055 -0.742869 0.079181 -0.989759 0.118771 0.060523 -0.968364 -0.242091 -0.224231 -0.971666 -0.074744 -0.023243 -0.999460 -0.023243 0.115470 -0.993042 -0.023094 0.060108 -0.981769 0.180325 -0.092524 -0.994635 -0.046262 -0.040112 -0.982756 0.180506
0.630907 -0.109723 -0.768061 0.079181 -0.989759 0.118771 0.060523 -0.968364 -0.242091 -0.224231 -0.971666 -0.074744 -0.023776 -0.998586 -0.047552 0.115470 -0.993042 -0.023094 0.060108 -0.981769 0.180325 -0.092524 -0.994635 -0.046262 -0.040112 -0.982756 0.180506
0.600770 -0.109231 -0.791924 0.082409 -0.988903 0.123613 0.062348 -0.966394 -0.249392 -0.224231 -0.971666 -0.074744 -0.023776 -0.998586 -0.047552 0.115470 -0.993042 -0.023094 0.060108 -0.981769 0.180325 -0.092524 -0.994635 -0.046262 -0.040112 -0.982756 0.180506
0.576987 -0.150518 -0.802764 0.000000 -0.975133 0.221621 0.064282 -0.964237 -0.257130 -0.216366 -0.973645 -0.072122 0.000000 -0.998868 -0.047565 0.115470 -0.993042 -0.023094 0.060108 -0.981769 0.180325 -0.092524 -0.994635 -0.046262 -0.040112 -0.982756 0.180506
0.561890 -0.127702 -0.817295 0.000000 -0.985212 0.171341 0.064786 -0.971795 -0.226752 -0.215666 -0.970495 -0.107833 0.000000 -0.998868 -0.047565 0.115470 -0.993042 -0.023094 0.060108 -0.981769 0.180325 -0.092524 -0.994635 -0.046262 -0.039960 -0.979021 0.199800
