-0.552345 0.828517 -0.092057 -0.412393 -0.082479 -0.907265 0.146176 -0.935529 -0.321588 -0.086306 -0.992523 -0.086306 -0.046461 -0.998920 0.000000 0.129219 -0.990680 0.043073 0.084667 -0.973668 0.211667 -0.022716 -0.999484 0.022716 0.044488 -0.978745 0.200198
-0.552345 0.828517 -0.092057 -0.412393 -0.082479 -0.907265 0.120714 -0.935536 -0.331964 -0.043073 -0.990680 -0.129219 -0.023250 -0.999730 0.000000 0.129219 -0.990680 0.043073 0.084667 -0.973668 0.211667 -0.022716 -0.999484 0.022716 0.044488 -0.978745 0.200198
-0.583031 0.797831 -0.153429 -0.426401 -0.127920 -0.895443 0.090826 -0.938533 -0.333028 -0.082409 -0.988903 -0.123613 -0.023250 -0.999730 0.000000 0.107958 -0.993217 0.043183 0.105621 -0.971711 0.211241 -0.022716 -0.999484 0.022716 0.022261 -0.979472 0.200347
-0.638714 0.729959 -0.243320 -0.400099 -0.222277 -0.889108 0.090826 -0.938533 -0.333028 -0.118308 -0.985904 -0.118308 -0.046461 -0.998920 0.000000 0.107958 -0.993217 0.043183 0.105621 -0.971711 0.211241 -0.022716 -0.999484 0.022716 0.022261 -0.979472 0.200347
-0.702147 0.610563 -0.366338 -0.400099 -0.355643 -0.844653 0.031607 -0.948209 -0.316070 -0.076472 -0.994135 -0.076472 -0.047552 -0.998586 -0.023776 0.107958 -0.993217 0.043183 0.105621 -0.971711 0.211241 -0.022716 -0.999484 0.022716 0.022261 -0.979472 0.200347
-0.720189 0.460921 -0.518536 -0.396973 -0.529297 -0.749838 0.033223 -0.963460 -0.265782 -0.110133 -0.991201 -0.073422 -0.047552 -0.998586 -0.023776 0.107958 -0.993217 0.043183 0.105621 -0.971711 0.211241 -0.022716 -0.999484 0.022716 0.021786 -0.980348 0.196070
-0.779887 0.222825 -0.584915 -0.342682 -0.642529 -0.685365 0.000000 -0.972082 -0.234641 -0.110133 -0.991201 -0.073422 -0.047511 -0.997740 -0.047511 0.107958 -0.993217 0.043183 0.105621 -0.971711 0.211241 -0.022716 -0.999484 0.022716 0.022261 -0.979472 0.200347
-0.783543 -0.083951 -0.615641 -0.332756 -0.707107 -0.623918 0.000000 -0.972082 -0.234641 -0.110357 -0.993211 -0.036786 -0.048665 -0.997629 -0.048665 0.107958 -0.993217 0.043183 0.084667 -0.973668 0.211667 -0.022716 -0.999484 0.022716 0.022261 -0.979472 0.200347
-0.790452 -0.327084 -0.517882 -0.284356 -0.771822 -0.568711 0.000000 -0.973841 -0.227230 -0.110357 -0.993211 -0.036786 -0.024354 -0.998516 -0.048708 0.107958 -0.993217 0.043183 0.084667 -0.973668 0.211667 -0.045396 -0.998711 0.022698 0.021786 -0.980348 0.196070
-0.786008 -0.477219 -0.393004 -0.281581 -0.804518 -0.522937 0.028006 -0.980196 -0.196039 -0.221621 -0.975133 0.000000 -0.024354 -0.998516 -0.048708 0.107958 -0.993217 0.043183 0.084271 -0.969119 0.231746 -0.045396 -0.998711 0.022698 0.021786 -0.980348 0.196070
-0.768610 -0.540874 -0.341605 -0.314027 -0.824322 -0.471041 0.051691 -0.982138 -0.180920 -0.300753 -0.952384 0.050125 -0.024354 -0.998516 -0.048708 0.107958 -0.993217 0.043183 0.084271 -0.969119 0.231746 -0.045396 -0.998711 0.022698 0.000000 -0.980581 0.196116
-0.778971 -0.560859 -0.280430 -0.304114 -0.836315 -0.456172 0.050411 -0.983020 -0.176439 -0.315789 -0.947368 0.052632 -0.024354 -0.998516 -0.048708 0.107958 -0.993217 0.043183 0.084271 -0.969119 0.231746 -0.046449 -0.998651 0.023224 0.000000 -0.981393 0.192012
-0.785480 -0.565546 -0.251354 -0.309298 -0.850569 -0.425285 0.050411 -0.983020 -0.176439 -0.315789 -0.947368 0.052632 -0.023776 -0.998586 -0.047552 0.107958 -0.993217 0.043183 0.084271 -0.969119 0.231746 -0.046449 -0.998651 0.023224 0.000000 -0.981393 0.192012
-0.805614 -0.547817 -0.225572 -0.309298 -0.850569 -0.425285 0.050621 -0.987105 -0.151862 -0.315789 -0.947368 0.052632 0.000000 -0.998868 -0.047565 0.107958 -0.993217 0.043183 0.084271 -0.969119 0.231746 -0.046449 -0.998651 0.023224 -0.021330 -0.981169 0.191968
-0.846233 -0.470129 -0.250736 -0.273722 -0.860268 -0.430134 0.050621 -0.987105 -0.151862 -0.315789 -0.947368 0.052632 0.000000 -0.998868 -0.047565 0.108034 -0.993912 0.021607 0.083844 -0.964210 0.251533 -0.046449 -0.998651 0.023224 -0.021330 -0.981169 0.191968
-0.888218 -0.367538 -0.275654 -0.273722 -0.860268 -0.430134 0.050621 -0.987105 -0.151862 -0.314485 -0.943456 0.104828 0.000000 -0.998868 -0.047565 0.108034 -0.993912 0.021607 0.083844 -0.964210 0.251533 -0.046449 -0.998651 0.023224 -0.021330 -0.981169 0.191968
-0.880406 -0.303588 -0.364306 -0.288185 -0.864556 -0.411693 0.050621 -0.987105 -0.151862 -0.314485 -0.943456 0.104828 0.000000 -0.998868 -0.047565 0.108034 -0.993912 0.021607 0.083844 -0.964210 0.251533 -0.046449 -0.998651 0.023224 -0.021330 -0.981169 0.191968
-0.867315 -0.269167 -0.418704 -0.298753 -0.853579 -0.426790 0.029086 -0.988941 -0.145432 -0.212238 -0.976296 0.042448 0.000000 -0.998868 -0.047565 0.108034 -0.993912 0.021607 0.083844 -0.964210 0.251533 -0.046449 -0.998651 0.023224 -0.021330 -0.981169 0.191968
-0.844581 -0.203864 -0.495099 -0.298753 -0.853579 -0.426790 0.000000 -0.991778 -0.127971 -0.152057 -0.988372 0.000000 0.000000 -0.998868 -0.047565 0.108034 -0.993912 0.021607 0.083844 -0.964210 0.251533 -0.046449 -0.998651 0.023224 -0.021330 -0.981169 0.191968
-0.797831 -0.153429 -0.583031 -0.259161 -0.863868 -0.431934 0.000000 -0.994692 -0.102899 -0.141333 -0.989331 -0.035333 0.000000 -0.998868 -0.047565 0.108034 -0.993912 0.021607 0.083844 -0.964210 0.251533 -0.045396 -0.998711 0.022698 -0.021786 -0.980348 0.196070
-0.745356 -0.119257 -0.655913 -0.218218 -0.872872 -0.436436 -0.034139 -0.990044 -0.136558 -0.106466 -0.993683 -0.035489 0.000000 -0.998868 -0.047565 0.108034 -0.993912 0.021607 0.083844 -0.964210 0.251533 -0.045396 -0.998711 0.022698 -0.021786 -0.980348 0.196070
-0.638419 -0.121604 -0.760022 -0.176090 -0.880451 -0.440225 0.000000 -0.989949 -0.141421 -0.102658 -0.992360 -0.068439 0.000000 -0.998868 -0.047565 0.108034 -0.993912 0.021607 0.083844 -0.964210 0.251533 -0.045396 -0.998711 0.022698 -0.021786 -0.980348 0.196070
-0.559308 -0.088312 -0.824243 -0.044677 -0.893534 -0.446767 0.000000 -0.977802 -0.209529 -0.136558 -0.990044 -0.034139 0.000000 -0.998868 -0.047565 0.108034 -0.993912 0.021607 0.062980 -0.965696 0.251921 -0.045396 -0.998711 0.022698 -0.021786 -0.980348 0.196070
-0.432652 -0.115374 -0.894148 0.090815 -0.908153 -0.408669 0.000000 -0.970143 -0.242536 -0.136558 -0.990044 -0.034139 0.000000 -0.999717 -0.023803 0.108034 -0.993912 0.021607 0.062980 -0.965696 0.251921 -0.045396 -0.998711 0.022698 -0.043540 -0.979651 0.195930
-0.239796 -0.149873 -0.959185 0.135526 -0.903508 -0.406579 0.066890 -0.969905 -0.234115 -0.175682 -0.983820 -0.035136 0.000000 -0.999717 -0.023803 0.108034 -0.993912 0.021607 0.062980 -0.965696 0.251921 -0.045396 -0.998711 0.022698 -0.043540 -0.979651 0.195930
-0.061314 -0.183942 -0.981023 0.218218 -0.872872 -0.436436 0.068519 -0.959264 -0.274075 -0.175682 -0.983820 -0.035136 0.000000 -0.999717 -0.023803 0.108034 -0.993912 0.021607 0.062980 -0.965696 0.251921 -0.045396 -0.998711 0.022698 -0.043540 -0.979651 0.195930
0.128765 -0.225338 -0.965734 0.249783 -0.874241 -0.416305 0.065724 -0.952999 -0.295758 -0.181969 -0.982631 -0.036394 0.000000 -0.999717 -0.023803 0.108034 -0.993912 0.021607 0.062980 -0.965696 0.251921 -0.045396 -0.998711 0.022698 -0.043345 -0.975270 0.216727
0.373182 -0.217690 -0.901857 0.177822 -0.933564 -0.311188 0.065724 -0.952999 -0.295758 -0.181969 -0.982631 -0.036394 0.000000 -0.999717 -0.023803 0.108034 -0.993912 0.021607 0.062980 -0.965696 0.251921 -0.045396 -0.998711 0.022698 -0.043345 -0.975270 0.216727
0.495099 -0.203864 -0.844581 0.177297 -0.975133 -0.132973 0.065724 -0.952999 -0.295758 -0.181969 -0.982631 -0.036394 0.000000 -0.999717 -0.023803 0.108034 -0.993912 0.021607 0.062980 -0.965696 0.251921 -0.045396 -0.998711 0.022698 -0.044281 -0.974176 0.221404
0.559673 -0.167902 -0.811526 0.171341 -0.985212 0.000000 0.098321 -0.950437 -0.294963 -0.182089 -0.983282 0.000000 0.000000 -0.999717 -0.023803 0.108034 -0.993912 0.021607 0.062980 -0.965696 0.251921 -0.045396 -0.998711 0.022698 -0.044281 -0.974176 0.221404
0.626213 -0.163360 -0.762346 0.129219 -0.990680 0.043073 0.094444 -0.944443 -0.314814 -0.188847 -0.982006 0.000000 0.000000 -0.999703 -0.024383 0.108034 -0.993912 0.021607 0.062980 -0.965696 0.251921 -0.045396 -0.998711 0.022698 -0.044281 -0.974176 0.221404
0.655806 -0.142566 -0.741346 0.129339 -0.991600 0.000000 0.094444 -0.944443 -0.314814 -0.188847 -0.982006 0.000000 0.000000 -0.999703 -0.024383 0.108034 -0.993912 0.021607 0.062980 -0.965696 0.251921 -0.045396 -0.998711 0.022698 -0.044281 -0.974176 0.221404
0.655806 -0.142566 -0.741346 0.129219 -0.990680 0.043073 0.094444 -0.944443 -0.314814 -0.188847 -0.982006 0.000000 0.000000 -0.999703 -0.024383 0.108034 -0.993912 0.021607 0.042033 -0.966762 0.252199 -0.045396 -0.998711 0.022698 -0.044055 -0.969201 0.242300
0.641533 -0.116642 -0.758175 0.129219 -0.990680 0.043073 0.095346 -0.953463 -0.286039 -0.188713 -0.981307 -0.037743 0.000000 -0.999703 -0.024383 0.108034 -0.993912 0.021607 0.042033 -0.966762 0.252199 -0.045396 -0.998711 0.022698 -0.044055 -0.969201 0.242300
0.638419 -0.121604 -0.760022 0.129219 -0.990680 0.043073 0.095346 -0.953463 -0.286039 -0.188847 -0.982006 0.000000 0.000000 -0.999703 -0.024383 0.108034 -0.993912 0.021607 0.042033 -0.966762 0.252199 -0.045396 -0.998711 0.022698 -0.044055 -0.969201 0.242300
0.621970 -0.093296 -0.777463 0.123929 -0.991431 0.041310 0.096176 -0.961756 -0.256468 -0.224860 -0.974391 0.000000 0.000000 -0.998812 -0.048723 0.108034 -0.993912 0.021607 0.042033 -0.966762 0.252199 -0.045396 -0.998711 0.022698 -0.044055 -0.969201 0.242300
0.587473 -0.092759 -0.803910 0.123613 -0.988903 0.082409 0.096176 -0.961756 -0.256468 -0.224860 -0.974391 0.000000 0.000000 -0.998812 -0.048723 0.108034 -0.993912 0.021607 0.042248 -0.971711 0.232366 -0.045396 -0.998711 0.022698 -0.044055 -0.969201 0.242300
0.588882 -0.061988 -0.805838 0.123929 -0.991431 0.041310 0.096176 -0.961756 -0.256468 -0.224860 -0.974391 0.000000 0.000000 -0.998812 -0.048723 0.108034 -0.993912 0.021607 0.042248 -0.971711 0.232366 -0.045396 -0.998711 0.022698 -0.044055 -0.969201 0.242300
0.568075 -0.063119 -0.820553 0.123929 -0.991431 0.041310 0.096176 -0.961756 -0.256468 -0.224860 -0.974391 0.000000 0.000000 -0.998812 -0.048723 0.108034 -0.993912 0.021607 0.042248 -0.971711 0.232366 -0.045396 -0.998711 0.022698 -0.044055 -0.969201 0.242300
0.568926 -0.031607 -0.821781 0.119051 -0.992095 0.039684 0.096176 -0.961756 -0.256468 -0.224860 -0.974391 0.000000 0.000000 -0.998812 -0.048723 0.108034 -0.993912 0.021607 0.042248 -0.971711 0.232366 -0.045396 -0.998711 0.022698 -0.044055 -0.969201 0.242300
0.583997 -0.032444 -0.811107 0.119145 -0.992877 0.000000 0.096176 -0.961756 -0.256468 -0.224860 -0.974391 0.000000 0.000000 -0.998812 -0.048723 0.108034 -0.993912 0.021607 0.042248 -0.971711 0.232366 -0.045396 -0.998711 0.022698 -0.044055 -0.969201 0.242300
0.584305 0.000000 -0.811534 0.119145 -0.992877 0.000000 0.096926 -0.969256 -0.226160 -0.224860 -0.974391 0.000000 0.000000 -0.998812 -0.048723 0.108034 -0.993912 0.021607 0.042248 -0.971711 0.232366 -0.045396 -0.998711 0.022698 -0.044055 -0.969201 0.242300
0.584305 0.000000 -0.811534 0.119145 -0.992877 0.000000 0.096926 -0.969256 -0.226160 -0.224860 -0.974391 0.000000 0.000000 -0.998812 -0.048723 0.108034 -0.993912 0.021607 0.043133 -0.970495 0.237232 -0.045396 -0.998711 0.022698 -0.044055 -0.969201 0.242300
