-0.587606 0.760431 -0.276520 -0.544949 0.311400 -0.778499 0.029814 -0.954056 -0.298142 -0.118771 -0.989759 -0.079181 0.021688 -0.997645 -0.065064 0.125709 -0.980531 -0.150851 0.146151 -0.981299 0.125272 -0.101209 -0.986789 -0.126511 0.021713 -0.998821 0.043427
-0.596951 0.737410 -0.316033 -0.566139 0.226455 -0.792594 0.029814 -0.954056 -0.298142 -0.118308 -0.985904 -0.118308 -0.021229 -0.997744 -0.063686 0.125709 -0.980531 -0.150851 0.145738 -0.978530 0.145738 -0.101209 -0.986789 -0.126511 0.021713 -0.998821 0.043427
-0.589015 0.692959 -0.415775 -0.587775 0.036736 -0.808190 0.000000 -0.962651 -0.270746 -0.118308 -0.985904 -0.118308 -0.041550 -0.997191 -0.062324 0.125709 -0.980531 -0.150851 0.166019 -0.975364 0.145267 -0.101209 -0.986789 -0.126511 0.021713 -0.998821 0.043427
-0.627572 0.588348 -0.509902 -0.592943 -0.244153 -0.767338 0.000000 -0.962651 -0.270746 -0.118771 -0.989759 -0.079181 -0.041550 -0.997191 -0.062324 0.125709 -0.980531 -0.150851 0.166019 -0.975364 0.145267 -0.101209 -0.986789 -0.126511 0.021713 -0.998821 0.043427
-0.753244 0.263635 -0.602595 -0.561389 -0.396275 -0.726504 0.000000 -0.954480 -0.298275 -0.119051 -0.992095 -0.039684 -0.062164 -0.994618 -0.082885 0.126148 -0.983958 -0.126148 0.166486 -0.978106 0.124865 -0.101209 -0.986789 -0.126511 0.021713 -0.998821 0.043427
-0.801784 0.106904 -0.587975 -0.496156 -0.562310 -0.661541 0.000000 -0.957024 -0.290007 -0.181969 -0.982631 -0.036394 -0.064836 -0.994144 -0.086447 0.126148 -0.983958 -0.126148 0.166486 -0.978106 0.124865 -0.101209 -0.986789 -0.126511 0.020811 -0.998917 0.041622
-0.781404 -0.279073 -0.558146 -0.462069 -0.627093 -0.627093 0.000000 -0.957024 -0.290007 -0.175682 -0.983820 -0.035136 -0.066372 -0.995585 -0.066372 0.126148 -0.983958 -0.126148 0.163163 -0.978980 0.122373 -0.101209 -0.986789 -0.126511 0.020400 -0.999584 0.020400
-0.751439 -0.429394 -0.500959 -0.403604 -0.739940 -0.538138 0.000000 -0.957024 -0.290007 -0.175682 -0.983820 -0.035136 -0.067867 -0.995383 -0.067867 0.126148 -0.983958 -0.126148 0.163163 -0.978980 0.122373 -0.101209 -0.986789 -0.126511 0.000000 -0.999792 0.020404
-0.729694 -0.530687 -0.431183 -0.342193 -0.787044 -0.513289 0.000000 -0.962651 -0.270746 -0.169809 -0.984892 -0.033962 -0.046349 -0.996503 -0.069523 0.126148 -0.983958 -0.126148 0.159968 -0.979804 0.119976 -0.101209 -0.986789 -0.126511 0.000000 -0.999792 0.020404
-0.706773 -0.583856 -0.399480 -0.348155 -0.800757 -0.487417 0.000000 -0.961524 -0.274721 -0.188713 -0.981307 -0.037743 -0.046349 -0.996503 -0.069523 0.126148 -0.983958 -0.126148 0.159968 -0.979804 0.119976 -0.101209 -0.986789 -0.126511 0.000000 -0.999800 0.019996
-0.721662 -0.571316 -0.390900 -0.327761 -0.837611 -0.437014 0.026556 -0.956014 -0.292115 -0.233373 -0.972387 0.000000 -0.046349 -0.996503 -0.069523 0.126148 -0.983958 -0.126148 0.159968 -0.979804 0.119976 -0.101209 -0.986789 -0.126511 0.000000 -0.999800 0.019996
-0.715266 -0.590872 -0.373182 -0.359675 -0.827253 -0.431610 0.053056 -0.955005 -0.291807 -0.242536 -0.970143 0.000000 -0.046349 -0.996503 -0.069523 0.126148 -0.983958 -0.126148 0.159968 -0.979804 0.119976 -0.101209 -0.986789 -0.126511 0.000000 -0.999792 0.020404
-0.735612 -0.559065 -0.382518 -0.309298 -0.850569 -0.425285 0.051743 -0.957252 -0.284589 -0.252422 -0.967617 0.000000 -0.046349 -0.996503 -0.069523 0.126148 -0.983958 -0.126148 0.159968 -0.979804 0.119976 -0.101209 -0.986789 -0.126511 0.000000 -0.999168 0.040782
-0.759671 -0.516577 -0.395029 -0.309298 -0.850569 -0.425285 0.051743 -0.957252 -0.284589 -0.212430 -0.977176 0.000000 -0.046349 -0.996503 -0.069523 0.126148 -0.983958 -0.126148 0.159968 -0.979804 0.119976 -0.101209 -0.986789 -0.126511 0.000000 -0.999168 0.040782
-0.772991 -0.463794 -0.432875 -0.283190 -0.849569 -0.445012 0.051743 -0.957252 -0.284589 -0.221621 -0.975133 0.000000 -0.047445 -0.996335 -0.071167 0.126148 -0.983958 -0.126148 0.159968 -0.979804 0.119976 -0.101209 -0.986789 -0.126511 -0.020387 -0.998960 0.040774
-0.771517 -0.401189 -0.493771 -0.293198 -0.837708 -0.460739 0.028205 -0.958984 -0.282054 -0.157867 -0.986671 -0.039467 -0.047445 -0.996335 -0.071167 0.126148 -0.983958 -0.126148 0.159968 -0.979804 0.119976 -0.101209 -0.986789 -0.126511 -0.020387 -0.998960 0.040774
-0.755554 -0.377777 -0.535184 -0.303774 -0.824530 -0.477359 0.027661 -0.968122 -0.248946 -0.170716 -0.981616 -0.085358 -0.047445 -0.996335 -0.071167 0.126148 -0.983958 -0.126148 0.160321 -0.981966 0.100201 -0.101209 -0.986789 -0.126511 -0.020387 -0.998960 0.040774
-0.709795 -0.339467 -0.617213 -0.303774 -0.824530 -0.477359 0.026939 -0.969790 -0.242448 -0.178174 -0.979958 -0.089087 -0.047445 -0.996335 -0.071167 0.126148 -0.983958 -0.126148 0.160321 -0.981966 0.100201 -0.101209 -0.986789 -0.126511 -0.020387 -0.998960 0.040774
-0.632631 -0.332964 -0.699224 -0.297402 -0.807233 -0.509831 0.026939 -0.969790 -0.242448 -0.178174 -0.979958 -0.089087 -0.047445 -0.996335 -0.071167 0.126148 -0.983958 -0.126148 0.160321 -0.981966 0.100201 -0.101209 -0.986789 -0.126511 -0.020811 -0.998917 0.041622
-0.519096 -0.311458 -0.795948 -0.252199 -0.798630 -0.546431 0.029437 -0.971429 -0.235498 -0.156893 -0.980581 -0.117670 -0.047445 -0.996335 -0.071167 0.126148 -0.983958 -0.126148 0.160321 -0.981966 0.100201 -0.101209 -0.986789 -0.126511 -0.020811 -0.998917 0.041622
-0.510015 -0.272008 -0.816024 -0.084440 -0.802181 -0.591080 0.029437 -0.971429 -0.235498 -0.151620 -0.985527 -0.075810 -0.023742 -0.997178 -0.071227 0.126148 -0.983958 -0.126148 0.160321 -0.981966 0.100201 -0.101209 -0.986789 -0.126511 -0.020811 -0.998917 0.041622
-0.419137 -0.257930 -0.870515 0.132324 -0.838054 -0.529297 0.030069 -0.962216 -0.270623 -0.146157 -0.986559 -0.073078 -0.023742 -0.997178 -0.071227 0.126148 -0.983958 -0.126148 0.160321 -0.981966 0.100201 -0.101209 -0.986789 -0.126511 -0.020811 -0.998917 0.041622
-0.309426 -0.206284 -0.928279 0.267261 -0.801784 -0.534522 0.030069 -0.962216 -0.270623 -0.146157 -0.986559 -0.073078 -0.023742 -0.997178 -0.071227 0.126148 -0.983958 -0.126148 0.140705 -0.984937 0.100504 -0.101209 -0.986789 -0.126511 -0.020788 -0.997837 0.062365
-0.125392 -0.275863 -0.952983 0.275625 -0.787499 -0.551249 0.030069 -0.962216 -0.270623 -0.146157 -0.986559 -0.073078 -0.023193 -0.997307 -0.069580 0.126148 -0.983958 -0.126148 0.143546 -0.984318 0.102533 -0.101209 -0.986789 -0.126511 -0.020788 -0.997837 0.062365
0.000000 -0.270746 -0.962651 0.283190 -0.849569 -0.445012 0.030964 -0.959886 -0.278677 -0.141069 -0.987484 -0.070535 -0.023150 -0.995434 -0.092599 0.126148 -0.983958 -0.126148 0.143546 -0.984318 0.102533 -0.101209 -0.986789 -0.126511 0.000000 -0.997969 0.063700
0.226633 -0.259010 -0.938910 0.309058 -0.883022 -0.353209 0.030964 -0.959886 -0.278677 -0.146450 -0.988540 -0.036613 -0.023150 -0.995434 -0.092599 0.125709 -0.980531 -0.150851 0.143215 -0.982049 0.122756 -0.101209 -0.986789 -0.126511 0.000000 -0.996398 0.084800
0.448589 -0.224294 -0.865136 0.348155 -0.870388 -0.348155 0.030686 -0.951260 -0.306858 -0.146450 -0.988540 -0.036613 -0.023150 -0.995434 -0.092599 0.125709 -0.980531 -0.150851 0.123091 -0.984732 0.123091 -0.101209 -0.986789 -0.126511 0.000000 -0.996398 0.084800
0.577350 -0.237732 -0.781121 0.361773 -0.859210 -0.361773 0.030686 -0.951260 -0.306858 -0.151947 -0.987658 -0.037987 -0.023150 -0.995434 -0.092599 0.125709 -0.980531 -0.150851 0.125629 -0.984091 0.125629 -0.101209 -0.986789 -0.126511 0.000000 -0.996398 0.084800
0.656205 -0.238620 -0.715860 0.367452 -0.872699 -0.321521 0.030069 -0.962216 -0.270623 -0.151947 -0.987658 -0.037987 -0.023150 -0.995434 -0.092599 0.125709 -0.980531 -0.150851 0.125629 -0.984091 0.125629 -0.101209 -0.986789 -0.126511 0.000000 -0.996398 0.084800
0.677057 -0.206061 -0.706494 0.411650 -0.869040 -0.274434 0.029814 -0.954056 -0.298142 -0.151947 -0.987658 -0.037987 -0.023150 -0.995434 -0.092599 0.125709 -0.980531 -0.150851 0.125629 -0.984091 0.125629 -0.101209 -0.986789 -0.126511 0.000000 -0.996398 0.084800
0.692532 -0.201988 -0.692532 0.372597 -0.884918 -0.279448 0.029814 -0.954056 -0.298142 -0.188713 -0.981307 -0.037743 -0.023150 -0.995434 -0.092599 0.125709 -0.980531 -0.150851 0.125629 -0.984091 0.125629 -0.101209 -0.986789 -0.126511 0.000000 -0.996398 0.084800
0.678823 -0.197990 -0.707107 0.400099 -0.889108 -0.222277 0.029814 -0.954056 -0.298142 -0.188713 -0.981307 -0.037743 -0.023150 -0.995434 -0.092599 0.125709 -0.980531 -0.150851 0.104944 -0.986472 0.125933 -0.101209 -0.986789 -0.126511 0.000000 -0.994389 0.105786
0.674786 -0.224929 -0.702902 0.403705 -0.897123 -0.179425 0.029814 -0.954056 -0.298142 -0.188713 -0.981307 -0.037743 -0.023150 -0.995434 -0.092599 0.125709 -0.980531 -0.150851 0.104944 -0.986472 0.125933 -0.101209 -0.986789 -0.126511 0.000000 -0.994389 0.105786
0.632575 -0.220026 -0.742588 0.406579 -0.903508 -0.135526 0.029540 -0.945274 -0.324938 -0.188713 -0.981307 -0.037743 0.000000 -0.995701 -0.092623 0.125709 -0.980531 -0.150851 0.104944 -0.986472 0.125933 -0.101209 -0.986789 -0.126511 0.000000 -0.994389 0.105786
0.602796 -0.219199 -0.767195 0.408669 -0.908153 -0.090815 0.029814 -0.954056 -0.298142 -0.188713 -0.981307 -0.037743 0.000000 -0.995701 -0.092623 0.125709 -0.980531 -0.150851 0.104944 -0.986472 0.125933 -0.101209 -0.986789 -0.126511 0.000000 -0.994389 0.105786
0.602796 -0.219199 -0.767195 0.408669 -0.908153 -0.090815 0.030686 -0.951260 -0.306858 -0.188713 -0.981307 -0.037743 0.000000 -0.995701 -0.092623 0.125709 -0.980531 -0.150851 0.104944 -0.986472 0.125933 -0.101209 -0.986789 -0.126511 0.000000 -0.994389 0.105786
0.563264 -0.187755 -0.804663 0.393543 -0.918266 -0.043727 0.030686 -0.951260 -0.306858 -0.188713 -0.981307 -0.037743 0.000000 -0.995701 -0.092623 0.125709 -0.980531 -0.150851 0.104944 -0.986472 0.125933 -0.101209 -0.986789 -0.126511 0.000000 -0.994389 0.105786
0.581165 -0.184916 -0.792498 0.355643 -0.933564 -0.044455 0.030686 -0.951260 -0.306858 -0.188713 -0.981307 -0.037743 -0.023150 -0.995434 -0.092599 0.125709 -0.980531 -0.150851 0.104944 -0.986472 0.125933 -0.101209 -0.986789 -0.126511 0.000000 -0.994389 0.105786
0.569177 -0.181102 -0.802022 0.355995 -0.934488 0.000000 0.000000 -0.951709 -0.307003 -0.151620 -0.985527 -0.075810 -0.023150 -0.995434 -0.092599 0.125709 -0.980531 -0.150851 0.104944 -0.986472 0.125933 -0.101209 -0.986789 -0.126511 0.000000 -0.994389 0.105786
0.551297 -0.183766 -0.813819 0.355995 -0.934488 0.000000 0.000000 -0.951709 -0.307003 -0.151620 -0.985527 -0.075810 -0.023150 -0.995434 -0.092599 0.125709 -0.980531 -0.150851 0.104944 -0.986472 0.125933 -0.101209 -0.986789 -0.126511 0.000000 -0.994389 0.105786
0.551297 -0.183766 -0.813819 0.355995 -0.934488 0.000000 0.000000 -0.951709 -0.307003 -0.151620 -0.985527 -0.075810 -0.023150 -0.995434 -0.092599 0.125709 -0.980531 -0.150851 0.084122 -0.988434 0.126183 -0.101209 -0.986789 -0.126511 -0.021152 -0.994166 0.105762
0.551297 -0.183766 -0.813819 0.355995 -0.934488 0.000000 0.030686 -0.951260 -0.306858 -0.151620 -0.985527 -0.075810 -0.023094 -0.993042 -0.115470 0.125709 -0.980531 -0.150851 0.084122 -0.988434 0.126183 -0.101209 -0.986789 -0.126511 -0.021152 -0.994166 0.105762
0.555914 -0.132360 -0.820634 0.341743 -0.939793 0.000000 0.030686 -0.951260 -0.306858 -0.151620 -0.985527 -0.075810 -0.023094 -0.993042 -0.115470 0.125709 -0.980531 -0.150851 0.084122 -0.988434 0.126183 -0.101209 -0.986789 -0.126511 -0.021101 -0.991729 0.126604
0.544034 -0.129532 -0.829004 0.341432 -0.938937 0.042679 0.030686 -0.951260 -0.306858 -0.151620 -0.985527 -0.075810 -0.023094 -0.993042 -0.115470 0.125709 -0.980531 -0.150851 0.084122 -0.988434 0.126183 -0.101209 -0.986789 -0.126511 -0.021101 -0.991729 0.126604
0.580873 -0.138303 -0.802159 0.340503 -0.936382 -0.085126 0.030387 -0.941993 -0.334255 -0.151620 -0.985527 -0.075810 -0.023094 -0.993042 -0.115470 0.125709 -0.980531 -0.150851 0.084122 -0.988434 0.126183 -0.101209 -0.986789 -0.126511 -0.021101 -0.991729 0.126604
0.568190 -0.135283 -0.811701 0.340503 -0.936382 -0.085126 0.030387 -0.941993 -0.334255 -0.151620 -0.985527 -0.075810 -0.023094 -0.993042 -0.115470 0.125709 -0.980531 -0.150851 0.084122 -0.988434 0.126183 -0.101209 -0.986789 -0.126511 -0.021101 -0.991729 0.126604
0.580873 -0.138303 -0.802159 0.338971 -0.932170 -0.127114 0.030387 -0.941993 -0.334255 -0.151620 -0.985527 -0.075810 -0.023094 -0.993042 -0.115470 0.125709 -0.980531 -0.150851 0.084122 -0.988434 0.126183 -0.101209 -0.986789 -0.126511 -0.021101 -0.991729 0.126604
0.562099 -0.140525 -0.815044 0.338971 -0.932170 -0.127114 0.030387 -0.941993 -0.334255 -0.151620 -0.985527 -0.075810 -0.023094 -0.993042 -0.115470 0.125709 -0.980531 -0.150851 0.084122 -0.988434 0.126183 -0.101209 -0.986789 -0.126511 -0.021101 -0.991729 0.126604
0.562099 -0.140525 -0.815044 0.338971 -0.932170 -0.127114 0.030387 -0.941993 -0.334255 -0.151620 -0.985527 -0.075810 -0.023094 -0.993042 -0.115470 0.125709 -0.980531 -0.150851 0.084122 -0.988434 0.126183 -0.101209 -0.986789 -0.126511 -0.021101 -0.991729 0.126604
0.510485 -0.180171 -0.840799 0.338971 -0.932170 -0.127114 0.030387 -0.941993 -0.334255 -0.151620 -0.985527 -0.075810 -0.023094 -0.993042 -0.115470 0.125709 -0.980531 -0.150851 0.084122 -0.988434 0.126183 -0.101209 -0.986789 -0.126511 -0.021101 -0.991729 0.126604
