-0.511093 0.806988 -0.295896 -0.565217 -0.260870 -0.782609 0.029540 -0.945274 -0.324938 -0.216930 -0.976187 0.000000 -0.023796 -0.999434 -0.023796 0.047351 -0.994379 0.094703 0.053452 -0.962140 0.267261 -0.110432 -0.993884 0.000000 -0.022513 -0.990579 0.135079
-0.503853 0.822076 -0.265186 -0.565217 -0.260870 -0.782609 0.028736 -0.948292 -0.316097 -0.209529 -0.977802 0.000000 -0.023243 -0.999460 -0.023243 0.047351 -0.994379 0.094703 0.053452 -0.962140 0.267261 -0.110432 -0.993884 0.000000 -0.022513 -0.990579 0.135079
-0.530445 0.809626 -0.251263 -0.527759 -0.307860 -0.791639 0.028989 -0.956622 -0.289886 -0.202606 -0.979260 0.000000 -0.046461 -0.998920 0.000000 0.070750 -0.990500 0.117917 0.049296 -0.961280 0.271130 -0.110432 -0.993884 0.000000 -0.022513 -0.990579 0.135079
-0.581663 0.765346 -0.275525 -0.513436 -0.326732 -0.793492 0.028205 -0.958984 -0.282054 -0.242390 -0.969561 0.034627 -0.046461 -0.998920 0.000000 0.070928 -0.992988 0.094570 0.075070 -0.950892 0.300282 -0.110432 -0.993884 0.000000 -0.022513 -0.990579 0.135079
-0.637577 0.701334 -0.318788 -0.468293 -0.468293 -0.749269 0.055258 -0.967013 -0.248661 -0.304555 -0.951734 0.038069 -0.046461 -0.998920 0.000000 0.072633 -0.992646 0.096844 0.071652 -0.955364 0.286609 -0.110432 -0.993884 0.000000 -0.022513 -0.990579 0.135079
-0.643192 0.612564 -0.459423 -0.503066 -0.544988 -0.670755 0.026939 -0.969790 -0.242448 -0.315244 -0.945732 0.078811 -0.046461 -0.998920 0.000000 0.070928 -0.992988 0.094570 0.071652 -0.955364 0.286609 -0.110432 -0.993884 0.000000 -0.022513 -0.990579 0.135079
-0.723499 0.376219 -0.578799 -0.472490 -0.601351 -0.644305 0.026939 -0.969790 -0.242448 -0.315244 -0.945732 0.078811 -0.046449 -0.998651 -0.023224 0.070750 -0.990500 0.117917 0.072127 -0.961694 0.264466 -0.088540 -0.996073 0.000000 -0.044012 -0.990267 0.132036
-0.758175 0.116642 -0.641533 -0.460336 -0.627730 -0.627730 0.027842 -0.974481 -0.222738 -0.303895 -0.949671 0.075974 -0.046449 -0.998651 -0.023224 0.070750 -0.990500 0.117917 0.072127 -0.961694 0.264466 -0.088540 -0.996073 0.000000 -0.044992 -0.989827 0.134976
-0.737309 -0.163846 -0.655386 -0.446844 -0.690578 -0.568711 0.030069 -0.962216 -0.270623 -0.249523 -0.962446 0.106938 -0.023243 -0.999460 -0.023243 0.070750 -0.990500 0.117917 0.072127 -0.961694 0.264466 -0.088540 -0.996073 0.000000 -0.044992 -0.989827 0.134976
-0.749940 -0.348187 -0.562455 -0.386622 -0.773245 -0.502609 -0.031220 -0.967805 -0.249756 -0.181608 -0.980684 0.072643 -0.023796 -0.999434 -0.023796 0.070750 -0.990500 0.117917 0.072127 -0.961694 0.264466 -0.088518 -0.995829 0.022130 -0.044992 -0.989827 0.134976
-0.714006 -0.521773 -0.466850 -0.370625 -0.815374 -0.444750 0.000000 -0.966705 -0.255893 -0.241747 -0.966988 0.080582 -0.023796 -0.999434 -0.023796 0.070750 -0.990500 0.117917 0.072127 -0.961694 0.264466 -0.088518 -0.995829 0.022130 -0.044992 -0.989827 0.134976
-0.704361 -0.616316 -0.352180 -0.332877 -0.850686 -0.406850 0.000000 -0.966705 -0.255893 -0.211667 -0.973668 0.084667 -0.023796 -0.999434 -0.023796 0.072442 -0.990038 0.120736 0.070496 -0.963440 0.258484 -0.088540 -0.996073 0.000000 -0.044845 -0.986587 0.156957
-0.718699 -0.603708 -0.344976 -0.297936 -0.893807 -0.335178 0.000000 -0.961524 -0.274721 -0.219687 -0.966625 0.131812 -0.023796 -0.999434 -0.023796 0.072633 -0.992646 0.096844 0.070496 -0.963440 0.258484 -0.088540 -0.996073 0.000000 -0.067183 -0.985349 0.156760
-0.751391 -0.571057 -0.330612 -0.266679 -0.914327 -0.304776 0.027247 -0.953640 -0.299715 -0.260870 -0.956522 0.130435 -0.023796 -0.999434 -0.023796 0.072633 -0.992646 0.096844 0.070496 -0.963440 0.258484 -0.088540 -0.996073 0.000000 -0.067183 -0.985349 0.156760
-0.770172 -0.570498 -0.285249 -0.239236 -0.917070 -0.318981 0.027247 -0.953640 -0.299715 -0.260870 -0.956522 0.130435 -0.026298 -0.999308 -0.026298 0.072633 -0.992646 0.096844 0.070496 -0.963440 0.258484 -0.088518 -0.995829 -0.022130 -0.067183 -0.985349 0.156760
-0.798697 -0.513448 -0.313774 -0.242140 -0.928204 -0.282497 0.027247 -0.953640 -0.299715 -0.260870 -0.956522 0.130435 -0.025624 -0.999343 -0.025624 0.070928 -0.992988 0.094570 0.070496 -0.963440 0.258484 -0.088518 -0.995829 -0.022130 -0.067183 -0.985349 0.156760
-0.851314 -0.384465 -0.357003 -0.203616 -0.936632 -0.285062 0.000000 -0.961524 -0.274721 -0.262111 -0.961074 0.087370 -0.025624 -0.999343 -0.025624 0.070928 -0.992988 0.094570 0.070496 -0.963440 0.258484 -0.088518 -0.995829 -0.022130 -0.067183 -0.985349 0.156760
-0.857382 -0.321518 -0.401898 -0.203616 -0.936632 -0.285062 0.000000 -0.961524 -0.274721 -0.262111 -0.961074 0.087370 -0.024984 -0.999376 -0.024984 0.070928 -0.992988 0.094570 0.072127 -0.961694 0.264466 -0.088518 -0.995829 -0.022130 -0.067183 -0.985349 0.156760
-0.840941 -0.262794 -0.473029 -0.211667 -0.931334 -0.296334 0.000000 -0.961524 -0.274721 -0.262111 -0.961074 0.087370 -0.024984 -0.999376 -0.024984 0.070928 -0.992988 0.094570 0.072127 -0.961694 0.264466 -0.088518 -0.995829 -0.022130 -0.067183 -0.985349 0.156760
-0.819705 -0.256158 -0.512316 -0.220326 -0.925371 -0.308457 0.000000 -0.970143 -0.242536 -0.274434 -0.960518 0.045739 -0.024376 -0.999406 -0.024376 0.047351 -0.994379 0.094703 0.072127 -0.961694 0.264466 -0.088518 -0.995829 -0.022130 -0.067183 -0.985349 0.156760
-0.775170 -0.208700 -0.596285 -0.220326 -0.925371 -0.308457 0.000000 -0.971668 -0.236352 -0.287019 -0.956730 0.047836 -0.024376 -0.999406 -0.024376 0.047351 -0.994379 0.094703 0.072127 -0.961694 0.264466 -0.088518 -0.995829 -0.022130 -0.067183 -0.985349 0.156760
-0.725152 -0.189170 -0.662095 -0.217186 -0.912182 -0.347498 0.000000 -0.979457 -0.201653 -0.252199 -0.966762 -0.042033 -0.024376 -0.999406 -0.024376 0.047445 -0.996335 0.071167 0.072127 -0.961694 0.264466 -0.088518 -0.995829 -0.022130 -0.067183 -0.985349 0.156760
-0.679258 -0.185252 -0.710134 -0.182574 -0.912871 -0.365148 0.000000 -0.983870 -0.178885 -0.242338 -0.969351 -0.040390 -0.024376 -0.999406 -0.024376 0.047445 -0.996335 0.071167 0.072127 -0.961694 0.264466 -0.088518 -0.995829 -0.022130 -0.089420 -0.983624 0.156486
-0.604708 -0.172774 -0.777482 -0.175243 -0.920027 -0.350486 0.030514 -0.976445 -0.213597 -0.233197 -0.971653 -0.038866 -0.024376 -0.999406 -0.024376 0.047445 -0.996335 0.071167 0.072127 -0.961694 0.264466 -0.088518 -0.995829 -0.022130 -0.089420 -0.983624 0.156486
-0.520435 -0.214297 -0.826574 -0.130189 -0.911322 -0.390567 0.030700 -0.982409 -0.184202 -0.232670 -0.969458 -0.077557 0.000000 -0.999717 -0.023803 0.047445 -0.996335 0.071167 0.048154 -0.963087 0.264849 -0.088518 -0.995829 -0.022130 -0.089420 -0.983624 0.156486
-0.413738 -0.206869 -0.886581 -0.044455 -0.933564 -0.355643 0.031654 -0.981288 -0.189927 -0.224231 -0.971666 -0.074744 -0.023796 -0.999434 -0.023796 0.047445 -0.996335 0.071167 0.048154 -0.963087 0.264849 -0.088518 -0.995829 -0.022130 -0.089420 -0.983624 0.156486
-0.282216 -0.188144 -0.940721 0.042679 -0.938937 -0.341432 0.031450 -0.974958 -0.220152 -0.224231 -0.971666 -0.074744 -0.023796 -0.999434 -0.023796 0.047351 -0.994379 0.094703 0.048154 -0.963087 0.264849 -0.088518 -0.995829 -0.022130 -0.089420 -0.983624 0.156486
-0.181237 -0.181237 -0.966595 0.130189 -0.911322 -0.390567 0.031450 -0.974958 -0.220152 -0.259794 -0.964951 -0.037113 -0.023796 -0.999434 -0.023796 0.047351 -0.994379 0.094703 0.048154 -0.963087 0.264849 -0.088518 -0.995829 -0.022130 -0.089420 -0.983624 0.156486
-0.055620 -0.222480 -0.973349 0.279448 -0.931493 -0.232873 0.031220 -0.967805 -0.249756 -0.259794 -0.964951 -0.037113 -0.023796 -0.999434 -0.023796 0.047351 -0.994379 0.094703 0.048154 -0.963087 0.264849 -0.088518 -0.995829 -0.022130 -0.089420 -0.983624 0.156486
0.120386 -0.240772 -0.963087 0.317854 -0.908153 -0.272446 0.062348 -0.966394 -0.249392 -0.259794 -0.964951 -0.037113 -0.023796 -0.999434 -0.023796 0.047351 -0.994379 0.094703 0.048154 -0.963087 0.264849 -0.088518 -0.995829 -0.022130 -0.089087 -0.979958 0.178174
0.295915 -0.266323 -0.917336 0.314945 -0.944835 -0.089984 0.062348 -0.966394 -0.249392 -0.259794 -0.964951 -0.037113 -0.023796 -0.999434 -0.023796 0.047351 -0.994379 0.094703 0.048450 -0.969003 0.242251 -0.088518 -0.995829 -0.022130 -0.089087 -0.979958 0.178174
0.424828 -0.212414 -0.880001 0.221404 -0.974176 0.044281 0.030964 -0.959886 -0.278677 -0.224702 -0.973708 -0.037450 -0.023796 -0.999434 -0.023796 0.047351 -0.994379 0.094703 0.049614 -0.967471 0.248069 -0.088540 -0.996073 0.000000 -0.089087 -0.979958 0.178174
0.562978 -0.207413 -0.800022 0.129219 -0.990680 0.043073 0.030964 -0.959886 -0.278677 -0.224860 -0.974391 0.000000 -0.023796 -0.999434 -0.023796 0.047351 -0.994379 0.094703 0.049614 -0.967471 0.248069 -0.088540 -0.996073 0.000000 -0.089087 -0.979958 0.178174
0.582717 -0.203951 -0.786667 0.128861 -0.987935 0.085907 0.061285 -0.949920 -0.306426 -0.224860 -0.974391 0.000000 -0.023796 -0.999434 -0.023796 0.047351 -0.994379 0.094703 0.049614 -0.967471 0.248069 -0.112881 -0.993352 0.022576 -0.089420 -0.983624 0.156486
0.604708 -0.172774 -0.777482 0.163163 -0.978980 0.122373 0.061839 -0.958508 -0.278277 -0.224702 -0.973708 -0.037450 -0.023796 -0.999434 -0.023796 0.047351 -0.994379 0.094703 0.024830 -0.968365 0.248299 -0.138050 -0.989356 0.046017 -0.089087 -0.979958 0.178174
0.636146 -0.173494 -0.751809 0.163846 -0.983078 0.081923 0.061839 -0.958508 -0.278277 -0.224702 -0.973708 -0.037450 -0.023796 -0.999434 -0.023796 0.047351 -0.994379 0.094703 0.024830 -0.968365 0.248299 -0.112795 -0.992593 0.045118 -0.089087 -0.979958 0.178174
0.625262 -0.142105 -0.767368 0.163163 -0.978980 0.122373 0.061839 -0.958508 -0.278277 -0.224860 -0.974391 0.000000 -0.023796 -0.999434 -0.023796 0.048493 -0.994104 0.096986 0.024830 -0.968365 0.248299 -0.134976 -0.989827 0.044992 -0.089087 -0.979958 0.178174
0.639092 -0.145248 -0.755291 0.163163 -0.978980 0.122373 0.061839 -0.958508 -0.278277 -0.224860 -0.974391 0.000000 -0.024376 -0.999406 -0.024376 0.047351 -0.994379 0.094703 0.024830 -0.968365 0.248299 -0.135079 -0.990579 0.022513 -0.089087 -0.979958 0.178174
0.621421 -0.147957 -0.769379 0.163163 -0.978980 0.122373 0.061839 -0.958508 -0.278277 -0.188713 -0.981307 -0.037743 -0.024376 -0.999406 -0.024376 0.047351 -0.994379 0.094703 0.024830 -0.968365 0.248299 -0.112881 -0.993352 0.022576 -0.089087 -0.979958 0.178174
0.621421 -0.147957 -0.769379 0.157500 -0.984374 0.078750 0.061839 -0.958508 -0.278277 -0.188713 -0.981307 -0.037743 -0.024376 -0.999406 -0.024376 0.048493 -0.994104 0.096986 0.024246 -0.969857 0.242464 -0.112910 -0.993605 0.000000 -0.088714 -0.975852 0.199606
0.602749 -0.150687 -0.783573 0.157500 -0.984374 0.078750 0.060057 -0.960913 -0.270257 -0.224860 -0.974391 0.000000 0.000000 -0.999703 -0.024383 0.048493 -0.994104 0.096986 0.024246 -0.969857 0.242464 -0.110432 -0.993884 0.000000 -0.088714 -0.975852 0.199606
0.605228 -0.121046 -0.786796 0.157500 -0.984374 0.078750 0.060523 -0.968364 -0.242091 -0.224702 -0.973708 -0.037450 0.000000 -0.999703 -0.024383 0.048493 -0.994104 0.096986 0.024246 -0.969857 0.242464 -0.110432 -0.993884 0.000000 -0.066650 -0.977536 0.199951
0.605228 -0.121046 -0.786796 0.157500 -0.984374 0.078750 0.090577 -0.966155 -0.241539 -0.224702 -0.973708 -0.037450 0.000000 -0.999703 -0.024383 0.048493 -0.994104 0.096986 0.000000 -0.970143 0.242536 -0.110432 -0.993884 0.000000 -0.066650 -0.977536 0.199951
