-0.642058 0.762444 -0.080257 -0.742959 0.078206 -0.664753 0.000000 -0.959366 -0.282166 -0.170716 -0.981616 -0.085358 -0.068006 -0.997427 0.022669 0.118180 -0.992711 0.023636 0.059880 -0.978046 0.199601 -0.094386 -0.991051 -0.094386 0.019854 -0.992681 0.119122
-0.662085 0.744845 -0.082761 -0.723842 0.076194 -0.685745 0.000000 -0.957024 -0.290007 -0.170716 -0.981616 -0.085358 -0.068006 -0.997427 0.022669 0.118180 -0.992711 0.023636 0.059880 -0.978046 0.199601 -0.094386 -0.991051 -0.094386 0.019854 -0.992681 0.119122
-0.681621 0.717496 -0.143499 -0.692294 -0.203616 -0.692294 0.000000 -0.957024 -0.290007 -0.170716 -0.981616 -0.085358 -0.068024 -0.997684 0.000000 0.118081 -0.991880 0.047232 0.060108 -0.981769 0.180325 -0.094386 -0.991051 -0.094386 0.019854 -0.992681 0.119122
-0.741199 0.640126 -0.202145 -0.662226 -0.350590 -0.662226 -0.028989 -0.956622 -0.289886 -0.170716 -0.981616 -0.085358 -0.068006 -0.997427 -0.022669 0.118081 -0.991880 0.047232 0.060108 -0.981769 0.180325 -0.094386 -0.991051 -0.094386 0.019897 -0.994840 0.099484
-0.801784 0.534522 -0.267261 -0.624511 -0.514303 -0.587775 -0.030069 -0.962216 -0.270623 -0.223452 -0.968291 -0.111726 -0.046449 -0.998651 -0.023224 0.118081 -0.991880 0.047232 0.060108 -0.981769 0.180325 -0.092229 -0.991457 -0.092229 0.019897 -0.994840 0.099484
-0.912449 0.273735 -0.304150 -0.512920 -0.659469 -0.549557 0.000000 -0.960346 -0.278810 -0.241236 -0.964944 -0.103387 -0.046411 -0.997844 -0.046411 0.118081 -0.991880 0.047232 0.060108 -0.981769 0.180325 -0.094386 -0.991051 -0.094386 0.019897 -0.994840 0.099484
-0.953423 -0.086675 -0.288916 -0.470016 -0.723102 -0.506171 0.000000 -0.948683 -0.316228 -0.233463 -0.967204 -0.100056 -0.046411 -0.997844 -0.046411 0.120913 -0.991484 0.048365 0.058948 -0.982472 0.176845 -0.094386 -0.991051 -0.094386 0.019897 -0.994840 0.099484
-0.920602 -0.324918 -0.216612 -0.413547 -0.792632 -0.448010 0.000000 -0.955064 -0.296399 -0.226160 -0.969256 -0.096926 -0.046411 -0.997844 -0.046411 0.120913 -0.991484 0.048365 0.058948 -0.982472 0.176845 -0.094386 -0.991051 -0.094386 0.000000 -0.996938 0.078191
-0.868174 -0.476095 -0.140028 -0.354218 -0.850124 -0.389640 0.000000 -0.955064 -0.296399 -0.226752 -0.971795 -0.064786 -0.047511 -0.997740 -0.047511 -0.025599 -0.998360 -0.051198 0.058948 -0.982472 0.176845 -0.115011 -0.989094 -0.092009 0.000000 -0.996938 0.078191
-0.805838 -0.588882 -0.061988 -0.317011 -0.880587 -0.352235 0.000000 -0.966235 -0.257663 -0.234115 -0.969905 -0.066890 -0.047511 -0.997740 -0.047511 0.049875 -0.997509 0.049875 0.058948 -0.982472 0.176845 -0.115011 -0.989094 -0.092009 0.000000 -0.996938 0.078191
-0.745673 -0.665780 -0.026631 -0.297936 -0.893807 -0.335178 0.000000 -0.966235 -0.257663 -0.234115 -0.969905 -0.066890 -0.047511 -0.997740 -0.047511 0.099228 -0.992278 0.074421 0.078492 -0.981147 0.176606 -0.115011 -0.989094 -0.092009 -0.019544 -0.996748 0.078176
-0.745673 -0.665780 -0.026631 -0.297936 -0.893807 -0.335178 0.000000 -0.966235 -0.257663 -0.241955 -0.967822 -0.069130 -0.047511 -0.997740 -0.047511 0.099015 -0.990148 0.099015 0.078492 -0.981147 0.176606 -0.115225 -0.990931 -0.069135 -0.019544 -0.996748 0.078176
-0.758978 -0.650552 -0.027106 -0.301511 -0.904534 -0.301511 0.000000 -0.975441 -0.220261 -0.216789 -0.975550 -0.036131 -0.047511 -0.997740 -0.047511 0.120491 -0.988024 0.096393 0.078492 -0.981147 0.176606 -0.115225 -0.990931 -0.069135 -0.019544 -0.996748 0.078176
-0.818013 -0.572609 -0.054534 -0.266679 -0.914327 -0.304776 0.000000 -0.975441 -0.220261 -0.216789 -0.975550 -0.036131 -0.047511 -0.997740 -0.047511 0.120491 -0.988024 0.096393 0.077009 -0.981859 0.173269 -0.115225 -0.990931 -0.069135 -0.019544 -0.996748 0.078176
-0.857143 -0.485714 -0.171429 -0.276268 -0.907738 -0.315735 0.000000 -0.976900 -0.213697 -0.224702 -0.973708 -0.037450 -0.047511 -0.997740 -0.047511 0.120491 -0.988024 0.096393 0.057831 -0.983135 0.173494 -0.115225 -0.990931 -0.069135 -0.019544 -0.996748 0.078176
-0.888218 -0.367538 -0.275654 -0.276268 -0.907738 -0.315735 0.000000 -0.978234 -0.207504 -0.233197 -0.971653 -0.038866 -0.047511 -0.997740 -0.047511 0.071247 -0.997459 0.000000 0.057831 -0.983135 0.173494 -0.115225 -0.990931 -0.069135 -0.019544 -0.996748 0.078176
-0.866578 -0.247594 -0.433289 -0.248282 -0.910366 -0.331042 0.000000 -0.978234 -0.207504 -0.233197 -0.971653 -0.038866 -0.047511 -0.997740 -0.047511 0.096986 -0.994104 0.048493 0.057831 -0.983135 0.173494 -0.115225 -0.990931 -0.069135 -0.039066 -0.996177 0.078132
-0.848485 -0.212121 -0.484848 -0.213785 -0.897895 -0.384812 0.000000 -0.979457 -0.201653 -0.242338 -0.969351 -0.040390 -0.047552 -0.998586 -0.023776 0.096986 -0.994104 0.048493 0.057831 -0.983135 0.173494 -0.117917 -0.990500 -0.070750 -0.039066 -0.996177 0.078132
-0.793731 -0.183169 -0.580034 -0.213785 -0.897895 -0.384812 0.028006 -0.980196 -0.196039 -0.290159 -0.953381 -0.082903 -0.047552 -0.998586 -0.023776 0.072889 -0.996156 0.048593 0.077009 -0.981859 0.173269 -0.117688 -0.988577 -0.094150 -0.039066 -0.996177 0.078132
-0.724947 -0.181237 -0.664534 -0.172452 -0.905374 -0.388018 0.028796 -0.979051 -0.201569 -0.279776 -0.959233 -0.039968 -0.047552 -0.998586 -0.023776 0.072889 -0.996156 0.048593 0.077009 -0.981859 0.173269 -0.117688 -0.988577 -0.094150 -0.039066 -0.996177 0.078132
-0.669840 -0.145617 -0.728087 0.000000 -0.910366 -0.413803 0.029437 -0.971429 -0.235498 -0.279776 -0.959233 -0.039968 -0.047552 -0.998586 -0.023776 0.072782 -0.994689 0.072782 0.077009 -0.981859 0.173269 -0.094386 -0.991051 -0.094386 -0.039066 -0.996177 0.078132
-0.548230 -0.152286 -0.822346 0.087204 -0.915644 -0.392419 0.030514 -0.976445 -0.213597 -0.268833 -0.960119 -0.076810 -0.023796 -0.999434 -0.023796 0.096844 -0.992646 0.072633 0.077009 -0.981859 0.173269 -0.094386 -0.991051 -0.094386 -0.039066 -0.996177 0.078132
-0.439219 -0.188237 -0.878438 0.127920 -0.895443 -0.426401 0.031220 -0.967805 -0.249756 -0.259259 -0.962963 -0.074074 -0.023796 -0.999434 -0.023796 0.096645 -0.990616 0.096645 0.077009 -0.981859 0.173269 -0.094386 -0.991051 -0.094386 -0.039066 -0.996177 0.078132
-0.327385 -0.229170 -0.916679 0.257960 -0.902861 -0.343947 0.030303 -0.969697 -0.242424 -0.259259 -0.962963 -0.074074 -0.023796 -0.999434 -0.023796 0.096645 -0.990616 0.096645 0.077009 -0.981859 0.173269 -0.094386 -0.991051 -0.094386 -0.039066 -0.996177 0.078132
-0.157642 -0.283755 -0.945850 0.353209 -0.883022 -0.309058 0.030069 -0.962216 -0.270623 -0.259259 -0.962963 -0.074074 -0.023796 -0.999434 -0.023796 0.096645 -0.990616 0.096645 0.078492 -0.981147 0.176606 -0.094386 -0.991051 -0.094386 -0.038999 -0.994471 0.097497
0.169978 -0.311626 -0.934878 0.390567 -0.911322 -0.130189 0.031220 -0.967805 -0.249756 -0.249523 -0.962446 -0.106938 -0.023796 -0.999434 -0.023796 0.096645 -0.990616 0.096645 0.078492 -0.981147 0.176606 -0.094386 -0.991051 -0.094386 -0.038999 -0.994471 0.097497
0.210745 -0.237089 -0.948354 0.328244 -0.943701 0.041030 0.031220 -0.967805 -0.249756 -0.249523 -0.962446 -0.106938 -0.023796 -0.999434 -0.023796 0.096844 -0.992646 0.072633 0.078206 -0.977577 0.195515 -0.094386 -0.991051 -0.094386 -0.038999 -0.994471 0.097497
0.402396 -0.251498 -0.880242 0.250435 -0.960001 0.125218 0.030964 -0.959886 -0.278677 -0.249523 -0.962446 -0.106938 -0.023796 -0.999434 -0.023796 0.096844 -0.992646 0.072633 0.078206 -0.977577 0.195515 -0.094386 -0.991051 -0.094386 -0.019511 -0.995039 0.097553
0.485586 -0.230014 -0.843386 0.239426 -0.957704 0.159617 0.030964 -0.959886 -0.278677 -0.250319 -0.965518 -0.071520 -0.023796 -0.999434 -0.023796 0.096844 -0.992646 0.072633 0.078206 -0.977577 0.195515 -0.094386 -0.991051 -0.094386 -0.019511 -0.995039 0.097553
0.572396 -0.218056 -0.790452 0.239426 -0.957704 0.159617 0.030964 -0.959886 -0.278677 -0.216366 -0.973645 -0.072122 -0.023796 -0.999434 -0.023796 0.096844 -0.992646 0.072633 0.078492 -0.981147 0.176606 -0.094386 -0.991051 -0.094386 -0.019511 -0.995039 0.097553
0.619813 -0.215587 -0.754555 0.237729 -0.950915 0.198107 0.030964 -0.959886 -0.278677 -0.216366 -0.973645 -0.072122 -0.023796 -0.999434 -0.023796 0.120736 -0.990038 0.072442 0.058948 -0.982472 0.176845 -0.094386 -0.991051 -0.094386 -0.019511 -0.995039 0.097553
0.675088 -0.214801 -0.705774 0.237729 -0.950915 0.198107 0.031911 -0.957338 -0.287202 -0.208389 -0.972480 -0.104194 -0.023796 -0.999434 -0.023796 0.120913 -0.991484 0.048365 0.039337 -0.983422 0.177016 -0.094386 -0.991051 -0.094386 -0.019854 -0.992681 0.119122
0.688247 -0.229416 -0.688247 0.285062 -0.936632 0.203616 0.031911 -0.957338 -0.287202 -0.209020 -0.975426 -0.069673 -0.023796 -0.999434 -0.023796 0.120913 -0.991484 0.048365 0.039337 -0.983422 0.177016 -0.094386 -0.991051 -0.094386 -0.019854 -0.992681 0.119122
0.675088 -0.214801 -0.705774 0.285062 -0.936632 0.203616 0.031911 -0.957338 -0.287202 -0.209020 -0.975426 -0.069673 -0.023796 -0.999434 -0.023796 0.120913 -0.991484 0.048365 0.039337 -0.983422 0.177016 -0.094386 -0.991051 -0.094386 -0.019854 -0.992681 0.119122
0.660628 -0.210200 -0.720685 0.285062 -0.936632 0.203616 0.031911 -0.957338 -0.287202 -0.209020 -0.975426 -0.069673 -0.023796 -0.999434 -0.023796 0.120913 -0.991484 0.048365 0.039337 -0.983422 0.177016 -0.094386 -0.991051 -0.094386 -0.019854 -0.992681 0.119122
0.675088 -0.214801 -0.705774 0.287213 -0.943701 0.164122 0.032191 -0.965734 -0.257529 -0.208389 -0.972480 -0.104194 -0.023796 -0.999434 -0.023796 0.120913 -0.991484 0.048365 0.039337 -0.983422 0.177016 -0.094386 -0.991051 -0.094386 -0.019854 -0.992681 0.119122
0.660628 -0.210200 -0.720685 0.287213 -0.943701 0.164122 0.032191 -0.965734 -0.257529 -0.216366 -0.973645 -0.072122 -0.023796 -0.999434 -0.023796 0.120913 -0.991484 0.048365 0.039337 -0.983422 0.177016 -0.094386 -0.991051 -0.094386 -0.019854 -0.992681 0.119122
0.643192 -0.214397 -0.735077 0.326056 -0.937410 0.122271 0.031220 -0.967805 -0.249756 -0.216366 -0.973645 -0.072122 -0.023796 -0.999434 -0.023796 0.118081 -0.991880 0.047232 0.039337 -0.983422 0.177016 -0.094386 -0.991051 -0.094386 -0.019854 -0.992681 0.119122
0.628900 -0.209633 -0.748691 0.326056 -0.937410 0.122271 0.031220 -0.967805 -0.249756 -0.216366 -0.973645 -0.072122 -0.023796 -0.999434 -0.023796 0.118180 -0.992711 0.023636 0.039337 -0.983422 0.177016 -0.094386 -0.991051 -0.094386 -0.019854 -0.992681 0.119122
