-0.526460 0.848185 0.058496 -0.438250 -0.199205 -0.876501 -0.030514 -0.976445 -0.213597 -0.119051 -0.992095 -0.039684 -0.067954 -0.996659 0.045303 0.086609 -0.996007 0.021652 0.042904 -0.965345 0.257425 -0.043427 -0.998821 -0.021713 -0.022261 -0.979472 0.200347
-0.574440 0.816310 -0.060467 -0.440225 -0.176090 -0.880451 -0.030514 -0.976445 -0.213597 -0.119051 -0.992095 -0.039684 -0.067954 -0.996659 0.045303 0.086609 -0.996007 0.021652 0.042904 -0.965345 0.257425 -0.043427 -0.998821 -0.021713 -0.022261 -0.979472 0.200347
-0.610278 0.762848 -0.213597 -0.440225 -0.176090 -0.880451 0.000000 -0.974859 -0.222825 -0.178885 -0.983870 0.000000 -0.067954 -0.996659 0.045303 0.086609 -0.996007 0.021652 0.042904 -0.965345 0.257425 -0.043427 -0.998821 -0.021713 0.000000 -0.979715 0.200396
-0.666667 0.666667 -0.333333 -0.436436 -0.218218 -0.872872 0.000000 -0.968493 -0.249041 -0.186908 -0.981266 0.046727 -0.068006 -0.997427 0.022669 0.086609 -0.996007 0.021652 0.042904 -0.965345 0.257425 -0.043427 -0.998821 -0.021713 0.000000 -0.979715 0.200396
-0.624712 0.594964 -0.505719 -0.568995 -0.350150 -0.744070 0.000000 -0.968493 -0.249041 -0.230633 -0.968658 0.092253 -0.069598 -0.997575 0.000000 0.086609 -0.996007 0.021652 0.042904 -0.965345 0.257425 -0.043427 -0.998821 -0.021713 0.000000 -0.979715 0.200396
-0.648209 0.479111 -0.591843 -0.540262 -0.457144 -0.706496 0.026939 -0.969790 -0.242448 -0.241402 -0.965609 0.096561 -0.047552 -0.998586 -0.023776 0.086609 -0.996007 0.021652 0.042904 -0.965345 0.257425 -0.043427 -0.998821 -0.021713 0.000000 -0.979715 0.200396
-0.707107 0.271964 -0.652714 -0.470757 -0.556349 -0.684737 0.027661 -0.968122 -0.248946 -0.230633 -0.968658 0.092253 -0.047552 -0.998586 -0.023776 0.086609 -0.996007 0.021652 0.042904 -0.965345 0.257425 -0.042515 -0.999096 0.000000 -0.022261 -0.979472 0.200347
-0.755096 0.078113 -0.650945 -0.390567 -0.650945 -0.650945 0.028421 -0.966315 -0.255789 -0.220755 -0.971324 0.088302 -0.047511 -0.997740 -0.047511 0.086609 -0.996007 0.021652 0.042904 -0.965345 0.257425 -0.042515 -0.999096 0.000000 -0.022261 -0.979472 0.200347
-0.773402 -0.160014 -0.613388 -0.341432 -0.725542 -0.597505 0.000000 -0.966235 -0.257663 -0.151947 -0.987658 0.037987 -0.048665 -0.997629 -0.048665 0.065064 -0.997645 0.021688 0.064282 -0.964237 0.257130 -0.042515 -0.999096 0.000000 -0.022261 -0.979472 0.200347
-0.775612 -0.374433 -0.508159 -0.328244 -0.779579 -0.533396 0.030303 -0.969697 -0.242424 -0.212238 -0.976296 0.042448 -0.048665 -0.997629 -0.048665 0.065064 -0.997645 0.021688 0.064282 -0.964237 0.257130 -0.042515 -0.999096 0.000000 -0.022355 -0.983624 0.178841
-0.775632 -0.517088 -0.361961 -0.287456 -0.821302 -0.492781 0.084989 -0.963208 -0.254967 -0.314945 -0.944835 0.089984 -0.024354 -0.998516 -0.048708 0.065064 -0.997645 0.021688 0.064282 -0.964237 0.257130 -0.042515 -0.999096 0.000000 -0.022355 -0.983624 0.178841
-0.763195 -0.572396 -0.299827 -0.283190 -0.849569 -0.445012 0.082729 -0.965173 -0.248187 -0.328889 -0.939682 0.093968 -0.024354 -0.998516 -0.048708 0.065064 -0.997645 0.021688 0.064282 -0.964237 0.257130 -0.063700 -0.997969 0.000000 -0.022355 -0.983624 0.178841
-0.782691 -0.550782 -0.289886 -0.269032 -0.845529 -0.461197 0.080582 -0.966988 -0.241747 -0.344031 -0.933799 0.098295 -0.024354 -0.998516 -0.048708 0.065079 -0.997880 0.000000 0.063917 -0.958750 0.276972 -0.065079 -0.997880 0.000000 -0.022355 -0.983624 0.178841
-0.777593 -0.568241 -0.269167 -0.304114 -0.836315 -0.456172 0.080582 -0.966988 -0.241747 -0.344031 -0.933799 0.098295 0.000000 -0.998812 -0.048723 0.065079 -0.997880 0.000000 0.063917 -0.958750 0.276972 -0.066519 -0.997785 0.000000 -0.021874 -0.984327 0.174991
-0.801234 -0.493067 -0.338983 -0.299392 -0.860753 -0.411665 0.080582 -0.966988 -0.241747 -0.341972 -0.928211 0.146560 0.000000 -0.998812 -0.048723 0.065079 -0.997880 0.000000 0.063917 -0.958750 0.276972 -0.066519 -0.997785 0.000000 -0.043716 -0.983621 0.174866
-0.826752 -0.381578 -0.413376 -0.264764 -0.869940 -0.416058 0.080582 -0.966988 -0.241747 -0.341972 -0.928211 0.146560 0.000000 -0.998812 -0.048723 0.065079 -0.997880 0.000000 0.063917 -0.958750 0.276972 -0.066519 -0.997785 0.000000 -0.043716 -0.983621 0.174866
-0.785480 -0.251354 -0.565546 -0.268833 -0.883310 -0.384048 0.104470 -0.966351 -0.235058 -0.401508 -0.903394 0.150566 0.000000 -0.998812 -0.048723 0.065079 -0.997880 0.000000 0.063917 -0.958750 0.276972 -0.066519 -0.997785 0.000000 -0.043716 -0.983621 0.174866
-0.710507 -0.177627 -0.680903 -0.249783 -0.874241 -0.416305 0.088581 -0.974389 -0.206689 -0.290910 -0.955847 0.041559 0.000000 -0.998812 -0.048723 0.065079 -0.997880 0.000000 0.063917 -0.958750 0.276972 -0.066519 -0.997785 0.000000 -0.043540 -0.979651 0.195930
-0.660113 -0.086102 -0.746215 -0.210166 -0.882696 -0.420331 0.065233 -0.978492 -0.195698 -0.224702 -0.973708 0.037450 0.000000 -0.998812 -0.048723 0.065079 -0.997880 0.000000 0.042660 -0.959840 0.277287 -0.066519 -0.997785 0.000000 -0.043540 -0.979651 0.195930
-0.567504 -0.028375 -0.822881 -0.166378 -0.873485 -0.457540 0.067806 -0.983192 -0.169516 -0.250962 -0.967997 0.000000 0.000000 -0.998812 -0.048723 0.065079 -0.997880 0.000000 0.042904 -0.965345 0.257425 -0.066519 -0.997785 0.000000 -0.043540 -0.979651 0.195930
-0.490261 0.000000 -0.871576 -0.089087 -0.890871 -0.445435 0.067806 -0.983192 -0.169516 -0.250962 -0.967997 0.000000 0.000000 -0.998812 -0.048723 0.065079 -0.997880 0.000000 0.042904 -0.965345 0.257425 -0.066519 -0.997785 0.000000 -0.043540 -0.979651 0.195930
-0.386556 0.029735 -0.921787 0.000000 -0.876216 -0.481919 0.067806 -0.983192 -0.169516 -0.242536 -0.970143 0.000000 0.000000 -0.998812 -0.048723 0.065079 -0.997880 0.000000 0.042904 -0.965345 0.257425 -0.066519 -0.997785 0.000000 -0.043540 -0.979651 0.195930
-0.298275 0.000000 -0.954480 0.092748 -0.881104 -0.463739 0.067806 -0.983192 -0.169516 -0.242536 -0.970143 0.000000 0.000000 -0.998812 -0.048723 0.065079 -0.997880 0.000000 0.042904 -0.965345 0.257425 -0.066519 -0.997785 0.000000 -0.043540 -0.979651 0.195930
-0.173712 0.028952 -0.984371 0.176090 -0.880451 -0.440225 0.065233 -0.978492 -0.195698 -0.250962 -0.967997 0.000000 0.000000 -0.998812 -0.048723 0.065079 -0.997880 0.000000 0.042904 -0.965345 0.257425 -0.066519 -0.997785 0.000000 -0.043540 -0.979651 0.195930
0.000000 0.032241 -0.999480 0.176090 -0.880451 -0.440225 0.065618 -0.984268 -0.164045 -0.250962 -0.967997 0.000000 0.000000 -0.998812 -0.048723 0.065079 -0.997880 0.000000 0.042904 -0.965345 0.257425 -0.066519 -0.997785 0.000000 -0.043540 -0.979651 0.195930
0.169809 0.033962 -0.984892 0.169485 -0.889799 -0.423714 0.065233 -0.978492 -0.195698 -0.250962 -0.967997 0.000000 0.000000 -0.998812 -0.048723 0.086630 -0.996241 0.000000 0.042904 -0.965345 0.257425 -0.066503 -0.997540 0.022168 -0.043540 -0.979651 0.195930
0.325300 0.065060 -0.943370 0.162088 -0.932007 -0.324176 0.064786 -0.971795 -0.226752 -0.250962 -0.967997 0.000000 0.000000 -0.998812 -0.048723 0.086630 -0.996241 0.000000 0.042904 -0.965345 0.257425 -0.066503 -0.997540 0.022168 -0.043345 -0.975270 0.216727
0.497245 0.099449 -0.861892 0.157991 -0.947943 -0.276483 0.093296 -0.964054 -0.248788 -0.259973 -0.965616 0.000000 0.024354 -0.998516 -0.048708 0.086630 -0.996241 0.000000 0.042904 -0.965345 0.257425 -0.066519 -0.997785 0.000000 -0.043345 -0.975270 0.216727
0.608581 0.060858 -0.791155 0.163163 -0.978980 -0.122373 0.093296 -0.964054 -0.248788 -0.259973 -0.965616 0.000000 0.024354 -0.998516 -0.048708 0.086630 -0.996241 0.000000 0.042904 -0.965345 0.257425 -0.066519 -0.997785 0.000000 -0.043345 -0.975270 0.216727
0.734803 0.000000 -0.678280 0.164260 -0.985562 -0.041065 0.092538 -0.956226 -0.277614 -0.259973 -0.965616 0.000000 0.000000 -0.998812 -0.048723 0.086630 -0.996241 0.000000 0.043133 -0.970495 0.237232 -0.066519 -0.997785 0.000000 -0.043345 -0.975270 0.216727
0.818927 -0.027298 -0.573249 0.157991 -0.987441 0.000000 0.095346 -0.953463 -0.286039 -0.259973 -0.965616 0.000000 0.000000 -0.998812 -0.048723 0.086630 -0.996241 0.000000 0.043133 -0.970495 0.237232 -0.066503 -0.997540 -0.022168 -0.043345 -0.975270 0.216727
0.827624 -0.026698 -0.560648 0.157867 -0.986671 0.039467 0.095346 -0.953463 -0.286039 -0.259973 -0.965616 0.000000 0.000000 -0.998812 -0.048723 0.086630 -0.996241 0.000000 0.021582 -0.971173 0.237398 -0.066503 -0.997540 -0.022168 -0.043345 -0.975270 0.216727
0.846810 -0.052926 -0.529256 0.163846 -0.983078 0.081923 0.092538 -0.956226 -0.277614 -0.269630 -0.962964 0.000000 0.000000 -0.998812 -0.048723 0.086630 -0.996241 0.000000 0.021582 -0.971173 0.237398 -0.066503 -0.997540 -0.022168 -0.043345 -0.975270 0.216727
0.854051 -0.051761 -0.517607 0.163163 -0.978980 0.122373 0.091713 -0.947698 -0.305709 -0.269630 -0.962964 0.000000 0.000000 -0.998812 -0.048723 0.065079 -0.997880 0.000000 0.021582 -0.971173 0.237398 -0.066503 -0.997540 -0.022168 -0.044055 -0.969201 0.242300
0.865430 -0.052450 -0.498278 0.163163 -0.978980 0.122373 0.091713 -0.947698 -0.305709 -0.269430 -0.962250 0.038490 0.000000 -0.998812 -0.048723 0.065079 -0.997880 0.000000 0.021582 -0.971173 0.237398 -0.066503 -0.997540 -0.022168 -0.044055 -0.969201 0.242300
0.851314 -0.054924 -0.521773 0.203279 -0.975739 0.081312 0.091713 -0.947698 -0.305709 -0.269430 -0.962250 0.038490 0.000000 -0.998812 -0.048723 0.065079 -0.997880 0.000000 0.021582 -0.971173 0.237398 -0.066503 -0.997540 -0.022168 -0.044055 -0.969201 0.242300
0.852279 -0.027493 -0.522365 0.203279 -0.975739 0.081312 0.121886 -0.944613 -0.304714 -0.269430 -0.962250 0.038490 0.000000 -0.998812 -0.048723 0.065079 -0.997880 0.000000 0.021582 -0.971173 0.237398 -0.044390 -0.998768 -0.022195 -0.066002 -0.968027 0.242007
0.831730 -0.027724 -0.554487 0.203279 -0.975739 0.081312 0.092538 -0.956226 -0.277614 -0.233373 -0.972387 0.000000 0.000000 -0.998868 -0.047565 0.065079 -0.997880 0.000000 0.021582 -0.971173 0.237398 -0.043427 -0.998821 -0.021713 -0.067437 -0.966597 0.247269
0.822881 -0.028375 -0.567504 0.203279 -0.975739 0.081312 0.061839 -0.958508 -0.278277 -0.233373 -0.972387 0.000000 0.000000 -0.998868 -0.047565 0.065079 -0.997880 0.000000 0.021582 -0.971173 0.237398 -0.043427 -0.998821 -0.021713 -0.067437 -0.966597 0.247269
0.823213 0.000000 -0.567733 0.203279 -0.975739 0.081312 0.062348 -0.966394 -0.249392 -0.233197 -0.971653 0.038866 0.000000 -0.998868 -0.047565 0.065079 -0.997880 0.000000 0.021582 -0.971173 0.237398 -0.043427 -0.998821 -0.021713 -0.067437 -0.966597 0.247269
0.800000 0.000000 -0.600000 0.203785 -0.978167 0.040757 0.062348 -0.966394 -0.249392 -0.269430 -0.962250 0.038490 0.000000 -0.998868 -0.047565 0.065079 -0.997880 0.000000 0.021582 -0.971173 0.237398 -0.043437 -0.999056 0.000000 -0.066340 -0.972985 0.221133
0.800000 0.000000 -0.600000 0.203785 -0.978167 0.040757 0.062807 -0.973515 -0.219826 -0.269630 -0.962964 0.000000 0.000000 -0.998868 -0.047565 0.065079 -0.997880 0.000000 0.021582 -0.971173 0.237398 -0.043437 -0.999056 0.000000 -0.066340 -0.972985 0.221133
0.789352 0.000000 -0.613941 0.203785 -0.978167 0.040757 0.062807 -0.973515 -0.219826 -0.269630 -0.962964 0.000000 0.000000 -0.998868 -0.047565 0.065079 -0.997880 0.000000 0.021582 -0.971173 0.237398 -0.043437 -0.999056 0.000000 -0.066340 -0.972985 0.221133
0.800000 0.000000 -0.600000 0.164260 -0.985562 0.041065 0.062807 -0.973515 -0.219826 -0.269630 -0.962964 0.000000 0.000000 -0.998868 -0.047565 0.065079 -0.997880 0.000000 0.021582 -0.971173 0.237398 -0.043437 -0.999056 0.000000 -0.088302 -0.971324 0.220755
0.789352 0.000000 -0.613941 0.164260 -0.985562 0.041065 0.062807 -0.973515 -0.219826 -0.269630 -0.962964 0.000000 0.000000 -0.998868 -0.047565 0.086630 -0.996241 0.000000 0.000000 -0.971399 0.237453 -0.043437 -0.999056 0.000000 -0.088302 -0.971324 0.220755
