-0.543083 0.835512 -0.083551 -0.679258 0.277878 -0.679258 0.032444 -0.973329 -0.227110 0.000000 -0.985212 -0.171341 -0.090443 -0.994874 0.045222 0.097071 -0.994982 0.024268 0.076444 -0.974661 0.210221 -0.118081 -0.991880 -0.047232 0.059596 -0.993269 0.099327
-0.635999 0.741999 -0.212000 -0.698149 0.158670 -0.698149 0.031450 -0.974958 -0.220152 0.000000 -0.975133 -0.221621 -0.090536 -0.995893 0.000000 0.097071 -0.994982 0.024268 0.076444 -0.974661 0.210221 -0.118081 -0.991880 -0.047232 0.059596 -0.993269 0.099327
-0.732242 0.559950 -0.387657 -0.738105 0.032092 -0.673922 0.000000 -0.976900 -0.213697 -0.133897 -0.981908 -0.133897 -0.090443 -0.994874 -0.045222 0.097071 -0.994982 0.024268 0.076444 -0.974661 0.210221 -0.094570 -0.992988 -0.070928 0.059596 -0.993269 0.099327
-0.789337 0.434135 -0.434135 -0.704925 -0.224294 -0.672883 0.000000 -0.975441 -0.220261 -0.133897 -0.981908 -0.133897 -0.092401 -0.993307 -0.069301 0.120913 -0.991484 0.048365 0.076444 -0.974661 0.210221 -0.094570 -0.992988 -0.070928 0.059702 -0.995037 0.079603
-0.864900 0.180187 -0.468487 -0.655826 -0.426287 -0.623035 0.000000 -0.975441 -0.220261 -0.186728 -0.970988 -0.149383 -0.092229 -0.991457 -0.092229 0.120913 -0.991484 0.048365 0.076444 -0.974661 0.210221 -0.094570 -0.992988 -0.070928 0.039841 -0.996024 0.079682
-0.920566 -0.059391 -0.386044 -0.531564 -0.631233 -0.564787 0.000000 -0.966235 -0.257663 -0.201574 -0.974274 -0.100787 -0.067746 -0.993605 -0.090328 0.120913 -0.991484 0.048365 0.076444 -0.974661 0.210221 -0.094570 -0.992988 -0.070928 0.039841 -0.996024 0.079682
-0.926002 -0.252546 -0.280607 -0.421637 -0.737865 -0.527046 0.000000 -0.966235 -0.257663 -0.201574 -0.974274 -0.100787 -0.069430 -0.995168 -0.069430 0.120913 -0.991484 0.048365 0.076444 -0.974661 0.210221 -0.094570 -0.992988 -0.070928 0.039896 -0.997410 0.059845
-0.867403 -0.433701 -0.243957 -0.384371 -0.803685 -0.454257 0.000000 -0.963993 -0.265929 -0.195180 -0.975900 -0.097590 -0.069430 -0.995168 -0.069430 0.120913 -0.991484 0.048365 0.076444 -0.974661 0.210221 -0.094570 -0.992988 -0.070928 0.019960 -0.998006 0.059880
-0.824210 -0.539999 -0.170526 -0.379310 -0.827586 -0.413793 0.058798 -0.970169 -0.235192 -0.259259 -0.962963 -0.074074 -0.046349 -0.996503 -0.069523 0.120913 -0.991484 0.048365 0.076444 -0.974661 0.210221 -0.094386 -0.991051 -0.094386 0.000000 -0.996938 0.078191
-0.781404 -0.613960 -0.111629 -0.354218 -0.850124 -0.389640 0.053819 -0.968736 -0.242184 -0.279776 -0.959233 -0.039968 -0.046349 -0.996503 -0.069523 0.120913 -0.991484 0.048365 0.076739 -0.978420 0.191847 -0.094386 -0.991051 -0.094386 0.000000 -0.996938 0.078191
-0.733078 -0.674432 -0.087969 -0.358979 -0.861550 -0.358979 0.052760 -0.976053 -0.211038 -0.252199 -0.966762 -0.042033 -0.046349 -0.996503 -0.069523 0.118081 -0.991880 0.047232 0.076739 -0.978420 0.191847 -0.094386 -0.991051 -0.094386 -0.019544 -0.996748 0.078176
-0.734045 -0.672874 -0.091756 -0.358979 -0.861550 -0.358979 0.052760 -0.976053 -0.211038 -0.252199 -0.966762 -0.042033 -0.046349 -0.996503 -0.069523 0.118081 -0.991880 0.047232 0.076739 -0.978420 0.191847 -0.094386 -0.991051 -0.094386 -0.019544 -0.996748 0.078176
-0.808581 -0.572745 -0.134763 -0.363456 -0.872295 -0.327111 0.052760 -0.976053 -0.211038 -0.252199 -0.966762 -0.042033 -0.046349 -0.996503 -0.069523 0.118081 -0.991880 0.047232 0.076739 -0.978420 0.191847 -0.094386 -0.991051 -0.094386 -0.019544 -0.996748 0.078176
-0.819824 -0.546550 -0.170797 -0.375293 -0.863175 -0.337764 0.079002 -0.974359 -0.210672 -0.263117 -0.964764 0.000000 -0.047445 -0.996335 -0.071167 0.048708 -0.998516 -0.024354 0.076739 -0.978420 0.191847 -0.117688 -0.988577 -0.094150 -0.019544 -0.996748 0.078176
-0.851728 -0.461353 -0.248421 -0.375293 -0.863175 -0.337764 0.079416 -0.979467 -0.185305 -0.262865 -0.963837 -0.043811 -0.047511 -0.997740 -0.047511 0.072954 -0.997039 -0.024318 0.076444 -0.974661 0.210221 -0.117688 -0.988577 -0.094150 -0.019544 -0.996748 0.078176
-0.847576 -0.391189 -0.358590 -0.387783 -0.853123 -0.349005 0.077408 -0.980502 -0.180619 -0.262865 -0.963837 -0.043811 -0.023776 -0.998586 -0.047552 0.072954 -0.997039 -0.024318 0.076444 -0.974661 0.210221 -0.117688 -0.988577 -0.094150 -0.019544 -0.996748 0.078176
-0.843338 -0.312348 -0.437287 -0.330477 -0.867502 -0.371787 0.077408 -0.980502 -0.180619 -0.221404 -0.974176 -0.044281 -0.023776 -0.998586 -0.047552 0.097100 -0.995275 0.000000 0.076444 -0.974661 0.210221 -0.117688 -0.988577 -0.094150 -0.019544 -0.996748 0.078176
-0.830382 -0.237252 -0.504160 -0.210166 -0.882696 -0.420331 0.051691 -0.982138 -0.180920 -0.221404 -0.974176 -0.044281 -0.023776 -0.998586 -0.047552 0.096986 -0.994104 0.048493 0.076739 -0.978420 0.191847 -0.117688 -0.988577 -0.094150 -0.019544 -0.996748 0.078176
-0.794805 -0.147186 -0.588745 -0.125546 -0.878823 -0.460336 0.057520 -0.977835 -0.201319 -0.188713 -0.981307 -0.037743 -0.023796 -0.999434 -0.023796 0.120736 -0.990038 0.072442 0.076739 -0.978420 0.191847 -0.117688 -0.988577 -0.094150 -0.039066 -0.996177 0.078132
-0.746215 -0.086102 -0.660113 -0.043769 -0.875376 -0.481457 0.061314 -0.981023 -0.183942 -0.175358 -0.982003 -0.070143 -0.023796 -0.999434 -0.023796 0.120736 -0.990038 0.072442 0.076739 -0.978420 0.191847 -0.117688 -0.988577 -0.094150 -0.039066 -0.996177 0.078132
-0.658181 -0.031342 -0.752207 0.000000 -0.857493 -0.514496 0.063214 -0.979816 -0.189642 -0.169516 -0.983192 -0.067806 -0.024376 -0.999406 -0.024376 0.120736 -0.990038 0.072442 0.076739 -0.978420 0.191847 -0.117688 -0.988577 -0.094150 -0.039066 -0.996177 0.078132
-0.568926 -0.031607 -0.821781 0.087287 -0.872872 -0.480079 0.062807 -0.973515 -0.219826 -0.169516 -0.983192 -0.067806 -0.024376 -0.999406 -0.024376 0.120736 -0.990038 0.072442 0.076739 -0.978420 0.191847 -0.115011 -0.989094 -0.092009 -0.039066 -0.996177 0.078132
-0.472221 0.000000 -0.881480 0.210166 -0.882696 -0.420331 0.062807 -0.973515 -0.219826 -0.169516 -0.983192 -0.067806 -0.024376 -0.999406 -0.024376 0.120736 -0.990038 0.072442 0.057628 -0.979683 0.192095 -0.115011 -0.989094 -0.092009 -0.039066 -0.996177 0.078132
-0.377075 -0.034280 -0.925548 0.254000 -0.889001 -0.381000 0.062807 -0.973515 -0.219826 -0.202145 -0.977035 -0.067382 -0.024376 -0.999406 -0.024376 0.120736 -0.990038 0.072442 0.057831 -0.983135 0.173494 -0.115011 -0.989094 -0.092009 -0.019511 -0.995039 0.097553
-0.250319 -0.071520 -0.965518 0.376638 -0.878823 -0.292941 0.062807 -0.973515 -0.219826 -0.202145 -0.977035 -0.067382 -0.024376 -0.999406 -0.024376 0.120736 -0.990038 0.072442 0.057831 -0.983135 0.173494 -0.115011 -0.989094 -0.092009 -0.019511 -0.995039 0.097553
-0.063855 -0.127710 -0.989754 0.428353 -0.899541 -0.085671 0.063214 -0.979816 -0.189642 -0.202145 -0.977035 -0.067382 -0.024376 -0.999406 -0.024376 0.120913 -0.991484 0.048365 0.057831 -0.983135 0.173494 -0.115011 -0.989094 -0.092009 -0.019511 -0.995039 0.097553
0.151794 -0.182153 -0.971483 0.393919 -0.919145 0.000000 0.065233 -0.978492 -0.195698 -0.202145 -0.977035 -0.067382 -0.024376 -0.999406 -0.024376 0.120913 -0.991484 0.048365 0.057831 -0.983135 0.173494 -0.115011 -0.989094 -0.092009 -0.019511 -0.995039 0.097553
0.310013 -0.197281 -0.930039 0.298753 -0.938937 0.170716 0.064786 -0.971795 -0.226752 -0.202145 -0.977035 -0.067382 -0.024376 -0.999406 -0.024376 0.120913 -0.991484 0.048365 0.057831 -0.983135 0.173494 -0.115011 -0.989094 -0.092009 -0.019511 -0.995039 0.097553
0.468977 -0.220695 -0.855193 0.257012 -0.942376 0.214176 0.062807 -0.973515 -0.219826 -0.175358 -0.982003 -0.070143 -0.024376 -0.999406 -0.024376 0.118081 -0.991880 0.047232 0.057831 -0.983135 0.173494 -0.115011 -0.989094 -0.092009 -0.019511 -0.995039 0.097553
0.563264 -0.187755 -0.804663 0.205847 -0.946895 0.247016 0.062807 -0.973515 -0.219826 -0.175358 -0.982003 -0.070143 -0.024376 -0.999406 -0.024376 0.000000 -0.997199 -0.074790 0.057831 -0.983135 0.173494 -0.115011 -0.989094 -0.092009 -0.019511 -0.995039 0.097553
0.593512 -0.188845 -0.782356 0.196116 -0.941357 0.274563 0.062807 -0.973515 -0.219826 -0.175358 -0.982003 -0.070143 -0.024376 -0.999406 -0.024376 0.074790 -0.997199 0.000000 0.057831 -0.983135 0.173494 -0.115011 -0.989094 -0.092009 -0.019511 -0.995039 0.097553
0.663124 -0.201820 -0.720787 0.196116 -0.941357 0.274563 0.062807 -0.973515 -0.219826 -0.174821 -0.978997 -0.104893 -0.024376 -0.999406 -0.024376 0.097100 -0.995275 0.000000 0.057831 -0.983135 0.173494 -0.115011 -0.989094 -0.092009 -0.019511 -0.995039 0.097553
0.691280 -0.210390 -0.691280 0.233373 -0.933492 0.272268 0.064786 -0.971795 -0.226752 -0.175358 -0.982003 -0.070143 -0.024376 -0.999406 -0.024376 0.121019 -0.992355 0.024204 0.038590 -0.984050 0.173656 -0.115011 -0.989094 -0.092009 -0.019470 -0.992962 0.116819
0.705774 -0.214801 -0.675088 0.233373 -0.933492 0.272268 0.064786 -0.971795 -0.226752 -0.181608 -0.980684 -0.072643 -0.023796 -0.999434 -0.023796 0.120913 -0.991484 0.048365 0.038713 -0.987179 0.154852 -0.115011 -0.989094 -0.092009 -0.019470 -0.992962 0.116819
0.689862 -0.219502 -0.689862 0.282497 -0.928204 0.242140 0.064786 -0.971795 -0.226752 -0.181969 -0.982631 -0.036394 -0.023796 -0.999434 -0.023796 0.144631 -0.988311 0.048210 0.038713 -0.987179 0.154852 -0.115011 -0.989094 -0.092009 -0.019470 -0.992962 0.116819
0.704925 -0.224294 -0.672883 0.282497 -0.928204 0.242140 0.064786 -0.971795 -0.226752 -0.181969 -0.982631 -0.036394 -0.023796 -0.999434 -0.023796 0.144631 -0.988311 0.048210 0.039467 -0.986671 0.157867 -0.115011 -0.989094 -0.092009 -0.019470 -0.992962 0.116819
0.659380 -0.197814 -0.725319 0.318981 -0.917070 0.239236 0.065233 -0.978492 -0.195698 -0.181608 -0.980684 -0.072643 -0.023796 -0.999434 -0.023796 0.144631 -0.988311 0.048210 0.039467 -0.986671 0.157867 -0.115011 -0.989094 -0.092009 -0.019470 -0.992962 0.116819
0.656344 -0.207267 -0.725433 0.318981 -0.917070 0.239236 0.063214 -0.979816 -0.189642 -0.181608 -0.980684 -0.072643 -0.023796 -0.999434 -0.023796 0.144631 -0.988311 0.048210 0.039467 -0.986671 0.157867 -0.115011 -0.989094 -0.092009 -0.019470 -0.992962 0.116819
0.656344 -0.207267 -0.725433 0.321807 -0.925196 0.201129 0.063214 -0.979816 -0.189642 -0.181608 -0.980684 -0.072643 -0.023796 -0.999434 -0.023796 0.144631 -0.988311 0.048210 0.039467 -0.986671 0.157867 -0.117688 -0.988577 -0.094150 -0.019854 -0.992681 0.119122
0.640126 -0.202145 -0.741199 0.285062 -0.936632 0.203616 0.063214 -0.979816 -0.189642 -0.216366 -0.973645 -0.072122 0.000000 -0.999717 -0.023803 0.144421 -0.986878 0.072211 0.039467 -0.986671 0.157867 -0.117688 -0.988577 -0.094150 -0.019854 -0.992681 0.119122
0.619586 -0.206529 -0.757271 0.285062 -0.936632 0.203616 0.061314 -0.981023 -0.183942 -0.216366 -0.973645 -0.072122 0.000000 -0.999717 -0.023803 0.144421 -0.986878 0.072211 0.039467 -0.986671 0.157867 -0.117688 -0.988577 -0.094150 -0.019854 -0.992681 0.119122
0.623663 -0.173240 -0.762255 0.285062 -0.936632 0.203616 0.091756 -0.978726 -0.183511 -0.216366 -0.973645 -0.072122 0.000000 -0.999717 -0.023803 0.072976 -0.997334 0.000000 0.019745 -0.987248 0.157960 -0.117688 -0.988577 -0.094150 -0.019854 -0.992681 0.119122
0.623663 -0.173240 -0.762255 0.285062 -0.936632 0.203616 0.091203 -0.972829 -0.212806 -0.216366 -0.973645 -0.072122 0.000000 -0.999717 -0.023803 0.099228 -0.992278 0.074421 0.019745 -0.987248 0.157960 -0.094386 -0.991051 -0.094386 -0.019854 -0.992681 0.119122
