-0.477809 0.868744 -0.130312 -0.659380 0.197814 -0.725319 0.062348 -0.966394 -0.249392 -0.113308 -0.982006 -0.151078 -0.044390 -0.998768 -0.022195 0.115470 -0.993042 -0.023094 0.138621 -0.970345 0.198030 -0.094703 -0.994379 -0.047351 0.000000 -0.994834 0.101514
-0.544125 0.816188 -0.194331 -0.627060 0.139347 -0.766406 0.062348 -0.966394 -0.249392 -0.117670 -0.980581 -0.156893 -0.043427 -0.998821 -0.021713 0.115470 -0.993042 -0.023094 0.138621 -0.970345 0.198030 -0.094703 -0.994379 -0.047351 0.000000 -0.994834 0.101514
-0.537484 0.826898 -0.165380 -0.604312 0.075539 -0.793159 0.062348 -0.966394 -0.249392 -0.117670 -0.980581 -0.156893 -0.043427 -0.998821 -0.021713 0.115470 -0.993042 -0.023094 0.138621 -0.970345 0.198030 -0.094703 -0.994379 -0.047351 0.000000 -0.994834 0.101514
-0.557452 0.819782 -0.131165 -0.599521 0.039968 -0.799361 0.062348 -0.966394 -0.249392 -0.117670 -0.980581 -0.156893 -0.043427 -0.998821 -0.021713 0.115470 -0.993042 -0.023094 0.138621 -0.970345 0.198030 -0.094703 -0.994379 -0.047351 0.000000 -0.994834 0.101514
-0.576757 0.801052 -0.160210 -0.543083 -0.083551 -0.835512 0.062348 -0.966394 -0.249392 -0.078750 -0.984374 -0.157500 -0.043427 -0.998821 -0.021713 0.115470 -0.993042 -0.023094 0.138621 -0.970345 0.198030 -0.094703 -0.994379 -0.047351 0.000000 -0.994834 0.101514
-0.653069 0.715266 -0.248788 -0.503066 -0.209611 -0.838444 0.064786 -0.971795 -0.226752 -0.078750 -0.984374 -0.157500 -0.043427 -0.998821 -0.021713 0.115470 -0.993042 -0.023094 0.138621 -0.970345 0.198030 -0.094703 -0.994379 -0.047351 0.000000 -0.994834 0.101514
-0.691669 0.634029 -0.345834 -0.479616 -0.439648 -0.759393 0.032191 -0.965734 -0.257529 -0.079181 -0.989759 -0.118771 -0.044390 -0.998768 -0.022195 0.115470 -0.993042 -0.023094 0.136006 -0.971469 0.194294 -0.094703 -0.994379 -0.047351 0.000000 -0.994834 0.101514
-0.758143 0.487377 -0.433224 -0.424967 -0.579501 -0.695401 0.031220 -0.967805 -0.249756 -0.113308 -0.982006 -0.151078 -0.022716 -0.999484 -0.022716 0.115470 -0.993042 -0.023094 0.136006 -0.971469 0.194294 -0.094703 -0.994379 -0.047351 0.000000 -0.994834 0.101514
-0.795150 0.294500 -0.530100 -0.454812 -0.629740 -0.629740 0.032191 -0.965734 -0.257529 -0.109254 -0.983282 -0.145671 -0.022716 -0.999484 -0.022716 0.115470 -0.993042 -0.023094 0.136006 -0.971469 0.194294 -0.094703 -0.994379 -0.047351 0.000000 -0.994834 0.101514
-0.845818 0.031327 -0.532552 -0.451613 -0.677419 -0.580645 0.032191 -0.965734 -0.257529 -0.109254 -0.983282 -0.145671 -0.023243 -0.999460 -0.023243 0.115470 -0.993042 -0.023094 0.136006 -0.971469 0.194294 -0.094703 -0.994379 -0.047351 0.000000 -0.994834 0.101514
-0.839254 -0.279751 -0.466252 -0.457604 -0.719092 -0.522976 0.032191 -0.965734 -0.257529 -0.109254 -0.983282 -0.145671 -0.023224 -0.998651 -0.046449 0.115470 -0.993042 -0.023094 0.136006 -0.971469 0.194294 -0.094703 -0.994379 -0.047351 0.000000 -0.994834 0.101514
-0.794805 -0.470996 -0.382684 -0.407072 -0.780222 -0.474917 0.058798 -0.970169 -0.235192 -0.193746 -0.968730 -0.154997 -0.023224 -0.998651 -0.046449 0.115470 -0.993042 -0.023094 0.136006 -0.971469 0.194294 -0.094703 -0.994379 -0.047351 0.000000 -0.994834 0.101514
-0.732134 -0.614993 -0.292854 -0.402467 -0.804934 -0.436006 0.055258 -0.967013 -0.248661 -0.203279 -0.975739 -0.081312 -0.023776 -0.998586 -0.047552 0.115470 -0.993042 -0.023094 0.136006 -0.971469 0.194294 -0.094703 -0.994379 -0.047351 0.000000 -0.994834 0.101514
-0.738053 -0.624506 -0.255480 -0.368721 -0.838002 -0.402241 0.053819 -0.968736 -0.242184 -0.203279 -0.975739 -0.081312 -0.023776 -0.998586 -0.047552 0.115470 -0.993042 -0.023094 0.136006 -0.971469 0.194294 -0.094703 -0.994379 -0.047351 0.000000 -0.994834 0.101514
-0.699559 -0.667761 -0.254385 -0.373580 -0.849045 -0.373580 0.053819 -0.968736 -0.242184 -0.203279 -0.975739 -0.081312 -0.023776 -0.998586 -0.047552 0.115470 -0.993042 -0.023094 0.136006 -0.971469 0.194294 -0.094703 -0.994379 -0.047351 -0.020299 -0.994629 0.101493
-0.720248 -0.654771 -0.229170 -0.333890 -0.868115 -0.367279 0.053819 -0.968736 -0.242184 -0.203279 -0.975739 -0.081312 0.000000 -0.998868 -0.047565 0.115470 -0.993042 -0.023094 0.136006 -0.971469 0.194294 -0.094703 -0.994379 -0.047351 -0.020299 -0.994629 0.101493
-0.729694 -0.630190 -0.265343 -0.320815 -0.891154 -0.320815 0.053819 -0.968736 -0.242184 -0.203279 -0.975739 -0.081312 0.000000 -0.998868 -0.047565 0.115470 -0.993042 -0.023094 0.136006 -0.971469 0.194294 -0.094703 -0.994379 -0.047351 -0.040572 -0.994015 0.101430
-0.759527 -0.594412 -0.264183 -0.320815 -0.891154 -0.320815 0.055258 -0.967013 -0.248661 -0.195515 -0.977577 -0.078206 0.000000 -0.999717 -0.023803 0.115470 -0.993042 -0.023094 0.136006 -0.971469 0.194294 -0.094703 -0.994379 -0.047351 -0.040572 -0.994015 0.101430
-0.780307 -0.552718 -0.292615 -0.320815 -0.891154 -0.320815 0.053819 -0.968736 -0.242184 -0.195515 -0.977577 -0.078206 0.023796 -0.999434 -0.023796 0.115470 -0.993042 -0.023094 0.136006 -0.971469 0.194294 -0.094703 -0.994379 -0.047351 -0.040647 -0.995861 0.081295
-0.771884 -0.555757 -0.308754 -0.331295 -0.883452 -0.331295 0.053819 -0.968736 -0.242184 -0.195515 -0.977577 -0.078206 0.023796 -0.999434 -0.023796 0.115470 -0.993042 -0.023094 0.136006 -0.971469 0.194294 -0.094703 -0.994379 -0.047351 -0.040647 -0.995861 0.081295
-0.788966 -0.515863 -0.333793 -0.331295 -0.883452 -0.331295 0.027661 -0.968122 -0.248946 -0.157500 -0.984374 -0.078750 0.023796 -0.999434 -0.023796 0.115470 -0.993042 -0.023094 0.136006 -0.971469 0.194294 -0.094703 -0.994379 -0.047351 -0.040647 -0.995861 0.081295
-0.781121 -0.441503 -0.441503 -0.331295 -0.883452 -0.331295 0.027661 -0.968122 -0.248946 -0.157500 -0.984374 -0.078750 0.023796 -0.999434 -0.023796 0.115470 -0.993042 -0.023094 0.136006 -0.971469 0.194294 -0.094703 -0.994379 -0.047351 -0.040647 -0.995861 0.081295
-0.748569 -0.392108 -0.534692 -0.331295 -0.883452 -0.331295 0.027661 -0.968122 -0.248946 -0.157867 -0.986671 -0.039467 0.023796 -0.999434 -0.023796 0.115470 -0.993042 -0.023094 0.136006 -0.971469 0.194294 -0.094703 -0.994379 -0.047351 -0.040647 -0.995861 0.081295
-0.749758 -0.374879 -0.545279 -0.303895 -0.873698 -0.379869 0.027661 -0.968122 -0.248946 -0.157867 -0.986671 -0.039467 0.023796 -0.999434 -0.023796 0.115470 -0.993042 -0.023094 0.136006 -0.971469 0.194294 -0.094703 -0.994379 -0.047351 -0.040647 -0.995861 0.081295
-0.696733 -0.348367 -0.627060 -0.264764 -0.869940 -0.416058 0.027842 -0.974481 -0.222738 -0.157500 -0.984374 -0.078750 0.000000 -0.999717 -0.023803 0.115470 -0.993042 -0.023094 0.136006 -0.971469 0.194294 -0.094703 -0.994379 -0.047351 -0.040572 -0.994015 0.101430
-0.612637 -0.324337 -0.720750 -0.260513 -0.855971 -0.446594 0.028618 -0.973018 -0.228946 -0.151620 -0.985527 -0.075810 0.000000 -0.999717 -0.023803 0.115470 -0.993042 -0.023094 0.136006 -0.971469 0.194294 -0.094703 -0.994379 -0.047351 -0.040572 -0.994015 0.101430
-0.634681 -0.253872 -0.729883 0.000000 -0.910366 -0.413803 0.029437 -0.971429 -0.235498 -0.157500 -0.984374 -0.078750 0.000000 -0.999717 -0.023803 0.115470 -0.993042 -0.023094 0.136006 -0.971469 0.194294 -0.094703 -0.994379 -0.047351 -0.040572 -0.994015 0.101430
-0.568241 -0.269167 -0.777593 0.213785 -0.897895 -0.384812 0.030514 -0.976445 -0.213597 -0.151078 -0.982006 -0.113308 0.000000 -0.999717 -0.023803 0.115470 -0.993042 -0.023094 0.116863 -0.973862 0.194772 -0.094703 -0.994379 -0.047351 -0.040572 -0.994015 0.101430
-0.453504 -0.291539 -0.842223 0.304061 -0.868744 -0.390935 0.030514 -0.976445 -0.213597 -0.151078 -0.982006 -0.113308 0.000000 -0.999717 -0.023803 0.115470 -0.993042 -0.023094 0.117287 -0.977391 0.175930 -0.094703 -0.994379 -0.047351 -0.040572 -0.994015 0.101430
-0.301511 -0.301511 -0.904534 0.385518 -0.856706 -0.342682 0.030303 -0.969697 -0.242424 -0.151078 -0.982006 -0.113308 0.000000 -0.999717 -0.023803 0.115470 -0.993042 -0.023094 0.117287 -0.977391 0.175930 -0.094703 -0.994379 -0.047351 -0.040572 -0.994015 0.101430
-0.067116 -0.335578 -0.939618 0.385518 -0.856706 -0.342682 0.062348 -0.966394 -0.249392 -0.109254 -0.983282 -0.145671 0.000000 -0.999717 -0.023803 0.092623 -0.995701 0.000000 0.117287 -0.977391 0.175930 -0.094703 -0.994379 -0.047351 -0.040572 -0.994015 0.101430
0.094444 -0.314814 -0.944443 0.403705 -0.897123 -0.179425 0.062348 -0.966394 -0.249392 -0.109764 -0.987878 -0.109764 0.000000 -0.999717 -0.023803 0.092623 -0.995701 0.000000 0.117287 -0.977391 0.175930 -0.094703 -0.994379 -0.047351 -0.020253 -0.992383 0.121516
0.350973 -0.233982 -0.906681 0.262865 -0.963837 -0.043811 0.062348 -0.966394 -0.249392 -0.109764 -0.987878 -0.109764 0.000000 -0.999717 -0.023803 0.092623 -0.995701 0.000000 0.117287 -0.977391 0.175930 -0.094703 -0.994379 -0.047351 -0.020253 -0.992383 0.121516
0.458123 -0.215587 -0.862349 0.221621 -0.975133 0.000000 0.063725 -0.955879 -0.286764 -0.109764 -0.987878 -0.109764 0.000000 -0.999717 -0.023803 0.092623 -0.995701 0.000000 0.117287 -0.977391 0.175930 -0.094703 -0.994379 -0.047351 -0.020253 -0.992383 0.121516
0.551297 -0.183766 -0.813819 0.170716 -0.981616 0.085358 0.063725 -0.955879 -0.286764 -0.109764 -0.987878 -0.109764 0.000000 -0.999717 -0.023803 0.092623 -0.995701 0.000000 0.119570 -0.976491 0.179355 -0.094703 -0.994379 -0.047351 -0.020253 -0.992383 0.121516
0.588777 -0.153594 -0.793569 0.169944 -0.977176 0.127458 0.063725 -0.955879 -0.286764 -0.110133 -0.991201 -0.073422 0.000000 -0.999717 -0.023803 0.092623 -0.995701 0.000000 0.099860 -0.978631 0.179749 -0.094703 -0.994379 -0.047351 -0.020253 -0.992383 0.121516
0.619471 -0.129056 -0.774339 0.162221 -0.973329 0.162221 0.064282 -0.964237 -0.257130 -0.109764 -0.987878 -0.109764 0.000000 -0.999717 -0.023803 0.092623 -0.995701 0.000000 0.099860 -0.978631 0.179749 -0.094703 -0.994379 -0.047351 -0.020253 -0.992383 0.121516
0.603178 -0.131126 -0.786754 0.161034 -0.966204 0.201292 0.064282 -0.964237 -0.257130 -0.109764 -0.987878 -0.109764 0.000000 -0.999717 -0.023803 0.115501 -0.993307 0.000000 0.100201 -0.981966 0.160321 -0.094703 -0.994379 -0.047351 -0.020199 -0.989748 0.141393
0.603178 -0.131126 -0.786754 0.161034 -0.966204 0.201292 0.064282 -0.964237 -0.257130 -0.110133 -0.991201 -0.073422 0.000000 -0.999717 -0.023803 0.115501 -0.993307 0.000000 0.100201 -0.981966 0.160321 -0.094703 -0.994379 -0.047351 -0.020199 -0.989748 0.141393
0.615801 -0.133870 -0.776445 0.161034 -0.966204 0.201292 0.064282 -0.964237 -0.257130 -0.110133 -0.991201 -0.073422 0.000000 -0.999717 -0.023803 0.115501 -0.993307 0.000000 0.100201 -0.981966 0.160321 -0.094703 -0.994379 -0.047351 -0.020199 -0.989748 0.141393
0.613388 -0.160014 -0.773402 0.165948 -0.954201 0.248922 0.064786 -0.971795 -0.226752 -0.145671 -0.983282 -0.109254 0.000000 -0.999717 -0.023803 0.115501 -0.993307 0.000000 0.100201 -0.981966 0.160321 -0.094703 -0.994379 -0.047351 -0.020199 -0.989748 0.141393
0.596340 -0.162638 -0.786084 0.125218 -0.960001 0.250435 0.064786 -0.971795 -0.226752 -0.145671 -0.983282 -0.109254 0.000000 -0.999717 -0.023803 0.115501 -0.993307 0.000000 0.100201 -0.981966 0.160321 -0.094703 -0.994379 -0.047351 -0.020199 -0.989748 0.141393
0.596340 -0.162638 -0.786084 0.120386 -0.963087 0.240772 0.064786 -0.971795 -0.226752 -0.146157 -0.986559 -0.073078 0.000000 -0.999717 -0.023803 0.115501 -0.993307 0.000000 0.100201 -0.981966 0.160321 -0.094703 -0.994379 -0.047351 -0.020199 -0.989748 0.141393
0.578444 -0.165270 -0.798804 0.120386 -0.963087 0.240772 0.064786 -0.971795 -0.226752 -0.146157 -0.986559 -0.073078 0.000000 -0.999717 -0.023803 0.115501 -0.993307 0.000000 0.100201 -0.981966 0.160321 -0.094703 -0.994379 -0.047351 -0.020199 -0.989748 0.141393
0.578444 -0.165270 -0.798804 0.121466 -0.971732 0.202444 0.066890 -0.969905 -0.234115 -0.141069 -0.987484 -0.070535 0.000000 -0.999717 -0.023803 0.115501 -0.993307 0.000000 0.100201 -0.981966 0.160321 -0.094703 -0.994379 -0.047351 -0.020199 -0.989748 0.141393
