-0.552877 0.814766 -0.174593 -0.571187 -0.219687 -0.790875 -0.030069 -0.962216 -0.270623 -0.076696 -0.997054 0.000000 -0.072954 -0.997039 0.024318 0.086609 -0.996007 -0.021652 0.126972 -0.973450 0.190458 -0.086630 -0.996241 0.000000 0.000000 -0.988116 0.153707
-0.542228 0.813342 -0.210866 -0.612826 -0.235702 -0.754247 -0.030069 -0.962216 -0.270623 -0.076640 -0.996322 -0.038320 -0.072889 -0.996156 0.048593 0.086609 -0.996007 -0.021652 0.126972 -0.973450 0.190458 -0.086630 -0.996241 0.000000 0.000000 -0.988116 0.153707
-0.559233 0.807781 -0.186411 -0.619930 -0.221404 -0.752773 -0.060057 -0.960913 -0.270257 -0.076640 -0.996322 -0.038320 -0.071167 -0.996335 0.047445 0.086609 -0.996007 -0.021652 0.126972 -0.973450 0.190458 -0.086630 -0.996241 0.000000 0.000000 -0.988116 0.153707
-0.634681 0.729883 -0.253872 -0.619930 -0.221404 -0.752773 -0.061839 -0.958508 -0.278277 -0.073821 -0.996588 -0.036911 -0.071167 -0.996335 0.047445 0.086609 -0.996007 -0.021652 0.126972 -0.973450 0.190458 -0.086630 -0.996241 0.000000 0.000000 -0.988116 0.153707
-0.745043 0.583077 -0.323932 -0.593732 -0.254457 -0.763370 -0.061285 -0.949920 -0.306426 -0.110357 -0.993211 -0.036786 -0.071227 -0.997178 0.023742 0.086609 -0.996007 -0.021652 0.105621 -0.971711 0.211241 -0.086630 -0.996241 0.000000 0.000000 -0.984563 0.175033
-0.804934 0.436006 -0.402467 -0.613121 -0.306561 -0.728082 -0.061285 -0.949920 -0.306426 -0.114541 -0.992685 -0.038180 -0.072954 -0.997039 0.024318 0.086609 -0.996007 -0.021652 0.105621 -0.971711 0.211241 -0.086630 -0.996241 0.000000 0.000000 -0.984563 0.175033
-0.832409 0.299667 -0.466149 -0.617876 -0.436147 -0.654221 -0.063119 -0.946792 -0.315597 -0.110357 -0.993211 -0.036786 -0.072954 -0.997039 0.024318 0.086609 -0.996007 -0.021652 0.105621 -0.971711 0.211241 -0.086630 -0.996241 0.000000 0.000000 -0.983870 0.178885
-0.866578 0.061898 -0.495188 -0.552532 -0.589368 -0.589368 -0.065724 -0.952999 -0.295758 -0.110133 -0.991201 -0.073422 -0.071227 -0.997178 0.023742 0.086609 -0.996007 -0.021652 0.105621 -0.971711 0.211241 -0.086630 -0.996241 0.000000 0.000000 -0.983870 0.178885
-0.877784 -0.109723 -0.466323 -0.441129 -0.735215 -0.514650 -0.067845 -0.949835 -0.305304 -0.106265 -0.991811 -0.070844 -0.071227 -0.997178 0.023742 0.086609 -0.996007 -0.021652 0.105621 -0.971711 0.211241 -0.086630 -0.996241 0.000000 -0.022355 -0.983624 0.178841
-0.874368 -0.282054 -0.394876 -0.395387 -0.790774 -0.467275 -0.065724 -0.952999 -0.295758 -0.106466 -0.993683 -0.035489 -0.047552 -0.998586 0.023776 0.086609 -0.996007 -0.021652 0.105621 -0.971711 0.211241 -0.086630 -0.996241 0.000000 -0.022355 -0.983624 0.178841
-0.859955 -0.401313 -0.315317 -0.373795 -0.815553 -0.441758 -0.065724 -0.952999 -0.295758 -0.106466 -0.993683 -0.035489 -0.047565 -0.998868 0.000000 0.086609 -0.996007 -0.021652 0.105129 -0.967189 0.231284 -0.086630 -0.996241 0.000000 -0.022355 -0.983624 0.178841
-0.867315 -0.418704 -0.269167 -0.339227 -0.848067 -0.407072 -0.065724 -0.952999 -0.295758 -0.106466 -0.993683 -0.035489 -0.047552 -0.998586 -0.023776 0.086609 -0.996007 -0.021652 0.105129 -0.967189 0.231284 -0.086630 -0.996241 0.000000 -0.044488 -0.978745 0.200198
-0.859608 -0.429804 -0.276303 -0.358979 -0.861550 -0.358979 -0.063725 -0.955879 -0.286764 -0.110357 -0.993211 -0.036786 -0.047552 -0.998586 -0.023776 0.086609 -0.996007 -0.021652 0.105129 -0.967189 0.231284 -0.086630 -0.996241 0.000000 -0.044488 -0.978745 0.200198
-0.858550 -0.445174 -0.254385 -0.358979 -0.861550 -0.358979 -0.063725 -0.955879 -0.286764 -0.110357 -0.993211 -0.036786 -0.047565 -0.998868 0.000000 0.086609 -0.996007 -0.021652 0.107310 -0.965790 0.236082 -0.086630 -0.996241 0.000000 -0.044488 -0.978745 0.200198
-0.870515 -0.419137 -0.257930 -0.331295 -0.883452 -0.331295 -0.061839 -0.958508 -0.278277 -0.114541 -0.992685 -0.038180 -0.048723 -0.998812 0.000000 0.086609 -0.996007 -0.021652 0.107310 -0.965790 0.236082 -0.108059 -0.994144 0.000000 -0.022261 -0.979472 0.200347
-0.893081 -0.363848 -0.264616 -0.331295 -0.883452 -0.331295 -0.061839 -0.958508 -0.278277 -0.114541 -0.992685 -0.038180 -0.024383 -0.999703 0.000000 0.086609 -0.996007 -0.021652 0.107310 -0.965790 0.236082 -0.108059 -0.994144 0.000000 -0.022261 -0.979472 0.200347
-0.891702 -0.350311 -0.286618 -0.308148 -0.885927 -0.346667 -0.061839 -0.958508 -0.278277 -0.114541 -0.992685 -0.038180 -0.024383 -0.999703 0.000000 0.086609 -0.996007 -0.021652 0.107310 -0.965790 0.236082 -0.108059 -0.994144 0.000000 -0.022261 -0.979472 0.200347
-0.907136 -0.281525 -0.312806 -0.308148 -0.885927 -0.346667 -0.061839 -0.958508 -0.278277 -0.114624 -0.993409 0.000000 -0.024383 -0.999703 0.000000 0.065064 -0.997645 -0.021688 0.107310 -0.965790 0.236082 -0.108059 -0.994144 0.000000 -0.044488 -0.978745 0.200198
-0.897958 -0.278677 -0.340605 -0.318981 -0.877197 -0.358854 -0.062348 -0.966394 -0.249392 -0.114541 -0.992685 -0.038180 -0.024383 -0.999703 0.000000 0.065064 -0.997645 -0.021688 0.107310 -0.965790 0.236082 -0.108059 -0.994144 0.000000 -0.044488 -0.978745 0.200198
-0.884554 -0.221138 -0.410686 -0.318981 -0.877197 -0.358854 -0.062348 -0.966394 -0.249392 -0.114541 -0.992685 -0.038180 -0.024383 -0.999703 0.000000 0.065064 -0.997645 -0.021688 0.107310 -0.965790 0.236082 -0.108034 -0.993912 0.021607 -0.044677 -0.982888 0.178707
-0.860826 -0.215206 -0.461157 -0.330477 -0.867502 -0.371787 -0.062348 -0.966394 -0.249392 -0.151947 -0.987658 -0.037987 -0.024383 -0.999703 0.000000 0.065064 -0.997645 -0.021688 0.107310 -0.965790 0.236082 -0.108034 -0.993912 0.021607 -0.044488 -0.978745 0.200198
-0.818182 -0.181818 -0.545455 -0.254000 -0.889001 -0.381000 -0.062348 -0.966394 -0.249392 -0.151947 -0.987658 -0.037987 -0.024383 -0.999703 0.000000 0.086609 -0.996007 -0.021652 0.107310 -0.965790 0.236082 -0.108034 -0.993912 0.021607 -0.044488 -0.978745 0.200198
-0.767507 -0.184202 -0.614006 -0.218218 -0.872872 -0.436436 -0.031911 -0.957338 -0.287202 -0.181969 -0.982631 -0.036394 -0.024383 -0.999703 0.000000 0.086609 -0.996007 -0.021652 0.107310 -0.965790 0.236082 -0.108034 -0.993912 0.021607 -0.044488 -0.978745 0.200198
-0.713957 -0.148741 -0.684209 -0.042954 -0.902027 -0.429537 -0.031911 -0.957338 -0.287202 -0.181969 -0.982631 -0.036394 0.000000 -1.000000 0.000000 0.086609 -0.996007 -0.021652 0.107310 -0.965790 0.236082 -0.108034 -0.993912 0.021607 -0.044488 -0.978745 0.200198
-0.641533 -0.116642 -0.758175 0.043727 -0.918266 -0.393543 -0.032191 -0.965734 -0.257529 -0.181969 -0.982631 -0.036394 0.000000 -1.000000 0.000000 0.086609 -0.996007 -0.021652 0.107310 -0.965790 0.236082 -0.108034 -0.993912 0.021607 -0.044488 -0.978745 0.200198
-0.477665 -0.149270 -0.865768 0.087204 -0.915644 -0.392419 -0.031911 -0.957338 -0.287202 -0.181969 -0.982631 -0.036394 0.000000 -1.000000 0.000000 0.086548 -0.995307 -0.043274 0.106746 -0.960714 0.256190 -0.108034 -0.993912 0.021607 -0.044488 -0.978745 0.200198
-0.313011 -0.142278 -0.939032 0.132324 -0.926270 -0.352865 -0.031911 -0.957338 -0.287202 -0.181969 -0.982631 -0.036394 0.000000 -0.999703 -0.024383 0.086548 -0.995307 -0.043274 0.106746 -0.960714 0.256190 -0.108034 -0.993912 0.021607 -0.044488 -0.978745 0.200198
-0.193403 -0.165774 -0.967013 0.226108 -0.904431 -0.361773 -0.031607 -0.948209 -0.316070 -0.146450 -0.988540 -0.036613 0.000000 -0.999703 -0.024383 0.086548 -0.995307 -0.043274 0.106746 -0.960714 0.256190 -0.108034 -0.993912 0.021607 -0.044488 -0.978745 0.200198
-0.027257 -0.190799 -0.981251 0.279448 -0.931493 -0.232873 -0.031607 -0.948209 -0.316070 -0.146450 -0.988540 -0.036613 0.000000 -0.999703 -0.024383 0.086548 -0.995307 -0.043274 0.106746 -0.960714 0.256190 -0.108034 -0.993912 0.021607 -0.022261 -0.979472 0.200347
0.138728 -0.194220 -0.971099 0.284427 -0.948091 -0.142214 -0.031281 -0.938417 -0.344086 -0.146450 -0.988540 -0.036613 0.000000 -0.999703 -0.024383 0.086548 -0.995307 -0.043274 0.106746 -0.960714 0.256190 -0.108034 -0.993912 0.021607 -0.022261 -0.979472 0.200347
0.284210 -0.198947 -0.937894 0.287019 -0.956730 -0.047836 -0.031281 -0.938417 -0.344086 -0.146450 -0.988540 -0.036613 0.000000 -0.999703 -0.024383 0.086548 -0.995307 -0.043274 0.085573 -0.962691 0.256718 -0.108034 -0.993912 0.021607 -0.022157 -0.974893 0.221567
0.437781 -0.204298 -0.875563 0.287348 -0.957826 0.000000 -0.031281 -0.938417 -0.344086 -0.146450 -0.988540 -0.036613 0.000000 -0.999703 -0.024383 0.086548 -0.995307 -0.043274 0.085573 -0.962691 0.256718 -0.108034 -0.993912 0.021607 -0.022157 -0.974893 0.221567
0.516610 -0.200904 -0.832317 0.287019 -0.956730 -0.047836 -0.031281 -0.938417 -0.344086 -0.146549 -0.989203 0.000000 0.000000 -0.999703 -0.024383 0.086609 -0.996007 -0.021652 0.085573 -0.962691 0.256718 -0.108034 -0.993912 0.021607 -0.022157 -0.974893 0.221567
0.559673 -0.167902 -0.811526 0.231372 -0.971764 0.046274 -0.031281 -0.938417 -0.344086 -0.146549 -0.989203 0.000000 0.000000 -0.999703 -0.024383 0.086609 -0.996007 -0.021652 0.085573 -0.962691 0.256718 -0.108034 -0.993912 0.021607 -0.022157 -0.974893 0.221567
0.593970 -0.141421 -0.791960 0.221404 -0.974176 0.044281 -0.031281 -0.938417 -0.344086 -0.146549 -0.989203 0.000000 0.000000 -0.999703 -0.024383 0.086609 -0.996007 -0.021652 0.085573 -0.962691 0.256718 -0.108034 -0.993912 0.021607 -0.022157 -0.974893 0.221567
0.625262 -0.142105 -0.767368 0.221404 -0.974176 0.044281 -0.031281 -0.938417 -0.344086 -0.146549 -0.989203 0.000000 0.000000 -0.999703 -0.024383 0.086609 -0.996007 -0.021652 0.086026 -0.967798 0.236573 -0.108034 -0.993912 0.021607 -0.022157 -0.974893 0.221567
0.627548 -0.114100 -0.770172 0.211667 -0.973668 0.084667 -0.031281 -0.938417 -0.344086 -0.146549 -0.989203 0.000000 0.000000 -0.999703 -0.024383 0.086609 -0.996007 -0.021652 0.086026 -0.967798 0.236573 -0.108034 -0.993912 0.021607 -0.022157 -0.974893 0.221567
0.611593 -0.087370 -0.786334 0.212238 -0.976296 0.042448 -0.031281 -0.938417 -0.344086 -0.146549 -0.989203 0.000000 0.000000 -0.999703 -0.024383 0.086609 -0.996007 -0.021652 0.086026 -0.967798 0.236573 -0.086609 -0.996007 0.021652 -0.044281 -0.974176 0.221404
0.611593 -0.087370 -0.786334 0.212238 -0.976296 0.042448 -0.031281 -0.938417 -0.344086 -0.146549 -0.989203 0.000000 0.000000 -0.999688 -0.024992 0.086609 -0.996007 -0.021652 0.086026 -0.967798 0.236573 -0.086609 -0.996007 0.021652 -0.044281 -0.974176 0.221404
0.612894 -0.058371 -0.788006 0.203785 -0.978167 0.040757 -0.031281 -0.938417 -0.344086 -0.146450 -0.988540 0.036613 0.000000 -0.999688 -0.024992 0.086609 -0.996007 -0.021652 0.086026 -0.967798 0.236573 -0.086609 -0.996007 0.021652 -0.044281 -0.974176 0.221404
0.612894 -0.058371 -0.788006 0.195965 -0.979827 0.039193 -0.031281 -0.938417 -0.344086 -0.146450 -0.988540 0.036613 0.000000 -0.999688 -0.024992 0.086609 -0.996007 -0.021652 0.086026 -0.967798 0.236573 -0.086609 -0.996007 0.021652 -0.044281 -0.974176 0.221404
0.594176 -0.059418 -0.802137 0.195965 -0.979827 0.039193 -0.031607 -0.948209 -0.316070 -0.146549 -0.989203 0.000000 0.000000 -0.999688 -0.024992 0.086609 -0.996007 -0.021652 0.086026 -0.967798 0.236573 -0.086609 -0.996007 0.021652 -0.044281 -0.974176 0.221404
0.594176 -0.059418 -0.802137 0.195965 -0.979827 0.039193 -0.031607 -0.948209 -0.316070 -0.146549 -0.989203 0.000000 0.000000 -0.999688 -0.024992 0.086609 -0.996007 -0.021652 0.086026 -0.967798 0.236573 -0.086609 -0.996007 0.021652 -0.044281 -0.974176 0.221404
0.599023 -0.057050 -0.798697 0.157867 -0.986671 0.039467 -0.031607 -0.948209 -0.316070 -0.146549 -0.989203 0.000000 0.000000 -0.999688 -0.024992 0.086609 -0.996007 -0.021652 0.086026 -0.967798 0.236573 -0.086609 -0.996007 0.021652 -0.044281 -0.974176 0.221404
0.599023 -0.057050 -0.798697 0.157867 -0.986671 0.039467 -0.031607 -0.948209 -0.316070 -0.146549 -0.989203 0.000000 0.000000 -0.999688 -0.024992 0.086609 -0.996007 -0.021652 0.086026 -0.967798 0.236573 -0.086609 -0.996007 0.021652 -0.044281 -0.974176 0.221404
0.599023 -0.057050 -0.798697 0.157867 -0.986671 0.039467 -0.031607 -0.948209 -0.316070 -0.146549 -0.989203 0.000000 0.000000 -0.999688 -0.024992 0.086609 -0.996007 -0.021652 0.086026 -0.967798 0.236573 -0.086609 -0.996007 0.021652 -0.044055 -0.969201 0.242300
