-0.803697 0.526560 -0.277137 -0.203785 0.040757 -0.978167 0.000000 -0.979457 -0.201653 -0.265343 -0.961869 -0.066336 -0.021272 -0.999774 0.000000 0.068024 -0.997684 0.000000 0.090236 -0.970034 0.225589 0.000000 -0.999742 -0.022721 0.000000 -0.990830 0.135113
-0.787250 0.449857 -0.421741 -0.384812 -0.213785 -0.897895 0.000000 -0.976900 -0.213697 -0.336336 -0.941742 0.000000 -0.061110 -0.998131 0.000000 0.068024 -0.997684 0.000000 0.090236 -0.970034 0.225589 0.000000 -0.999742 -0.022721 0.000000 -0.990830 0.135113
-0.788006 0.321040 -0.525338 -0.480000 -0.360000 -0.800000 0.000000 -0.973841 -0.227230 -0.114291 -0.990521 -0.076194 -0.079745 -0.996815 0.000000 0.068024 -0.997684 0.000000 0.090236 -0.970034 0.225589 0.000000 -0.999742 -0.022721 0.000000 -0.990830 0.135113
-0.818517 0.094444 -0.566666 -0.494902 -0.418763 -0.761387 0.033501 -0.971537 -0.234509 -0.140633 -0.984428 -0.105474 -0.079745 -0.996815 0.000000 0.068024 -0.997684 0.000000 0.090236 -0.970034 0.225589 0.000000 -0.999742 -0.022721 0.000000 -0.993605 0.112910
-0.800373 -0.088930 -0.592869 -0.455842 -0.569803 -0.683763 0.000000 -0.972082 -0.234641 -0.102359 -0.989467 -0.102359 -0.081345 -0.996478 -0.020336 0.066519 -0.997785 0.000000 0.090236 -0.970034 0.225589 0.000000 -0.999742 -0.022721 0.000000 -0.993605 0.112910
-0.787250 -0.253045 -0.562322 -0.390137 -0.741261 -0.546192 0.000000 -0.970143 -0.242536 -0.068439 -0.992360 -0.102658 -0.062365 -0.997837 -0.020788 0.066519 -0.997785 0.000000 0.090236 -0.970034 0.225589 0.000000 -0.999742 -0.022721 0.000000 -0.993605 0.112910
-0.768061 -0.438892 -0.466323 -0.342376 -0.798878 -0.494543 0.000000 -0.972082 -0.234641 -0.068160 -0.988317 -0.136320 -0.042476 -0.998194 -0.042476 0.066519 -0.997785 0.000000 0.088302 -0.971324 0.220755 0.000000 -0.999742 -0.022721 -0.022576 -0.993352 0.112881
-0.731194 -0.584955 -0.350973 -0.269032 -0.845529 -0.461197 0.000000 -0.975441 -0.220261 -0.073078 -0.986559 -0.146157 -0.042476 -0.998194 -0.042476 0.066519 -0.997785 0.000000 0.088302 -0.971324 0.220755 0.000000 -0.999742 -0.022721 -0.022081 -0.993641 0.110405
-0.681500 -0.681500 -0.266674 -0.264764 -0.869940 -0.416058 0.064282 -0.964237 -0.257130 -0.109764 -0.987878 -0.109764 -0.021253 -0.998870 -0.042505 0.066519 -0.997785 0.000000 0.088302 -0.971324 0.220755 0.000000 -0.999742 -0.022721 -0.022081 -0.993641 0.110405
-0.670370 -0.700842 -0.243771 -0.278225 -0.874421 -0.397464 0.064282 -0.964237 -0.257130 -0.109764 -0.987878 -0.109764 -0.022195 -0.998768 -0.044390 0.066519 -0.997785 0.000000 0.086447 -0.972533 0.216118 0.000000 -0.999742 -0.022721 -0.044130 -0.992916 0.110324
-0.657858 -0.720511 -0.219286 -0.236067 -0.904923 -0.354100 0.064282 -0.964237 -0.257130 -0.110133 -0.991201 -0.073422 -0.022195 -0.998768 -0.044390 0.066503 -0.997540 0.022168 0.064942 -0.974126 0.216473 0.000000 -0.999742 -0.022721 -0.044012 -0.990267 0.132036
-0.675088 -0.705774 -0.214801 -0.236067 -0.904923 -0.354100 0.064282 -0.964237 -0.257130 -0.110133 -0.991201 -0.073422 0.000000 -0.999014 -0.044401 0.066503 -0.997540 0.022168 0.064942 -0.974126 0.216473 0.000000 -0.999742 -0.022721 -0.044012 -0.990267 0.132036
-0.684830 -0.684830 -0.249029 -0.297936 -0.893807 -0.335178 0.062348 -0.966394 -0.249392 -0.110133 -0.991201 -0.073422 0.000000 -0.999014 -0.044401 0.066503 -0.997540 0.022168 0.064942 -0.974126 0.216473 0.000000 -0.999742 -0.022721 -0.044012 -0.990267 0.132036
-0.701334 -0.637577 -0.318788 -0.276268 -0.907738 -0.315735 0.031220 -0.967805 -0.249756 -0.146157 -0.986559 -0.073078 0.000000 -0.999014 -0.044401 0.066503 -0.997540 0.022168 0.064942 -0.974126 0.216473 0.000000 -0.999742 -0.022721 -0.044012 -0.990267 0.132036
-0.741550 -0.548102 -0.386896 -0.239236 -0.917070 -0.318981 0.031220 -0.967805 -0.249756 -0.146157 -0.986559 -0.073078 0.000000 -0.999014 -0.044401 0.066503 -0.997540 0.022168 0.064942 -0.974126 0.216473 0.000000 -0.999742 -0.022721 -0.044012 -0.990267 0.132036
-0.749269 -0.468293 -0.468293 -0.208878 -0.919063 -0.334205 0.031220 -0.967805 -0.249756 -0.146157 -0.986559 -0.073078 0.000000 -0.999014 -0.044401 0.066503 -0.997540 0.022168 0.064942 -0.974126 0.216473 0.000000 -0.999742 -0.022721 -0.065938 -0.989071 0.131876
-0.719453 -0.406647 -0.563050 -0.217186 -0.912182 -0.347498 0.030303 -0.969697 -0.242424 -0.151947 -0.987658 -0.037987 0.000000 -0.999014 -0.044401 0.066503 -0.997540 0.022168 0.064942 -0.974126 0.216473 0.000000 -0.999730 -0.023250 -0.064535 -0.989533 0.129070
-0.644826 -0.354654 -0.677067 -0.226108 -0.904431 -0.361773 0.031220 -0.967805 -0.249756 -0.151947 -0.987658 -0.037987 0.000000 -0.999014 -0.044401 0.066503 -0.997540 0.022168 0.064942 -0.974126 0.216473 0.000000 -0.999730 -0.023250 -0.064535 -0.989533 0.129070
-0.618070 -0.325300 -0.715660 -0.179425 -0.897123 -0.403705 0.032444 -0.973329 -0.227110 -0.146157 -0.986559 -0.073078 0.000000 -0.999014 -0.044401 0.066503 -0.997540 0.022168 0.064942 -0.974126 0.216473 0.000000 -0.999730 -0.023250 -0.064535 -0.989533 0.129070
-0.599334 -0.233075 -0.765816 -0.085671 -0.899541 -0.428353 0.031220 -0.967805 -0.249756 -0.146157 -0.986559 -0.073078 0.000000 -0.999014 -0.044401 0.068006 -0.997427 0.022669 0.063600 -0.975198 0.212000 0.000000 -0.999730 -0.023250 -0.064535 -0.989533 0.129070
-0.503935 -0.201574 -0.839891 0.043727 -0.918266 -0.393543 0.031220 -0.967805 -0.249756 -0.146157 -0.986559 -0.073078 0.000000 -0.999014 -0.044401 0.068006 -0.997427 0.022669 0.063600 -0.975198 0.212000 0.000000 -0.999730 -0.023250 -0.064535 -0.989533 0.129070
-0.428298 -0.142766 -0.892288 0.089087 -0.890871 -0.445435 0.031220 -0.967805 -0.249756 -0.146157 -0.986559 -0.073078 0.000000 -0.999014 -0.044401 0.068006 -0.997427 0.022669 0.063600 -0.975198 0.212000 0.000000 -0.999730 -0.023250 -0.064535 -0.989533 0.129070
-0.324176 -0.162088 -0.932007 0.135526 -0.903508 -0.406579 0.032444 -0.973329 -0.227110 -0.140633 -0.984428 -0.105474 0.000000 -0.999014 -0.044401 0.068006 -0.997427 0.022669 0.063600 -0.975198 0.212000 0.000000 -0.999730 -0.023250 -0.064535 -0.989533 0.129070
-0.162221 -0.162221 -0.973329 0.259161 -0.863868 -0.431934 0.064786 -0.971795 -0.226752 -0.141069 -0.987484 -0.070535 0.000000 -0.999014 -0.044401 0.068006 -0.997427 0.022669 0.064942 -0.974126 0.216473 0.000000 -0.999730 -0.023250 -0.043073 -0.990680 0.129219
0.000000 -0.164399 -0.986394 0.357771 -0.894427 -0.268328 0.064282 -0.964237 -0.257130 -0.175358 -0.982003 -0.070143 0.000000 -0.999014 -0.044401 0.068006 -0.997427 0.022669 0.064942 -0.974126 0.216473 0.000000 -0.999730 -0.023250 -0.044012 -0.990267 0.132036
0.217584 -0.155417 -0.963588 0.308457 -0.925371 -0.220326 0.064282 -0.964237 -0.257130 -0.175358 -0.982003 -0.070143 0.000000 -0.999014 -0.044401 0.068006 -0.997427 0.022669 0.064942 -0.974126 0.216473 0.000000 -0.999730 -0.023250 -0.044012 -0.990267 0.132036
0.391077 -0.180497 -0.902485 0.313363 -0.940089 -0.134298 0.064282 -0.964237 -0.257130 -0.175358 -0.982003 -0.070143 0.000000 -0.999014 -0.044401 0.068006 -0.997427 0.022669 0.064942 -0.974126 0.216473 0.000000 -0.999730 -0.023250 -0.043874 -0.987165 0.153559
0.529183 -0.205793 -0.823173 0.313363 -0.940089 -0.134298 0.066336 -0.961869 -0.265343 -0.169516 -0.983192 -0.067806 0.000000 -0.999056 -0.043437 0.068006 -0.997427 0.022669 0.065233 -0.978492 0.195698 0.000000 -0.999730 -0.023250 -0.043874 -0.987165 0.153559
0.642353 -0.233583 -0.729946 0.352865 -0.926270 -0.132324 0.066336 -0.961869 -0.265343 -0.169516 -0.983192 -0.067806 0.000000 -0.999056 -0.043437 0.045396 -0.998711 0.022698 0.065233 -0.978492 0.195698 0.000000 -0.999730 -0.023250 -0.043874 -0.987165 0.153559
0.670370 -0.243771 -0.700842 0.338971 -0.932170 -0.127114 0.066336 -0.961869 -0.265343 -0.175358 -0.982003 -0.070143 0.000000 -0.999056 -0.043437 0.045396 -0.998711 0.022698 0.065233 -0.978492 0.195698 0.000000 -0.999730 -0.023250 -0.043874 -0.987165 0.153559
0.690111 -0.217930 -0.690111 0.338971 -0.932170 -0.127114 0.066890 -0.969905 -0.234115 -0.175358 -0.982003 -0.070143 0.000000 -0.999056 -0.043437 0.045396 -0.998711 0.022698 0.065233 -0.978492 0.195698 0.000000 -0.999730 -0.023250 -0.043874 -0.987165 0.153559
0.713057 -0.187647 -0.675528 0.340503 -0.936382 -0.085126 0.066890 -0.969905 -0.234115 -0.175358 -0.982003 -0.070143 0.000000 -0.999056 -0.043437 0.045396 -0.998711 0.022698 0.066650 -0.977536 0.199951 0.000000 -0.999730 -0.023250 -0.043874 -0.987165 0.153559
0.706562 -0.235521 -0.667308 0.354594 -0.930809 -0.088648 0.033501 -0.971537 -0.234509 -0.141069 -0.987484 -0.070535 0.000000 -0.999056 -0.043437 0.045396 -0.998711 0.022698 0.066650 -0.977536 0.199951 0.000000 -0.999730 -0.023250 -0.043874 -0.987165 0.153559
0.693849 -0.192736 -0.693849 0.355643 -0.933564 -0.044455 0.033501 -0.971537 -0.234509 -0.141069 -0.987484 -0.070535 0.000000 -0.999056 -0.043437 0.045396 -0.998711 0.022698 0.066650 -0.977536 0.199951 0.000000 -0.999730 -0.023250 -0.043874 -0.987165 0.153559
0.650493 -0.203279 -0.731804 0.392419 -0.915644 -0.087204 0.033501 -0.971537 -0.234509 -0.141069 -0.987484 -0.070535 0.000000 -0.999056 -0.043437 0.045396 -0.998711 0.022698 0.066650 -0.977536 0.199951 0.000000 -0.999730 -0.023250 -0.043716 -0.983621 0.174866
0.650493 -0.203279 -0.731804 0.354594 -0.930809 -0.088648 0.033501 -0.971537 -0.234509 -0.141069 -0.987484 -0.070535 0.000000 -0.999056 -0.043437 0.045396 -0.998711 0.022698 0.066650 -0.977536 0.199951 0.000000 -0.999730 -0.023250 -0.043716 -0.983621 0.174866
0.631470 -0.197334 -0.749870 0.354594 -0.930809 -0.088648 0.033501 -0.971537 -0.234509 -0.141333 -0.989331 -0.035333 0.000000 -0.997880 -0.065079 0.045396 -0.998711 0.022698 0.066650 -0.977536 0.199951 0.000000 -0.999730 -0.023250 -0.043716 -0.983621 0.174866
0.613121 -0.191600 -0.766402 0.355643 -0.933564 -0.044455 0.033501 -0.971537 -0.234509 -0.141333 -0.989331 -0.035333 0.000000 -0.997880 -0.065079 0.045396 -0.998711 0.022698 0.066650 -0.977536 0.199951 0.000000 -0.999730 -0.023250 -0.043716 -0.983621 0.174866
0.613121 -0.191600 -0.766402 0.355643 -0.933564 -0.044455 0.033501 -0.971537 -0.234509 -0.141333 -0.989331 -0.035333 0.000000 -0.997880 -0.065079 0.068006 -0.997427 0.022669 0.044488 -0.978745 0.200198 0.000000 -0.999730 -0.023250 -0.043716 -0.983621 0.174866
0.588348 -0.196116 -0.784465 0.355643 -0.933564 -0.044455 0.033501 -0.971537 -0.234509 -0.141069 -0.987484 -0.070535 0.000000 -0.997785 -0.066519 0.068006 -0.997427 0.022669 0.044488 -0.978745 0.200198 0.000000 -0.999730 -0.023250 -0.043716 -0.983621 0.174866
0.570627 -0.190209 -0.798878 0.354594 -0.930809 -0.088648 0.033501 -0.971537 -0.234509 -0.141069 -0.987484 -0.070535 0.022168 -0.997540 -0.066503 0.068006 -0.997427 0.022669 0.044488 -0.978745 0.200198 0.000000 -0.999730 -0.023250 -0.043716 -0.983621 0.174866
0.570627 -0.190209 -0.798878 0.354594 -0.930809 -0.088648 0.033501 -0.971537 -0.234509 -0.141069 -0.987484 -0.070535 0.022168 -0.997540 -0.066503 0.068006 -0.997427 0.022669 0.044488 -0.978745 0.200198 0.000000 -0.999730 -0.023250 -0.043716 -0.983621 0.174866
0.570627 -0.190209 -0.798878 0.354594 -0.930809 -0.088648 0.033501 -0.971537 -0.234509 -0.141069 -0.987484 -0.070535 0.022168 -0.997540 -0.066503 0.066503 -0.997540 0.022168 0.044488 -0.978745 0.200198 0.000000 -0.999730 -0.023250 -0.043716 -0.983621 0.174866
0.570627 -0.190209 -0.798878 0.354594 -0.930809 -0.088648 0.066336 -0.961869 -0.265343 -0.141069 -0.987484 -0.070535 0.022168 -0.997540 -0.066503 0.066454 -0.996805 0.044302 0.044677 -0.982888 0.178707 0.000000 -0.999730 -0.023250 -0.043716 -0.983621 0.174866
0.558404 -0.209401 -0.802706 0.354594 -0.930809 -0.088648 0.066336 -0.961869 -0.265343 -0.141069 -0.987484 -0.070535 0.022168 -0.997540 -0.066503 0.066503 -0.997540 0.022168 0.044488 -0.978745 0.200198 0.000000 -0.999730 -0.023250 -0.043716 -0.983621 0.174866
0.554035 -0.242390 -0.796425 0.354594 -0.930809 -0.088648 0.066336 -0.961869 -0.265343 -0.141069 -0.987484 -0.070535 0.022168 -0.997540 -0.066503 0.066503 -0.997540 0.022168 0.044488 -0.978745 0.200198 0.000000 -0.999730 -0.023250 -0.043716 -0.983621 0.174866
0.562310 -0.231539 -0.793849 0.314945 -0.944835 -0.089984 0.066336 -0.961869 -0.265343 -0.141069 -0.987484 -0.070535 0.022168 -0.997540 -0.066503 0.066503 -0.997540 0.022168 0.044488 -0.978745 0.200198 0.000000 -0.999730 -0.023250 -0.043716 -0.983621 0.174866
0.557752 -0.262471 -0.787414 0.302072 -0.949370 -0.086306 0.066336 -0.961869 -0.265343 -0.141069 -0.987484 -0.070535 0.022168 -0.997540 -0.066503 0.066519 -0.997785 0.000000 0.044488 -0.978745 0.200198 0.000000 -0.999730 -0.023250 -0.043716 -0.983621 0.174866
