-0.471288 0.879738 -0.062838 -0.646997 0.107833 -0.754829 0.060943 -0.975084 -0.213300 -0.145671 -0.983282 -0.109254 0.022716 -0.999484 -0.022716 0.048593 -0.996156 -0.072889 0.057406 -0.975909 0.210490 -0.047351 -0.994379 -0.094703 0.000000 -0.987441 0.157991
-0.473016 0.878459 -0.067574 -0.630190 0.265343 -0.729694 0.060943 -0.975084 -0.213300 -0.145671 -0.983282 -0.109254 0.000000 -0.999730 -0.023250 0.048593 -0.996156 -0.072889 0.057406 -0.975909 0.210490 -0.047351 -0.994379 -0.094703 0.000000 -0.987441 0.157991
-0.500517 0.864530 -0.045502 -0.624379 0.295758 -0.722965 0.060943 -0.975084 -0.213300 -0.109764 -0.987878 -0.109764 0.000000 -0.999730 -0.023250 0.048593 -0.996156 -0.072889 0.057406 -0.975909 0.210490 -0.047351 -0.994379 -0.094703 0.000000 -0.987441 0.157991
-0.563547 0.819705 -0.102463 -0.643823 0.289720 -0.708205 0.060943 -0.975084 -0.213300 -0.109764 -0.987878 -0.109764 -0.066519 -0.997785 0.000000 0.048593 -0.996156 -0.072889 0.057406 -0.975909 0.210490 -0.047351 -0.994379 -0.094703 0.000000 -0.987441 0.157991
-0.668734 0.724462 -0.167183 -0.634681 0.253872 -0.729883 0.060943 -0.975084 -0.213300 -0.145000 -0.978749 -0.145000 -0.066519 -0.997785 0.000000 0.048593 -0.996156 -0.072889 0.057406 -0.975909 0.210490 -0.047351 -0.994379 -0.094703 0.000000 -0.987441 0.157991
-0.757033 0.594812 -0.270369 -0.650557 0.154895 -0.743494 0.060943 -0.975084 -0.213300 -0.140028 -0.980196 -0.140028 -0.088540 -0.996073 0.000000 0.048593 -0.996156 -0.072889 0.057406 -0.975909 0.210490 -0.047351 -0.994379 -0.094703 0.019745 -0.987248 0.157960
-0.814379 0.458088 -0.356291 -0.674453 0.061314 -0.735767 0.060943 -0.975084 -0.213300 -0.174078 -0.974835 -0.139262 -0.088518 -0.995829 -0.022130 0.048593 -0.996156 -0.072889 0.057406 -0.975909 0.210490 -0.047351 -0.994379 -0.094703 0.019803 -0.990148 0.138621
-0.816497 0.408248 -0.408248 -0.624379 -0.197172 -0.755827 0.030514 -0.976445 -0.213597 -0.241747 -0.966988 -0.080582 -0.067954 -0.996659 -0.045303 0.048593 -0.996156 -0.072889 0.057406 -0.975909 0.210490 -0.047351 -0.994379 -0.094703 0.000000 -0.990342 0.138648
-0.833950 0.320750 -0.449050 -0.519096 -0.449884 -0.726735 0.029630 -0.977805 -0.207413 -0.249523 -0.962446 -0.106938 -0.067954 -0.996659 -0.045303 0.048593 -0.996156 -0.072889 0.057166 -0.971825 0.228665 -0.047351 -0.994379 -0.094703 0.000000 -0.990342 0.138648
-0.880105 0.082510 -0.467556 -0.365636 -0.658145 -0.658145 0.030514 -0.976445 -0.213597 -0.208389 -0.972480 -0.104194 -0.045303 -0.996659 -0.067954 0.048593 -0.996156 -0.072889 0.057166 -0.971825 0.228665 -0.047351 -0.994379 -0.094703 0.000000 -0.990342 0.138648
-0.877784 -0.109723 -0.466323 -0.320206 -0.782725 -0.533676 0.029630 -0.977805 -0.207413 -0.208389 -0.972480 -0.104194 -0.047445 -0.996335 -0.071167 0.048593 -0.996156 -0.072889 0.057166 -0.971825 0.228665 -0.047351 -0.994379 -0.094703 -0.019803 -0.990148 0.138621
-0.854218 -0.275554 -0.440887 -0.281265 -0.843795 -0.457056 0.030700 -0.982409 -0.184202 -0.201574 -0.974274 -0.100787 -0.047445 -0.996335 -0.071167 0.048593 -0.996156 -0.072889 0.057166 -0.971825 0.228665 -0.047351 -0.994379 -0.094703 -0.019803 -0.990148 0.138621
-0.832950 -0.446223 -0.327230 -0.211472 -0.881134 -0.422944 0.027842 -0.974481 -0.222738 -0.188713 -0.981307 -0.037743 -0.047445 -0.996335 -0.071167 0.048593 -0.996156 -0.072889 0.056126 -0.972855 0.224505 -0.047351 -0.994379 -0.094703 -0.019803 -0.990148 0.138621
-0.817540 -0.496364 -0.291979 -0.217500 -0.906249 -0.362500 0.026939 -0.969790 -0.242448 -0.196116 -0.980581 0.000000 -0.047511 -0.997740 -0.047511 0.048593 -0.996156 -0.072889 0.056126 -0.972855 0.224505 -0.047351 -0.994379 -0.094703 -0.038822 -0.989965 0.135878
-0.815366 -0.506089 -0.281161 -0.220267 -0.917779 -0.330400 0.026939 -0.969790 -0.242448 -0.196116 -0.980581 0.000000 -0.047511 -0.997740 -0.047511 0.048593 -0.996156 -0.072889 0.056126 -0.972855 0.224505 -0.047351 -0.994379 -0.094703 -0.038822 -0.989965 0.135878
-0.805609 -0.517892 -0.287718 -0.257674 -0.920263 -0.294484 0.026939 -0.969790 -0.242448 -0.196116 -0.980581 0.000000 -0.023776 -0.998586 -0.047552 0.048593 -0.996156 -0.072889 0.056126 -0.972855 0.224505 -0.047351 -0.994379 -0.094703 -0.038822 -0.989965 0.135878
-0.793548 -0.538479 -0.283410 -0.266679 -0.914327 -0.304776 0.026252 -0.971333 -0.236270 -0.164399 -0.986394 0.000000 -0.023776 -0.998586 -0.047552 0.048593 -0.996156 -0.072889 0.056126 -0.972855 0.224505 -0.047351 -0.994379 -0.094703 -0.038822 -0.989965 0.135878
-0.811869 -0.481108 -0.330762 -0.301511 -0.904534 -0.301511 0.026939 -0.969790 -0.242448 -0.164260 -0.985562 0.041065 -0.024354 -0.998516 -0.048708 0.048593 -0.996156 -0.072889 0.056126 -0.972855 0.224505 -0.047351 -0.994379 -0.094703 -0.038822 -0.989965 0.135878
-0.825800 -0.367022 -0.428193 -0.301511 -0.904534 -0.301511 0.000000 -0.970143 -0.242536 -0.164260 -0.985562 0.041065 -0.024354 -0.998516 -0.048708 0.048593 -0.996156 -0.072889 0.056126 -0.972855 0.224505 -0.047351 -0.994379 -0.094703 -0.038822 -0.989965 0.135878
-0.826961 -0.275654 -0.490051 -0.276268 -0.907738 -0.315735 0.000000 -0.976187 -0.216930 -0.164399 -0.986394 0.000000 -0.024354 -0.998516 -0.048708 0.048593 -0.996156 -0.072889 0.056126 -0.972855 0.224505 -0.047351 -0.994379 -0.094703 -0.038822 -0.989965 0.135878
-0.762848 -0.213597 -0.610278 -0.286491 -0.900400 -0.327418 0.000000 -0.982570 -0.185892 -0.171341 -0.985212 0.000000 -0.024354 -0.998516 -0.048708 0.048593 -0.996156 -0.072889 0.056126 -0.972855 0.224505 -0.047351 -0.994379 -0.094703 -0.038822 -0.989965 0.135878
-0.682848 -0.155193 -0.713886 -0.286491 -0.900400 -0.327418 0.000000 -0.983870 -0.178885 -0.188713 -0.981307 -0.037743 0.000000 -0.998812 -0.048723 0.048593 -0.996156 -0.072889 0.056126 -0.972855 0.224505 -0.047351 -0.994379 -0.094703 -0.038822 -0.989965 0.135878
-0.619876 -0.123975 -0.774845 -0.208878 -0.919063 -0.334205 0.030700 -0.982409 -0.184202 -0.216789 -0.975550 -0.036131 0.000000 -0.998812 -0.048723 0.048593 -0.996156 -0.072889 0.056126 -0.972855 0.224505 -0.047351 -0.994379 -0.094703 -0.038822 -0.989965 0.135878
-0.573132 -0.090495 -0.814451 -0.125218 -0.918262 -0.375653 0.031654 -0.981288 -0.189927 -0.209401 -0.977207 -0.034900 0.000000 -0.998812 -0.048723 0.048593 -0.996156 -0.072889 0.056126 -0.972855 0.224505 -0.047351 -0.994379 -0.094703 -0.038822 -0.989965 0.135878
-0.528675 -0.124394 -0.839660 0.000000 -0.902861 -0.429934 0.031830 -0.986741 -0.159152 -0.209020 -0.975426 -0.069673 0.000000 -0.998812 -0.048723 0.048593 -0.996156 -0.072889 0.056126 -0.972855 0.224505 -0.047351 -0.994379 -0.094703 -0.038822 -0.989965 0.135878
-0.408770 -0.116791 -0.905134 0.085671 -0.899541 -0.428353 0.031830 -0.986741 -0.159152 -0.209020 -0.975426 -0.069673 0.000000 -0.998812 -0.048723 0.048593 -0.996156 -0.072889 0.056354 -0.976795 0.206630 -0.047351 -0.994379 -0.094703 -0.038822 -0.989965 0.135878
-0.370824 -0.171149 -0.912797 0.210166 -0.882696 -0.420331 0.032862 -0.985861 -0.164310 -0.202145 -0.977035 -0.067382 0.000000 -0.998812 -0.048723 0.048593 -0.996156 -0.072889 0.056354 -0.976795 0.206630 -0.047351 -0.994379 -0.094703 -0.038822 -0.989965 0.135878
-0.254385 -0.158991 -0.953945 0.335377 -0.880366 -0.335377 0.032862 -0.985861 -0.164310 -0.202490 -0.978703 -0.033748 0.000000 -0.998812 -0.048723 0.048593 -0.996156 -0.072889 0.056354 -0.976795 0.206630 -0.047351 -0.994379 -0.094703 -0.038822 -0.989965 0.135878
0.000000 -0.182089 -0.983282 0.366508 -0.855186 -0.366508 0.032669 -0.980057 -0.196011 -0.202490 -0.978703 -0.033748 0.000000 -0.998812 -0.048723 0.048593 -0.996156 -0.072889 0.057406 -0.975909 0.210490 -0.047351 -0.994379 -0.094703 -0.038822 -0.989965 0.135878
0.334637 -0.100391 -0.936984 0.248922 -0.954201 -0.165948 0.031654 -0.981288 -0.189927 -0.202490 -0.978703 -0.033748 0.000000 -0.998812 -0.048723 0.048593 -0.996156 -0.072889 0.057406 -0.975909 0.210490 -0.047351 -0.994379 -0.094703 -0.039583 -0.989566 0.138539
0.469776 -0.058722 -0.880830 0.203785 -0.978167 -0.040757 0.062807 -0.973515 -0.219826 -0.202490 -0.978703 -0.033748 0.000000 -0.998812 -0.048723 0.048593 -0.996156 -0.072889 0.057406 -0.975909 0.210490 -0.047351 -0.994379 -0.094703 -0.039583 -0.989566 0.138539
0.603476 -0.054861 -0.795491 0.164399 -0.986394 0.000000 0.062807 -0.973515 -0.219826 -0.209401 -0.977207 -0.034900 0.000000 -0.998812 -0.048723 0.048593 -0.996156 -0.072889 0.057406 -0.975909 0.210490 -0.047351 -0.994379 -0.094703 -0.039583 -0.989566 0.138539
0.607582 -0.052833 -0.792498 0.203279 -0.975739 0.081312 0.062348 -0.966394 -0.249392 -0.209401 -0.977207 -0.034900 0.000000 -0.998812 -0.048723 0.048593 -0.996156 -0.072889 0.057406 -0.975909 0.210490 -0.047351 -0.994379 -0.094703 -0.039467 -0.986671 0.157867
0.639346 -0.051148 -0.767216 0.240772 -0.963087 0.120386 0.030303 -0.969697 -0.242424 -0.175682 -0.983820 -0.035136 0.000000 -0.998812 -0.048723 0.048593 -0.996156 -0.072889 0.057628 -0.979683 0.192095 -0.047351 -0.994379 -0.094703 -0.039467 -0.986671 0.157867
0.666667 -0.051282 -0.743590 0.240772 -0.963087 0.120386 0.031220 -0.967805 -0.249756 -0.175682 -0.983820 -0.035136 0.000000 -0.998812 -0.048723 0.048593 -0.996156 -0.072889 0.057628 -0.979683 0.192095 -0.047351 -0.994379 -0.094703 -0.039467 -0.986671 0.157867
0.678009 -0.028250 -0.734510 0.276483 -0.947943 0.157991 0.031220 -0.967805 -0.249756 -0.175682 -0.983820 -0.035136 0.000000 -0.998812 -0.048723 0.048593 -0.996156 -0.072889 0.057628 -0.979683 0.192095 -0.047351 -0.994379 -0.094703 -0.039467 -0.986671 0.157867
0.676763 -0.029424 -0.735612 0.324176 -0.932007 0.162088 0.030514 -0.976445 -0.213597 -0.181608 -0.980684 -0.072643 0.000000 -0.998812 -0.048723 0.048593 -0.996156 -0.072889 0.057628 -0.979683 0.192095 -0.047351 -0.994379 -0.094703 -0.039467 -0.986671 0.157867
0.690882 -0.031404 -0.722285 0.326056 -0.937410 0.122271 0.030514 -0.976445 -0.213597 -0.181608 -0.980684 -0.072643 0.000000 -0.998812 -0.048723 0.048593 -0.996156 -0.072889 0.038454 -0.980588 0.192272 -0.047351 -0.994379 -0.094703 -0.039467 -0.986671 0.157867
0.690882 -0.031404 -0.722285 0.326056 -0.937410 0.122271 0.030514 -0.976445 -0.213597 -0.181969 -0.982631 -0.036394 0.000000 -0.998812 -0.048723 0.048593 -0.996156 -0.072889 0.038454 -0.980588 0.192272 -0.047351 -0.994379 -0.094703 -0.039467 -0.986671 0.157867
0.690103 -0.032862 -0.722965 0.326056 -0.937410 0.122271 0.030514 -0.976445 -0.213597 -0.181969 -0.982631 -0.036394 0.000000 -0.998812 -0.048723 0.048593 -0.996156 -0.072889 0.038454 -0.980588 0.192272 -0.047351 -0.994379 -0.094703 -0.039467 -0.986671 0.157867
0.655826 -0.032791 -0.754200 0.363210 -0.928204 0.080713 0.031220 -0.967805 -0.249756 -0.175682 -0.983820 -0.035136 0.000000 -0.998812 -0.048723 0.048593 -0.996156 -0.072889 0.038454 -0.980588 0.192272 -0.047351 -0.994379 -0.094703 -0.039467 -0.986671 0.157867
