-0.416356 0.908413 -0.037851 -0.659736 0.359856 -0.659736 0.000000 -0.968277 -0.249878 0.040390 -0.969351 -0.242338 -0.022698 -0.998711 -0.045396 0.118180 -0.992711 0.023636 0.056908 -0.967444 0.246603 -0.094386 -0.991051 -0.094386 0.039770 -0.994250 0.099425
-0.378633 0.925547 0.000000 -0.659736 0.359856 -0.659736 0.000000 -0.968277 -0.249878 0.040390 -0.969351 -0.242338 -0.022698 -0.998711 -0.045396 0.094703 -0.994379 0.047351 0.076125 -0.970593 0.228375 -0.094386 -0.991051 -0.094386 0.038999 -0.994471 0.097497
-0.355995 0.934488 0.000000 -0.676178 0.352789 -0.646779 0.031220 -0.967805 -0.249756 0.000000 -0.970143 -0.242536 -0.044401 -0.999014 0.000000 0.120913 -0.991484 0.048365 0.076125 -0.970593 0.228375 -0.094386 -0.991051 -0.094386 0.039770 -0.994250 0.099425
-0.467888 0.883788 0.000000 -0.676178 0.352789 -0.646779 0.030964 -0.959886 -0.278677 0.000000 -0.978980 -0.203954 -0.066503 -0.997540 0.022168 0.120913 -0.991484 0.048365 0.076125 -0.970593 0.228375 -0.094386 -0.991051 -0.094386 0.039770 -0.994250 0.099425
-0.462364 0.882696 -0.084066 -0.700842 0.243771 -0.670370 0.030964 -0.959886 -0.278677 0.000000 -0.978980 -0.203954 -0.066503 -0.997540 0.022168 0.120913 -0.991484 0.048365 0.076125 -0.970593 0.228375 -0.094386 -0.991051 -0.094386 0.038999 -0.994471 0.097497
-0.606835 0.768658 -0.202278 -0.689246 0.034462 -0.723708 0.031220 -0.967805 -0.249756 0.000000 -0.977176 -0.212430 -0.066503 -0.997540 0.022168 0.120913 -0.991484 0.048365 0.076125 -0.970593 0.228375 -0.094570 -0.992988 -0.070928 0.058443 -0.993527 0.097405
-0.730096 0.597351 -0.331862 -0.619987 -0.271244 -0.736235 0.000000 -0.966235 -0.257663 0.000000 -0.978980 -0.203954 -0.068024 -0.997684 0.000000 0.120913 -0.991484 0.048365 0.076125 -0.970593 0.228375 -0.094570 -0.992988 -0.070928 0.059596 -0.993269 0.099327
-0.816497 0.408248 -0.408248 -0.543305 -0.465690 -0.698535 0.000000 -0.957826 -0.287348 0.000000 -0.977176 -0.212430 -0.069580 -0.997307 -0.023193 0.120736 -0.990038 0.072442 0.076125 -0.970593 0.228375 -0.092401 -0.993307 -0.069301 0.060796 -0.992994 0.101326
-0.879141 0.213125 -0.426250 -0.492214 -0.597688 -0.632846 0.000000 -0.966235 -0.257663 -0.109254 -0.983282 -0.145671 -0.071167 -0.996335 -0.047445 0.120736 -0.990038 0.072442 0.076125 -0.970593 0.228375 -0.092401 -0.993307 -0.069301 0.060796 -0.992994 0.101326
-0.904819 0.000000 -0.425797 -0.424264 -0.707107 -0.565685 0.000000 -0.968277 -0.249878 -0.169031 -0.980379 -0.101419 -0.071167 -0.996335 -0.047445 0.120736 -0.990038 0.072442 0.075783 -0.966228 0.246293 -0.092401 -0.993307 -0.069301 0.040572 -0.994015 0.101430
-0.898479 -0.217813 -0.381173 -0.410872 -0.753266 -0.513590 0.000000 -0.968277 -0.249878 -0.195180 -0.975900 -0.097590 -0.071167 -0.996335 -0.047445 0.120736 -0.990038 0.072442 0.075783 -0.966228 0.246293 -0.092401 -0.993307 -0.069301 0.040572 -0.994015 0.101430
-0.839510 -0.447739 -0.307820 -0.407072 -0.780222 -0.474917 0.000000 -0.968277 -0.249878 -0.189170 -0.977378 -0.094585 -0.072782 -0.994689 -0.072782 0.120736 -0.990038 0.072442 0.076125 -0.970593 0.228375 -0.092401 -0.993307 -0.069301 0.019897 -0.994840 0.099484
-0.815044 -0.533994 -0.224840 -0.379310 -0.827586 -0.413793 0.027661 -0.968122 -0.248946 -0.283375 -0.956389 -0.070844 -0.072782 -0.994689 -0.072782 0.120736 -0.990038 0.072442 0.076125 -0.970593 0.228375 -0.092401 -0.993307 -0.069301 0.000000 -0.995037 0.099504
-0.792594 -0.566139 -0.226455 -0.396155 -0.828325 -0.396155 0.026252 -0.971333 -0.236270 -0.304555 -0.951734 -0.038069 -0.072782 -0.994689 -0.072782 0.120736 -0.990038 0.072442 0.076125 -0.970593 0.228375 -0.092401 -0.993307 -0.069301 0.000000 -0.995037 0.099504
-0.810319 -0.549859 -0.202580 -0.384606 -0.839140 -0.384606 0.025599 -0.972761 -0.230391 -0.290910 -0.955847 -0.041559 -0.072782 -0.994689 -0.072782 0.120736 -0.990038 0.072442 0.076125 -0.970593 0.228375 -0.092401 -0.993307 -0.069301 0.000000 -0.995037 0.099504
-0.805276 -0.546437 -0.230079 -0.358979 -0.861550 -0.358979 0.025599 -0.972761 -0.230391 -0.290910 -0.955847 -0.041559 -0.072782 -0.994689 -0.072782 0.120913 -0.991484 0.048365 0.076125 -0.970593 0.228375 -0.092401 -0.993307 -0.069301 -0.019897 -0.994840 0.099484
-0.835914 -0.507519 -0.208979 -0.358979 -0.861550 -0.358979 0.025441 -0.966762 -0.254411 -0.290910 -0.955847 -0.041559 -0.072782 -0.994689 -0.072782 0.120913 -0.991484 0.048365 0.076125 -0.970593 0.228375 -0.092401 -0.993307 -0.069301 -0.019897 -0.994840 0.099484
-0.867315 -0.418704 -0.269167 -0.370370 -0.851852 -0.370370 0.024830 -0.968365 -0.248299 -0.303204 -0.952926 0.000000 -0.072889 -0.996156 -0.048593 0.120913 -0.991484 0.048365 0.076125 -0.970593 0.228375 -0.092401 -0.993307 -0.069301 -0.019897 -0.994840 0.099484
-0.870435 -0.390195 -0.300150 -0.382360 -0.841191 -0.382360 0.026252 -0.971333 -0.236270 -0.290910 -0.955847 -0.041559 -0.072889 -0.996156 -0.048593 0.120913 -0.991484 0.048365 0.076125 -0.970593 0.228375 -0.092401 -0.993307 -0.069301 -0.019897 -0.994840 0.099484
-0.859608 -0.276303 -0.429804 -0.382360 -0.841191 -0.382360 0.000000 -0.968493 -0.249041 -0.195965 -0.979827 -0.039193 -0.048665 -0.997629 -0.048665 0.120913 -0.991484 0.048365 0.076125 -0.970593 0.228375 -0.092229 -0.991457 -0.092229 -0.019854 -0.992681 0.119122
-0.839660 -0.217690 -0.497576 -0.354925 -0.828159 -0.433798 0.026939 -0.969790 -0.242448 -0.242338 -0.969351 -0.040390 -0.048665 -0.997629 -0.048665 0.118081 -0.991880 0.047232 0.076125 -0.970593 0.228375 -0.094386 -0.991051 -0.094386 -0.019470 -0.992962 0.116819
-0.804627 -0.178806 -0.566219 -0.254228 -0.847427 -0.466085 0.054153 -0.974755 -0.216612 -0.290159 -0.953381 -0.082903 -0.048665 -0.997629 -0.048665 0.118081 -0.991880 0.047232 0.076125 -0.970593 0.228375 -0.094386 -0.991051 -0.094386 -0.019470 -0.992962 0.116819
-0.720685 -0.210200 -0.660628 -0.222058 -0.843820 -0.488527 0.052760 -0.976053 -0.211038 -0.302072 -0.949370 -0.086306 -0.024354 -0.998516 -0.048708 0.118081 -0.991880 0.047232 0.076125 -0.970593 0.228375 -0.094386 -0.991051 -0.094386 -0.019470 -0.992962 0.116819
-0.667894 -0.151794 -0.728612 -0.127573 -0.850487 -0.510292 0.029630 -0.977805 -0.207413 -0.223452 -0.968291 -0.111726 -0.024354 -0.998516 -0.048708 0.118081 -0.991880 0.047232 0.076125 -0.970593 0.228375 -0.094386 -0.991051 -0.094386 -0.019470 -0.992962 0.116819
-0.562226 -0.156174 -0.812104 -0.045502 -0.864530 -0.500517 0.030700 -0.982409 -0.184202 -0.215666 -0.970495 -0.107833 -0.024354 -0.998516 -0.048708 0.118081 -0.991880 0.047232 0.076125 -0.970593 0.228375 -0.094386 -0.991051 -0.094386 -0.019470 -0.992962 0.116819
-0.479402 -0.159801 -0.862924 0.085436 -0.854358 -0.512615 0.031654 -0.981288 -0.189927 -0.208389 -0.972480 -0.104194 -0.024354 -0.998516 -0.048708 0.118081 -0.991880 0.047232 0.076444 -0.974661 0.210221 -0.094386 -0.991051 -0.094386 -0.019470 -0.992962 0.116819
-0.369552 -0.201574 -0.907083 0.209611 -0.838444 -0.503066 0.032862 -0.985861 -0.164310 -0.200782 -0.970448 -0.133855 -0.024354 -0.998516 -0.048708 0.118081 -0.991880 0.047232 0.076444 -0.974661 0.210221 -0.094386 -0.991051 -0.094386 -0.019422 -0.990525 0.135954
-0.235702 -0.235702 -0.942809 0.348155 -0.870388 -0.348155 0.000000 -0.980581 -0.196116 -0.169031 -0.980379 -0.101419 -0.024354 -0.998516 -0.048708 0.118081 -0.991880 0.047232 0.057406 -0.975909 0.210490 -0.094386 -0.991051 -0.094386 -0.019422 -0.990525 0.135954
-0.103074 -0.283452 -0.953431 0.460739 -0.837708 -0.293198 0.032444 -0.973329 -0.227110 -0.174821 -0.978997 -0.104893 -0.024354 -0.998516 -0.048708 0.118081 -0.991880 0.047232 0.057406 -0.975909 0.210490 -0.094386 -0.991051 -0.094386 -0.019422 -0.990525 0.135954
0.118879 -0.285310 -0.951034 0.428353 -0.899541 -0.085671 0.032444 -0.973329 -0.227110 -0.174821 -0.978997 -0.104893 -0.024354 -0.998516 -0.048708 0.117917 -0.990500 0.070750 0.057406 -0.975909 0.210490 -0.094386 -0.991051 -0.094386 -0.019367 -0.987734 0.154939
0.305788 -0.254824 -0.917365 0.393919 -0.919145 0.000000 0.032191 -0.965734 -0.257529 -0.175358 -0.982003 -0.070143 -0.023776 -0.998586 -0.047552 0.117917 -0.990500 0.070750 0.057406 -0.975909 0.210490 -0.117688 -0.988577 -0.094150 -0.019367 -0.987734 0.154939
0.496234 -0.235058 -0.835763 0.340503 -0.936382 0.085126 0.032444 -0.973329 -0.227110 -0.174821 -0.978997 -0.104893 -0.023776 -0.998586 -0.047552 0.117917 -0.990500 0.070750 0.057406 -0.975909 0.210490 -0.117917 -0.990500 -0.070750 -0.019803 -0.990148 0.138621
0.619288 -0.197046 -0.760036 0.338971 -0.932170 0.127114 0.032191 -0.965734 -0.257529 -0.174821 -0.978997 -0.104893 -0.023776 -0.998586 -0.047552 0.120736 -0.990038 0.072442 0.057406 -0.975909 0.210490 -0.118081 -0.991880 -0.047232 -0.019803 -0.990148 0.138621
0.673987 -0.112331 -0.730153 0.288921 -0.949312 0.123823 0.032191 -0.965734 -0.257529 -0.175358 -0.982003 -0.070143 -0.023776 -0.998586 -0.047552 0.120736 -0.990038 0.072442 0.058498 -0.974972 0.214494 -0.118081 -0.991880 -0.047232 -0.019745 -0.987248 0.157960
0.718699 -0.086244 -0.689951 0.287213 -0.943701 0.164122 0.032191 -0.965734 -0.257529 -0.175358 -0.982003 -0.070143 -0.023776 -0.998586 -0.047552 0.120736 -0.990038 0.072442 0.058498 -0.974972 0.214494 -0.118081 -0.991880 -0.047232 0.000000 -0.987441 0.157991
0.735612 -0.029424 -0.676763 0.276483 -0.947943 0.157991 0.032191 -0.965734 -0.257529 -0.175358 -0.982003 -0.070143 -0.023776 -0.998586 -0.047552 0.120736 -0.990038 0.072442 0.058733 -0.978888 0.195778 -0.118081 -0.991880 -0.047232 0.000000 -0.987441 0.157991
0.748997 0.000000 -0.662574 0.274563 -0.941357 0.196116 0.032191 -0.965734 -0.257529 -0.175358 -0.982003 -0.070143 -0.023776 -0.998586 -0.047552 0.120736 -0.990038 0.072442 0.058733 -0.978888 0.195778 -0.118081 -0.991880 -0.047232 0.000000 -0.987441 0.157991
0.735612 0.029424 -0.676763 0.262705 -0.938233 0.225176 0.031450 -0.974958 -0.220152 -0.181012 -0.977466 -0.108607 -0.023776 -0.998586 -0.047552 0.120736 -0.990038 0.072442 0.039193 -0.979827 0.195965 -0.118081 -0.991880 -0.047232 0.000000 -0.987441 0.157991
0.750375 0.030015 -0.660330 0.264764 -0.945587 0.189117 0.031450 -0.974958 -0.220152 -0.181012 -0.977466 -0.108607 -0.023776 -0.998586 -0.047552 0.120736 -0.990038 0.072442 0.039193 -0.979827 0.195965 -0.094703 -0.994379 -0.047351 0.000000 -0.987441 0.157991
0.722642 0.000000 -0.691223 0.310227 -0.930680 0.193892 0.031450 -0.974958 -0.220152 -0.181608 -0.980684 -0.072643 -0.023776 -0.998586 -0.047552 0.120736 -0.990038 0.072442 0.039193 -0.979827 0.195965 -0.094570 -0.992988 -0.070928 -0.019745 -0.987248 0.157960
0.690882 -0.031404 -0.722285 0.357154 -0.912727 0.198419 0.031450 -0.974958 -0.220152 -0.181608 -0.980684 -0.072643 -0.023776 -0.998586 -0.047552 0.120736 -0.990038 0.072442 0.039193 -0.979827 0.195965 -0.094570 -0.992988 -0.070928 -0.019680 -0.983993 0.177119
0.672883 -0.064084 -0.736968 0.359712 -0.919265 0.159872 0.031450 -0.974958 -0.220152 -0.181608 -0.980684 -0.072643 -0.023776 -0.998586 -0.047552 0.120736 -0.990038 0.072442 0.039193 -0.979827 0.195965 -0.094570 -0.992988 -0.070928 -0.019680 -0.983993 0.177119
0.657213 -0.062592 -0.751101 0.359712 -0.919265 0.159872 0.030700 -0.982409 -0.184202 -0.181012 -0.977466 -0.108607 -0.023776 -0.998586 -0.047552 0.120736 -0.990038 0.072442 0.039193 -0.979827 0.195965 -0.094570 -0.992988 -0.070928 -0.019680 -0.983993 0.177119
0.671163 -0.095880 -0.735083 0.375653 -0.918262 0.125218 0.030514 -0.976445 -0.213597 -0.181012 -0.977466 -0.108607 -0.023776 -0.998586 -0.047552 0.120736 -0.990038 0.072442 0.039193 -0.979827 0.195965 -0.094570 -0.992988 -0.070928 -0.019680 -0.983993 0.177119
0.637253 -0.095588 -0.764704 0.410651 -0.903432 0.123195 0.060943 -0.975084 -0.213300 -0.181012 -0.977466 -0.108607 -0.023776 -0.998586 -0.047552 0.120736 -0.990038 0.072442 0.039193 -0.979827 0.195965 -0.094570 -0.992988 -0.070928 -0.019680 -0.983993 0.177119
0.615470 -0.129573 -0.777436 0.410651 -0.903432 0.123195 0.060943 -0.975084 -0.213300 -0.181012 -0.977466 -0.108607 -0.023776 -0.998586 -0.047552 0.120736 -0.990038 0.072442 0.039193 -0.979827 0.195965 -0.094570 -0.992988 -0.070928 -0.019680 -0.983993 0.177119
0.615470 -0.129573 -0.777436 0.410651 -0.903432 0.123195 0.060523 -0.968364 -0.242091 -0.181012 -0.977466 -0.108607 -0.023776 -0.998586 -0.047552 0.120736 -0.990038 0.072442 0.039193 -0.979827 0.195965 -0.094570 -0.992988 -0.070928 -0.019680 -0.983993 0.177119
0.635001 -0.127000 -0.762001 0.375653 -0.918262 0.125218 0.090577 -0.966155 -0.241539 -0.181012 -0.977466 -0.108607 -0.023776 -0.998586 -0.047552 0.120736 -0.990038 0.072442 0.039193 -0.979827 0.195965 -0.094570 -0.992988 -0.070928 -0.019680 -0.983993 0.177119
