-0.434540 0.900118 -0.031039 -0.569181 0.121967 -0.813116 0.000000 -0.960346 -0.278810 -0.157500 -0.984374 -0.078750 -0.023224 -0.998651 0.046449 0.063686 -0.997744 -0.021229 0.063917 -0.958750 0.276972 -0.129219 -0.990680 -0.043073 -0.043716 -0.983621 0.174866
-0.409056 0.912509 0.000000 -0.522514 0.120580 -0.844061 0.000000 -0.951709 -0.307003 -0.157867 -0.986671 -0.039467 -0.022698 -0.998711 0.045396 0.063686 -0.997744 -0.021229 0.063917 -0.958750 0.276972 -0.129219 -0.990680 -0.043073 -0.021874 -0.984327 0.174991
-0.409056 0.912509 0.000000 -0.522514 0.120580 -0.844061 0.000000 -0.951709 -0.307003 -0.157867 -0.986671 -0.039467 -0.045361 -0.997940 0.045361 0.063686 -0.997744 -0.021229 0.083388 -0.958958 0.271010 -0.129219 -0.990680 -0.043073 -0.021874 -0.984327 0.174991
-0.432875 0.896669 -0.092759 -0.525924 0.040456 -0.849569 0.000000 -0.957826 -0.287348 -0.188713 -0.981307 -0.037743 -0.023224 -0.998651 0.046449 0.063686 -0.997744 -0.021229 0.083388 -0.958958 0.271010 -0.129219 -0.990680 -0.043073 -0.021874 -0.984327 0.174991
-0.442326 0.884652 -0.147442 -0.512615 -0.085436 -0.854358 0.000000 -0.957826 -0.287348 -0.188713 -0.981307 -0.037743 -0.023224 -0.998651 0.046449 0.063686 -0.997744 -0.021229 0.083388 -0.958958 0.271010 -0.129219 -0.990680 -0.043073 -0.021874 -0.984327 0.174991
-0.529339 0.811652 -0.247025 -0.519584 -0.159872 -0.839329 0.000000 -0.957826 -0.287348 -0.151620 -0.985527 -0.075810 -0.023796 -0.999434 0.023796 0.063700 -0.997969 0.000000 0.083388 -0.958958 0.271010 -0.129219 -0.990680 -0.043073 -0.021874 -0.984327 0.174991
-0.642493 0.642493 -0.417620 -0.422200 -0.422200 -0.802181 0.000000 -0.957826 -0.287348 -0.151620 -0.985527 -0.075810 0.000000 -0.999717 0.023803 0.063700 -0.997969 0.000000 0.083388 -0.958958 0.271010 -0.129219 -0.990680 -0.043073 0.000000 -0.988116 0.153707
-0.723714 0.471988 -0.503453 -0.367118 -0.571072 -0.734235 0.000000 -0.957826 -0.287348 -0.151620 -0.985527 -0.075810 -0.023803 -0.999717 0.000000 0.063700 -0.997969 0.000000 0.106143 -0.955287 0.275972 -0.129219 -0.990680 -0.043073 0.000000 -0.988116 0.153707
-0.757033 0.270369 -0.594812 -0.286251 -0.736075 -0.613396 0.031911 -0.957338 -0.287202 -0.181608 -0.980684 -0.072643 -0.024383 -0.999703 0.000000 0.063700 -0.997969 0.000000 0.106143 -0.955287 0.275972 -0.129219 -0.990680 -0.043073 0.000000 -0.988116 0.153707
-0.783543 0.083951 -0.615641 -0.236067 -0.826234 -0.511478 0.031911 -0.957338 -0.287202 -0.181608 -0.980684 -0.072643 -0.024376 -0.999406 -0.024376 0.063700 -0.997969 0.000000 0.106143 -0.955287 0.275972 -0.129219 -0.990680 -0.043073 0.000000 -0.988116 0.153707
-0.792498 -0.184916 -0.581165 -0.202444 -0.850265 -0.485866 0.032915 -0.954547 -0.296239 -0.209401 -0.977207 -0.034900 -0.024376 -0.999406 -0.024376 0.063700 -0.997969 0.000000 0.106143 -0.955287 0.275972 -0.129219 -0.990680 -0.043073 0.000000 -0.988116 0.153707
-0.799086 -0.309324 -0.515539 -0.192450 -0.885270 -0.423390 0.032915 -0.954547 -0.296239 -0.209401 -0.977207 -0.034900 -0.048708 -0.998516 -0.024354 0.063686 -0.997744 0.021229 0.106143 -0.955287 0.275972 -0.129219 -0.990680 -0.043073 0.000000 -0.988116 0.153707
-0.789200 -0.420907 -0.447214 -0.199205 -0.876501 -0.438250 0.057904 -0.955419 -0.289521 -0.280000 -0.960000 0.000000 -0.048708 -0.998516 -0.024354 0.063686 -0.997744 0.021229 0.106143 -0.955287 0.275972 -0.129219 -0.990680 -0.043073 0.000000 -0.984563 0.175033
-0.807114 -0.417473 -0.417473 -0.192450 -0.885270 -0.423390 0.027462 -0.961161 -0.274618 -0.303204 -0.952926 0.000000 -0.048708 -0.998516 -0.024354 0.063686 -0.997744 0.021229 0.106143 -0.955287 0.275972 -0.129219 -0.990680 -0.043073 0.000000 -0.984563 0.175033
-0.807114 -0.417473 -0.417473 -0.195515 -0.899371 -0.391031 0.026556 -0.956014 -0.292115 -0.315906 -0.947717 0.045129 -0.048708 -0.998516 -0.024354 0.063686 -0.997744 0.021229 0.106143 -0.955287 0.275972 -0.129219 -0.990680 -0.043073 0.000000 -0.984563 0.175033
-0.825879 -0.398700 -0.398700 -0.195515 -0.899371 -0.391031 0.053056 -0.955005 -0.291807 -0.355643 -0.933564 0.044455 -0.048708 -0.998516 -0.024354 0.084781 -0.996174 0.021195 0.085087 -0.957230 0.276533 -0.129219 -0.990680 -0.043073 -0.021874 -0.984327 0.174991
-0.813733 -0.348743 -0.464991 -0.205847 -0.905726 -0.370524 0.051743 -0.957252 -0.284589 -0.370991 -0.927478 0.046374 -0.048708 -0.998516 -0.024354 0.084781 -0.996174 0.021195 0.085087 -0.957230 0.276533 -0.129219 -0.990680 -0.043073 -0.021874 -0.984327 0.174991
-0.817889 -0.233682 -0.525786 -0.205847 -0.905726 -0.370524 0.051743 -0.957252 -0.284589 -0.370991 -0.927478 0.046374 -0.047552 -0.998586 -0.023776 0.084781 -0.996174 0.021195 0.085087 -0.957230 0.276533 -0.129219 -0.990680 -0.043073 -0.021874 -0.984327 0.174991
-0.783573 -0.150687 -0.602749 -0.213785 -0.897895 -0.384812 0.058371 -0.963119 -0.262669 -0.315981 -0.947943 -0.039498 -0.047552 -0.998586 -0.023776 0.084781 -0.996174 0.021195 0.085087 -0.957230 0.276533 -0.129219 -0.990680 -0.043073 -0.021874 -0.984327 0.174991
-0.762493 -0.091499 -0.640494 -0.176090 -0.880451 -0.440225 0.064282 -0.964237 -0.257130 -0.283375 -0.956389 -0.070844 -0.047552 -0.998586 -0.023776 0.084781 -0.996174 0.021195 0.085087 -0.957230 0.276533 -0.107958 -0.993217 -0.043183 -0.043716 -0.983621 0.174866
-0.706800 -0.029450 -0.706800 -0.176090 -0.880451 -0.440225 0.033223 -0.963460 -0.265782 -0.274075 -0.959264 -0.068519 -0.047552 -0.998586 -0.023776 0.084800 -0.996398 0.000000 0.085573 -0.962691 0.256718 -0.107958 -0.993217 -0.043183 -0.043716 -0.983621 0.174866
-0.643192 0.000000 -0.765705 -0.183147 -0.869950 -0.457869 0.033223 -0.963460 -0.265782 -0.274559 -0.960958 -0.034320 -0.023796 -0.999434 -0.023796 0.084800 -0.996398 0.000000 0.085573 -0.962691 0.256718 -0.107958 -0.993217 -0.043183 -0.043716 -0.983621 0.174866
-0.609428 0.030471 -0.792256 -0.045502 -0.864530 -0.500517 0.033223 -0.963460 -0.265782 -0.265782 -0.963460 -0.033223 -0.024376 -0.999406 -0.024376 0.084800 -0.996398 0.000000 0.085573 -0.962691 0.256718 -0.107958 -0.993217 -0.043183 -0.043716 -0.983621 0.174866
-0.567504 0.028375 -0.822881 0.000000 -0.853282 -0.521450 0.033223 -0.963460 -0.265782 -0.265782 -0.963460 -0.033223 -0.024376 -0.999406 -0.024376 0.084800 -0.996398 0.000000 0.085573 -0.962691 0.256718 -0.107958 -0.993217 -0.043183 -0.043716 -0.983621 0.174866
-0.482857 0.030179 -0.875179 0.047351 -0.852325 -0.520865 0.033223 -0.963460 -0.265782 -0.234509 -0.971537 -0.033501 -0.024376 -0.999406 -0.024376 0.084800 -0.996398 0.000000 0.064282 -0.964237 0.257130 -0.107958 -0.993217 -0.043183 -0.043716 -0.983621 0.174866
-0.354470 0.032225 -0.934512 0.046176 -0.831163 -0.554109 0.032444 -0.973329 -0.227110 -0.242390 -0.969561 -0.034627 -0.024376 -0.999406 -0.024376 0.084800 -0.996398 0.000000 0.064282 -0.964237 0.257130 -0.107958 -0.993217 -0.043183 -0.043716 -0.983621 0.174866
-0.250962 0.000000 -0.967997 0.132324 -0.838054 -0.529297 0.032191 -0.965734 -0.257529 -0.242390 -0.969561 -0.034627 -0.024376 -0.999406 -0.024376 0.084800 -0.996398 0.000000 0.064625 -0.969368 0.236957 -0.107958 -0.993217 -0.043183 -0.043716 -0.983621 0.174866
-0.043274 -0.086548 -0.995307 0.129219 -0.818388 -0.559950 0.032191 -0.965734 -0.257529 -0.242390 -0.969561 -0.034627 -0.024376 -0.999406 -0.024376 0.084800 -0.996398 0.000000 0.064625 -0.969368 0.236957 -0.107958 -0.993217 -0.043183 -0.043716 -0.983621 0.174866
0.175358 -0.070143 -0.982003 0.142214 -0.948091 -0.284427 0.030964 -0.959886 -0.278677 -0.216789 -0.975550 -0.036131 -0.024376 -0.999406 -0.024376 0.084781 -0.996174 -0.021195 0.065638 -0.962683 0.262550 -0.107958 -0.993217 -0.043183 -0.043716 -0.983621 0.174866
0.325300 -0.065060 -0.943370 0.185296 -0.972806 -0.138972 0.031607 -0.948209 -0.316070 -0.224860 -0.974391 0.000000 -0.024376 -0.999406 -0.024376 0.084781 -0.996174 -0.021195 0.065638 -0.962683 0.262550 -0.107958 -0.993217 -0.043183 -0.043716 -0.983621 0.174866
0.481108 -0.090208 -0.872008 0.185296 -0.972806 -0.138972 0.031281 -0.938417 -0.344086 -0.224860 -0.974391 0.000000 -0.024376 -0.999406 -0.024376 0.084781 -0.996174 -0.021195 0.065638 -0.962683 0.262550 -0.107958 -0.993217 -0.043183 -0.043716 -0.983621 0.174866
0.627215 -0.059735 -0.776552 0.178174 -0.979958 -0.089087 0.031281 -0.938417 -0.344086 -0.224860 -0.974391 0.000000 -0.024376 -0.999406 -0.024376 0.084781 -0.996174 -0.021195 0.065638 -0.962683 0.262550 -0.107958 -0.993217 -0.043183 -0.044677 -0.982888 0.178707
0.720556 -0.027714 -0.692842 0.171341 -0.985212 0.000000 0.030934 -0.928032 -0.371213 -0.224860 -0.974391 0.000000 -0.024376 -0.999406 -0.024376 0.084781 -0.996174 -0.021195 0.065638 -0.962683 0.262550 -0.086548 -0.995307 -0.043274 -0.044488 -0.978745 0.200198
0.783498 0.000000 -0.621395 0.164399 -0.986394 0.000000 0.061780 -0.926703 -0.370681 -0.224860 -0.974391 0.000000 -0.024376 -0.999406 -0.024376 0.084781 -0.996174 -0.021195 0.065638 -0.962683 0.262550 -0.086548 -0.995307 -0.043274 -0.044488 -0.978745 0.200198
0.818927 -0.027298 -0.573249 0.212238 -0.976296 0.042448 0.062470 -0.937043 -0.343582 -0.224702 -0.973708 -0.037450 -0.024376 -0.999406 -0.024376 0.084781 -0.996174 -0.021195 0.065638 -0.962683 0.262550 -0.086548 -0.995307 -0.043274 -0.044488 -0.978745 0.200198
0.822881 -0.028375 -0.567504 0.252422 -0.967617 0.000000 0.062470 -0.937043 -0.343582 -0.224702 -0.973708 -0.037450 -0.024376 -0.999406 -0.024376 0.084781 -0.996174 -0.021195 0.065638 -0.962683 0.262550 -0.086548 -0.995307 -0.043274 -0.044488 -0.978745 0.200198
0.841178 0.000000 -0.540758 0.280000 -0.960000 0.000000 0.062470 -0.937043 -0.343582 -0.224860 -0.974391 0.000000 -0.024376 -0.999406 -0.024376 0.084781 -0.996174 -0.021195 0.065638 -0.962683 0.262550 -0.086548 -0.995307 -0.043274 -0.044488 -0.978745 0.200198
0.840799 -0.030029 -0.540514 0.291162 -0.956674 0.000000 0.062470 -0.937043 -0.343582 -0.224860 -0.974391 0.000000 0.000000 -0.999703 -0.024383 0.084781 -0.996174 -0.021195 0.065638 -0.962683 0.262550 -0.086548 -0.995307 -0.043274 -0.044488 -0.978745 0.200198
0.840799 -0.030029 -0.540514 0.291162 -0.956674 0.000000 0.061285 -0.949920 -0.306426 -0.224702 -0.973708 -0.037450 0.000000 -0.999703 -0.024383 0.084800 -0.996398 0.000000 0.065638 -0.962683 0.262550 -0.086548 -0.995307 -0.043274 -0.044488 -0.978745 0.200198
0.822192 0.000000 -0.569210 0.328521 -0.944497 0.000000 0.061285 -0.949920 -0.306426 -0.224860 -0.974391 0.000000 0.000000 -0.999703 -0.024383 0.084800 -0.996398 0.000000 0.065638 -0.962683 0.262550 -0.086548 -0.995307 -0.043274 -0.044281 -0.974176 0.221404
0.822192 0.000000 -0.569210 0.328521 -0.944497 0.000000 0.061839 -0.958508 -0.278277 -0.224702 -0.973708 -0.037450 0.000000 -0.999703 -0.024383 0.084781 -0.996174 -0.021195 0.065638 -0.962683 0.262550 -0.086548 -0.995307 -0.043274 -0.044281 -0.974176 0.221404
0.821781 -0.031607 -0.568926 0.341432 -0.938937 -0.042679 0.061839 -0.958508 -0.278277 -0.224702 -0.973708 -0.037450 0.000000 -0.999703 -0.024383 0.084781 -0.996174 -0.021195 0.065638 -0.962683 0.262550 -0.086548 -0.995307 -0.043274 -0.044281 -0.974176 0.221404
0.821781 -0.031607 -0.568926 0.341432 -0.938937 -0.042679 0.030964 -0.959886 -0.278677 -0.224702 -0.973708 -0.037450 0.024383 -0.999703 0.000000 0.084781 -0.996174 -0.021195 0.066002 -0.968027 0.242007 -0.086548 -0.995307 -0.043274 -0.044281 -0.974176 0.221404
0.811107 -0.032444 -0.583997 0.341432 -0.938937 -0.042679 0.030964 -0.959886 -0.278677 -0.224860 -0.974391 0.000000 0.024383 -0.999703 0.000000 0.084781 -0.996174 -0.021195 0.066002 -0.968027 0.242007 -0.086548 -0.995307 -0.043274 -0.044281 -0.974176 0.221404
0.811107 -0.032444 -0.583997 0.341432 -0.938937 -0.042679 0.030964 -0.959886 -0.278677 -0.224860 -0.974391 0.000000 0.024383 -0.999703 0.000000 0.084781 -0.996174 -0.021195 0.066002 -0.968027 0.242007 -0.086548 -0.995307 -0.043274 -0.044281 -0.974176 0.221404
0.795759 -0.031830 -0.604777 0.341432 -0.938937 -0.042679 0.030964 -0.959886 -0.278677 -0.224860 -0.974391 0.000000 0.024383 -0.999703 0.000000 0.084781 -0.996174 -0.021195 0.066002 -0.968027 0.242007 -0.086548 -0.995307 -0.043274 -0.044281 -0.974176 0.221404
0.795759 -0.031830 -0.604777 0.341432 -0.938937 -0.042679 0.030964 -0.959886 -0.278677 -0.224702 -0.973708 -0.037450 0.024383 -0.999703 0.000000 0.084781 -0.996174 -0.021195 0.066002 -0.968027 0.242007 -0.086548 -0.995307 -0.043274 -0.044281 -0.974176 0.221404
0.795759 -0.031830 -0.604777 0.341432 -0.938937 -0.042679 0.030964 -0.959886 -0.278677 -0.224702 -0.973708 -0.037450 0.024383 -0.999703 0.000000 0.084781 -0.996174 -0.021195 0.066002 -0.968027 0.242007 -0.086447 -0.994144 -0.064836 -0.044281 -0.974176 0.221404
