-0.440225 0.880451 -0.176090 -0.524637 -0.080713 -0.847491 -0.059183 -0.976519 -0.207140 -0.188713 -0.981307 -0.037743 -0.023803 -0.999717 0.000000 0.047232 -0.991880 0.118081 0.026556 -0.956014 0.292115 -0.088518 -0.995829 0.022130 -0.023027 -0.990142 0.138159
-0.439219 0.878438 -0.188237 -0.556349 -0.171184 -0.813125 -0.060943 -0.975084 -0.213300 -0.146450 -0.988540 -0.036613 -0.023803 -0.999717 0.000000 0.047232 -0.991880 0.118081 0.026556 -0.956014 0.292115 -0.088518 -0.995829 0.022130 -0.023027 -0.990142 0.138159
-0.451856 0.873589 -0.180743 -0.551819 -0.212238 -0.806505 -0.060943 -0.975084 -0.213300 -0.146450 -0.988540 -0.036613 -0.023796 -0.999434 0.023796 0.047232 -0.991880 0.118081 0.053056 -0.955005 0.291807 -0.088518 -0.995829 0.022130 -0.023027 -0.990142 0.138159
-0.520435 0.826574 -0.214297 -0.521247 -0.217186 -0.825307 -0.057166 -0.971825 -0.228665 -0.250962 -0.967997 0.000000 -0.047552 -0.998586 0.023776 0.047232 -0.991880 0.118081 0.053056 -0.955005 0.291807 -0.088518 -0.995829 0.022130 0.000000 -0.990405 0.138196
-0.590796 0.738495 -0.324938 -0.496423 -0.406164 -0.767199 -0.054453 -0.980159 -0.190586 -0.280000 -0.960000 0.000000 -0.047552 -0.998586 0.023776 0.048365 -0.991484 0.120913 0.053056 -0.955005 0.291807 -0.088518 -0.995829 0.022130 0.000000 -0.990405 0.138196
-0.665340 0.607485 -0.433918 -0.400099 -0.577920 -0.711287 -0.028006 -0.980196 -0.196039 -0.290910 -0.955847 0.041559 -0.047565 -0.998868 0.000000 0.047232 -0.991880 0.118081 0.051743 -0.957252 0.284589 -0.088518 -0.995829 0.022130 0.000000 -0.990405 0.138196
-0.754606 0.393707 -0.524943 -0.363261 -0.635707 -0.681115 0.000000 -0.980581 -0.196116 -0.328244 -0.943701 0.041030 -0.047565 -0.998868 0.000000 0.070750 -0.990500 0.117917 0.050492 -0.959339 0.277703 -0.066503 -0.997540 0.022168 -0.046017 -0.989356 0.138050
-0.786334 0.087370 -0.611593 -0.350150 -0.744070 -0.568995 0.000000 -0.971850 -0.235600 -0.269430 -0.962250 0.038490 -0.047565 -0.998868 0.000000 0.072442 -0.990038 0.120736 0.049296 -0.961280 0.271130 -0.066503 -0.997540 0.022168 -0.046017 -0.989356 0.138050
-0.800356 -0.213428 -0.560249 -0.346844 -0.780399 -0.520266 0.032191 -0.965734 -0.257529 -0.250801 -0.967375 0.035829 -0.047552 -0.998586 -0.023776 0.072442 -0.990038 0.120736 0.048154 -0.963087 0.264849 -0.066503 -0.997540 0.022168 -0.046017 -0.989356 0.138050
-0.815225 -0.368166 -0.447059 -0.307860 -0.791639 -0.527759 0.000000 -0.957826 -0.287348 -0.216366 -0.973645 0.072122 -0.047552 -0.998586 -0.023776 0.072442 -0.990038 0.120736 0.048154 -0.963087 0.264849 -0.066503 -0.997540 0.022168 -0.046017 -0.989356 0.138050
-0.806114 -0.456798 -0.376186 -0.303774 -0.824530 -0.477359 0.057904 -0.955419 -0.289521 -0.315244 -0.945732 0.078811 -0.047552 -0.998586 -0.023776 0.072633 -0.992646 0.096844 0.047836 -0.956730 0.287019 -0.066503 -0.997540 0.022168 -0.068934 -0.988049 0.137867
-0.813733 -0.464991 -0.348743 -0.288185 -0.864556 -0.411693 0.079444 -0.953329 -0.291295 -0.367840 -0.919601 0.137940 -0.048708 -0.998516 -0.024354 0.072633 -0.992646 0.096844 0.047836 -0.956730 0.287019 -0.066519 -0.997785 0.000000 -0.068698 -0.984675 0.160296
-0.830949 -0.458455 -0.315188 -0.292941 -0.878823 -0.376638 0.105666 -0.950998 -0.290583 -0.406579 -0.903508 0.135526 -0.052541 -0.998273 -0.026270 0.072633 -0.992646 0.096844 0.047836 -0.956730 0.287019 -0.066519 -0.997785 0.000000 -0.068698 -0.984675 0.160296
-0.847488 -0.437413 -0.300722 -0.254000 -0.889001 -0.381000 0.099875 -0.948815 -0.299626 -0.384012 -0.912029 0.144005 -0.051148 -0.997380 -0.051148 0.072633 -0.992646 0.096844 0.047836 -0.956730 0.287019 -0.066519 -0.997785 0.000000 -0.068698 -0.984675 0.160296
-0.876462 -0.367549 -0.311003 -0.244745 -0.897399 -0.367118 0.099875 -0.948815 -0.299626 -0.384012 -0.912029 0.144005 -0.025599 -0.998360 -0.051198 0.072633 -0.992646 0.096844 0.047836 -0.956730 0.287019 -0.066519 -0.997785 0.000000 -0.068698 -0.984675 0.160296
-0.891299 -0.306384 -0.334237 -0.257960 -0.902861 -0.343947 0.100599 -0.955691 -0.276648 -0.386244 -0.917329 0.096561 -0.024961 -0.998441 -0.049922 0.072633 -0.992646 0.096844 0.047836 -0.956730 0.287019 -0.066519 -0.997785 0.000000 -0.091430 -0.982873 0.160003
-0.903713 -0.271114 -0.331361 -0.360867 -0.842023 -0.400963 0.100599 -0.955691 -0.276648 -0.386244 -0.917329 0.096561 -0.024961 -0.998441 -0.049922 0.072633 -0.992646 0.096844 0.047836 -0.956730 0.287019 -0.066519 -0.997785 0.000000 -0.091430 -0.982873 0.160003
-0.895386 -0.247003 -0.370505 -0.394976 -0.829450 -0.394976 0.100599 -0.955691 -0.276648 -0.386244 -0.917329 0.096561 -0.024354 -0.998516 -0.048708 0.072633 -0.992646 0.096844 0.047836 -0.956730 0.287019 -0.066519 -0.997785 0.000000 -0.091430 -0.982873 0.160003
-0.872872 -0.218218 -0.436436 -0.427527 -0.816188 -0.388661 0.058371 -0.963119 -0.262669 -0.269630 -0.962964 0.000000 -0.024354 -0.998516 -0.048708 0.072633 -0.992646 0.096844 0.047836 -0.956730 0.287019 -0.088540 -0.996073 0.000000 -0.068698 -0.984675 0.160296
-0.819824 -0.170797 -0.546550 -0.427527 -0.816188 -0.388661 0.060523 -0.968364 -0.242091 -0.259794 -0.964951 -0.037113 -0.024354 -0.998516 -0.048708 0.047351 -0.994379 0.094703 0.048956 -0.954633 0.293733 -0.088540 -0.996073 0.000000 -0.068698 -0.984675 0.160296
-0.783573 -0.150687 -0.602749 -0.313678 -0.896221 -0.313678 0.032191 -0.965734 -0.257529 -0.242390 -0.969561 -0.034627 -0.024354 -0.998516 -0.048708 0.047351 -0.994379 0.094703 0.048956 -0.954633 0.293733 -0.088540 -0.996073 0.000000 -0.068698 -0.984675 0.160296
-0.788498 -0.168964 -0.591373 -0.193801 -0.920553 -0.339151 0.033223 -0.963460 -0.265782 -0.234509 -0.971537 -0.033501 -0.024354 -0.998516 -0.048708 0.047351 -0.994379 0.094703 0.049296 -0.961280 0.271130 -0.088540 -0.996073 0.000000 -0.068698 -0.984675 0.160296
-0.713994 -0.142799 -0.685435 -0.146560 -0.928211 -0.341972 0.033223 -0.963460 -0.265782 -0.234509 -0.971537 -0.033501 -0.024354 -0.998516 -0.048708 0.047445 -0.996335 0.071167 0.047836 -0.956730 0.287019 -0.088540 -0.996073 0.000000 -0.065732 -0.985979 0.153375
-0.628782 -0.136692 -0.765473 -0.096561 -0.917329 -0.386244 0.000000 -0.972082 -0.234641 -0.234509 -0.971537 -0.033501 -0.024376 -0.999406 -0.024376 0.047445 -0.996335 0.071167 0.047836 -0.956730 0.287019 -0.088540 -0.996073 0.000000 -0.065732 -0.985979 0.153375
-0.517690 -0.136234 -0.844652 -0.092450 -0.924500 -0.369800 0.000000 -0.972082 -0.234641 -0.234509 -0.971537 -0.033501 -0.023796 -0.999434 -0.023796 0.071067 -0.994937 0.071067 0.047836 -0.956730 0.287019 -0.088540 -0.996073 0.000000 -0.065732 -0.985979 0.153375
-0.367022 -0.152926 -0.917556 -0.045549 -0.910975 -0.409939 0.000000 -0.963993 -0.265929 -0.234641 -0.972082 0.000000 -0.023796 -0.999434 -0.023796 0.072782 -0.994689 0.072782 0.046765 -0.958687 0.280591 -0.088540 -0.996073 0.000000 -0.065732 -0.985979 0.153375
-0.264616 -0.099231 -0.959235 0.090815 -0.908153 -0.408669 0.000000 -0.966235 -0.257663 -0.242536 -0.970143 0.000000 -0.023796 -0.999434 -0.023796 0.072782 -0.994689 0.072782 0.046765 -0.958687 0.280591 -0.088518 -0.995829 -0.022130 -0.065497 -0.982448 0.174658
-0.033150 -0.099449 -0.994490 0.127920 -0.895443 -0.426401 0.031911 -0.957338 -0.287202 -0.274559 -0.960958 0.034320 -0.023776 -0.998586 -0.047552 0.072782 -0.994689 0.072782 0.023402 -0.959475 0.280822 -0.088518 -0.995829 -0.022130 -0.065497 -0.982448 0.174658
0.174821 -0.104893 -0.978997 0.169485 -0.889799 -0.423714 0.031911 -0.957338 -0.287202 -0.274559 -0.960958 0.034320 -0.023776 -0.998586 -0.047552 0.072782 -0.994689 0.072782 0.023551 -0.965575 0.259057 -0.088518 -0.995829 -0.022130 -0.065497 -0.982448 0.174658
0.368577 -0.122859 -0.921443 0.225647 -0.947717 -0.225647 0.030964 -0.959886 -0.278677 -0.250801 -0.967375 0.035829 -0.023776 -0.998586 -0.047552 0.072782 -0.994689 0.072782 0.023551 -0.965575 0.259057 -0.090513 -0.995638 -0.022628 -0.064121 -0.983184 0.170989
0.525338 -0.087556 -0.846377 0.210725 -0.969334 -0.126435 0.030964 -0.959886 -0.278677 -0.250801 -0.967375 0.035829 -0.023776 -0.998586 -0.047552 0.072782 -0.994689 0.072782 0.023551 -0.965575 0.259057 -0.088518 -0.995829 -0.022130 -0.066932 -0.981664 0.178484
0.625821 -0.089403 -0.774826 0.250435 -0.960001 -0.125218 0.030964 -0.959886 -0.278677 -0.250801 -0.967375 0.035829 -0.023776 -0.998586 -0.047552 0.072782 -0.994689 0.072782 0.023551 -0.965575 0.259057 -0.110405 -0.993641 -0.022081 -0.066932 -0.981664 0.178484
0.718353 -0.082887 -0.690724 0.242338 -0.969351 -0.040390 0.030964 -0.959886 -0.278677 -0.250801 -0.967375 0.035829 -0.023776 -0.998586 -0.047552 0.072782 -0.994689 0.072782 0.023551 -0.965575 0.259057 -0.066503 -0.997540 -0.022168 -0.089087 -0.979958 0.178174
0.732177 -0.084482 -0.675855 0.280000 -0.960000 0.000000 0.030964 -0.959886 -0.278677 -0.250801 -0.967375 0.035829 -0.023776 -0.998586 -0.047552 0.072782 -0.994689 0.072782 0.023551 -0.965575 0.259057 -0.088518 -0.995829 -0.022130 -0.089087 -0.979958 0.178174
0.744845 -0.082761 -0.662085 0.280000 -0.960000 0.000000 0.030964 -0.959886 -0.278677 -0.250801 -0.967375 0.035829 -0.023776 -0.998586 -0.047552 0.072782 -0.994689 0.072782 0.023551 -0.965575 0.259057 -0.088518 -0.995829 -0.022130 -0.089087 -0.979958 0.178174
0.756757 -0.081081 -0.648649 0.279776 -0.959233 0.039968 0.030964 -0.959886 -0.278677 -0.259794 -0.964951 0.037113 -0.023776 -0.998586 -0.047552 0.072782 -0.994689 0.072782 0.023551 -0.965575 0.259057 -0.088518 -0.995829 -0.022130 -0.089087 -0.979958 0.178174
0.770091 -0.082510 -0.632575 0.279108 -0.956943 0.079745 0.061839 -0.958508 -0.278277 -0.259794 -0.964951 0.037113 -0.023776 -0.998586 -0.047552 0.048593 -0.996156 0.072889 0.023551 -0.965575 0.259057 -0.088518 -0.995829 -0.022130 -0.089087 -0.979958 0.178174
0.746215 -0.086102 -0.660113 0.315244 -0.945732 0.078811 0.030964 -0.959886 -0.278677 -0.224702 -0.973708 0.037450 -0.023776 -0.998586 -0.047552 0.048493 -0.994104 0.096986 0.024830 -0.968365 0.248299 -0.088518 -0.995829 -0.022130 -0.089087 -0.979958 0.178174
0.734659 -0.058773 -0.675886 0.315244 -0.945732 0.078811 0.031220 -0.967805 -0.249756 -0.224860 -0.974391 0.000000 -0.023776 -0.998586 -0.047552 0.047351 -0.994379 0.094703 0.025599 -0.972761 0.230391 -0.088518 -0.995829 -0.022130 -0.089087 -0.979958 0.178174
0.749363 -0.059949 -0.659440 0.279108 -0.956943 0.079745 0.031220 -0.967805 -0.249756 -0.224860 -0.974391 0.000000 -0.023776 -0.998586 -0.047552 0.023696 -0.995216 0.094782 0.025599 -0.972761 0.230391 -0.086548 -0.995307 -0.043274 -0.089087 -0.979958 0.178174
0.749363 -0.059949 -0.659440 0.279776 -0.959233 0.039968 0.031220 -0.967805 -0.249756 -0.224860 -0.974391 0.000000 -0.023776 -0.998586 -0.047552 0.023742 -0.997178 0.071227 0.025441 -0.966762 0.254411 -0.086548 -0.995307 -0.043274 -0.089087 -0.979958 0.178174
0.735767 -0.061314 -0.674453 0.269430 -0.962250 0.038490 0.031450 -0.974958 -0.220152 -0.224860 -0.974391 0.000000 -0.024354 -0.998516 -0.048708 0.024318 -0.997039 0.072954 0.024830 -0.968365 0.248299 -0.046262 -0.994635 -0.092524 -0.089087 -0.979958 0.178174
0.750375 -0.030015 -0.660330 0.233197 -0.971653 0.038866 0.031220 -0.967805 -0.249756 -0.224860 -0.974391 0.000000 -0.024354 -0.998516 -0.048708 0.048593 -0.996156 0.072889 0.024830 -0.968365 0.248299 -0.067867 -0.995383 -0.067867 -0.089087 -0.979958 0.178174
0.736807 -0.030700 -0.675406 0.233197 -0.971653 0.038866 0.031220 -0.967805 -0.249756 -0.224860 -0.974391 0.000000 -0.024354 -0.998516 -0.048708 0.047445 -0.996335 0.071167 0.024830 -0.968365 0.248299 -0.067954 -0.996659 -0.045303 -0.089087 -0.979958 0.178174
