-0.588662 0.796425 -0.138509 -0.429537 0.386583 -0.816120 0.000000 -0.954480 -0.298275 -0.156893 -0.980581 -0.117670 -0.022168 -0.997540 -0.066503 0.101209 -0.986789 -0.126511 0.125629 -0.984091 0.125629 -0.101502 -0.989644 -0.101502 -0.021688 -0.997645 0.065064
-0.565332 0.812665 -0.141333 -0.463595 0.379305 -0.800755 0.000000 -0.948683 -0.316228 -0.163846 -0.983078 -0.081923 -0.022168 -0.997540 -0.066503 0.101209 -0.986789 -0.126511 0.125629 -0.984091 0.125629 -0.101502 -0.989644 -0.101502 -0.021688 -0.997645 0.065064
-0.540562 0.828862 -0.144150 -0.503066 0.335377 -0.796521 0.000000 -0.948683 -0.316228 -0.163163 -0.978980 -0.122373 -0.022168 -0.997540 -0.066503 0.101209 -0.986789 -0.126511 0.125629 -0.984091 0.125629 -0.101502 -0.989644 -0.101502 -0.021688 -0.997645 0.065064
-0.609088 0.752403 -0.250801 -0.561801 0.200643 -0.802572 0.000000 -0.954480 -0.298275 -0.118308 -0.985904 -0.118308 -0.043345 -0.996942 -0.065018 0.101209 -0.986789 -0.126511 0.146151 -0.981299 0.125272 -0.101502 -0.989644 -0.101502 0.000000 -0.997880 0.065079
-0.612637 0.720750 -0.324337 -0.611052 0.035944 -0.790774 0.000000 -0.954480 -0.298275 -0.117670 -0.980581 -0.156893 -0.042429 -0.997070 -0.063643 0.101209 -0.986789 -0.126511 0.146151 -0.981299 0.125272 -0.101502 -0.989644 -0.101502 0.000000 -0.999056 0.043437
-0.658737 0.619987 -0.426241 -0.640126 -0.202145 -0.741199 0.000000 -0.945687 -0.325080 -0.079181 -0.989759 -0.118771 -0.042476 -0.998194 -0.042476 0.101209 -0.986789 -0.126511 0.146151 -0.981299 0.125272 -0.101502 -0.989644 -0.101502 0.000000 -0.999056 0.043437
-0.783713 0.335877 -0.522475 -0.597022 -0.398015 -0.696526 0.000000 -0.948683 -0.316228 -0.085358 -0.981616 -0.170716 -0.042429 -0.997070 -0.063643 0.101209 -0.986789 -0.126511 0.146151 -0.981299 0.125272 -0.101502 -0.989644 -0.101502 0.000000 -0.999056 0.043437
-0.827837 0.177394 -0.532181 -0.520480 -0.553010 -0.650600 0.000000 -0.957024 -0.290007 -0.145671 -0.983282 -0.109254 -0.064942 -0.995774 -0.064942 0.101209 -0.986789 -0.126511 0.146151 -0.981299 0.125272 -0.101502 -0.989644 -0.101502 0.000000 -0.999774 0.021272
-0.827837 -0.177394 -0.532181 -0.461566 -0.659380 -0.593442 -0.028989 -0.956622 -0.289886 -0.174821 -0.978997 -0.104893 -0.066372 -0.995585 -0.066372 0.101209 -0.986789 -0.126511 0.162724 -0.976344 0.142384 -0.101209 -0.986789 -0.126511 0.000000 -0.999133 0.041631
-0.857143 -0.285714 -0.428571 -0.371868 -0.777542 -0.507093 -0.028736 -0.948292 -0.316097 -0.175358 -0.982003 -0.070143 -0.067746 -0.993605 -0.090328 0.101209 -0.986789 -0.126511 0.162724 -0.976344 0.142384 -0.101209 -0.986789 -0.126511 -0.020811 -0.998917 0.041622
-0.790756 -0.481330 -0.378188 -0.368101 -0.803129 -0.468492 -0.029540 -0.945274 -0.324938 -0.141333 -0.989331 -0.035333 -0.067746 -0.993605 -0.090328 0.101209 -0.986789 -0.126511 0.162724 -0.976344 0.142384 -0.101209 -0.986789 -0.126511 -0.020811 -0.998917 0.041622
-0.777542 -0.507093 -0.371868 -0.334450 -0.836125 -0.434785 -0.029540 -0.945274 -0.324938 -0.141333 -0.989331 -0.035333 -0.067746 -0.993605 -0.090328 0.101209 -0.986789 -0.126511 0.159554 -0.977267 0.139610 -0.101209 -0.986789 -0.126511 -0.020387 -0.998960 0.040774
-0.777542 -0.507093 -0.371868 -0.354218 -0.850124 -0.389640 0.000000 -0.959366 -0.282166 -0.195965 -0.979827 -0.039193 -0.045222 -0.994874 -0.090443 0.101209 -0.986789 -0.126511 0.159554 -0.977267 0.139610 -0.101209 -0.986789 -0.126511 -0.020387 -0.998960 0.040774
-0.777436 -0.518291 -0.356325 -0.354218 -0.850124 -0.389640 0.026755 -0.963173 -0.267548 -0.252199 -0.966762 -0.042033 -0.045222 -0.994874 -0.090443 0.101209 -0.986789 -0.126511 0.159554 -0.977267 0.139610 -0.126148 -0.983958 -0.126148 0.000000 -0.999168 0.040782
-0.777436 -0.518291 -0.356325 -0.354218 -0.850124 -0.389640 0.026755 -0.963173 -0.267548 -0.252199 -0.966762 -0.042033 -0.046262 -0.994635 -0.092524 0.101209 -0.986789 -0.126511 0.159554 -0.977267 0.139610 -0.126148 -0.983958 -0.126148 0.000000 -0.999168 0.040782
-0.780222 -0.474917 -0.407072 -0.365148 -0.839841 -0.401663 0.026082 -0.965035 -0.260820 -0.262865 -0.963837 -0.043811 -0.046262 -0.994635 -0.092524 0.101209 -0.986789 -0.126511 0.159554 -0.977267 0.139610 -0.126148 -0.983958 -0.126148 0.000000 -0.999168 0.040782
-0.763631 -0.381816 -0.520658 -0.376622 -0.828568 -0.414284 0.026082 -0.965035 -0.260820 -0.262865 -0.963837 -0.043811 -0.046262 -0.994635 -0.092524 0.101209 -0.986789 -0.126511 0.159554 -0.977267 0.139610 -0.126148 -0.983958 -0.126148 0.000000 -0.999133 0.041631
-0.696733 -0.348367 -0.627060 -0.382080 -0.802369 -0.458496 0.026082 -0.965035 -0.260820 -0.262865 -0.963837 -0.043811 -0.046262 -0.994635 -0.092524 0.101209 -0.986789 -0.126511 0.159554 -0.977267 0.139610 -0.126148 -0.983958 -0.126148 0.000000 -0.998053 0.062378
-0.618853 -0.309426 -0.721995 -0.317971 -0.794929 -0.516704 0.029437 -0.971429 -0.235498 -0.231800 -0.965834 -0.115900 -0.046262 -0.994635 -0.092524 0.101209 -0.986789 -0.126511 0.159554 -0.977267 0.139610 -0.126148 -0.983958 -0.126148 0.000000 -0.998053 0.062378
-0.572420 -0.269374 -0.774450 -0.207257 -0.787575 -0.580319 0.030514 -0.976445 -0.213597 -0.222375 -0.963624 -0.148250 -0.046262 -0.994635 -0.092524 0.101209 -0.986789 -0.126511 0.159968 -0.979804 0.119976 -0.126148 -0.983958 -0.126148 0.000000 -0.998053 0.062378
-0.543600 -0.255812 -0.799412 -0.042640 -0.767523 -0.639602 0.030514 -0.976445 -0.213597 -0.223452 -0.968291 -0.111726 -0.046262 -0.994635 -0.092524 0.101209 -0.986789 -0.126511 0.159968 -0.979804 0.119976 -0.126148 -0.983958 -0.126148 0.000000 -0.998053 0.062378
-0.497576 -0.217690 -0.839660 0.134976 -0.764866 -0.629890 0.000000 -0.968277 -0.249878 -0.181012 -0.977466 -0.108607 -0.023150 -0.995434 -0.092599 0.101209 -0.986789 -0.126511 0.159968 -0.979804 0.119976 -0.126148 -0.983958 -0.126148 0.000000 -0.998053 0.062378
-0.376219 -0.231520 -0.897139 0.262865 -0.744784 -0.613351 0.000000 -0.968277 -0.249878 -0.180187 -0.973012 -0.144150 -0.023150 -0.995434 -0.092599 0.101209 -0.986789 -0.126511 0.143215 -0.982049 0.122756 -0.126148 -0.983958 -0.126148 0.000000 -0.996546 0.083045
-0.241660 -0.241660 -0.939788 0.406164 -0.767199 -0.496423 0.000000 -0.968277 -0.249878 -0.181012 -0.977466 -0.108607 -0.023150 -0.995434 -0.092599 0.103800 -0.986099 -0.129750 0.140394 -0.982756 0.120337 -0.126148 -0.983958 -0.126148 0.000000 -0.996546 0.083045
-0.157642 -0.283755 -0.945850 0.442807 -0.752773 -0.487088 0.000000 -0.960346 -0.278810 -0.181012 -0.977466 -0.108607 -0.023193 -0.997307 -0.069580 0.103800 -0.986099 -0.129750 0.120653 -0.985335 0.120653 -0.126148 -0.983958 -0.126148 0.000000 -0.996546 0.083045
0.102478 -0.273275 -0.956462 0.400495 -0.800989 -0.444994 0.000000 -0.960346 -0.278810 -0.181012 -0.977466 -0.108607 -0.023193 -0.997307 -0.069580 0.103800 -0.986099 -0.129750 0.120653 -0.985335 0.120653 -0.126148 -0.983958 -0.126148 0.000000 -0.994389 0.105786
0.324337 -0.288300 -0.900937 0.444994 -0.800989 -0.400495 0.000000 -0.951709 -0.307003 -0.181012 -0.977466 -0.108607 -0.023150 -0.995434 -0.092599 0.103800 -0.986099 -0.129750 0.123091 -0.984732 0.123091 -0.126148 -0.983958 -0.126148 0.000000 -0.994389 0.105786
0.549119 -0.274559 -0.789358 0.444994 -0.800989 -0.400495 0.000000 -0.942428 -0.334410 -0.181608 -0.980684 -0.072643 -0.023150 -0.995434 -0.092599 0.103800 -0.986099 -0.129750 0.123091 -0.984732 0.123091 -0.126148 -0.983958 -0.126148 0.000000 -0.994389 0.105786
0.676716 -0.290021 -0.676716 0.452679 -0.814822 -0.362143 0.030387 -0.941993 -0.334255 -0.181608 -0.980684 -0.072643 -0.023150 -0.995434 -0.092599 0.103800 -0.986099 -0.129750 0.123091 -0.984732 0.123091 -0.126148 -0.983958 -0.126148 0.000000 -0.994389 0.105786
0.709458 -0.277614 -0.647766 0.459800 -0.827641 -0.321860 0.030069 -0.932146 -0.360831 -0.181608 -0.980684 -0.072643 -0.023150 -0.995434 -0.092599 0.103800 -0.986099 -0.129750 0.102815 -0.987019 0.123377 -0.126148 -0.983958 -0.126148 0.000000 -0.991950 0.126632
0.738173 -0.265742 -0.620066 0.477359 -0.824530 -0.303774 0.030069 -0.932146 -0.360831 -0.188311 -0.979217 -0.075324 -0.023150 -0.995434 -0.092599 0.103800 -0.986099 -0.129750 0.102815 -0.987019 0.123377 -0.126148 -0.983958 -0.126148 0.000000 -0.991950 0.126632
0.738173 -0.265742 -0.620066 0.483312 -0.834812 -0.263625 0.030387 -0.941993 -0.334255 -0.187647 -0.975763 -0.112588 0.000000 -0.995701 -0.092623 0.103800 -0.986099 -0.129750 0.102815 -0.987019 0.123377 -0.101209 -0.986789 -0.126511 -0.021101 -0.991729 0.126604
0.738053 -0.255480 -0.624506 0.492922 -0.851410 -0.179244 0.030387 -0.941993 -0.334255 -0.188311 -0.979217 -0.075324 0.000000 -0.995701 -0.092623 0.103800 -0.986099 -0.129750 0.102815 -0.987019 0.123377 -0.101209 -0.986789 -0.126511 -0.021101 -0.991729 0.126604
0.715860 -0.238620 -0.656205 0.521247 -0.825307 -0.217186 0.030069 -0.932146 -0.360831 -0.188311 -0.979217 -0.075324 -0.023150 -0.995434 -0.092599 0.103800 -0.986099 -0.129750 0.102815 -0.987019 0.123377 -0.101209 -0.986789 -0.126511 -0.021101 -0.991729 0.126604
0.686644 -0.238833 -0.686644 0.525730 -0.832405 -0.175243 0.030069 -0.932146 -0.360831 -0.188311 -0.979217 -0.075324 -0.023150 -0.995434 -0.092599 0.103800 -0.986099 -0.129750 0.102815 -0.987019 0.123377 -0.101209 -0.986789 -0.126511 -0.021101 -0.991729 0.126604
0.675088 -0.214801 -0.705774 0.507093 -0.845154 -0.169031 0.030387 -0.941993 -0.334255 -0.187647 -0.975763 -0.112588 -0.023150 -0.995434 -0.092599 0.103800 -0.986099 -0.129750 0.102815 -0.987019 0.123377 -0.101502 -0.989644 -0.101502 -0.021152 -0.994166 0.105762
0.675088 -0.214801 -0.705774 0.507093 -0.845154 -0.169031 0.000000 -0.942428 -0.334410 -0.151078 -0.982006 -0.113308 -0.023150 -0.995434 -0.092599 0.101209 -0.986789 -0.126511 0.104944 -0.986472 0.125933 -0.101502 -0.989644 -0.101502 -0.021101 -0.991729 0.126604
