-0.696311 0.696311 -0.174078 -0.619219 0.378412 -0.688021 0.000000 -0.936329 -0.351123 -0.112588 -0.975763 -0.187647 -0.061059 -0.997304 -0.040706 0.101209 -0.986789 -0.126511 0.163538 -0.981228 0.102211 -0.101209 -0.986789 -0.126511 0.021688 -0.997645 0.065064
-0.708436 0.673015 -0.212531 -0.640411 0.177892 -0.747146 0.000000 -0.936329 -0.351123 -0.112588 -0.975763 -0.187647 -0.079682 -0.996024 -0.039841 0.101209 -0.986789 -0.126511 0.163538 -0.981228 0.102211 -0.101209 -0.986789 -0.126511 0.021713 -0.998821 0.043427
-0.727013 0.605844 -0.323117 -0.625355 -0.110357 -0.772497 0.000000 -0.936329 -0.351123 -0.078206 -0.977577 -0.195515 -0.079682 -0.996024 -0.039841 0.101502 -0.989644 -0.101502 0.163846 -0.983078 0.081923 -0.101209 -0.986789 -0.126511 0.021713 -0.998821 0.043427
-0.749006 0.486854 -0.449404 -0.590079 -0.347105 -0.728921 0.000000 -0.945687 -0.325080 -0.081312 -0.975739 -0.203279 -0.082885 -0.994618 -0.062164 0.101502 -0.989644 -0.101502 0.163846 -0.983078 0.081923 -0.101209 -0.986789 -0.126511 0.021713 -0.998821 0.043427
-0.818822 0.284808 -0.498413 -0.505363 -0.539054 -0.673817 0.000000 -0.945687 -0.325080 -0.042448 -0.976296 -0.212238 -0.063472 -0.994389 -0.084629 0.101502 -0.989644 -0.101502 0.163846 -0.983078 0.081923 -0.101209 -0.986789 -0.126511 0.021713 -0.998821 0.043427
-0.872506 0.000000 -0.488603 -0.425373 -0.687141 -0.588978 0.000000 -0.945687 -0.325080 -0.078750 -0.984374 -0.157500 -0.064700 -0.992062 -0.107833 0.101502 -0.989644 -0.101502 0.163846 -0.983078 0.081923 -0.101209 -0.986789 -0.126511 0.021253 -0.998870 0.042505
-0.855921 -0.213980 -0.470757 -0.333148 -0.799556 -0.499722 0.000000 -0.936329 -0.351123 -0.114291 -0.990521 -0.076194 -0.067591 -0.991333 -0.112651 0.101502 -0.989644 -0.101502 0.163846 -0.983078 0.081923 -0.101209 -0.986789 -0.126511 0.021253 -0.998870 0.042505
-0.803863 -0.401931 -0.438470 -0.291539 -0.842223 -0.453504 0.000000 -0.936329 -0.351123 -0.114291 -0.990521 -0.076194 -0.067591 -0.991333 -0.112651 0.101502 -0.989644 -0.101502 0.183673 -0.979592 0.081633 -0.101209 -0.986789 -0.126511 0.000000 -0.999096 0.042515
-0.790774 -0.467275 -0.395387 -0.291386 -0.874157 -0.388514 0.027973 -0.951072 -0.307700 -0.163846 -0.983078 -0.081923 -0.045118 -0.992593 -0.112795 0.126511 -0.986789 -0.101209 0.160611 -0.983745 0.080306 -0.101209 -0.986789 -0.126511 0.000000 -0.999133 0.041631
-0.777332 -0.494666 -0.388666 -0.294963 -0.884889 -0.360510 0.027247 -0.953640 -0.299715 -0.170716 -0.981616 -0.085358 -0.045118 -0.992593 -0.112795 0.126511 -0.986789 -0.101209 0.160611 -0.983745 0.080306 -0.101209 -0.986789 -0.126511 0.000000 -0.999783 0.020829
-0.777332 -0.494666 -0.388666 -0.294963 -0.884889 -0.360510 0.055880 -0.949958 -0.307339 -0.203279 -0.975739 -0.081312 -0.046151 -0.992249 -0.115378 0.126511 -0.986789 -0.101209 0.160611 -0.983745 0.080306 -0.101209 -0.986789 -0.126511 0.000000 -0.999783 0.020829
-0.762754 -0.508503 -0.399538 -0.328089 -0.885841 -0.328089 0.054433 -0.952579 -0.299382 -0.212238 -0.976296 -0.042448 -0.046151 -0.992249 -0.115378 0.126511 -0.986789 -0.101209 0.160611 -0.983745 0.080306 -0.101209 -0.986789 -0.126511 0.000000 -0.999783 0.020829
-0.764775 -0.437014 -0.473432 -0.328089 -0.885841 -0.328089 0.027247 -0.953640 -0.299715 -0.212238 -0.976296 -0.042448 -0.046151 -0.992249 -0.115378 0.126511 -0.986789 -0.101209 0.160611 -0.983745 0.080306 -0.101209 -0.986789 -0.126511 -0.020824 -0.999566 0.020824
-0.748569 -0.392108 -0.534692 -0.322666 -0.860442 -0.394369 0.027247 -0.953640 -0.299715 -0.212238 -0.976296 -0.042448 -0.023094 -0.993042 -0.115470 0.126511 -0.986789 -0.101209 0.160611 -0.983745 0.080306 -0.101209 -0.986789 -0.126511 -0.020824 -0.999566 0.020824
-0.681598 -0.340799 -0.647518 -0.299392 -0.860753 -0.411665 0.027247 -0.953640 -0.299715 -0.212238 -0.976296 -0.042448 -0.023094 -0.993042 -0.115470 0.126511 -0.986789 -0.101209 0.160611 -0.983745 0.080306 -0.101209 -0.986789 -0.126511 -0.020811 -0.998917 0.041622
-0.625166 -0.277851 -0.729360 -0.225335 -0.863783 -0.450669 0.027973 -0.951072 -0.307700 -0.242338 -0.969351 -0.040390 -0.023094 -0.993042 -0.115470 0.126511 -0.986789 -0.101209 0.140962 -0.986733 0.080550 -0.101209 -0.986789 -0.126511 -0.020811 -0.998917 0.041622
-0.594412 -0.264183 -0.759527 -0.080713 -0.847491 -0.524637 0.027462 -0.961161 -0.274618 -0.241747 -0.966988 -0.080582 -0.023094 -0.993042 -0.115470 0.126511 -0.986789 -0.101209 0.140962 -0.986733 0.080550 -0.101209 -0.986789 -0.126511 -0.020811 -0.998917 0.041622
-0.514496 -0.240098 -0.823193 0.000000 -0.838444 -0.544988 0.028421 -0.966315 -0.255789 -0.232670 -0.969458 -0.077557 -0.023094 -0.993042 -0.115470 0.126511 -0.986789 -0.101209 0.140962 -0.986733 0.080550 -0.101209 -0.986789 -0.126511 -0.020811 -0.998917 0.041622
-0.412813 -0.172005 -0.894427 0.167102 -0.793736 -0.584858 0.029223 -0.964352 -0.263005 -0.232670 -0.969458 -0.077557 -0.023150 -0.995434 -0.092599 0.126148 -0.983958 -0.126148 0.143546 -0.984318 0.102533 -0.101209 -0.986789 -0.126511 -0.020811 -0.998917 0.041622
-0.303571 -0.165584 -0.938310 0.328244 -0.779579 -0.533396 0.000000 -0.954480 -0.298275 -0.188311 -0.979217 -0.075324 -0.023150 -0.995434 -0.092599 0.126148 -0.983958 -0.126148 0.143819 -0.986186 0.082182 -0.101209 -0.986789 -0.126511 -0.020811 -0.998917 0.041622
-0.115615 -0.144518 -0.982725 0.357771 -0.894427 -0.268328 0.000000 -0.962651 -0.270746 -0.187647 -0.975763 -0.112588 -0.023150 -0.995434 -0.092599 0.126148 -0.983958 -0.126148 0.143819 -0.986186 0.082182 -0.101209 -0.986789 -0.126511 -0.021253 -0.998870 0.042505
0.065618 -0.164045 -0.984268 0.367452 -0.872699 -0.321521 0.000000 -0.954480 -0.298275 -0.188311 -0.979217 -0.075324 -0.023150 -0.995434 -0.092599 0.126148 -0.983958 -0.126148 0.123613 -0.988903 0.082409 -0.101209 -0.986789 -0.126511 -0.021253 -0.998870 0.042505
0.341589 -0.124214 -0.931605 0.240008 -0.960031 -0.144005 0.000000 -0.951709 -0.307003 -0.181608 -0.980684 -0.072643 -0.023150 -0.995434 -0.092599 0.126148 -0.983958 -0.126148 0.123613 -0.988903 0.082409 -0.101209 -0.986789 -0.126511 -0.021229 -0.997744 0.063686
0.523778 -0.116395 -0.843865 0.186908 -0.981266 -0.046727 0.000000 -0.951709 -0.307003 -0.181012 -0.977466 -0.108607 -0.023150 -0.995434 -0.092599 0.126148 -0.983958 -0.126148 0.126183 -0.988434 0.084122 -0.101209 -0.986789 -0.126511 -0.021229 -0.997744 0.063686
0.612585 -0.161206 -0.773791 0.324617 -0.927478 -0.185496 0.000000 -0.951709 -0.307003 -0.181012 -0.977466 -0.108607 -0.023150 -0.995434 -0.092599 0.126148 -0.983958 -0.126148 0.126183 -0.988434 0.084122 -0.101209 -0.986789 -0.126511 -0.021229 -0.997744 0.063686
0.672411 -0.116941 -0.730882 0.352865 -0.926270 -0.132324 0.000000 -0.942428 -0.334410 -0.181608 -0.980684 -0.072643 -0.023150 -0.995434 -0.092599 0.126148 -0.983958 -0.126148 0.126183 -0.988434 0.084122 -0.101209 -0.986789 -0.126511 0.000000 -0.996398 0.084800
0.713994 -0.142799 -0.685435 0.352865 -0.926270 -0.132324 0.000000 -0.942428 -0.334410 -0.181608 -0.980684 -0.072643 -0.023150 -0.995434 -0.092599 0.126148 -0.983958 -0.126148 0.126183 -0.988434 0.084122 -0.101209 -0.986789 -0.126511 0.000000 -0.996398 0.084800
0.714006 -0.137309 -0.686544 0.314945 -0.944835 -0.089984 0.000000 -0.932568 -0.360994 -0.188311 -0.979217 -0.075324 -0.023150 -0.995434 -0.092599 0.126148 -0.983958 -0.126148 0.105409 -0.990847 0.084327 -0.101209 -0.986789 -0.126511 0.000000 -0.996398 0.084800
0.730153 -0.112331 -0.673987 0.340503 -0.936382 -0.085126 0.030387 -0.941993 -0.334255 -0.188311 -0.979217 -0.075324 0.000000 -0.995701 -0.092623 0.126148 -0.983958 -0.126148 0.105409 -0.990847 0.084327 -0.101209 -0.986789 -0.126511 0.000000 -0.996398 0.084800
0.714006 -0.137309 -0.686544 0.341432 -0.938937 -0.042679 0.030387 -0.941993 -0.334255 -0.188311 -0.979217 -0.075324 0.000000 -0.995893 -0.090536 0.126148 -0.983958 -0.126148 0.105409 -0.990847 0.084327 -0.101209 -0.986789 -0.126511 0.000000 -0.996398 0.084800
0.713996 -0.132221 -0.687552 0.303204 -0.952926 0.000000 0.030387 -0.941993 -0.334255 -0.188311 -0.979217 -0.075324 -0.022628 -0.995638 -0.090513 0.126148 -0.983958 -0.126148 0.105409 -0.990847 0.084327 -0.101209 -0.986789 -0.126511 0.000000 -0.994389 0.105786
0.687552 -0.132221 -0.713996 0.291162 -0.956674 0.000000 0.030387 -0.941993 -0.334255 -0.188311 -0.979217 -0.075324 -0.022576 -0.993352 -0.112881 0.126148 -0.983958 -0.126148 0.105409 -0.990847 0.084327 -0.101209 -0.986789 -0.126511 0.000000 -0.994389 0.105786
0.660185 -0.132037 -0.739407 0.290910 -0.955847 0.041559 0.030387 -0.941993 -0.334255 -0.187647 -0.975763 -0.112588 -0.022576 -0.993352 -0.112881 0.126148 -0.983958 -0.126148 0.105409 -0.990847 0.084327 -0.101209 -0.986789 -0.126511 0.000000 -0.994389 0.105786
0.660185 -0.132037 -0.739407 0.290910 -0.955847 0.041559 0.030387 -0.941993 -0.334255 -0.187647 -0.975763 -0.112588 -0.022576 -0.993352 -0.112881 0.126148 -0.983958 -0.126148 0.105409 -0.990847 0.084327 -0.101209 -0.986789 -0.126511 -0.021152 -0.994166 0.105762
0.660185 -0.132037 -0.739407 0.290910 -0.955847 0.041559 0.030387 -0.941993 -0.334255 -0.187647 -0.975763 -0.112588 -0.022576 -0.993352 -0.112881 0.126148 -0.983958 -0.126148 0.105409 -0.990847 0.084327 -0.101209 -0.986789 -0.126511 -0.021152 -0.994166 0.105762
0.632017 -0.131670 -0.763687 0.290159 -0.953381 0.082903 0.030387 -0.941993 -0.334255 -0.188311 -0.979217 -0.075324 -0.022576 -0.993352 -0.112881 0.126148 -0.983958 -0.126148 0.084497 -0.992835 0.084497 -0.101209 -0.986789 -0.126511 -0.021152 -0.994166 0.105762
0.658090 -0.137102 -0.740351 0.252422 -0.967617 0.000000 0.000000 -0.942428 -0.334410 -0.151620 -0.985527 -0.075810 -0.022576 -0.993352 -0.112881 0.126148 -0.983958 -0.126148 0.084497 -0.992835 0.084497 -0.101209 -0.986789 -0.126511 -0.021152 -0.994166 0.105762
0.671608 -0.139918 -0.727575 0.252199 -0.966762 -0.042033 0.000000 -0.942428 -0.334410 -0.151620 -0.985527 -0.075810 -0.022576 -0.993352 -0.112881 0.126148 -0.983958 -0.126148 0.084497 -0.992835 0.084497 -0.101209 -0.986789 -0.126511 -0.021152 -0.994166 0.105762
0.632017 -0.131670 -0.763687 0.251533 -0.964210 0.083844 0.000000 -0.942428 -0.334410 -0.151620 -0.985527 -0.075810 -0.022576 -0.993352 -0.112881 0.126148 -0.983958 -0.126148 0.084497 -0.992835 0.084497 -0.101209 -0.986789 -0.126511 -0.021152 -0.994166 0.105762
0.619471 -0.129056 -0.774339 0.250435 -0.960001 0.125218 0.000000 -0.942428 -0.334410 -0.151620 -0.985527 -0.075810 -0.022576 -0.993352 -0.112881 0.126148 -0.983958 -0.126148 0.084497 -0.992835 0.084497 -0.101209 -0.986789 -0.126511 -0.021152 -0.994166 0.105762
0.619471 -0.129056 -0.774339 0.250435 -0.960001 0.125218 0.000000 -0.942428 -0.334410 -0.151620 -0.985527 -0.075810 -0.022576 -0.993352 -0.112881 0.126148 -0.983958 -0.126148 0.084497 -0.992835 0.084497 -0.101209 -0.986789 -0.126511 -0.021152 -0.994166 0.105762
0.619471 -0.129056 -0.774339 0.250435 -0.960001 0.125218 0.000000 -0.951709 -0.307003 -0.151078 -0.982006 -0.113308 -0.022576 -0.993352 -0.112881 0.126148 -0.983958 -0.126148 0.084497 -0.992835 0.084497 -0.101209 -0.986789 -0.126511 -0.021152 -0.994166 0.105762
0.642118 -0.139591 -0.753790 0.252199 -0.966762 -0.042033 0.000000 -0.951709 -0.307003 -0.151078 -0.982006 -0.113308 -0.022576 -0.993352 -0.112881 0.126148 -0.983958 -0.126148 0.084497 -0.992835 0.084497 -0.101209 -0.986789 -0.126511 -0.021152 -0.994166 0.105762
