-0.555757 0.802760 -0.216128 -0.494451 -0.082409 -0.865290 0.029223 -0.964352 -0.263005 0.000000 -0.985212 -0.171341 -0.069580 -0.997307 0.023193 0.043427 -0.998821 0.021713 0.042400 -0.953998 0.296799 -0.110432 -0.993884 0.000000 0.000000 -0.988116 0.153707
-0.597351 0.730096 -0.331862 -0.524637 -0.080713 -0.847491 0.029223 -0.964352 -0.263005 -0.118308 -0.985904 -0.118308 -0.069598 -0.997575 0.000000 0.043427 -0.998821 0.021713 0.042400 -0.953998 0.296799 -0.110432 -0.993884 0.000000 0.000000 -0.988116 0.153707
-0.659897 0.625166 -0.416777 -0.502609 -0.154649 -0.850569 0.029223 -0.964352 -0.263005 -0.151620 -0.985527 -0.075810 -0.046461 -0.998920 0.000000 0.043427 -0.998821 0.021713 0.042400 -0.953998 0.296799 -0.110405 -0.993641 -0.022081 0.000000 -0.984563 0.175033
-0.667424 0.476731 -0.572078 -0.480000 -0.360000 -0.800000 0.000000 -0.966705 -0.255893 -0.195965 -0.979827 -0.039193 -0.047552 -0.998586 -0.023776 0.043427 -0.998821 0.021713 0.042400 -0.953998 0.296799 -0.110405 -0.993641 -0.022081 0.000000 -0.984563 0.175033
-0.699390 0.242096 -0.672490 -0.342682 -0.642529 -0.685365 0.000000 -0.966705 -0.255893 -0.195965 -0.979827 -0.039193 -0.047511 -0.997740 -0.047511 0.043427 -0.998821 0.021713 0.042400 -0.953998 0.296799 -0.110405 -0.993641 -0.022081 0.000000 -0.984563 0.175033
-0.732543 -0.026162 -0.680218 -0.254457 -0.763370 -0.593732 0.029223 -0.964352 -0.263005 -0.259794 -0.964951 -0.037113 -0.047511 -0.997740 -0.047511 0.043427 -0.998821 0.021713 0.042400 -0.953998 0.296799 -0.110405 -0.993641 -0.022081 0.000000 -0.984563 0.175033
-0.737859 -0.245953 -0.628547 -0.206372 -0.866763 -0.454019 0.029223 -0.964352 -0.263005 -0.269630 -0.962964 0.000000 -0.048665 -0.997629 -0.048665 0.043427 -0.998821 0.021713 0.042400 -0.953998 0.296799 -0.110405 -0.993641 -0.022081 -0.021874 -0.984327 0.174991
-0.739469 -0.407983 -0.535477 -0.163299 -0.898146 -0.408248 0.000000 -0.963518 -0.267644 -0.302920 -0.952033 0.043274 -0.048665 -0.997629 -0.048665 0.023224 -0.998651 -0.046449 0.042400 -0.953998 0.296799 -0.110405 -0.993641 -0.022081 -0.021874 -0.984327 0.174991
-0.724547 -0.499688 -0.474703 -0.165948 -0.912714 -0.373383 0.000000 -0.970143 -0.242536 -0.302920 -0.952033 0.043274 -0.048665 -0.997629 -0.048665 0.022721 -0.999742 0.000000 0.042400 -0.953998 0.296799 -0.110405 -0.993641 -0.022081 -0.021874 -0.984327 0.174991
-0.742371 -0.486381 -0.460782 -0.162088 -0.932007 -0.324176 0.000000 -0.970143 -0.242536 -0.302072 -0.949370 0.086306 -0.048665 -0.997629 -0.048665 0.000000 -0.997575 -0.069598 0.042400 -0.953998 0.296799 -0.110405 -0.993641 -0.022081 -0.043716 -0.983621 0.174866
-0.739407 -0.501740 -0.448926 -0.198419 -0.912727 -0.357154 0.000000 -0.963518 -0.267644 -0.300676 -0.944981 0.128861 -0.047511 -0.997740 -0.047511 0.022721 -0.999742 0.000000 0.042400 -0.953998 0.296799 -0.088518 -0.995829 -0.022130 -0.066932 -0.981664 0.178484
-0.727079 -0.511648 -0.457791 -0.236067 -0.904923 -0.354100 0.000000 -0.963518 -0.267644 -0.300676 -0.944981 0.128861 -0.047511 -0.997740 -0.047511 0.044401 -0.999014 0.000000 0.042400 -0.953998 0.296799 -0.088518 -0.995829 -0.022130 -0.066932 -0.981664 0.178484
-0.746837 -0.470231 -0.470231 -0.236067 -0.904923 -0.354100 0.000000 -0.963518 -0.267644 -0.300676 -0.944981 0.128861 -0.047511 -0.997740 -0.047511 0.021734 -0.999764 0.000000 0.063529 -0.952928 0.296466 -0.086609 -0.996007 -0.021652 -0.066932 -0.981664 0.178484
-0.763981 -0.396138 -0.509321 -0.244745 -0.897399 -0.367118 0.000000 -0.970143 -0.242536 -0.300676 -0.944981 0.128861 -0.047445 -0.996335 -0.071167 0.043427 -0.998821 0.021713 0.063529 -0.952928 0.296466 -0.086609 -0.996007 -0.021652 -0.066932 -0.981664 0.178484
-0.758621 -0.303449 -0.576552 -0.282497 -0.887848 -0.363210 0.000000 -0.974859 -0.222825 -0.302072 -0.949370 0.086306 -0.047445 -0.996335 -0.071167 0.042505 -0.998870 0.021253 0.063529 -0.952928 0.296466 -0.086609 -0.996007 -0.021652 -0.066932 -0.981664 0.178484
-0.743705 -0.237986 -0.624712 -0.282497 -0.887848 -0.363210 0.000000 -0.974859 -0.222825 -0.302072 -0.949370 0.086306 -0.023742 -0.997178 -0.071227 0.042505 -0.998870 0.021253 0.063529 -0.952928 0.296466 -0.086609 -0.996007 -0.021652 -0.066932 -0.981664 0.178484
-0.720685 -0.210200 -0.660628 -0.288185 -0.864556 -0.411693 0.000000 -0.974859 -0.222825 -0.302072 -0.949370 0.086306 -0.023742 -0.997178 -0.071227 0.042505 -0.998870 0.021253 0.063529 -0.952928 0.296466 -0.086609 -0.996007 -0.021652 -0.066932 -0.981664 0.178484
-0.710507 -0.177627 -0.680903 -0.249783 -0.874241 -0.416305 0.030700 -0.982409 -0.184202 -0.304776 -0.952424 0.000000 -0.023776 -0.998586 -0.047552 0.042505 -0.998870 0.021253 0.063529 -0.952928 0.296466 -0.086609 -0.996007 -0.021652 -0.089087 -0.979958 0.178174
-0.650160 -0.177316 -0.738818 -0.222277 -0.889108 -0.400099 0.031830 -0.986741 -0.159152 -0.304555 -0.951734 -0.038069 -0.023776 -0.998586 -0.047552 0.042505 -0.998870 0.021253 0.063529 -0.952928 0.296466 -0.086609 -0.996007 -0.021652 -0.089087 -0.979958 0.178174
-0.599760 -0.179928 -0.779688 -0.183147 -0.869950 -0.457869 0.031654 -0.981288 -0.189927 -0.293887 -0.955134 -0.036736 -0.023776 -0.998586 -0.047552 0.043427 -0.998821 0.021713 0.063529 -0.952928 0.296466 -0.088518 -0.995829 -0.022130 -0.087183 -0.980814 0.174367
-0.513036 -0.150893 -0.845000 -0.138380 -0.876405 -0.461266 0.031654 -0.981288 -0.189927 -0.293887 -0.955134 -0.036736 -0.023776 -0.998586 -0.047552 0.043427 -0.998821 0.021713 0.063529 -0.952928 0.296466 -0.088518 -0.995829 -0.022130 -0.087183 -0.980814 0.174367
-0.427394 -0.183169 -0.885316 -0.047511 -0.902717 -0.427603 0.063214 -0.979816 -0.189642 -0.293294 -0.953206 -0.073324 -0.023776 -0.998586 -0.047552 0.043396 -0.998115 0.043396 0.063529 -0.952928 0.296466 -0.088518 -0.995829 -0.022130 -0.087183 -0.980814 0.174367
-0.285033 -0.126681 -0.950110 0.045549 -0.910975 -0.409939 0.065233 -0.978492 -0.195698 -0.283375 -0.956389 -0.070844 -0.023776 -0.998586 -0.047552 0.043396 -0.998115 0.043396 0.063529 -0.952928 0.296466 -0.088518 -0.995829 -0.022130 -0.087183 -0.980814 0.174367
-0.157956 -0.126365 -0.979327 0.088648 -0.930809 -0.354594 0.062807 -0.973515 -0.219826 -0.283375 -0.956389 -0.070844 -0.023776 -0.998586 -0.047552 0.000000 -0.998920 -0.046461 0.063529 -0.952928 0.296466 -0.088518 -0.995829 -0.022130 -0.087183 -0.980814 0.174367
0.063564 -0.158910 -0.985245 0.132324 -0.926270 -0.352865 0.062807 -0.973515 -0.219826 -0.283375 -0.956389 -0.070844 -0.023776 -0.998586 -0.047552 -0.023696 -0.995216 -0.094782 0.064836 -0.950921 0.302566 -0.088518 -0.995829 -0.022130 -0.087183 -0.980814 0.174367
0.204298 -0.175113 -0.963119 0.186299 -0.978068 -0.093149 0.062348 -0.966394 -0.249392 -0.250801 -0.967375 -0.035829 0.000000 -0.998868 -0.047565 0.000000 -0.999742 -0.022721 0.064836 -0.950921 0.302566 -0.090513 -0.995638 -0.022628 -0.086833 -0.976877 0.195375
0.356978 -0.148741 -0.922194 0.178707 -0.982888 -0.044677 0.061839 -0.958508 -0.278277 -0.250801 -0.967375 -0.035829 0.000000 -0.998868 -0.047565 0.000000 -1.000000 0.000000 0.064836 -0.950921 0.302566 -0.090513 -0.995638 -0.022628 -0.086833 -0.976877 0.195375
0.555470 -0.146176 -0.818587 0.163846 -0.983078 -0.081923 0.061839 -0.958508 -0.278277 -0.250801 -0.967375 -0.035829 0.000000 -0.998868 -0.047565 0.000000 -0.999753 0.022217 0.065248 -0.956974 0.282742 -0.090513 -0.995638 -0.022628 -0.086833 -0.976877 0.195375
0.666737 -0.173931 -0.724714 0.164260 -0.985562 -0.041065 0.061839 -0.958508 -0.278277 -0.250801 -0.967375 -0.035829 0.000000 -0.998868 -0.047565 0.021734 -0.999764 0.000000 0.065248 -0.956974 0.282742 -0.090513 -0.995638 -0.022628 -0.065233 -0.978492 0.195698
0.713994 -0.142799 -0.685435 0.157867 -0.986671 -0.039467 0.061285 -0.949920 -0.306426 -0.216789 -0.975550 -0.036131 0.000000 -0.998868 -0.047565 0.043437 -0.999056 0.000000 0.065248 -0.956974 0.282742 -0.090513 -0.995638 -0.022628 -0.065233 -0.978492 0.195698
0.755291 -0.145248 -0.639092 0.151947 -0.987658 -0.037987 0.059549 -0.952786 -0.297746 -0.259973 -0.965616 0.000000 0.000000 -0.998868 -0.047565 0.042505 -0.998870 0.021253 0.065248 -0.956974 0.282742 -0.088518 -0.995829 -0.022130 -0.066340 -0.972985 0.221133
0.767368 -0.142105 -0.625262 0.152057 -0.988372 0.000000 0.060057 -0.960913 -0.270257 -0.259794 -0.964951 -0.037113 0.000000 -0.998868 -0.047565 0.042505 -0.998870 0.021253 0.065248 -0.956974 0.282742 -0.088540 -0.996073 0.000000 -0.066340 -0.972985 0.221133
0.767368 -0.142105 -0.625262 0.151947 -0.987658 0.037987 0.060057 -0.960913 -0.270257 -0.259794 -0.964951 -0.037113 0.000000 -0.998868 -0.047565 0.043427 -0.998821 0.021713 0.065248 -0.956974 0.282742 -0.066503 -0.997540 -0.022168 -0.066340 -0.972985 0.221133
0.769379 -0.147957 -0.621421 0.151947 -0.987658 0.037987 0.030069 -0.962216 -0.270623 -0.224860 -0.974391 0.000000 0.000000 -0.998868 -0.047565 0.043427 -0.998821 0.021713 0.043550 -0.958108 0.283077 -0.066503 -0.997540 -0.022168 -0.066340 -0.972985 0.221133
0.756881 -0.151376 -0.635780 0.152057 -0.988372 0.000000 0.030303 -0.969697 -0.242424 -0.224702 -0.973708 -0.037450 0.000000 -0.998868 -0.047565 0.021729 -0.999528 0.021729 0.043550 -0.958108 0.283077 -0.066503 -0.997540 -0.022168 -0.088302 -0.971324 0.220755
0.742392 -0.148478 -0.653305 0.151947 -0.987658 0.037987 0.030303 -0.969697 -0.242424 -0.224702 -0.973708 -0.037450 0.000000 -0.998868 -0.047565 0.021729 -0.999528 0.021729 0.043550 -0.958108 0.283077 -0.066503 -0.997540 -0.022168 -0.088302 -0.971324 0.220755
0.728612 -0.151794 -0.667894 0.151947 -0.987658 0.037987 0.030303 -0.969697 -0.242424 -0.224231 -0.971666 -0.074744 0.000000 -0.998868 -0.047565 0.021729 -0.999528 0.021729 0.043550 -0.958108 0.283077 -0.066519 -0.997785 0.000000 -0.087854 -0.966391 0.241598
0.731653 -0.121942 -0.670682 0.151947 -0.987658 0.037987 0.030303 -0.969697 -0.242424 -0.224702 -0.973708 -0.037450 0.000000 -0.998868 -0.047565 0.021729 -0.999528 0.021729 0.043550 -0.958108 0.283077 -0.066519 -0.997785 0.000000 -0.087854 -0.966391 0.241598
0.731653 -0.121942 -0.670682 0.151947 -0.987658 0.037987 0.030303 -0.969697 -0.242424 -0.224702 -0.973708 -0.037450 0.000000 -0.998868 -0.047565 0.021729 -0.999528 0.021729 0.043550 -0.958108 0.283077 -0.066519 -0.997785 0.000000 -0.087854 -0.966391 0.241598
0.731653 -0.121942 -0.670682 0.152057 -0.988372 0.000000 0.030303 -0.969697 -0.242424 -0.224702 -0.973708 -0.037450 0.000000 -0.998868 -0.047565 0.021729 -0.999528 0.021729 0.043550 -0.958108 0.283077 -0.066519 -0.997785 0.000000 -0.087854 -0.966391 0.241598
0.717002 -0.124696 -0.685828 0.152057 -0.988372 0.000000 0.060523 -0.968364 -0.242091 -0.224231 -0.971666 -0.074744 0.000000 -0.998868 -0.047565 0.021729 -0.999528 0.021729 0.043550 -0.958108 0.283077 -0.068024 -0.997684 0.000000 -0.087854 -0.966391 0.241598
0.717002 -0.124696 -0.685828 0.152057 -0.988372 0.000000 0.060523 -0.968364 -0.242091 -0.224231 -0.971666 -0.074744 0.000000 -0.998868 -0.047565 0.021729 -0.999528 0.021729 0.043550 -0.958108 0.283077 -0.068024 -0.997684 0.000000 -0.087854 -0.966391 0.241598
