-0.647415 0.719350 -0.251773 -0.454794 0.330759 -0.826898 0.000000 -0.926467 -0.376377 -0.118308 -0.985904 -0.118308 0.082541 -0.990492 -0.110055 0.129358 -0.983124 -0.129358 0.143215 -0.982049 0.122756 -0.101209 -0.986789 -0.126511 0.000000 -0.997880 0.065079
-0.609088 0.752403 -0.250801 -0.533396 0.328244 -0.779579 0.000000 -0.936329 -0.351123 -0.118308 -0.985904 -0.118308 0.109764 -0.987878 -0.109764 0.129358 -0.983124 -0.129358 0.143215 -0.982049 0.122756 -0.101209 -0.986789 -0.126511 0.021688 -0.997645 0.065064
-0.609088 0.752403 -0.250801 -0.554265 0.356313 -0.752217 0.000000 -0.936329 -0.351123 -0.118771 -0.989759 -0.079181 0.109764 -0.987878 -0.109764 0.129358 -0.983124 -0.129358 0.143215 -0.982049 0.122756 -0.101209 -0.986789 -0.126511 0.021688 -0.997645 0.065064
-0.635999 0.741999 -0.212000 -0.571454 0.304776 -0.761939 0.000000 -0.936329 -0.351123 -0.118308 -0.985904 -0.118308 0.112822 -0.987189 -0.112822 0.129358 -0.983124 -0.129358 0.143215 -0.982049 0.122756 -0.101209 -0.986789 -0.126511 0.021688 -0.997645 0.065064
-0.630900 0.736050 -0.245350 -0.590973 0.221615 -0.775653 0.000000 -0.945687 -0.325080 -0.118308 -0.985904 -0.118308 0.139428 -0.975995 -0.167313 0.129358 -0.983124 -0.129358 0.143215 -0.982049 0.122756 -0.101209 -0.986789 -0.126511 0.021688 -0.997645 0.065064
-0.647518 0.681598 -0.340799 -0.628768 0.036986 -0.776713 0.000000 -0.945687 -0.325080 -0.118308 -0.985904 -0.118308 -0.021607 -0.993912 -0.108034 0.126148 -0.983958 -0.126148 0.166486 -0.978106 0.124865 -0.101209 -0.986789 -0.126511 0.021688 -0.997645 0.065064
-0.736210 0.478537 -0.478537 -0.653023 -0.097953 -0.750977 0.000000 -0.945687 -0.325080 -0.079181 -0.989759 -0.118771 -0.041407 -0.993765 -0.103517 0.126148 -0.983958 -0.126148 0.166486 -0.978106 0.124865 -0.101209 -0.986789 -0.126511 0.021688 -0.997645 0.065064
-0.793849 0.231539 -0.562310 -0.590079 -0.347105 -0.728921 0.029540 -0.945274 -0.324938 -0.123091 -0.984732 -0.123091 -0.060796 -0.992994 -0.101326 0.126148 -0.983958 -0.126148 0.166486 -0.978106 0.124865 -0.101209 -0.986789 -0.126511 0.021713 -0.998821 0.043427
-0.786796 0.121046 -0.605228 -0.551396 -0.516934 -0.654783 0.000000 -0.951445 -0.307820 -0.145671 -0.983282 -0.109254 -0.059596 -0.993269 -0.099327 0.126148 -0.983958 -0.126148 0.166486 -0.978106 0.124865 -0.101209 -0.986789 -0.126511 0.021713 -0.998821 0.043427
-0.827837 -0.177394 -0.532181 -0.470605 -0.672293 -0.571449 0.000000 -0.951445 -0.307820 -0.140633 -0.984428 -0.105474 -0.060796 -0.992994 -0.101326 0.126148 -0.983958 -0.126148 0.163163 -0.978980 0.122373 -0.101209 -0.986789 -0.126511 0.021253 -0.998870 0.042505
-0.816239 -0.390375 -0.425864 -0.431183 -0.729694 -0.530687 0.027973 -0.951072 -0.307700 -0.174078 -0.974835 -0.139262 -0.063344 -0.992392 -0.105574 0.126148 -0.983958 -0.126148 0.179355 -0.976491 0.119570 -0.101209 -0.986789 -0.126511 0.020824 -0.999566 0.020824
-0.762754 -0.508503 -0.399538 -0.390360 -0.780720 -0.487950 0.000000 -0.959366 -0.282166 -0.174821 -0.978997 -0.104893 -0.064700 -0.992062 -0.107833 0.126148 -0.983958 -0.126148 0.179749 -0.978631 0.099860 -0.101209 -0.986789 -0.126511 0.020824 -0.999566 0.020824
-0.748569 -0.534692 -0.392108 -0.386294 -0.804778 -0.450676 0.000000 -0.957024 -0.290007 -0.140633 -0.984428 -0.105474 -0.045118 -0.992593 -0.112795 0.126148 -0.983958 -0.126148 0.179749 -0.978631 0.099860 -0.101209 -0.986789 -0.126511 0.020824 -0.999566 0.020824
-0.749758 -0.545279 -0.374879 -0.358399 -0.814544 -0.456145 -0.029814 -0.954056 -0.298142 -0.105934 -0.988714 -0.105934 -0.045118 -0.992593 -0.112795 0.126148 -0.983958 -0.126148 0.179749 -0.978631 0.099860 -0.101209 -0.986789 -0.126511 0.020400 -0.999584 0.020400
-0.749758 -0.545279 -0.374879 -0.368721 -0.838002 -0.402241 -0.030964 -0.959886 -0.278677 -0.070535 -0.987484 -0.141069 -0.046151 -0.992249 -0.115378 0.126148 -0.983958 -0.126148 0.179749 -0.978631 0.099860 -0.101209 -0.986789 -0.126511 0.020400 -0.999584 0.020400
-0.751439 -0.500959 -0.429394 -0.379310 -0.827586 -0.413793 -0.030964 -0.959886 -0.278677 -0.070844 -0.991811 -0.106265 -0.046151 -0.992249 -0.115378 0.126148 -0.983958 -0.126148 0.179749 -0.978631 0.099860 -0.101209 -0.986789 -0.126511 0.020400 -0.999584 0.020400
-0.746914 -0.410803 -0.522840 -0.379310 -0.827586 -0.413793 0.028421 -0.966315 -0.255789 -0.169944 -0.977176 -0.127458 -0.046151 -0.992249 -0.115378 0.126148 -0.983958 -0.126148 0.179749 -0.978631 0.099860 -0.101209 -0.986789 -0.126511 0.000000 -0.999792 0.020404
-0.712019 -0.356009 -0.605216 -0.338002 -0.826227 -0.450669 0.027661 -0.968122 -0.248946 -0.230633 -0.968658 -0.092253 -0.046151 -0.992249 -0.115378 0.126148 -0.983958 -0.126148 0.179749 -0.978631 0.099860 -0.101209 -0.986789 -0.126511 0.000000 -0.999133 0.041631
-0.661495 -0.278524 -0.696311 -0.278006 -0.834017 -0.476581 0.027661 -0.968122 -0.248946 -0.219687 -0.966625 -0.131812 -0.023094 -0.993042 -0.115470 0.126148 -0.983958 -0.126148 0.179749 -0.978631 0.099860 -0.101209 -0.986789 -0.126511 0.000000 -0.999133 0.041631
-0.597688 -0.210949 -0.773479 -0.200643 -0.802572 -0.561801 0.029223 -0.964352 -0.263005 -0.203279 -0.975739 -0.081312 -0.023094 -0.993042 -0.115470 0.126148 -0.983958 -0.126148 0.179749 -0.978631 0.099860 -0.101209 -0.986789 -0.126511 0.000000 -0.999133 0.041631
-0.573528 -0.191176 -0.796566 -0.084440 -0.802181 -0.591080 0.030069 -0.962216 -0.270623 -0.195515 -0.977577 -0.078206 -0.023094 -0.993042 -0.115470 0.126148 -0.983958 -0.126148 0.160321 -0.981966 0.100201 -0.101209 -0.986789 -0.126511 0.000000 -0.999133 0.041631
-0.539999 -0.170526 -0.824210 0.086548 -0.822210 -0.562565 0.030303 -0.969697 -0.242424 -0.187647 -0.975763 -0.112588 -0.023094 -0.993042 -0.115470 0.126148 -0.983958 -0.126148 0.160321 -0.981966 0.100201 -0.101209 -0.986789 -0.126511 0.000000 -0.999133 0.041631
-0.388797 -0.209352 -0.897223 0.130435 -0.782609 -0.608696 0.030069 -0.962216 -0.270623 -0.187647 -0.975763 -0.112588 -0.022628 -0.995638 -0.090513 0.126148 -0.983958 -0.126148 0.160321 -0.981966 0.100201 -0.101209 -0.986789 -0.126511 0.000000 -0.998053 0.062378
-0.280607 -0.252546 -0.926002 0.310881 -0.754997 -0.577350 0.030069 -0.962216 -0.270623 -0.188311 -0.979217 -0.075324 -0.022576 -0.993352 -0.112881 0.126148 -0.983958 -0.126148 0.143546 -0.984318 0.102533 -0.101209 -0.986789 -0.126511 0.000000 -0.998053 0.062378
-0.108947 -0.163420 -0.980522 0.326732 -0.886844 -0.326732 0.030686 -0.951260 -0.306858 -0.224231 -0.971666 -0.074744 -0.023094 -0.993042 -0.115470 0.126148 -0.983958 -0.126148 0.143546 -0.984318 0.102533 -0.101209 -0.986789 -0.126511 0.000000 -0.998053 0.062378
0.065233 -0.195698 -0.978492 0.321521 -0.872699 -0.367452 0.030964 -0.959886 -0.278677 -0.187647 -0.975763 -0.112588 0.000000 -0.993307 -0.115501 0.126148 -0.983958 -0.126148 0.143819 -0.986186 0.082182 -0.101209 -0.986789 -0.126511 0.000000 -0.996398 0.084800
0.270759 -0.169224 -0.947656 0.313678 -0.896221 -0.313678 0.030686 -0.951260 -0.306858 -0.188311 -0.979217 -0.075324 0.000000 -0.993307 -0.115501 0.126148 -0.983958 -0.126148 0.126183 -0.988434 0.084122 -0.101209 -0.986789 -0.126511 0.000000 -0.996398 0.084800
0.429601 -0.153429 -0.889889 0.313363 -0.940089 -0.134298 0.030387 -0.941993 -0.334255 -0.188311 -0.979217 -0.075324 0.000000 -0.990405 -0.138196 0.126148 -0.983958 -0.126148 0.126183 -0.988434 0.084122 -0.101209 -0.986789 -0.126511 0.000000 -0.996398 0.084800
0.549859 -0.202580 -0.810319 0.361773 -0.904431 -0.226108 0.030069 -0.932146 -0.360831 -0.188311 -0.979217 -0.075324 -0.023027 -0.990142 -0.138159 0.126148 -0.983958 -0.126148 0.126183 -0.988434 0.084122 -0.101209 -0.986789 -0.126511 0.000000 -0.996398 0.084800
0.628547 -0.245953 -0.737859 0.377124 -0.895669 -0.235702 0.060690 -0.940691 -0.333793 -0.188311 -0.979217 -0.075324 -0.023027 -0.990142 -0.138159 0.126148 -0.983958 -0.126148 0.105409 -0.990847 0.084327 -0.101209 -0.986789 -0.126511 0.000000 -0.994389 0.105786
0.657349 -0.246506 -0.712128 0.411650 -0.869040 -0.274434 0.030387 -0.941993 -0.334255 -0.151620 -0.985527 -0.075810 -0.023027 -0.990142 -0.138159 0.126148 -0.983958 -0.126148 0.105409 -0.990847 0.084327 -0.101209 -0.986789 -0.126511 0.000000 -0.994389 0.105786
0.685253 -0.246691 -0.685253 0.395820 -0.879599 -0.263880 0.030069 -0.932146 -0.360831 -0.151620 -0.985527 -0.075810 -0.023027 -0.990142 -0.138159 0.126148 -0.983958 -0.126148 0.105409 -0.990847 0.084327 -0.101209 -0.986789 -0.126511 0.000000 -0.994389 0.105786
0.685253 -0.246691 -0.685253 0.400099 -0.889108 -0.222277 0.030387 -0.941993 -0.334255 -0.187647 -0.975763 -0.112588 0.000000 -0.990405 -0.138196 0.126148 -0.983958 -0.126148 0.105409 -0.990847 0.084327 -0.101209 -0.986789 -0.126511 0.000000 -0.994389 0.105786
0.702902 -0.224929 -0.674786 0.384812 -0.897895 -0.213785 0.030387 -0.941993 -0.334255 -0.188311 -0.979217 -0.075324 0.000000 -0.990405 -0.138196 0.126148 -0.983958 -0.126148 0.105409 -0.990847 0.084327 -0.101209 -0.986789 -0.126511 0.000000 -0.994389 0.105786
0.702902 -0.224929 -0.674786 0.343947 -0.902861 -0.257960 0.060690 -0.940691 -0.333793 -0.188311 -0.979217 -0.075324 0.000000 -0.990405 -0.138196 0.126148 -0.983958 -0.126148 0.105409 -0.990847 0.084327 -0.101209 -0.986789 -0.126511 0.000000 -0.994389 0.105786
0.688247 -0.229416 -0.688247 0.343947 -0.902861 -0.257960 0.030686 -0.951260 -0.306858 -0.151078 -0.982006 -0.113308 -0.023027 -0.990142 -0.138159 0.126148 -0.983958 -0.126148 0.084497 -0.992835 0.084497 -0.101209 -0.986789 -0.126511 -0.021152 -0.994166 0.105762
0.688247 -0.229416 -0.688247 0.347498 -0.912182 -0.217186 0.030686 -0.951260 -0.306858 -0.151078 -0.982006 -0.113308 -0.023027 -0.990142 -0.138159 0.126148 -0.983958 -0.126148 0.084497 -0.992835 0.084497 -0.101209 -0.986789 -0.126511 -0.021101 -0.991729 0.126604
0.672699 -0.233982 -0.701946 0.347498 -0.912182 -0.217186 0.030387 -0.941993 -0.334255 -0.151078 -0.982006 -0.113308 -0.023027 -0.990142 -0.138159 0.126148 -0.983958 -0.126148 0.084497 -0.992835 0.084497 -0.101209 -0.986789 -0.126511 -0.021101 -0.991729 0.126604
0.659028 -0.229227 -0.716335 0.350486 -0.920027 -0.175243 0.030387 -0.941993 -0.334255 -0.151078 -0.982006 -0.113308 -0.023027 -0.990142 -0.138159 0.126148 -0.983958 -0.126148 0.084497 -0.992835 0.084497 -0.101209 -0.986789 -0.126511 -0.021101 -0.991729 0.126604
0.663124 -0.201820 -0.720787 0.336861 -0.926367 -0.168430 0.030387 -0.941993 -0.334255 -0.151620 -0.985527 -0.075810 0.000000 -0.990405 -0.138196 0.126148 -0.983958 -0.126148 0.084497 -0.992835 0.084497 -0.101209 -0.986789 -0.126511 -0.021101 -0.991729 0.126604
0.663124 -0.201820 -0.720787 0.336861 -0.926367 -0.168430 0.030387 -0.941993 -0.334255 -0.151620 -0.985527 -0.075810 0.000000 -0.990405 -0.138196 0.126148 -0.983958 -0.126148 0.084497 -0.992835 0.084497 -0.101209 -0.986789 -0.126511 -0.021101 -0.991729 0.126604
0.649500 -0.197674 -0.734217 0.338971 -0.932170 -0.127114 0.030686 -0.951260 -0.306858 -0.151078 -0.982006 -0.113308 0.000000 -0.990405 -0.138196 0.126148 -0.983958 -0.126148 0.084497 -0.992835 0.084497 -0.101209 -0.986789 -0.126511 -0.021101 -0.991729 0.126604
0.649500 -0.197674 -0.734217 0.338971 -0.932170 -0.127114 0.030686 -0.951260 -0.306858 -0.151078 -0.982006 -0.113308 0.000000 -0.990405 -0.138196 0.126148 -0.983958 -0.126148 0.084497 -0.992835 0.084497 -0.101209 -0.986789 -0.126511 -0.021101 -0.991729 0.126604
