-0.460317 0.887755 0.000000 -0.562183 0.175682 -0.808138 0.000000 -0.979457 -0.201653 -0.113878 -0.986947 -0.113878 0.022721 -0.999742 0.000000 0.048708 -0.998516 -0.024354 0.057628 -0.979683 0.192095 -0.047351 -0.994379 -0.094703 0.019803 -0.990148 0.138621
-0.571548 0.816497 -0.081650 -0.581728 0.205316 -0.787044 0.000000 -0.978234 -0.207504 -0.113878 -0.986947 -0.113878 -0.043437 -0.999056 0.000000 0.048708 -0.998516 -0.024354 0.076739 -0.978420 0.191847 -0.047351 -0.994379 -0.094703 0.019803 -0.990148 0.138621
-0.612826 0.754247 -0.235702 -0.624379 0.197172 -0.755827 0.000000 -0.971850 -0.235600 -0.114291 -0.990521 -0.076194 -0.086630 -0.996241 0.000000 0.048708 -0.998516 -0.024354 0.075324 -0.979217 0.188311 -0.047351 -0.994379 -0.094703 0.019854 -0.992681 0.119122
-0.677199 0.620766 -0.395033 -0.674432 0.087969 -0.733078 -0.029630 -0.977805 -0.207413 -0.146157 -0.986559 -0.073078 -0.088518 -0.995829 -0.022130 0.048708 -0.998516 -0.024354 0.075324 -0.979217 0.188311 -0.047351 -0.994379 -0.094703 0.039684 -0.992095 0.119051
-0.753735 0.376867 -0.538382 -0.691381 -0.057615 -0.720189 0.000000 -0.976900 -0.213697 -0.195698 -0.978492 -0.065233 -0.090443 -0.994874 -0.045222 0.048665 -0.997629 -0.048665 0.075324 -0.979217 0.188311 -0.047351 -0.994379 -0.094703 0.039684 -0.992095 0.119051
-0.805276 0.230079 -0.546437 -0.545906 -0.473118 -0.691481 0.000000 -0.978234 -0.207504 -0.195698 -0.978492 -0.065233 -0.092401 -0.993307 -0.069301 0.048665 -0.997629 -0.048665 0.075324 -0.979217 0.188311 -0.047351 -0.994379 -0.094703 0.039684 -0.992095 0.119051
-0.832050 0.000000 -0.554700 -0.394623 -0.717496 -0.573997 0.000000 -0.976900 -0.213697 -0.189642 -0.979816 -0.063214 -0.069430 -0.995168 -0.069430 0.048665 -0.997629 -0.048665 0.075324 -0.979217 0.188311 -0.047351 -0.994379 -0.094703 0.039684 -0.992095 0.119051
-0.838757 -0.243510 -0.487020 -0.281265 -0.843795 -0.457056 0.000000 -0.978234 -0.207504 -0.195698 -0.978492 -0.065233 -0.070928 -0.992988 -0.094570 0.048665 -0.997629 -0.048665 0.075324 -0.979217 0.188311 -0.047351 -0.994379 -0.094703 0.019854 -0.992681 0.119122
-0.824163 -0.357137 -0.439554 -0.217500 -0.906249 -0.362500 -0.029630 -0.977805 -0.207413 -0.195698 -0.978492 -0.065233 -0.070928 -0.992988 -0.094570 0.048665 -0.997629 -0.048665 0.075324 -0.979217 0.188311 -0.047351 -0.994379 -0.094703 0.019470 -0.992962 0.116819
-0.796391 -0.466850 -0.384465 -0.140633 -0.949269 -0.281265 -0.028006 -0.980196 -0.196039 -0.224702 -0.973708 -0.037450 -0.070928 -0.992988 -0.094570 0.048665 -0.997629 -0.048665 0.075324 -0.979217 0.188311 -0.047351 -0.994379 -0.094703 0.019470 -0.992962 0.116819
-0.780399 -0.520266 -0.346844 -0.180775 -0.940032 -0.289241 0.000000 -0.981615 -0.190870 -0.233197 -0.971653 -0.038866 -0.070928 -0.992988 -0.094570 0.048665 -0.997629 -0.048665 0.075324 -0.979217 0.188311 -0.047351 -0.994379 -0.094703 0.000000 -0.993151 0.116841
-0.805701 -0.447612 -0.387930 -0.189117 -0.945587 -0.264764 0.000000 -0.980581 -0.196116 -0.242536 -0.970143 0.000000 -0.070928 -0.992988 -0.094570 0.048665 -0.997629 -0.048665 0.075324 -0.979217 0.188311 -0.047351 -0.994379 -0.094703 0.000000 -0.993151 0.116841
-0.792624 -0.487769 -0.365826 -0.233373 -0.933492 -0.272268 0.000000 -0.980581 -0.196116 -0.242536 -0.970143 0.000000 -0.070928 -0.992988 -0.094570 0.048665 -0.997629 -0.048665 0.075324 -0.979217 0.188311 -0.047351 -0.994379 -0.094703 0.000000 -0.993151 0.116841
-0.816310 -0.423272 -0.393038 -0.239236 -0.917070 -0.318981 0.000000 -0.981615 -0.190870 -0.252422 -0.967617 0.000000 -0.047351 -0.994379 -0.094703 0.048665 -0.997629 -0.048665 0.075324 -0.979217 0.188311 -0.047351 -0.994379 -0.094703 0.000000 -0.993151 0.116841
-0.794843 -0.397422 -0.458563 -0.286491 -0.900400 -0.327418 0.000000 -0.981615 -0.190870 -0.252422 -0.967617 0.000000 -0.047351 -0.994379 -0.094703 0.048665 -0.997629 -0.048665 0.075324 -0.979217 0.188311 -0.047351 -0.994379 -0.094703 -0.019470 -0.992962 0.116819
-0.766261 -0.287348 -0.574696 -0.286491 -0.900400 -0.327418 0.000000 -0.981615 -0.190870 -0.252422 -0.967617 0.000000 -0.047351 -0.994379 -0.094703 0.048665 -0.997629 -0.048665 0.075324 -0.979217 0.188311 -0.047351 -0.994379 -0.094703 -0.019470 -0.992962 0.116819
-0.735459 -0.223835 -0.639529 -0.244745 -0.897399 -0.367118 0.000000 -0.981615 -0.190870 -0.252422 -0.967617 0.000000 -0.052396 -0.995529 -0.078594 0.048665 -0.997629 -0.048665 0.075324 -0.979217 0.188311 -0.047351 -0.994379 -0.094703 -0.019470 -0.992962 0.116819
-0.628695 -0.188608 -0.754434 -0.205847 -0.905726 -0.370524 0.000000 -0.980581 -0.196116 -0.242338 -0.969351 -0.040390 -0.025557 -0.996729 -0.076671 0.048665 -0.997629 -0.048665 0.075324 -0.979217 0.188311 -0.047351 -0.994379 -0.094703 -0.019470 -0.992962 0.116819
-0.542768 -0.127710 -0.830116 -0.125218 -0.918262 -0.375653 0.000000 -0.978234 -0.207504 -0.233197 -0.971653 -0.038866 -0.025557 -0.996729 -0.076671 0.048665 -0.997629 -0.048665 0.075324 -0.979217 0.188311 -0.047351 -0.994379 -0.094703 -0.019470 -0.992962 0.116819
-0.444851 -0.102658 -0.889702 -0.041345 -0.909588 -0.413449 0.029437 -0.971429 -0.235498 -0.224702 -0.973708 -0.037450 -0.024922 -0.996890 -0.074767 0.048593 -0.996156 -0.072889 0.076444 -0.974661 0.210221 -0.047351 -0.994379 -0.094703 -0.019470 -0.992962 0.116819
-0.370370 -0.074074 -0.925926 0.081044 -0.891485 -0.445742 0.029437 -0.971429 -0.235498 -0.224702 -0.973708 -0.037450 -0.024922 -0.996890 -0.074767 0.048593 -0.996156 -0.072889 0.076444 -0.974661 0.210221 -0.047351 -0.994379 -0.094703 -0.019470 -0.992962 0.116819
-0.273275 -0.102478 -0.956462 0.283190 -0.849569 -0.445012 0.029223 -0.964352 -0.263005 -0.216789 -0.975550 -0.036131 -0.024318 -0.997039 -0.072954 0.048593 -0.996156 -0.072889 0.076444 -0.974661 0.210221 -0.047351 -0.994379 -0.094703 -0.019422 -0.990525 0.135954
-0.151794 -0.182153 -0.971483 0.325246 -0.853771 -0.406558 0.028989 -0.956622 -0.289886 -0.216789 -0.975550 -0.036131 -0.024318 -0.997039 -0.072954 0.048593 -0.996156 -0.072889 0.076444 -0.974661 0.210221 -0.047351 -0.994379 -0.094703 -0.019422 -0.990525 0.135954
0.037987 -0.151947 -0.987658 0.354925 -0.828159 -0.433798 0.028989 -0.956622 -0.289886 -0.224702 -0.973708 -0.037450 -0.024318 -0.997039 -0.072954 0.048593 -0.996156 -0.072889 0.076444 -0.974661 0.210221 -0.047351 -0.994379 -0.094703 -0.019803 -0.990148 0.138621
0.376377 0.000000 -0.926467 0.202444 -0.971732 -0.121466 0.029814 -0.954056 -0.298142 -0.216789 -0.975550 -0.036131 -0.024318 -0.997039 -0.072954 0.048593 -0.996156 -0.072889 0.076739 -0.978420 0.191847 -0.047351 -0.994379 -0.094703 -0.019803 -0.990148 0.138621
0.536175 0.051064 -0.842561 0.119145 -0.992877 0.000000 0.029814 -0.954056 -0.298142 -0.216789 -0.975550 -0.036131 -0.024318 -0.997039 -0.072954 0.048593 -0.996156 -0.072889 0.076739 -0.978420 0.191847 -0.047351 -0.994379 -0.094703 -0.019803 -0.990148 0.138621
0.644136 0.047714 -0.763421 0.079181 -0.989759 0.118771 0.030069 -0.962216 -0.270623 -0.216366 -0.973645 -0.072122 -0.024318 -0.997039 -0.072954 0.048593 -0.996156 -0.072889 0.076739 -0.978420 0.191847 -0.047351 -0.994379 -0.094703 -0.019803 -0.990148 0.138621
0.657777 0.046984 -0.751746 0.075810 -0.985527 0.151620 0.030964 -0.959886 -0.278677 -0.216366 -0.973645 -0.072122 -0.023742 -0.997178 -0.071227 0.048593 -0.996156 -0.072889 0.076739 -0.978420 0.191847 -0.047351 -0.994379 -0.094703 -0.019803 -0.990148 0.138621
0.706845 0.027186 -0.706845 0.233373 -0.972387 0.000000 0.030964 -0.959886 -0.278677 -0.216366 -0.973645 -0.072122 -0.023742 -0.997178 -0.071227 0.048593 -0.996156 -0.072889 0.076739 -0.978420 0.191847 -0.047351 -0.994379 -0.094703 -0.019803 -0.990148 0.138621
0.721387 0.000000 -0.692532 0.279776 -0.959233 -0.039968 0.030964 -0.959886 -0.278677 -0.216789 -0.975550 -0.036131 -0.023742 -0.997178 -0.071227 0.048593 -0.996156 -0.072889 0.076739 -0.978420 0.191847 -0.047351 -0.994379 -0.094703 -0.019745 -0.987248 0.157960
0.737154 0.000000 -0.675725 0.315244 -0.945732 -0.078811 0.030964 -0.959886 -0.278677 -0.216789 -0.975550 -0.036131 -0.023742 -0.997178 -0.071227 0.048593 -0.996156 -0.072889 0.076739 -0.978420 0.191847 -0.047351 -0.994379 -0.094703 -0.019745 -0.987248 0.157960
