-0.523778 0.843865 -0.116395 -0.619116 0.041274 -0.784214 -0.030303 -0.969697 -0.242424 -0.099286 -0.992855 -0.066190 0.023803 -0.999717 0.000000 0.048593 -0.996156 -0.072889 0.075045 -0.975591 0.206375 -0.071067 -0.994937 -0.071067 0.038999 -0.994471 0.097497
-0.513289 0.855482 -0.068439 -0.644091 0.143131 -0.751439 -0.029630 -0.977805 -0.207413 -0.131519 -0.986394 -0.098639 -0.045408 -0.998969 0.000000 0.048593 -0.996156 -0.072889 0.075045 -0.975591 0.206375 -0.070928 -0.992988 -0.094570 0.038999 -0.994471 0.097497
-0.611354 0.774382 -0.163028 -0.640126 0.202145 -0.741199 -0.029630 -0.977805 -0.207413 -0.131519 -0.986394 -0.098639 -0.068024 -0.997684 0.000000 0.048593 -0.996156 -0.072889 0.075045 -0.975591 0.206375 -0.070928 -0.992988 -0.094570 0.038999 -0.994471 0.097497
-0.688247 0.688247 -0.229416 -0.647524 0.161881 -0.744652 0.000000 -0.978234 -0.207504 -0.163605 -0.981630 -0.098163 -0.068024 -0.997684 0.000000 0.048593 -0.996156 -0.072889 0.075045 -0.975591 0.206375 -0.070928 -0.992988 -0.094570 0.038999 -0.994471 0.097497
-0.707107 0.623918 -0.332756 -0.655826 -0.032791 -0.754200 -0.029630 -0.977805 -0.207413 -0.164045 -0.984268 -0.065618 -0.068024 -0.997684 0.000000 0.048593 -0.996156 -0.072889 0.074744 -0.971666 0.224231 -0.070928 -0.992988 -0.094570 0.038999 -0.994471 0.097497
-0.764775 0.473432 -0.437014 -0.659380 -0.197814 -0.725319 -0.030514 -0.976445 -0.213597 -0.158910 -0.985245 -0.063564 -0.068006 -0.997427 -0.022669 0.048665 -0.997629 -0.048665 0.075045 -0.975591 0.206375 -0.070928 -0.992988 -0.094570 0.038999 -0.994471 0.097497
-0.806032 0.290172 -0.515861 -0.623035 -0.426287 -0.655826 -0.030514 -0.976445 -0.213597 -0.158511 -0.982766 -0.095106 -0.068006 -0.997427 -0.022669 0.048665 -0.997629 -0.048665 0.075045 -0.975591 0.206375 -0.070928 -0.992988 -0.094570 0.038999 -0.994471 0.097497
-0.862316 0.029735 -0.505496 -0.566666 -0.598147 -0.566666 -0.030514 -0.976445 -0.213597 -0.163605 -0.981630 -0.098163 -0.069523 -0.996503 -0.046349 0.048665 -0.997629 -0.048665 0.075045 -0.975591 0.206375 -0.047351 -0.994379 -0.094703 0.019511 -0.995039 0.097553
-0.873986 -0.241100 -0.421924 -0.461316 -0.757876 -0.461316 0.000000 -0.970143 -0.242536 -0.164045 -0.984268 -0.065618 -0.046411 -0.997844 -0.046411 0.048665 -0.997629 -0.048665 0.093659 -0.974049 0.206049 -0.047351 -0.994379 -0.094703 0.019511 -0.995039 0.097553
-0.811869 -0.481108 -0.330762 -0.397142 -0.827379 -0.397142 0.000000 -0.978234 -0.207504 -0.175358 -0.982003 -0.070143 -0.046411 -0.997844 -0.046411 0.048665 -0.997629 -0.048665 0.093659 -0.974049 0.206049 -0.047351 -0.994379 -0.094703 0.000000 -0.995229 0.097571
-0.763675 -0.565685 -0.311127 -0.304430 -0.913289 -0.270604 0.000000 -0.979457 -0.201653 -0.181608 -0.980684 -0.072643 -0.046411 -0.997844 -0.046411 0.048665 -0.997629 -0.048665 0.075045 -0.975591 0.206375 -0.047351 -0.994379 -0.094703 0.000000 -0.995229 0.097571
-0.757638 -0.589274 -0.280607 -0.277851 -0.937749 -0.208389 0.000000 -0.974859 -0.222825 -0.151947 -0.987658 -0.037987 -0.046349 -0.996503 -0.069523 0.048665 -0.997629 -0.048665 0.075045 -0.975591 0.206375 -0.047351 -0.994379 -0.094703 -0.019511 -0.995039 0.097553
-0.776195 -0.574960 -0.258732 -0.238976 -0.955904 -0.170697 0.000000 -0.974859 -0.222825 -0.157867 -0.986671 -0.039467 -0.047445 -0.996335 -0.071167 0.048665 -0.997629 -0.048665 0.075045 -0.975591 0.206375 -0.047351 -0.994379 -0.094703 -0.019897 -0.994840 0.099484
-0.781706 -0.579042 -0.231617 -0.238976 -0.955904 -0.170697 0.027842 -0.974481 -0.222738 -0.195965 -0.979827 -0.039193 -0.023742 -0.997178 -0.071227 0.048665 -0.997629 -0.048665 0.075045 -0.975591 0.206375 -0.047351 -0.994379 -0.094703 -0.039770 -0.994250 0.099425
-0.756569 -0.611075 -0.232790 -0.213470 -0.960617 -0.177892 0.027842 -0.974481 -0.222738 -0.195965 -0.979827 -0.039193 -0.023742 -0.997178 -0.071227 0.048665 -0.997629 -0.048665 0.076444 -0.974661 0.210221 -0.047351 -0.994379 -0.094703 -0.039684 -0.992095 0.119051
-0.782691 -0.550782 -0.289886 -0.221013 -0.957722 -0.184177 0.027842 -0.974481 -0.222738 -0.196116 -0.980581 0.000000 -0.023742 -0.997178 -0.071227 0.048665 -0.997629 -0.048665 0.076444 -0.974661 0.210221 -0.047351 -0.994379 -0.094703 -0.039684 -0.992095 0.119051
-0.813733 -0.464991 -0.348743 -0.274563 -0.941357 -0.196116 0.027842 -0.974481 -0.222738 -0.203954 -0.978980 0.000000 -0.023742 -0.997178 -0.071227 0.048665 -0.997629 -0.048665 0.076444 -0.974661 0.210221 -0.047351 -0.994379 -0.094703 -0.039684 -0.992095 0.119051
-0.816310 -0.393038 -0.423272 -0.304776 -0.914327 -0.266679 0.027842 -0.974481 -0.222738 -0.203954 -0.978980 0.000000 -0.023742 -0.997178 -0.071227 0.048665 -0.997629 -0.048665 0.076444 -0.974661 0.210221 -0.047351 -0.994379 -0.094703 -0.039684 -0.992095 0.119051
-0.810319 -0.318339 -0.491979 -0.248282 -0.910366 -0.331042 0.027106 -0.975828 -0.216851 -0.212430 -0.977176 0.000000 -0.023224 -0.998651 -0.046449 0.048665 -0.997629 -0.048665 0.076739 -0.978420 0.191847 -0.047351 -0.994379 -0.094703 -0.039684 -0.992095 0.119051
-0.770172 -0.285249 -0.570498 -0.213785 -0.897895 -0.384812 0.027106 -0.975828 -0.216851 -0.212430 -0.977176 0.000000 -0.023224 -0.998651 -0.046449 0.048665 -0.997629 -0.048665 0.076739 -0.978420 0.191847 -0.047351 -0.994379 -0.094703 -0.039684 -0.992095 0.119051
-0.720685 -0.210200 -0.660628 -0.254000 -0.889001 -0.381000 0.027257 -0.981251 -0.190799 -0.212238 -0.976296 -0.042448 -0.023224 -0.998651 -0.046449 0.048665 -0.997629 -0.048665 0.076739 -0.978420 0.191847 -0.047351 -0.994379 -0.094703 -0.039684 -0.992095 0.119051
-0.650557 -0.154895 -0.743494 -0.176090 -0.880451 -0.440225 0.029086 -0.988941 -0.145432 -0.195515 -0.977577 -0.078206 -0.023796 -0.999434 -0.023796 0.048665 -0.997629 -0.048665 0.076739 -0.978420 0.191847 -0.047351 -0.994379 -0.094703 -0.039684 -0.992095 0.119051
-0.564710 -0.125491 -0.815693 -0.172613 -0.863064 -0.474685 0.029948 -0.988272 -0.149738 -0.188311 -0.979217 -0.075324 -0.023796 -0.999434 -0.023796 0.048665 -0.997629 -0.048665 0.076739 -0.978420 0.191847 -0.047351 -0.994379 -0.094703 -0.039684 -0.992095 0.119051
-0.530474 -0.093613 -0.842517 0.044677 -0.893534 -0.446767 0.030069 -0.992285 -0.120277 -0.187647 -0.975763 -0.112588 -0.023796 -0.999434 -0.023796 0.048665 -0.997629 -0.048665 0.076739 -0.978420 0.191847 -0.047351 -0.994379 -0.094703 -0.039684 -0.992095 0.119051
-0.408248 -0.062807 -0.910708 0.130312 -0.868744 -0.477809 0.030861 -0.987541 -0.154303 -0.181012 -0.977466 -0.108607 0.000000 -0.999717 -0.023803 0.048665 -0.997629 -0.048665 0.076739 -0.978420 0.191847 -0.047351 -0.994379 -0.094703 -0.039684 -0.992095 0.119051
-0.350524 -0.058421 -0.934730 0.254000 -0.889001 -0.381000 0.030861 -0.987541 -0.154303 -0.181012 -0.977466 -0.108607 0.000000 -0.998868 -0.047565 0.048665 -0.997629 -0.048665 0.077009 -0.981859 0.173269 -0.047351 -0.994379 -0.094703 -0.039684 -0.992095 0.119051
-0.201574 -0.100787 -0.974274 0.288185 -0.864556 -0.411693 0.030700 -0.982409 -0.184202 -0.181608 -0.980684 -0.072643 0.000000 -0.998868 -0.047565 0.048593 -0.996156 -0.072889 0.057628 -0.979683 0.192095 -0.047351 -0.994379 -0.094703 -0.039684 -0.992095 0.119051
-0.033023 -0.132092 -0.990687 0.283190 -0.849569 -0.445012 0.030861 -0.987541 -0.154303 -0.181012 -0.977466 -0.108607 0.000000 -0.998812 -0.048723 0.048593 -0.996156 -0.072889 0.057628 -0.979683 0.192095 -0.047351 -0.994379 -0.094703 -0.039684 -0.992095 0.119051
0.144150 -0.180187 -0.973012 0.325246 -0.853771 -0.406558 0.031654 -0.981288 -0.189927 -0.174821 -0.978997 -0.104893 0.000000 -0.998812 -0.048723 0.048593 -0.996156 -0.072889 0.057628 -0.979683 0.192095 -0.047351 -0.994379 -0.094703 -0.039684 -0.992095 0.119051
0.367022 -0.152926 -0.917556 0.216371 -0.952033 -0.216371 0.031654 -0.981288 -0.189927 -0.174821 -0.978997 -0.104893 0.000000 -0.998812 -0.048723 0.048593 -0.996156 -0.072889 0.057628 -0.979683 0.192095 -0.047351 -0.994379 -0.094703 -0.039684 -0.992095 0.119051
0.529826 -0.139428 -0.836567 0.129219 -0.990680 -0.043073 0.060943 -0.975084 -0.213300 -0.174821 -0.978997 -0.104893 0.000000 -0.998812 -0.048723 0.048593 -0.996156 -0.072889 0.057628 -0.979683 0.192095 -0.047351 -0.994379 -0.094703 -0.039583 -0.989566 0.138539
0.583819 -0.159223 -0.796117 0.128861 -0.987935 0.085907 0.060943 -0.975084 -0.213300 -0.175358 -0.982003 -0.070143 0.000000 -0.998812 -0.048723 0.048593 -0.996156 -0.072889 0.057628 -0.979683 0.192095 -0.047351 -0.994379 -0.094703 -0.039583 -0.989566 0.138539
0.632759 -0.151862 -0.759311 0.082409 -0.988903 0.123613 0.060943 -0.975084 -0.213300 -0.175358 -0.982003 -0.070143 0.000000 -0.998812 -0.048723 0.048593 -0.996156 -0.072889 0.038590 -0.984050 0.173656 -0.047351 -0.994379 -0.094703 -0.039583 -0.989566 0.138539
0.659762 -0.152253 -0.735889 0.081923 -0.983078 0.163846 0.030303 -0.969697 -0.242424 -0.141069 -0.987484 -0.070535 0.000000 -0.998812 -0.048723 0.048593 -0.996156 -0.072889 0.038590 -0.984050 0.173656 -0.047351 -0.994379 -0.094703 -0.039583 -0.989566 0.138539
0.645067 -0.154816 -0.748278 0.121466 -0.971732 0.202444 0.060523 -0.968364 -0.242091 -0.141069 -0.987484 -0.070535 0.000000 -0.998812 -0.048723 0.048593 -0.996156 -0.072889 0.038590 -0.984050 0.173656 -0.047351 -0.994379 -0.094703 -0.039583 -0.989566 0.138539
0.657667 -0.157840 -0.736587 0.115900 -0.965834 0.231800 0.060943 -0.975084 -0.213300 -0.140633 -0.984428 -0.105474 0.000000 -0.998812 -0.048723 0.048593 -0.996156 -0.072889 0.038590 -0.984050 0.173656 -0.047351 -0.994379 -0.094703 -0.039583 -0.989566 0.138539
0.657667 -0.157840 -0.736587 0.115900 -0.965834 0.231800 0.060943 -0.975084 -0.213300 -0.174821 -0.978997 -0.104893 0.000000 -0.998812 -0.048723 0.048593 -0.996156 -0.072889 0.038590 -0.984050 0.173656 -0.047351 -0.994379 -0.094703 -0.039467 -0.986671 0.157867
