-0.510485 0.840799 -0.180171 -0.599694 -0.214176 -0.771035 0.000000 -0.971850 -0.235600 -0.140028 -0.980196 -0.140028 -0.088540 -0.996073 0.000000 0.024318 -0.997039 -0.072954 0.095398 -0.973063 0.209876 -0.071067 -0.994937 -0.071067 0.019511 -0.995039 0.097553
-0.487769 0.853595 -0.182913 -0.631470 -0.197334 -0.749870 -0.029630 -0.977805 -0.207413 -0.108607 -0.977466 -0.181012 -0.110405 -0.993641 0.022081 0.024318 -0.997039 -0.072954 0.095398 -0.973063 0.209876 -0.071067 -0.994937 -0.071067 0.019511 -0.995039 0.097553
-0.579042 0.781706 -0.231617 -0.595257 -0.277787 -0.753992 -0.029437 -0.971429 -0.235498 -0.109254 -0.983282 -0.145671 -0.110405 -0.993641 0.022081 0.024318 -0.997039 -0.072954 0.095398 -0.973063 0.209876 -0.071067 -0.994937 -0.071067 0.038999 -0.994471 0.097497
-0.666667 0.666667 -0.333333 -0.605844 -0.323117 -0.727013 -0.029630 -0.977805 -0.207413 -0.109254 -0.983282 -0.145671 -0.112910 -0.993605 0.000000 0.024354 -0.998516 -0.048708 0.095765 -0.976804 0.191530 -0.071067 -0.994937 -0.071067 0.038999 -0.994471 0.097497
-0.766907 0.493012 -0.410843 -0.597614 -0.358569 -0.717137 -0.029630 -0.977805 -0.207413 -0.109254 -0.983282 -0.145671 -0.092599 -0.995434 -0.023150 0.024354 -0.998516 -0.048708 0.095765 -0.976804 0.191530 -0.071067 -0.994937 -0.071067 0.039066 -0.996177 0.078132
-0.854218 0.275554 -0.440887 -0.597319 -0.386501 -0.702728 -0.059183 -0.976519 -0.207140 -0.163605 -0.981630 -0.098163 -0.071167 -0.996335 -0.047445 0.024354 -0.998516 -0.048708 0.095765 -0.976804 0.191530 -0.071067 -0.994937 -0.071067 0.039066 -0.996177 0.078132
-0.910366 0.000000 -0.413803 -0.602347 -0.435028 -0.669274 -0.059183 -0.976519 -0.207140 -0.164045 -0.984268 -0.065618 -0.071167 -0.996335 -0.047445 0.024354 -0.998516 -0.048708 0.095765 -0.976804 0.191530 -0.071067 -0.994937 -0.071067 0.019544 -0.996748 0.078176
-0.908007 -0.198627 -0.368878 -0.586353 -0.524631 -0.617213 -0.059183 -0.976519 -0.207140 -0.164045 -0.984268 -0.065618 -0.072782 -0.994689 -0.072782 0.024354 -0.998516 -0.048708 0.095765 -0.976804 0.191530 -0.071067 -0.994937 -0.071067 0.019932 -0.996617 0.079729
-0.880406 -0.364306 -0.303588 -0.583957 -0.642353 -0.496364 -0.061314 -0.981023 -0.183942 -0.159152 -0.986741 -0.031830 -0.072782 -0.994689 -0.072782 0.024354 -0.998516 -0.048708 0.095765 -0.976804 0.191530 -0.071067 -0.994937 -0.071067 0.019932 -0.996617 0.079729
-0.799674 -0.542636 -0.257038 -0.533863 -0.722285 -0.439652 -0.059523 -0.982125 -0.178568 -0.164310 -0.985861 -0.032862 -0.072782 -0.994689 -0.072782 0.024354 -0.998516 -0.048708 0.095765 -0.976804 0.191530 -0.071067 -0.994937 -0.071067 0.019932 -0.996617 0.079729
-0.731653 -0.670682 -0.121942 -0.469899 -0.783164 -0.407245 -0.028952 -0.984371 -0.173712 -0.209401 -0.977207 -0.034900 -0.072782 -0.994689 -0.072782 0.024354 -0.998516 -0.048708 0.095765 -0.976804 0.191530 -0.071067 -0.994937 -0.071067 0.000000 -0.996815 0.079745
-0.704118 -0.704118 -0.091842 -0.460195 -0.814191 -0.353996 -0.028149 -0.985232 -0.168897 -0.224702 -0.973708 -0.037450 -0.071167 -0.996335 -0.047445 0.024354 -0.998516 -0.048708 0.095765 -0.976804 0.191530 -0.071067 -0.994937 -0.071067 0.000000 -0.996815 0.079745
-0.674453 -0.735767 -0.061314 -0.406850 -0.850686 -0.332877 -0.028006 -0.980196 -0.196039 -0.224860 -0.974391 0.000000 -0.071167 -0.996335 -0.047445 0.024354 -0.998516 -0.048708 0.095765 -0.976804 0.191530 -0.071067 -0.994937 -0.071067 -0.019932 -0.996617 0.079729
-0.706742 -0.706742 -0.032125 -0.375293 -0.863175 -0.337764 -0.028006 -0.980196 -0.196039 -0.224702 -0.973708 0.037450 -0.071167 -0.996335 -0.047445 0.024354 -0.998516 -0.048708 0.095765 -0.976804 0.191530 -0.070928 -0.992988 -0.094570 -0.019897 -0.994840 0.099484
-0.722285 -0.690882 -0.031404 -0.354100 -0.865578 -0.354100 -0.028006 -0.980196 -0.196039 -0.233197 -0.971653 0.038866 -0.047511 -0.997740 -0.047511 0.024354 -0.998516 -0.048708 0.095765 -0.976804 0.191530 -0.070928 -0.992988 -0.094570 -0.019897 -0.994840 0.099484
-0.750977 -0.653023 -0.097953 -0.358854 -0.877197 -0.318981 -0.028006 -0.980196 -0.196039 -0.242338 -0.969351 0.040390 -0.024354 -0.998516 -0.048708 0.024354 -0.998516 -0.048708 0.095765 -0.976804 0.191530 -0.070928 -0.992988 -0.094570 -0.019897 -0.994840 0.099484
-0.767093 -0.633685 -0.100056 -0.379642 -0.843649 -0.379642 -0.028006 -0.980196 -0.196039 -0.203785 -0.978167 0.040757 -0.024354 -0.998516 -0.048708 0.024354 -0.998516 -0.048708 0.095765 -0.976804 0.191530 -0.070928 -0.992988 -0.094570 -0.019897 -0.994840 0.099484
-0.835067 -0.521917 -0.173972 -0.379642 -0.843649 -0.379642 -0.028006 -0.980196 -0.196039 -0.203785 -0.978167 0.040757 -0.024354 -0.998516 -0.048708 0.024354 -0.998516 -0.048708 0.095765 -0.976804 0.191530 -0.070928 -0.992988 -0.094570 -0.039770 -0.994250 0.099425
-0.891702 -0.350311 -0.286618 -0.342682 -0.856706 -0.385518 -0.028952 -0.984371 -0.173712 -0.203954 -0.978980 0.000000 -0.024354 -0.998516 -0.048708 0.024354 -0.998516 -0.048708 0.095765 -0.976804 0.191530 -0.070928 -0.992988 -0.094570 -0.039770 -0.994250 0.099425
-0.877982 -0.272477 -0.393578 -0.342682 -0.856706 -0.385518 -0.028006 -0.980196 -0.196039 -0.212430 -0.977176 0.000000 -0.024354 -0.998516 -0.048708 0.024354 -0.998516 -0.048708 0.095765 -0.976804 0.191530 -0.070928 -0.992988 -0.094570 -0.039770 -0.994250 0.099425
-0.863868 -0.259161 -0.431934 -0.309965 -0.841334 -0.442807 -0.028796 -0.979051 -0.201569 -0.203954 -0.978980 0.000000 -0.024354 -0.998516 -0.048708 0.024354 -0.998516 -0.048708 0.095765 -0.976804 0.191530 -0.070928 -0.992988 -0.094570 -0.039770 -0.994250 0.099425
-0.823173 -0.205793 -0.529183 -0.298753 -0.853579 -0.426790 -0.029630 -0.977805 -0.207413 -0.196116 -0.980581 0.000000 -0.024354 -0.998516 -0.048708 0.024354 -0.998516 -0.048708 0.095765 -0.976804 0.191530 -0.070928 -0.992988 -0.094570 -0.039770 -0.994250 0.099425
-0.775170 -0.208700 -0.596285 -0.213980 -0.855921 -0.470757 -0.030700 -0.982409 -0.184202 -0.188713 -0.981307 -0.037743 -0.024354 -0.998516 -0.048708 0.024354 -0.998516 -0.048708 0.095765 -0.976804 0.191530 -0.070928 -0.992988 -0.094570 -0.039770 -0.994250 0.099425
-0.738053 -0.170320 -0.652893 -0.042145 -0.885044 -0.463595 -0.030700 -0.982409 -0.184202 -0.188713 -0.981307 -0.037743 -0.024354 -0.998516 -0.048708 0.024354 -0.998516 -0.048708 0.095765 -0.976804 0.191530 -0.070928 -0.992988 -0.094570 -0.039770 -0.994250 0.099425
-0.650160 -0.177316 -0.738818 0.000000 -0.885832 -0.464007 -0.031654 -0.981288 -0.189927 -0.181969 -0.982631 -0.036394 -0.024354 -0.998516 -0.048708 0.024354 -0.998516 -0.048708 0.076739 -0.978420 0.191847 -0.070928 -0.992988 -0.094570 -0.039770 -0.994250 0.099425
-0.576552 -0.212414 -0.788966 0.169485 -0.889799 -0.423714 -0.031450 -0.974958 -0.220152 -0.181969 -0.982631 -0.036394 -0.024354 -0.998516 -0.048708 0.024354 -0.998516 -0.048708 0.076739 -0.978420 0.191847 -0.070928 -0.992988 -0.094570 -0.039770 -0.994250 0.099425
-0.448589 -0.224294 -0.865136 0.213785 -0.897895 -0.384812 -0.031654 -0.981288 -0.189927 -0.181608 -0.980684 -0.072643 -0.024354 -0.998516 -0.048708 0.024354 -0.998516 -0.048708 0.076739 -0.978420 0.191847 -0.070928 -0.992988 -0.094570 -0.039770 -0.994250 0.099425
-0.304430 -0.270604 -0.913289 0.297402 -0.892205 -0.339887 -0.031654 -0.981288 -0.189927 -0.175682 -0.983820 -0.035136 -0.024354 -0.998516 -0.048708 0.024354 -0.998516 -0.048708 0.076739 -0.978420 0.191847 -0.070928 -0.992988 -0.094570 -0.039684 -0.992095 0.119051
-0.121886 -0.304714 -0.944613 0.390567 -0.911322 -0.130189 0.000000 -0.975441 -0.220261 -0.175682 -0.983820 -0.035136 -0.024354 -0.998516 -0.048708 0.024354 -0.998516 -0.048708 0.076739 -0.978420 0.191847 -0.070928 -0.992988 -0.094570 -0.039684 -0.992095 0.119051
0.030069 -0.360831 -0.932146 0.443242 -0.886484 -0.132973 0.000000 -0.970143 -0.242536 -0.181969 -0.982631 -0.036394 -0.023776 -0.998586 -0.047552 0.024354 -0.998516 -0.048708 0.076739 -0.978420 0.191847 -0.070928 -0.992988 -0.094570 -0.019854 -0.992681 0.119122
0.303588 -0.364306 -0.880406 0.340503 -0.936382 -0.085126 0.000000 -0.976900 -0.213697 -0.181608 -0.980684 -0.072643 -0.023776 -0.998586 -0.047552 0.024354 -0.998516 -0.048708 0.076739 -0.978420 0.191847 -0.070928 -0.992988 -0.094570 -0.019854 -0.992681 0.119122
0.462681 -0.272166 -0.843713 0.210725 -0.969334 0.126435 0.000000 -0.970143 -0.242536 -0.181969 -0.982631 -0.036394 -0.023776 -0.998586 -0.047552 0.024354 -0.998516 -0.048708 0.076739 -0.978420 0.191847 -0.070928 -0.992988 -0.094570 -0.019803 -0.990148 0.138621
0.571092 -0.259587 -0.778761 0.127458 -0.977176 0.169944 0.000000 -0.970143 -0.242536 -0.175682 -0.983820 -0.035136 -0.023776 -0.998586 -0.047552 0.024354 -0.998516 -0.048708 0.057628 -0.979683 0.192095 -0.070928 -0.992988 -0.094570 -0.019803 -0.990148 0.138621
0.635999 -0.212000 -0.741999 0.121466 -0.971732 0.202444 0.030514 -0.976445 -0.213597 -0.175358 -0.982003 -0.070143 -0.023776 -0.998586 -0.047552 0.024354 -0.998516 -0.048708 0.057628 -0.979683 0.192095 -0.070928 -0.992988 -0.094570 -0.019803 -0.990148 0.138621
0.678363 -0.208727 -0.704454 0.080582 -0.966988 0.241747 0.030514 -0.976445 -0.213597 -0.175358 -0.982003 -0.070143 -0.023776 -0.998586 -0.047552 0.024354 -0.998516 -0.048708 0.057831 -0.983135 0.173494 -0.070928 -0.992988 -0.094570 -0.019803 -0.990148 0.138621
0.695516 -0.180319 -0.695516 0.079745 -0.956943 0.279108 0.030514 -0.976445 -0.213597 -0.175358 -0.982003 -0.070143 -0.023776 -0.998586 -0.047552 0.024354 -0.998516 -0.048708 0.057831 -0.983135 0.173494 -0.070928 -0.992988 -0.094570 -0.019803 -0.990148 0.138621
0.720833 -0.186883 -0.667438 0.080582 -0.966988 0.241747 0.030514 -0.976445 -0.213597 -0.175358 -0.982003 -0.070143 -0.023776 -0.998586 -0.047552 0.024354 -0.998516 -0.048708 0.057831 -0.983135 0.173494 -0.070928 -0.992988 -0.094570 -0.019803 -0.990148 0.138621
0.711062 -0.164091 -0.683714 0.079745 -0.956943 0.279108 0.030514 -0.976445 -0.213597 -0.175358 -0.982003 -0.070143 0.000000 -0.998868 -0.047565 0.024318 -0.997039 -0.072954 0.057831 -0.983135 0.173494 -0.070928 -0.992988 -0.094570 -0.019745 -0.987248 0.157960
0.713886 -0.155193 -0.682848 0.076810 -0.960119 0.268833 0.030514 -0.976445 -0.213597 -0.175358 -0.982003 -0.070143 0.000000 -0.998868 -0.047565 0.024318 -0.997039 -0.072954 0.057831 -0.983135 0.173494 -0.070928 -0.992988 -0.094570 -0.019745 -0.987248 0.157960
0.698149 -0.158670 -0.698149 0.079745 -0.956943 0.279108 0.030514 -0.976445 -0.213597 -0.175682 -0.983820 -0.035136 0.000000 -0.998868 -0.047565 0.024318 -0.997039 -0.072954 0.057831 -0.983135 0.173494 -0.070928 -0.992988 -0.094570 -0.019745 -0.987248 0.157960
0.693103 -0.198030 -0.693103 0.082903 -0.953381 0.290159 0.030700 -0.982409 -0.184202 -0.175358 -0.982003 -0.070143 0.000000 -0.998868 -0.047565 0.024318 -0.997039 -0.072954 0.038590 -0.984050 0.173656 -0.070928 -0.992988 -0.094570 -0.019745 -0.987248 0.157960
0.659380 -0.197814 -0.725319 0.081855 -0.941327 0.327418 0.061314 -0.981023 -0.183942 -0.175358 -0.982003 -0.070143 0.000000 -0.998868 -0.047565 0.024318 -0.997039 -0.072954 0.038590 -0.984050 0.173656 -0.070928 -0.992988 -0.094570 -0.019745 -0.987248 0.157960
