-0.511793 0.852989 -0.102359 -0.664845 -0.110808 -0.738717 0.000000 -0.970143 -0.242536 -0.164399 -0.986394 0.000000 -0.047565 -0.998868 0.000000 0.088453 -0.995098 0.044227 0.083844 -0.964210 0.251533 -0.023803 -0.999717 0.000000 -0.022858 -0.982873 0.182860
-0.520865 0.852325 -0.047351 -0.688988 0.065618 -0.721797 0.000000 -0.968277 -0.249878 -0.157991 -0.987441 0.000000 -0.047565 -0.998868 0.000000 0.088453 -0.995098 0.044227 0.083844 -0.964210 0.251533 -0.023243 -0.999460 0.023243 -0.022858 -0.982873 0.182860
-0.512615 0.854358 -0.085436 -0.672293 -0.033615 -0.739522 0.000000 -0.968277 -0.249878 -0.151947 -0.987658 -0.037987 -0.047565 -0.998868 0.000000 0.086548 -0.995307 0.043274 0.106746 -0.960714 0.256190 -0.022716 -0.999484 0.022716 -0.022858 -0.982873 0.182860
-0.614006 0.767507 -0.184202 -0.516704 -0.317971 -0.794929 0.000000 -0.966235 -0.257663 -0.146549 -0.989203 0.000000 -0.047552 -0.998586 0.023776 0.086548 -0.995307 0.043274 0.106143 -0.955287 0.275972 -0.022716 -0.999484 0.022716 -0.022858 -0.982873 0.182860
-0.691381 0.662574 -0.288076 -0.414513 -0.455965 -0.787575 0.000000 -0.966235 -0.257663 -0.146549 -0.989203 0.000000 -0.047565 -0.998868 0.000000 0.086548 -0.995307 0.043274 0.106143 -0.955287 0.275972 0.000000 -0.998969 0.045408 0.000000 -0.983130 0.182908
-0.764616 0.518847 -0.382308 -0.341432 -0.597505 -0.725542 -0.031220 -0.967805 -0.249756 -0.114624 -0.993409 0.000000 -0.047565 -0.998868 0.000000 0.086548 -0.995307 0.043274 0.106143 -0.955287 0.275972 0.000000 -0.999014 0.044401 0.000000 -0.983130 0.182908
-0.806837 0.378205 -0.453846 -0.256307 -0.683486 -0.683486 -0.032191 -0.965734 -0.257529 -0.110432 -0.993884 0.000000 -0.047552 -0.998586 -0.023776 0.086548 -0.995307 0.043274 0.106143 -0.955287 0.275972 0.000000 -0.999014 0.044401 0.000000 -0.983130 0.182908
-0.848893 0.159167 -0.504030 -0.248069 -0.744208 -0.620174 -0.032191 -0.965734 -0.257529 -0.110432 -0.993884 0.000000 -0.047552 -0.998586 -0.023776 0.107958 -0.993217 0.043183 0.085087 -0.957230 0.276533 0.000000 -0.998969 0.045408 0.000000 -0.983130 0.182908
-0.843274 -0.105409 -0.527046 -0.240578 -0.761831 -0.601445 -0.032191 -0.965734 -0.257529 -0.110432 -0.993884 0.000000 -0.023796 -0.999434 -0.023796 0.086447 -0.994144 0.064836 0.106746 -0.960714 0.256190 0.000000 -0.998969 0.045408 0.000000 -0.983130 0.182908
-0.811754 -0.329775 -0.481979 -0.260870 -0.782609 -0.565217 -0.033223 -0.963460 -0.265782 -0.106533 -0.994309 0.000000 -0.023796 -0.999434 -0.023796 0.086447 -0.994144 0.064836 0.106746 -0.960714 0.256190 0.000000 -0.998969 0.045408 -0.022858 -0.982873 0.182860
-0.770915 -0.497365 -0.397892 -0.257960 -0.816874 -0.515920 -0.033223 -0.963460 -0.265782 -0.106533 -0.994309 0.000000 -0.023796 -0.999434 -0.023796 0.086447 -0.994144 0.064836 0.106746 -0.960714 0.256190 0.000000 -0.998969 0.045408 -0.022858 -0.982873 0.182860
-0.739228 -0.586285 -0.331378 -0.293198 -0.837708 -0.460739 0.000000 -0.970143 -0.242536 -0.157991 -0.987441 0.000000 -0.023796 -0.999434 -0.023796 0.086447 -0.994144 0.064836 0.106746 -0.960714 0.256190 0.000000 -0.998969 0.045408 -0.022858 -0.982873 0.182860
-0.751451 -0.584462 -0.306147 -0.283190 -0.849569 -0.445012 0.000000 -0.964764 -0.263117 -0.164260 -0.985562 0.041065 -0.023796 -0.999434 -0.023796 0.086548 -0.995307 0.043274 0.106143 -0.955287 0.275972 0.000000 -0.998969 0.045408 -0.022858 -0.982873 0.182860
-0.751495 -0.578073 -0.317940 -0.278225 -0.874421 -0.397464 0.000000 -0.966705 -0.255893 -0.171184 -0.984309 0.042796 -0.023796 -0.999434 -0.023796 0.086548 -0.995307 0.043274 0.107658 -0.947387 0.301441 0.000000 -0.998920 0.046461 -0.044677 -0.982888 0.178707
-0.745356 -0.596285 -0.298142 -0.314270 -0.864242 -0.392837 0.000000 -0.966705 -0.255893 -0.171184 -0.984309 0.042796 -0.023796 -0.999434 -0.023796 0.086548 -0.995307 0.043274 0.107658 -0.947387 0.301441 0.000000 -0.998920 0.046461 -0.044677 -0.982888 0.178707
-0.777087 -0.528419 -0.341918 -0.303895 -0.873698 -0.379869 0.000000 -0.968493 -0.249041 -0.178707 -0.982888 0.044677 -0.023796 -0.999434 -0.023796 0.086548 -0.995307 0.043274 0.086306 -0.949370 0.302072 0.000000 -0.998920 0.046461 -0.044677 -0.982888 0.178707
-0.816497 -0.408248 -0.408248 -0.303895 -0.873698 -0.379869 0.027661 -0.968122 -0.248946 -0.221404 -0.974176 0.044281 -0.024376 -0.999406 -0.024376 0.086548 -0.995307 0.043274 0.086306 -0.949370 0.302072 0.000000 -0.998920 0.046461 -0.044677 -0.982888 0.178707
-0.834830 -0.340116 -0.432875 -0.303895 -0.873698 -0.379869 0.027661 -0.968122 -0.248946 -0.221404 -0.974176 0.044281 -0.024376 -0.999406 -0.024376 0.086548 -0.995307 0.043274 0.086306 -0.949370 0.302072 0.000000 -0.998920 0.046461 -0.066932 -0.981664 0.178484
-0.831655 -0.308021 -0.462031 -0.299392 -0.860753 -0.411665 0.000000 -0.968493 -0.249041 -0.221404 -0.974176 0.044281 0.000000 -0.999703 -0.024383 0.086548 -0.995307 0.043274 0.086306 -0.949370 0.302072 0.000000 -0.998920 0.046461 -0.066932 -0.981664 0.178484
-0.829288 -0.296174 -0.473879 -0.273722 -0.860268 -0.430134 0.000000 -0.970143 -0.242536 -0.231372 -0.971764 0.046274 0.000000 -0.999703 -0.024383 0.086548 -0.995307 0.043274 0.086306 -0.949370 0.302072 0.000000 -0.998920 0.046461 -0.066932 -0.981664 0.178484
-0.801784 -0.267261 -0.534522 -0.278225 -0.874421 -0.397464 0.000000 -0.976187 -0.216930 -0.231372 -0.971764 0.046274 0.000000 -0.999703 -0.024383 0.088453 -0.995098 0.044227 0.084572 -0.951436 0.296002 0.000000 -0.998920 0.046461 -0.066932 -0.981664 0.178484
-0.781706 -0.231617 -0.579042 -0.213785 -0.897895 -0.384812 0.000000 -0.981615 -0.190870 -0.231621 -0.972806 0.000000 0.000000 -0.999703 -0.024383 0.088453 -0.995098 0.044227 0.084572 -0.951436 0.296002 0.000000 -0.998920 0.046461 -0.066932 -0.981664 0.178484
-0.755559 -0.223869 -0.615641 -0.182574 -0.912871 -0.365148 -0.030700 -0.982409 -0.184202 -0.157867 -0.986671 -0.039467 0.000000 -0.999703 -0.024383 0.088453 -0.995098 0.044227 0.084572 -0.951436 0.296002 0.000000 -0.998920 0.046461 -0.066932 -0.981664 0.178484
-0.692532 -0.201988 -0.692532 -0.182574 -0.912871 -0.365148 -0.067382 -0.977035 -0.202145 -0.141333 -0.989331 -0.035333 0.000000 -0.999703 -0.024383 0.088453 -0.995098 0.044227 0.084572 -0.951436 0.296002 0.000000 -0.998920 0.046461 -0.066932 -0.981664 0.178484
-0.646500 -0.205704 -0.734659 -0.135526 -0.903508 -0.406579 -0.069673 -0.975426 -0.209020 -0.136558 -0.990044 -0.034139 0.000000 -0.999703 -0.024383 0.088453 -0.995098 0.044227 0.085087 -0.957230 0.276533 0.000000 -0.998920 0.046461 -0.066932 -0.981664 0.178484
-0.585959 -0.175788 -0.791044 -0.046374 -0.927478 -0.370991 -0.069673 -0.975426 -0.209020 -0.136320 -0.988317 -0.068160 0.000000 -0.998812 -0.048723 0.088453 -0.995098 0.044227 0.085087 -0.957230 0.276533 0.000000 -0.998920 0.046461 -0.066932 -0.981664 0.178484
-0.477665 -0.149270 -0.865768 0.000000 -0.934488 -0.355995 -0.072122 -0.973645 -0.216366 -0.131876 -0.989071 -0.065938 0.000000 -0.998812 -0.048723 0.088453 -0.995098 0.044227 0.085087 -0.957230 0.276533 0.000000 -0.998920 0.046461 -0.066932 -0.981664 0.178484
-0.338341 -0.184550 -0.922749 0.044455 -0.933564 -0.355643 -0.036131 -0.975550 -0.216789 -0.131876 -0.989071 -0.065938 0.000000 -0.998812 -0.048723 0.088453 -0.995098 0.044227 0.085087 -0.957230 0.276533 0.000000 -0.998920 0.046461 -0.066932 -0.981664 0.178484
-0.217584 -0.155417 -0.963588 0.125218 -0.918262 -0.375653 -0.034627 -0.969561 -0.242390 -0.136558 -0.990044 -0.034139 0.000000 -0.998812 -0.048723 0.088453 -0.995098 0.044227 0.063917 -0.958750 0.276972 0.000000 -0.998920 0.046461 -0.066932 -0.981664 0.178484
-0.063214 -0.189642 -0.979816 0.202610 -0.891485 -0.405220 -0.034627 -0.969561 -0.242390 -0.136558 -0.990044 -0.034139 0.000000 -0.998812 -0.048723 0.088453 -0.995098 0.044227 0.063917 -0.958750 0.276972 0.000000 -0.998920 0.046461 -0.066932 -0.981664 0.178484
0.132891 -0.232559 -0.963460 0.163299 -0.898146 -0.408248 -0.034320 -0.960958 -0.274559 -0.136558 -0.990044 -0.034139 0.000000 -0.998812 -0.048723 0.088345 -0.993884 0.066259 0.063917 -0.958750 0.276972 0.000000 -0.998920 0.046461 -0.066932 -0.981664 0.178484
0.356138 -0.226633 -0.906533 0.165948 -0.912714 -0.373383 0.000000 -0.963993 -0.265929 -0.175791 -0.984428 0.000000 0.000000 -0.998812 -0.048723 0.088345 -0.993884 0.066259 0.063917 -0.958750 0.276972 0.000000 -0.998920 0.046461 -0.066932 -0.981664 0.178484
0.519399 -0.173133 -0.836809 0.122373 -0.978980 -0.163163 0.000000 -0.963993 -0.265929 -0.175791 -0.984428 0.000000 0.000000 -0.998812 -0.048723 0.088345 -0.993884 0.066259 0.064282 -0.964237 0.257130 0.000000 -0.998920 0.046461 -0.066932 -0.981664 0.178484
0.586094 -0.133203 -0.799219 0.079682 -0.996024 -0.039841 0.000000 -0.963993 -0.265929 -0.175791 -0.984428 0.000000 0.000000 -0.998812 -0.048723 0.088345 -0.993884 0.066259 0.064282 -0.964237 0.257130 0.000000 -0.999730 0.023250 -0.066650 -0.977536 0.199951
0.629620 -0.157405 -0.760791 0.082974 -0.995688 0.041487 0.033223 -0.963460 -0.265782 -0.175791 -0.984428 0.000000 0.000000 -0.998812 -0.048723 0.088345 -0.993884 0.066259 0.064282 -0.964237 0.257130 -0.024376 -0.999406 0.024376 -0.066650 -0.977536 0.199951
0.645067 -0.154816 -0.748278 0.082761 -0.993127 0.082761 0.031911 -0.957338 -0.287202 -0.182089 -0.983282 0.000000 0.000000 -0.998812 -0.048723 0.088345 -0.993884 0.066259 0.064282 -0.964237 0.257130 -0.024376 -0.999406 0.024376 -0.066650 -0.977536 0.199951
0.662112 -0.127329 -0.738509 0.082409 -0.988903 0.123613 0.031911 -0.957338 -0.287202 -0.188847 -0.982006 0.000000 0.000000 -0.998812 -0.048723 0.088345 -0.993884 0.066259 0.064625 -0.969368 0.236957 -0.024984 -0.999376 0.024984 -0.066650 -0.977536 0.199951
0.674699 -0.129750 -0.726599 0.082761 -0.993127 0.082761 0.031911 -0.957338 -0.287202 -0.188847 -0.982006 0.000000 0.000000 -0.998812 -0.048723 0.088453 -0.995098 0.044227 0.064282 -0.964237 0.257130 -0.024984 -0.999376 0.024984 -0.066650 -0.977536 0.199951
0.675429 -0.108069 -0.729463 0.082974 -0.995688 0.041487 0.031911 -0.957338 -0.287202 -0.188847 -0.982006 0.000000 0.000000 -0.998812 -0.048723 0.088518 -0.995829 0.022130 0.064282 -0.964237 0.257130 0.000000 -0.998868 0.047565 -0.066650 -0.977536 0.199951
0.658090 -0.137102 -0.740351 0.129219 -0.990680 0.043073 0.031911 -0.957338 -0.287202 -0.188847 -0.982006 0.000000 0.000000 -0.998812 -0.048723 0.088518 -0.995829 0.022130 0.064282 -0.964237 0.257130 0.000000 -0.998920 0.046461 -0.066650 -0.977536 0.199951
0.671608 -0.139918 -0.727575 0.129339 -0.991600 0.000000 0.031911 -0.957338 -0.287202 -0.188847 -0.982006 0.000000 0.000000 -0.998812 -0.048723 0.088518 -0.995829 0.022130 0.064282 -0.964237 0.257130 0.000000 -0.998920 0.046461 -0.066650 -0.977536 0.199951
0.669840 -0.145617 -0.728087 0.129339 -0.991600 0.000000 0.031911 -0.957338 -0.287202 -0.188847 -0.982006 0.000000 0.000000 -0.998812 -0.048723 0.088518 -0.995829 0.022130 0.064282 -0.964237 0.257130 0.000000 -0.998920 0.046461 -0.066650 -0.977536 0.199951
0.672411 -0.116941 -0.730882 0.129339 -0.991600 0.000000 0.031911 -0.957338 -0.287202 -0.188847 -0.982006 0.000000 0.023776 -0.998586 -0.047552 0.088518 -0.995829 0.022130 0.064625 -0.969368 0.236957 0.000000 -0.998920 0.046461 -0.066650 -0.977536 0.199951
0.672411 -0.116941 -0.730882 0.129339 -0.991600 0.000000 0.031911 -0.957338 -0.287202 -0.188713 -0.981307 0.037743 0.023776 -0.998586 -0.047552 0.088518 -0.995829 0.022130 0.064625 -0.969368 0.236957 0.000000 -0.998920 0.046461 -0.066650 -0.977536 0.199951
0.672411 -0.116941 -0.730882 0.128861 -0.987935 -0.085907 0.031911 -0.957338 -0.287202 -0.188713 -0.981307 0.037743 0.023776 -0.998586 -0.047552 0.088518 -0.995829 0.022130 0.043133 -0.970495 0.237232 0.000000 -0.998969 0.045408 -0.066340 -0.972985 0.221133
0.655913 -0.119257 -0.745356 0.128861 -0.987935 -0.085907 0.032191 -0.965734 -0.257529 -0.188847 -0.982006 0.000000 0.023776 -0.998586 -0.047552 0.088518 -0.995829 0.022130 0.043133 -0.970495 0.237232 0.000000 -0.998969 0.045408 -0.066340 -0.972985 0.221133
0.641533 -0.116642 -0.758175 0.129219 -0.990680 -0.043073 0.032191 -0.965734 -0.257529 -0.188847 -0.982006 0.000000 0.023776 -0.998586 -0.047552 0.088518 -0.995829 0.022130 0.043133 -0.970495 0.237232 0.000000 -0.998969 0.045408 -0.066340 -0.972985 0.221133
