-0.452006 0.875762 -0.169502 -0.606835 -0.202278 -0.768658 0.000000 -0.941742 -0.336336 -0.108607 -0.977466 -0.181012 -0.066503 -0.997540 0.022168 0.115470 -0.993042 -0.023094 0.116401 -0.970006 0.213401 -0.094703 -0.994379 -0.047351 0.000000 -0.995037 0.099504
-0.451466 0.846499 -0.282166 -0.656488 -0.287213 -0.697518 0.000000 -0.941742 -0.336336 -0.109254 -0.983282 -0.145671 -0.066503 -0.997540 0.022168 0.115470 -0.993042 -0.023094 0.116401 -0.970006 0.213401 -0.094703 -0.994379 -0.047351 0.000000 -0.995037 0.099504
-0.552877 0.756569 -0.349186 -0.605844 -0.323117 -0.727013 0.000000 -0.941742 -0.336336 -0.109254 -0.983282 -0.145671 -0.066503 -0.997540 0.022168 0.115470 -0.993042 -0.023094 0.116401 -0.970006 0.213401 -0.094703 -0.994379 -0.047351 0.000000 -0.996815 0.079745
-0.642118 0.642118 -0.418772 -0.552967 -0.434474 -0.710957 0.000000 -0.941742 -0.336336 -0.109254 -0.983282 -0.145671 -0.045408 -0.998969 0.000000 0.115470 -0.993042 -0.023094 0.116401 -0.970006 0.213401 -0.094703 -0.994379 -0.047351 0.000000 -0.996815 0.079745
-0.724181 0.473503 -0.501356 -0.519170 -0.519170 -0.678915 0.000000 -0.955064 -0.296399 -0.113308 -0.982006 -0.151078 -0.045408 -0.998969 0.000000 0.115470 -0.993042 -0.023094 0.116401 -0.970006 0.213401 -0.094703 -0.994379 -0.047351 0.000000 -0.996815 0.079745
-0.794805 0.235498 -0.559308 -0.508340 -0.547443 -0.664753 0.000000 -0.960346 -0.278810 -0.105474 -0.984428 -0.140633 -0.023243 -0.999460 -0.023243 0.115470 -0.993042 -0.023094 0.116401 -0.970006 0.213401 -0.094703 -0.994379 -0.047351 0.000000 -0.996815 0.079745
-0.827115 -0.029540 -0.561256 -0.415464 -0.679851 -0.604312 0.000000 -0.960346 -0.278810 -0.105474 -0.984428 -0.140633 -0.023243 -0.999460 -0.023243 0.115470 -0.993042 -0.023094 0.116401 -0.970006 0.213401 -0.094703 -0.994379 -0.047351 0.000000 -0.996815 0.079745
-0.797293 -0.302422 -0.522365 -0.368355 -0.773545 -0.515697 0.000000 -0.957826 -0.287348 -0.105934 -0.988714 -0.105934 -0.023796 -0.999434 -0.023796 0.115470 -0.993042 -0.023094 0.116401 -0.970006 0.213401 -0.094703 -0.994379 -0.047351 0.000000 -0.996815 0.079745
-0.745938 -0.532813 -0.399609 -0.322458 -0.824061 -0.465773 0.000000 -0.957826 -0.287348 -0.105934 -0.988714 -0.105934 -0.023776 -0.998586 -0.047552 0.115470 -0.993042 -0.023094 0.116401 -0.970006 0.213401 -0.094703 -0.994379 -0.047351 0.000000 -0.996815 0.079745
-0.700140 -0.644129 -0.308062 -0.277184 -0.866199 -0.415775 0.000000 -0.960346 -0.278810 -0.109764 -0.987878 -0.109764 0.000000 -0.998868 -0.047565 0.092599 -0.995434 -0.023150 0.135470 -0.967641 0.212881 -0.094703 -0.994379 -0.047351 0.000000 -0.996815 0.079745
-0.685435 -0.656875 -0.314158 -0.251610 -0.898606 -0.359443 0.000000 -0.945687 -0.325080 -0.110133 -0.991201 -0.073422 0.000000 -0.998868 -0.047565 0.092599 -0.995434 -0.023150 0.135470 -0.967641 0.212881 -0.094703 -0.994379 -0.047351 0.000000 -0.996815 0.079745
-0.689414 -0.659440 -0.299745 -0.246564 -0.915811 -0.317011 0.000000 -0.945687 -0.325080 -0.110133 -0.991201 -0.073422 0.000000 -0.998868 -0.047565 0.092599 -0.995434 -0.023150 0.154390 -0.964935 0.212286 -0.094703 -0.994379 -0.047351 0.000000 -0.996815 0.079745
-0.696331 -0.635780 -0.333028 -0.251610 -0.934551 -0.251610 -0.028736 -0.948292 -0.316097 -0.110133 -0.991201 -0.073422 0.000000 -0.998868 -0.047565 0.092599 -0.995434 -0.023150 0.154390 -0.964935 0.212286 -0.094703 -0.994379 -0.047351 -0.019932 -0.996617 0.079729
-0.687165 -0.655930 -0.312348 -0.251610 -0.934551 -0.251610 -0.027973 -0.951072 -0.307700 -0.114291 -0.990521 -0.076194 0.000000 -1.000000 0.000000 0.092599 -0.995434 -0.023150 0.154390 -0.964935 0.212286 -0.094703 -0.994379 -0.047351 -0.019932 -0.996617 0.079729
-0.723356 -0.597555 -0.345953 -0.217500 -0.942499 -0.253750 -0.027973 -0.951072 -0.307700 -0.114291 -0.990521 -0.076194 0.000000 -1.000000 0.000000 0.092599 -0.995434 -0.023150 0.154390 -0.964935 0.212286 -0.094703 -0.994379 -0.047351 -0.019932 -0.996617 0.079729
-0.746364 -0.528675 -0.404281 -0.217500 -0.942499 -0.253750 -0.027973 -0.951072 -0.307700 -0.114291 -0.990521 -0.076194 0.000000 -1.000000 0.000000 0.092599 -0.995434 -0.023150 0.154390 -0.964935 0.212286 -0.094703 -0.994379 -0.047351 -0.019932 -0.996617 0.079729
-0.772991 -0.463794 -0.432875 -0.217500 -0.942499 -0.253750 -0.027973 -0.951072 -0.307700 -0.114291 -0.990521 -0.076194 0.000000 -1.000000 0.000000 0.092599 -0.995434 0.023150 0.154390 -0.964935 0.212286 -0.094703 -0.994379 -0.047351 -0.020336 -0.996478 0.081345
-0.782378 -0.423788 -0.456387 -0.257674 -0.920263 -0.294484 -0.027973 -0.951072 -0.307700 -0.114291 -0.990521 -0.076194 0.000000 -1.000000 0.000000 0.092599 -0.995434 0.023150 0.154390 -0.964935 0.212286 -0.094703 -0.994379 -0.047351 -0.020336 -0.996478 0.081345
-0.767520 -0.400445 -0.500556 -0.257674 -0.920263 -0.294484 -0.028205 -0.958984 -0.282054 -0.114291 -0.990521 -0.076194 0.000000 -1.000000 0.000000 0.092599 -0.995434 0.023150 0.154390 -0.964935 0.212286 -0.094703 -0.994379 -0.047351 -0.020336 -0.996478 0.081345
-0.730096 -0.331862 -0.597351 -0.254756 -0.909843 -0.327544 -0.028989 -0.956622 -0.289886 -0.114291 -0.990521 -0.076194 0.000000 -1.000000 0.000000 0.092599 -0.995434 0.023150 0.154390 -0.964935 0.212286 -0.094703 -0.994379 -0.047351 -0.020336 -0.996478 0.081345
-0.724616 -0.332116 -0.603847 -0.198419 -0.912727 -0.357154 0.000000 -0.954480 -0.298275 -0.151620 -0.985527 -0.075810 0.000000 -1.000000 0.000000 0.092599 -0.995434 0.023150 0.154997 -0.968730 0.193746 -0.094703 -0.994379 -0.047351 -0.020336 -0.996478 0.081345
-0.679258 -0.277878 -0.679258 -0.125218 -0.918262 -0.375653 0.000000 -0.962651 -0.270746 -0.151620 -0.985527 -0.075810 0.000000 -1.000000 0.000000 0.092623 -0.995701 0.000000 0.154997 -0.968730 0.193746 -0.094703 -0.994379 -0.047351 -0.020336 -0.996478 0.081345
-0.651298 -0.266440 -0.710507 0.000000 -0.919145 -0.393919 0.000000 -0.970143 -0.242536 -0.151620 -0.985527 -0.075810 0.000000 -1.000000 0.000000 0.092623 -0.995701 0.000000 0.154997 -0.968730 0.193746 -0.094703 -0.994379 -0.047351 -0.020336 -0.996478 0.081345
-0.632717 -0.201319 -0.747757 0.172452 -0.905374 -0.388018 0.000000 -0.968277 -0.249878 -0.151620 -0.985527 -0.075810 0.000000 -1.000000 0.000000 0.092623 -0.995701 0.000000 0.154997 -0.968730 0.193746 -0.094703 -0.994379 -0.047351 -0.020336 -0.996478 0.081345
-0.582717 -0.203951 -0.786667 0.257960 -0.902861 -0.343947 0.000000 -0.968277 -0.249878 -0.151620 -0.985527 -0.075810 0.000000 -1.000000 0.000000 0.092623 -0.995701 0.000000 0.154997 -0.968730 0.193746 -0.094703 -0.994379 -0.047351 -0.020336 -0.996478 0.081345
-0.510841 -0.223493 -0.830116 0.330477 -0.867502 -0.371787 0.000000 -0.968277 -0.249878 -0.151620 -0.985527 -0.075810 0.000000 -1.000000 0.000000 0.092623 -0.995701 0.000000 0.136006 -0.971469 0.194294 -0.094703 -0.994379 -0.047351 -0.020299 -0.994629 0.101493
-0.392023 -0.261349 -0.882052 0.385518 -0.856706 -0.342682 0.000000 -0.975441 -0.220261 -0.151078 -0.982006 -0.113308 0.000000 -1.000000 0.000000 0.092623 -0.995701 0.000000 0.136006 -0.971469 0.194294 -0.094703 -0.994379 -0.047351 -0.020299 -0.994629 0.101493
-0.267710 -0.334637 -0.903521 0.436436 -0.829228 -0.349149 0.000000 -0.966235 -0.257663 -0.145671 -0.983282 -0.109254 0.000000 -1.000000 0.000000 0.092623 -0.995701 0.000000 0.136006 -0.971469 0.194294 -0.094703 -0.994379 -0.047351 -0.020299 -0.994629 0.101493
-0.127906 -0.351741 -0.927318 0.414870 -0.829740 -0.373383 0.032191 -0.965734 -0.257529 -0.146157 -0.986559 -0.073078 0.000000 -1.000000 0.000000 0.092623 -0.995701 0.000000 0.136006 -0.971469 0.194294 -0.094703 -0.994379 -0.047351 0.000000 -0.994834 0.101514
0.030934 -0.371213 -0.928032 0.395820 -0.879599 -0.263880 0.031220 -0.967805 -0.249756 -0.146157 -0.986559 -0.073078 0.000000 -1.000000 0.000000 0.092623 -0.995701 0.000000 0.136006 -0.971469 0.194294 -0.094703 -0.994379 -0.047351 0.000000 -0.995037 0.099504
0.195594 -0.358590 -0.912774 0.308457 -0.925371 -0.220326 0.031220 -0.967805 -0.249756 -0.145671 -0.983282 -0.109254 0.000000 -1.000000 0.000000 0.092599 -0.995434 -0.023150 0.136006 -0.971469 0.194294 -0.094703 -0.994379 -0.047351 0.000000 -0.992877 0.119145
0.315440 -0.252352 -0.914776 0.202444 -0.971732 -0.121466 0.031220 -0.967805 -0.249756 -0.145671 -0.983282 -0.109254 0.000000 -1.000000 0.000000 0.092599 -0.995434 -0.023150 0.136006 -0.971469 0.194294 -0.094703 -0.994379 -0.047351 0.000000 -0.992877 0.119145
0.376219 -0.231520 -0.897139 0.164399 -0.986394 0.000000 0.030069 -0.962216 -0.270623 -0.145671 -0.983282 -0.109254 0.000000 -1.000000 0.000000 0.092599 -0.995434 -0.023150 0.136006 -0.971469 0.194294 -0.094703 -0.994379 -0.047351 0.000000 -0.992877 0.119145
0.463428 -0.173785 -0.868927 0.119051 -0.992095 0.039684 0.030069 -0.962216 -0.270623 -0.146157 -0.986559 -0.073078 0.000000 -1.000000 0.000000 0.094782 -0.995216 -0.023696 0.136496 -0.974972 0.175495 -0.094703 -0.994379 -0.047351 0.000000 -0.992877 0.119145
0.472637 -0.206779 -0.856654 0.123613 -0.988903 0.082409 0.060523 -0.968364 -0.242091 -0.145671 -0.983282 -0.109254 0.000000 -1.000000 0.000000 0.094782 -0.995216 -0.023696 0.136496 -0.974972 0.175495 -0.094703 -0.994379 -0.047351 0.000000 -0.992877 0.119145
0.495099 -0.203864 -0.844581 0.123613 -0.988903 0.082409 0.031220 -0.967805 -0.249756 -0.109764 -0.987878 -0.109764 0.000000 -1.000000 0.000000 0.094782 -0.995216 -0.023696 0.117287 -0.977391 0.175930 -0.094703 -0.994379 -0.047351 0.000000 -0.992877 0.119145
0.475341 -0.178253 -0.861555 0.123091 -0.984732 0.123091 0.030964 -0.959886 -0.278677 -0.110133 -0.991201 -0.073422 0.000000 -1.000000 0.000000 0.094782 -0.995216 -0.023696 0.117287 -0.977391 0.175930 -0.094703 -0.994379 -0.047351 0.000000 -0.992877 0.119145
0.497851 -0.175712 -0.849276 0.082409 -0.988903 0.123613 0.031220 -0.967805 -0.249756 -0.109764 -0.987878 -0.109764 0.000000 -1.000000 0.000000 0.094782 -0.995216 -0.023696 0.117287 -0.977391 0.175930 -0.094703 -0.994379 -0.047351 0.000000 -0.990342 0.138648
0.497851 -0.175712 -0.849276 0.082409 -0.988903 0.123613 0.032191 -0.965734 -0.257529 -0.105934 -0.988714 -0.105934 0.000000 -1.000000 0.000000 0.094782 -0.995216 -0.023696 0.117287 -0.977391 0.175930 -0.094703 -0.994379 -0.047351 0.000000 -0.989949 0.141421
0.463428 -0.173785 -0.868927 0.123613 -0.988903 0.082409 0.064282 -0.964237 -0.257130 -0.106265 -0.991811 -0.070844 0.000000 -0.999717 -0.023803 0.094782 -0.995216 -0.023696 0.117287 -0.977391 0.175930 -0.094703 -0.994379 -0.047351 0.000000 -0.989949 0.141421
0.463428 -0.173785 -0.868927 0.123613 -0.988903 0.082409 0.064282 -0.964237 -0.257130 -0.105934 -0.988714 -0.105934 0.023796 -0.999434 -0.023796 0.094782 -0.995216 -0.023696 0.117287 -0.977391 0.175930 -0.094703 -0.994379 -0.047351 0.000000 -0.989949 0.141421
0.463428 -0.173785 -0.868927 0.123613 -0.988903 0.082409 0.064282 -0.964237 -0.257130 -0.105934 -0.988714 -0.105934 0.023796 -0.999434 -0.023796 0.094782 -0.995216 -0.023696 0.097945 -0.979451 0.176301 -0.094703 -0.994379 -0.047351 0.000000 -0.989949 0.141421
0.463428 -0.173785 -0.868927 0.123929 -0.991431 0.041310 0.064282 -0.964237 -0.257130 -0.105934 -0.988714 -0.105934 0.000000 -0.999703 -0.024383 0.094782 -0.995216 -0.023696 0.097945 -0.979451 0.176301 -0.094703 -0.994379 -0.047351 0.000000 -0.989949 0.141421
0.413738 -0.206869 -0.886581 0.164260 -0.985562 0.041065 0.062807 -0.973515 -0.219826 -0.105474 -0.984428 -0.140633 0.000000 -0.999703 -0.024383 0.094782 -0.995216 -0.023696 0.097945 -0.979451 0.176301 -0.094703 -0.994379 -0.047351 0.000000 -0.989949 0.141421
