-0.660695 0.730242 -0.173867 -0.625779 0.257674 -0.736210 0.000000 -0.945687 -0.325080 -0.079181 -0.989759 -0.118771 -0.042476 -0.998194 -0.042476 0.126148 -0.983958 -0.126148 0.145738 -0.978530 0.145738 -0.099015 -0.990148 -0.099015 0.021688 -0.997645 0.065064
-0.686398 0.686398 -0.240239 -0.687745 0.000000 -0.725953 0.000000 -0.945687 -0.325080 -0.081923 -0.983078 -0.163846 -0.062324 -0.997191 -0.041550 0.126148 -0.983958 -0.126148 0.145738 -0.978530 0.145738 -0.099015 -0.990148 -0.099015 0.021688 -0.997645 0.065064
-0.696733 0.627060 -0.348367 -0.657706 -0.292314 -0.694245 0.029814 -0.954056 -0.298142 -0.084667 -0.973668 -0.211667 -0.062324 -0.997191 -0.041550 0.126148 -0.983958 -0.126148 0.145738 -0.978530 0.145738 -0.099015 -0.990148 -0.099015 0.021688 -0.997645 0.065064
-0.763631 0.520658 -0.381816 -0.594028 -0.454257 -0.663914 0.028736 -0.948292 -0.316097 -0.043811 -0.963837 -0.262865 -0.041550 -0.997191 -0.062324 0.126148 -0.983958 -0.126148 0.145738 -0.978530 0.145738 -0.099015 -0.990148 -0.099015 0.021688 -0.997645 0.065064
-0.829288 0.296174 -0.473879 -0.555366 -0.588034 -0.588034 0.000000 -0.948683 -0.316228 -0.108607 -0.977466 -0.181012 -0.042362 -0.995504 -0.084724 0.126148 -0.983958 -0.126148 0.145738 -0.978530 0.145738 -0.099015 -0.990148 -0.099015 0.021688 -0.997645 0.065064
-0.866763 -0.206372 -0.454019 -0.490815 -0.719862 -0.490815 0.000000 -0.957024 -0.290007 -0.109254 -0.983282 -0.145671 -0.044227 -0.995098 -0.088453 0.126511 -0.986789 -0.101209 0.143215 -0.982049 0.122756 -0.099015 -0.990148 -0.099015 0.021713 -0.998821 0.043427
-0.839841 -0.401663 -0.365148 -0.449977 -0.771389 -0.449977 0.028989 -0.956622 -0.289886 -0.140028 -0.980196 -0.140028 -0.022130 -0.995829 -0.088518 0.126511 -0.986789 -0.101209 0.163163 -0.978980 0.122373 -0.099015 -0.990148 -0.099015 0.021253 -0.998870 0.042505
-0.798189 -0.510841 -0.319275 -0.444949 -0.794552 -0.413167 0.028989 -0.956622 -0.289886 -0.140633 -0.984428 -0.105474 -0.022628 -0.995638 -0.090513 0.126511 -0.986789 -0.101209 0.163163 -0.978980 0.122373 -0.099015 -0.990148 -0.099015 0.000000 -0.999096 0.042515
-0.789780 -0.505459 -0.347503 -0.413376 -0.826752 -0.381578 0.029814 -0.954056 -0.298142 -0.140633 -0.984428 -0.105474 -0.022576 -0.993352 -0.112881 0.126511 -0.986789 -0.101209 0.163163 -0.978980 0.122373 -0.099015 -0.990148 -0.099015 0.000000 -0.999133 0.041631
-0.813295 -0.469208 -0.344086 -0.391189 -0.847576 -0.358590 0.030069 -0.962216 -0.270623 -0.140633 -0.984428 -0.105474 -0.022576 -0.993352 -0.112881 0.126511 -0.986789 -0.101209 0.159968 -0.979804 0.119976 -0.099015 -0.990148 -0.099015 0.000000 -0.999133 0.041631
-0.804295 -0.464016 -0.371213 -0.402241 -0.838002 -0.368721 0.030964 -0.959886 -0.278677 -0.140633 -0.984428 -0.105474 -0.022576 -0.993352 -0.112881 0.126511 -0.986789 -0.101209 0.159968 -0.979804 0.119976 -0.099015 -0.990148 -0.099015 0.000000 -0.999133 0.041631
-0.804668 -0.419827 -0.419827 -0.402241 -0.838002 -0.368721 0.000000 -0.960346 -0.278810 -0.105934 -0.988714 -0.105934 -0.023094 -0.993042 -0.115470 0.126511 -0.986789 -0.101209 0.159968 -0.979804 0.119976 -0.099015 -0.990148 -0.099015 0.000000 -0.999133 0.041631
-0.752710 -0.338719 -0.564532 -0.396155 -0.828325 -0.396155 0.000000 -0.960346 -0.278810 -0.106265 -0.991811 -0.070844 -0.023150 -0.995434 -0.092599 0.126511 -0.986789 -0.101209 0.159968 -0.979804 0.119976 -0.099015 -0.990148 -0.099015 0.000000 -0.999133 0.041631
-0.718646 -0.264764 -0.642999 -0.348743 -0.813733 -0.464991 0.000000 -0.960346 -0.278810 -0.110133 -0.991201 -0.073422 -0.023150 -0.995434 -0.092599 0.126511 -0.986789 -0.101209 0.159968 -0.979804 0.119976 -0.099015 -0.990148 -0.099015 0.000000 -0.999133 0.041631
-0.618693 -0.181969 -0.764268 -0.287456 -0.821302 -0.492781 0.030964 -0.959886 -0.278677 -0.145671 -0.983282 -0.109254 -0.023150 -0.995434 -0.092599 0.126511 -0.986789 -0.101209 0.159968 -0.979804 0.119976 -0.099015 -0.990148 -0.099015 0.000000 -0.999133 0.041631
-0.562183 -0.175682 -0.808138 -0.207257 -0.787575 -0.580319 0.031911 -0.957338 -0.287202 -0.140633 -0.984428 -0.105474 -0.023150 -0.995434 -0.092599 0.126511 -0.986789 -0.101209 0.159968 -0.979804 0.119976 -0.099015 -0.990148 -0.099015 0.000000 -0.999133 0.041631
-0.540295 -0.158910 -0.826334 -0.043811 -0.788594 -0.613351 0.031911 -0.957338 -0.287202 -0.140633 -0.984428 -0.105474 -0.023150 -0.995434 -0.092599 0.126511 -0.986789 -0.101209 0.159968 -0.979804 0.119976 -0.099015 -0.990148 -0.099015 0.000000 -0.999133 0.041631
-0.490281 -0.153213 -0.857992 0.130435 -0.782609 -0.608696 0.031911 -0.957338 -0.287202 -0.140633 -0.984428 -0.105474 -0.023150 -0.995434 -0.092599 0.126511 -0.986789 -0.101209 0.160321 -0.981966 0.100201 -0.099015 -0.990148 -0.099015 -0.020788 -0.997837 0.062365
-0.365148 -0.182574 -0.912871 0.214176 -0.771035 -0.599694 0.031911 -0.957338 -0.287202 -0.141069 -0.987484 -0.070535 0.000000 -0.995701 -0.092623 0.126511 -0.986789 -0.101209 0.140705 -0.984937 0.100504 -0.099015 -0.990148 -0.099015 -0.020788 -0.997837 0.062365
-0.224574 -0.196502 -0.954439 0.346844 -0.780399 -0.520266 0.031607 -0.948209 -0.316070 -0.141069 -0.987484 -0.070535 0.000000 -0.995701 -0.092623 0.126148 -0.983958 -0.126148 0.143215 -0.982049 0.122756 -0.099015 -0.990148 -0.099015 -0.020788 -0.997837 0.062365
0.029198 -0.116791 -0.992727 0.232873 -0.931493 -0.279448 0.031607 -0.948209 -0.316070 -0.146157 -0.986559 -0.073078 0.000000 -0.995701 -0.092623 0.126148 -0.983958 -0.126148 0.123091 -0.984732 0.123091 -0.099015 -0.990148 -0.099015 -0.021229 -0.997744 0.063686
0.192450 -0.192450 -0.962250 0.331460 -0.899676 -0.284108 0.031607 -0.948209 -0.316070 -0.146157 -0.986559 -0.073078 -0.023150 -0.995434 -0.092599 0.126148 -0.983958 -0.126148 0.123091 -0.984732 0.123091 -0.099015 -0.990148 -0.099015 -0.021195 -0.996174 0.084781
0.405854 -0.124878 -0.905366 0.259161 -0.950255 -0.172774 0.031281 -0.938417 -0.344086 -0.146157 -0.986559 -0.073078 -0.023150 -0.995434 -0.092599 0.126148 -0.983958 -0.126148 0.125629 -0.984091 0.125629 -0.099015 -0.990148 -0.099015 -0.021195 -0.996174 0.084781
0.528367 -0.198137 -0.825573 0.403705 -0.897123 -0.179425 0.031281 -0.938417 -0.344086 -0.146157 -0.986559 -0.073078 -0.023150 -0.995434 -0.092599 0.126148 -0.983958 -0.126148 0.104944 -0.986472 0.125933 -0.099015 -0.990148 -0.099015 -0.021195 -0.996174 0.084781
0.646500 -0.205704 -0.734659 0.403705 -0.897123 -0.179425 0.031281 -0.938417 -0.344086 -0.146157 -0.986559 -0.073078 -0.023150 -0.995434 -0.092599 0.126148 -0.983958 -0.126148 0.104944 -0.986472 0.125933 -0.099015 -0.990148 -0.099015 -0.021195 -0.996174 0.084781
0.716335 -0.229227 -0.659028 0.403705 -0.897123 -0.179425 0.031281 -0.938417 -0.344086 -0.145671 -0.983282 -0.109254 -0.023150 -0.995434 -0.092599 0.126148 -0.983958 -0.126148 0.104944 -0.986472 0.125933 -0.099015 -0.990148 -0.099015 -0.021195 -0.996174 0.084781
0.729865 -0.224574 -0.645650 0.406579 -0.903508 -0.135526 0.030387 -0.941993 -0.334255 -0.151620 -0.985527 -0.075810 0.000000 -0.993307 -0.115501 0.126148 -0.983958 -0.126148 0.104944 -0.986472 0.125933 -0.099015 -0.990148 -0.099015 -0.021152 -0.994166 0.105762
0.743161 -0.228665 -0.628828 0.443242 -0.886484 -0.132973 0.030387 -0.941993 -0.334255 -0.151620 -0.985527 -0.075810 0.000000 -0.993605 -0.112910 0.126148 -0.983958 -0.126148 0.104944 -0.986472 0.125933 -0.099015 -0.990148 -0.099015 -0.021152 -0.994166 0.105762
0.738053 -0.255480 -0.624506 0.443242 -0.886484 -0.132973 0.030387 -0.941993 -0.334255 -0.188311 -0.979217 -0.075324 0.000000 -0.993605 -0.112910 0.126148 -0.983958 -0.126148 0.104944 -0.986472 0.125933 -0.099015 -0.990148 -0.099015 -0.021152 -0.994166 0.105762
0.751182 -0.260024 -0.606724 0.426401 -0.895443 -0.127920 0.030387 -0.941993 -0.334255 -0.188311 -0.979217 -0.075324 0.000000 -0.993605 -0.112910 0.126148 -0.983958 -0.126148 0.104944 -0.986472 0.125933 -0.099015 -0.990148 -0.099015 -0.021152 -0.994166 0.105762
0.738053 -0.255480 -0.624506 0.428353 -0.899541 -0.085671 0.030387 -0.941993 -0.334255 -0.188311 -0.979217 -0.075324 -0.022576 -0.993352 -0.112881 0.126148 -0.983958 -0.126148 0.104944 -0.986472 0.125933 -0.101502 -0.989644 -0.101502 -0.021152 -0.994166 0.105762
0.724714 -0.260897 -0.637748 0.426401 -0.895443 -0.127920 0.000000 -0.942428 -0.334410 -0.151620 -0.985527 -0.075810 -0.022576 -0.993352 -0.112881 0.126148 -0.983958 -0.126148 0.104944 -0.986472 0.125933 -0.101502 -0.989644 -0.101502 -0.021152 -0.994166 0.105762
0.710507 -0.266440 -0.651298 0.426401 -0.895443 -0.127920 0.000000 -0.951709 -0.307003 -0.151078 -0.982006 -0.113308 -0.022576 -0.993352 -0.112881 0.126148 -0.983958 -0.126148 0.084122 -0.988434 0.126183 -0.101502 -0.989644 -0.101502 -0.021152 -0.994166 0.105762
0.695375 -0.272103 -0.665141 0.426401 -0.895443 -0.127920 0.000000 -0.951709 -0.307003 -0.151620 -0.985527 -0.075810 -0.022576 -0.993352 -0.112881 0.126148 -0.983958 -0.126148 0.084122 -0.988434 0.126183 -0.101502 -0.989644 -0.101502 -0.021152 -0.994166 0.105762
0.695375 -0.272103 -0.665141 0.426401 -0.895443 -0.127920 0.000000 -0.951709 -0.307003 -0.151620 -0.985527 -0.075810 -0.022576 -0.993352 -0.112881 0.126148 -0.983958 -0.126148 0.084122 -0.988434 0.126183 -0.101502 -0.989644 -0.101502 -0.021152 -0.994166 0.105762
0.693623 -0.283755 -0.662095 0.457540 -0.873485 -0.166378 0.030686 -0.951260 -0.306858 -0.151620 -0.985527 -0.075810 -0.022576 -0.993352 -0.112881 0.126148 -0.983958 -0.126148 0.084122 -0.988434 0.126183 -0.101502 -0.989644 -0.101502 -0.021152 -0.994166 0.105762
0.693623 -0.283755 -0.662095 0.457540 -0.873485 -0.166378 0.030686 -0.951260 -0.306858 -0.151620 -0.985527 -0.075810 0.000000 -0.993605 -0.112910 0.126148 -0.983958 -0.126148 0.084327 -0.990847 0.105409 -0.101502 -0.989644 -0.101502 -0.021152 -0.994166 0.105762
0.676716 -0.290021 -0.676716 0.457540 -0.873485 -0.166378 0.030686 -0.951260 -0.306858 -0.188311 -0.979217 -0.075324 -0.022576 -0.993352 -0.112881 0.126148 -0.983958 -0.126148 0.084327 -0.990847 0.105409 -0.101502 -0.989644 -0.101502 -0.021152 -0.994166 0.105762
0.676716 -0.290021 -0.676716 0.457540 -0.873485 -0.166378 0.030686 -0.951260 -0.306858 -0.188311 -0.979217 -0.075324 -0.022576 -0.993352 -0.112881 0.126148 -0.983958 -0.126148 0.084327 -0.990847 0.105409 -0.101502 -0.989644 -0.101502 -0.021152 -0.994166 0.105762
0.662095 -0.283755 -0.693623 0.457540 -0.873485 -0.166378 0.030686 -0.951260 -0.306858 -0.188311 -0.979217 -0.075324 -0.022576 -0.993352 -0.112881 0.126148 -0.983958 -0.126148 0.084327 -0.990847 0.105409 -0.101502 -0.989644 -0.101502 -0.021152 -0.994166 0.105762
0.662095 -0.283755 -0.693623 0.454019 -0.866763 -0.206372 0.030686 -0.951260 -0.306858 -0.188311 -0.979217 -0.075324 -0.022576 -0.993352 -0.112881 0.129358 -0.983124 -0.129358 0.082602 -0.991219 0.103252 -0.101502 -0.989644 -0.101502 -0.021152 -0.994166 0.105762
0.662095 -0.283755 -0.693623 0.454019 -0.866763 -0.206372 0.030686 -0.951260 -0.306858 -0.188311 -0.979217 -0.075324 -0.022576 -0.993352 -0.112881 0.129358 -0.983124 -0.129358 0.062044 -0.992702 0.103406 -0.101502 -0.989644 -0.101502 -0.021152 -0.994166 0.105762
0.662095 -0.283755 -0.693623 0.454019 -0.866763 -0.206372 0.030686 -0.951260 -0.306858 -0.188311 -0.979217 -0.075324 -0.022576 -0.993352 -0.112881 0.129358 -0.983124 -0.129358 0.062044 -0.992702 0.103406 -0.101502 -0.989644 -0.101502 -0.021152 -0.994166 0.105762
0.662095 -0.283755 -0.693623 0.454019 -0.866763 -0.206372 0.030686 -0.951260 -0.306858 -0.188311 -0.979217 -0.075324 -0.022576 -0.993352 -0.112881 0.103800 -0.986099 -0.129750 0.082602 -0.991219 0.103252 -0.101502 -0.989644 -0.101502 -0.021101 -0.991729 0.126604
0.667761 -0.254385 -0.699559 0.454019 -0.866763 -0.206372 0.030686 -0.951260 -0.306858 -0.188713 -0.981307 -0.037743 -0.022576 -0.993352 -0.112881 0.103800 -0.986099 -0.129750 0.082602 -0.991219 0.103252 -0.101502 -0.989644 -0.101502 -0.021101 -0.991729 0.126604
0.579741 -0.257663 -0.772988 0.454019 -0.866763 -0.206372 0.030686 -0.951260 -0.306858 -0.188713 -0.981307 -0.037743 -0.022576 -0.993352 -0.112881 0.103800 -0.986099 -0.129750 0.082602 -0.991219 0.103252 -0.101502 -0.989644 -0.101502 -0.021101 -0.991729 0.126604
