-0.706773 0.583856 -0.399480 -0.689414 0.299745 -0.659440 0.000000 -0.978234 -0.207504 -0.187647 -0.975763 -0.112588 -0.023243 -0.999460 -0.023243 0.048593 -0.996156 -0.072889 0.057406 -0.975909 0.210490 -0.047351 -0.994379 -0.094703 0.019803 -0.990148 0.138621
-0.704361 0.616316 -0.352180 -0.704118 0.091842 -0.704118 0.000000 -0.978234 -0.207504 -0.195515 -0.977577 -0.078206 -0.023243 -0.999460 -0.023243 0.048593 -0.996156 -0.072889 0.057406 -0.975909 0.210490 -0.047351 -0.994379 -0.094703 0.019803 -0.990148 0.138621
-0.763981 0.509321 -0.396138 -0.630900 -0.245350 -0.736050 0.000000 -0.978234 -0.207504 -0.232670 -0.969458 -0.077557 -0.023243 -0.999460 -0.023243 0.048593 -0.996156 -0.072889 0.057406 -0.975909 0.210490 -0.047351 -0.994379 -0.094703 0.019803 -0.990148 0.138621
-0.822689 0.349020 -0.448740 -0.406017 -0.627481 -0.664392 0.000000 -0.971850 -0.235600 -0.224231 -0.971666 -0.074744 -0.023224 -0.998651 -0.046449 0.048593 -0.996156 -0.072889 0.057406 -0.975909 0.210490 -0.047351 -0.994379 -0.094703 0.019803 -0.990148 0.138621
-0.866449 0.108306 -0.487377 -0.296093 -0.777245 -0.555175 0.000000 -0.971850 -0.235600 -0.209020 -0.975426 -0.069673 -0.047511 -0.997740 -0.047511 0.048593 -0.996156 -0.072889 0.057406 -0.975909 0.210490 -0.047351 -0.994379 -0.094703 0.019803 -0.990148 0.138621
-0.860116 -0.194220 -0.471677 -0.248421 -0.851728 -0.461353 0.000000 -0.971850 -0.235600 -0.202145 -0.977035 -0.067382 -0.047511 -0.997740 -0.047511 0.048593 -0.996156 -0.072889 0.057406 -0.975909 0.210490 -0.047351 -0.994379 -0.094703 0.000000 -0.990342 0.138648
-0.832684 -0.349190 -0.429772 -0.171096 -0.923921 -0.342193 0.000000 -0.979457 -0.201653 -0.175358 -0.982003 -0.070143 -0.047511 -0.997740 -0.047511 0.048593 -0.996156 -0.072889 0.057406 -0.975909 0.210490 -0.047351 -0.994379 -0.094703 0.000000 -0.990342 0.138648
-0.768350 -0.548821 -0.329293 -0.206284 -0.928279 -0.309426 0.000000 -0.973417 -0.229039 -0.175791 -0.984428 0.000000 -0.047445 -0.996335 -0.071167 0.048593 -0.996156 -0.072889 0.076444 -0.974661 0.210221 -0.047351 -0.994379 -0.094703 -0.019422 -0.990525 0.135954
-0.732467 -0.619780 -0.281718 -0.215387 -0.933346 -0.287183 0.000000 -0.971850 -0.235600 -0.182089 -0.983282 0.000000 -0.047445 -0.996335 -0.071167 0.048593 -0.996156 -0.072889 0.076444 -0.974661 0.210221 -0.047351 -0.994379 -0.094703 -0.019422 -0.990525 0.135954
-0.738053 -0.624506 -0.255480 -0.182574 -0.949386 -0.255604 0.000000 -0.971850 -0.235600 -0.182089 -0.983282 0.000000 -0.047445 -0.996335 -0.071167 0.048593 -0.996156 -0.072889 0.076444 -0.974661 0.210221 -0.047351 -0.994379 -0.094703 -0.019422 -0.990525 0.135954
-0.716335 -0.659028 -0.229227 -0.189117 -0.945587 -0.264764 -0.029437 -0.971429 -0.235498 -0.182089 -0.983282 0.000000 -0.047445 -0.996335 -0.071167 0.048593 -0.996156 -0.072889 0.076444 -0.974661 0.210221 -0.047351 -0.994379 -0.094703 -0.019422 -0.990525 0.135954
-0.701946 -0.672699 -0.233982 -0.189117 -0.945587 -0.264764 -0.029437 -0.971429 -0.235498 -0.182089 -0.983282 0.000000 -0.047445 -0.996335 -0.071167 0.048593 -0.996156 -0.072889 0.076444 -0.974661 0.210221 -0.047351 -0.994379 -0.094703 -0.038822 -0.989965 0.135878
-0.729946 -0.642353 -0.233583 -0.196116 -0.941357 -0.274563 -0.029630 -0.977805 -0.207413 -0.181969 -0.982631 -0.036394 -0.047445 -0.996335 -0.071167 0.048593 -0.996156 -0.072889 0.057406 -0.975909 0.210490 -0.047351 -0.994379 -0.094703 -0.039583 -0.989566 0.138539
-0.751391 -0.571057 -0.330612 -0.196116 -0.941357 -0.274563 -0.030514 -0.976445 -0.213597 -0.146450 -0.988540 -0.036613 -0.047445 -0.996335 -0.071167 0.048593 -0.996156 -0.072889 0.057406 -0.975909 0.210490 -0.047351 -0.994379 -0.094703 -0.039583 -0.989566 0.138539
-0.771517 -0.493771 -0.401189 -0.196116 -0.941357 -0.274563 -0.030514 -0.976445 -0.213597 -0.146450 -0.988540 -0.036613 -0.024318 -0.997039 -0.072954 0.048593 -0.996156 -0.072889 0.057406 -0.975909 0.210490 -0.047351 -0.994379 -0.094703 -0.039583 -0.989566 0.138539
-0.757054 -0.427900 -0.493731 -0.239236 -0.917070 -0.318981 -0.030514 -0.976445 -0.213597 -0.152057 -0.988372 0.000000 -0.024354 -0.998516 -0.048708 0.048593 -0.996156 -0.072889 0.057406 -0.975909 0.210490 -0.047351 -0.994379 -0.094703 -0.039583 -0.989566 0.138539
-0.721797 -0.360898 -0.590561 -0.239236 -0.917070 -0.318981 -0.030514 -0.976445 -0.213597 -0.152057 -0.988372 0.000000 -0.024354 -0.998516 -0.048708 0.048593 -0.996156 -0.072889 0.057406 -0.975909 0.210490 -0.047351 -0.994379 -0.094703 -0.039583 -0.989566 0.138539
-0.662095 -0.283755 -0.693623 -0.201129 -0.925196 -0.321807 0.000000 -0.982872 -0.184289 -0.188713 -0.981307 -0.037743 -0.024354 -0.998516 -0.048708 0.048593 -0.996156 -0.072889 0.057406 -0.975909 0.210490 -0.047351 -0.994379 -0.094703 -0.039583 -0.989566 0.138539
-0.639529 -0.223835 -0.735459 -0.120580 -0.924448 -0.361741 0.000000 -0.982872 -0.184289 -0.188713 -0.981307 -0.037743 -0.024354 -0.998516 -0.048708 0.048593 -0.996156 -0.072889 0.057406 -0.975909 0.210490 -0.047351 -0.994379 -0.094703 -0.039583 -0.989566 0.138539
-0.562310 -0.231539 -0.793849 -0.042033 -0.924729 -0.378298 0.029801 -0.983433 -0.178806 -0.188311 -0.979217 -0.075324 -0.024354 -0.998516 -0.048708 0.048593 -0.996156 -0.072889 0.057406 -0.975909 0.210490 -0.047351 -0.994379 -0.094703 -0.039583 -0.989566 0.138539
-0.476731 -0.190693 -0.858116 0.125218 -0.918262 -0.375653 0.029801 -0.983433 -0.178806 -0.188311 -0.979217 -0.075324 0.000000 -0.998812 -0.048723 0.048593 -0.996156 -0.072889 0.057406 -0.975909 0.210490 -0.047351 -0.994379 -0.094703 -0.039583 -0.989566 0.138539
-0.371868 -0.169031 -0.912767 0.168430 -0.926367 -0.336861 0.029630 -0.977805 -0.207413 -0.188713 -0.981307 -0.037743 0.000000 -0.998812 -0.048723 0.048593 -0.996156 -0.072889 0.057406 -0.975909 0.210490 -0.047351 -0.994379 -0.094703 -0.039583 -0.989566 0.138539
-0.267112 -0.233723 -0.934893 0.339887 -0.892205 -0.297402 0.029801 -0.983433 -0.178806 -0.181608 -0.980684 -0.072643 0.000000 -0.998812 -0.048723 0.048593 -0.996156 -0.072889 0.057406 -0.975909 0.210490 -0.047351 -0.994379 -0.094703 -0.039467 -0.986671 0.157867
-0.064282 -0.257130 -0.964237 0.376638 -0.878823 -0.292941 0.029630 -0.977805 -0.207413 -0.181608 -0.980684 -0.072643 0.000000 -0.998812 -0.048723 0.048593 -0.996156 -0.072889 0.057406 -0.975909 0.210490 -0.047351 -0.994379 -0.094703 -0.039467 -0.986671 0.157867
0.145679 -0.233087 -0.961482 0.390567 -0.911322 -0.130189 0.029630 -0.977805 -0.207413 -0.181608 -0.980684 -0.072643 0.000000 -0.998812 -0.048723 0.048593 -0.996156 -0.072889 0.057406 -0.975909 0.210490 -0.047351 -0.994379 -0.094703 -0.039467 -0.986671 0.157867
0.381173 -0.217813 -0.898479 0.302920 -0.952033 -0.043274 0.029630 -0.977805 -0.207413 -0.181608 -0.980684 -0.072643 0.000000 -0.998812 -0.048723 0.048593 -0.996156 -0.072889 0.057406 -0.975909 0.210490 -0.047351 -0.994379 -0.094703 -0.039467 -0.986671 0.157867
0.532624 -0.186418 -0.825567 0.252199 -0.966762 0.042033 0.059183 -0.976519 -0.207140 -0.181012 -0.977466 -0.108607 0.000000 -0.998812 -0.048723 0.048593 -0.996156 -0.072889 0.057406 -0.975909 0.210490 -0.047351 -0.994379 -0.094703 -0.039467 -0.986671 0.157867
0.623217 -0.189675 -0.758699 0.251533 -0.964210 0.083844 0.059183 -0.976519 -0.207140 -0.181012 -0.977466 -0.108607 0.000000 -0.998812 -0.048723 0.048593 -0.996156 -0.072889 0.057406 -0.975909 0.210490 -0.047351 -0.994379 -0.094703 -0.039467 -0.986671 0.157867
0.697139 -0.167313 -0.697139 0.210725 -0.969334 0.126435 0.059183 -0.976519 -0.207140 -0.181012 -0.977466 -0.108607 0.000000 -0.998812 -0.048723 0.048593 -0.996156 -0.072889 0.057406 -0.975909 0.210490 -0.047351 -0.994379 -0.094703 -0.039337 -0.983422 0.177016
0.758699 -0.189675 -0.623217 0.202444 -0.971732 0.121466 0.059183 -0.976519 -0.207140 -0.181608 -0.980684 -0.072643 0.000000 -0.998812 -0.048723 0.048593 -0.996156 -0.072889 0.057406 -0.975909 0.210490 -0.047351 -0.994379 -0.094703 -0.019680 -0.983993 0.177119
0.788498 -0.168964 -0.591373 0.201292 -0.966204 0.161034 0.059183 -0.976519 -0.207140 -0.181608 -0.980684 -0.072643 0.000000 -0.998812 -0.048723 0.048593 -0.996156 -0.072889 0.057406 -0.975909 0.210490 -0.047351 -0.994379 -0.094703 -0.019680 -0.983993 0.177119
0.791960 -0.141421 -0.593970 0.199840 -0.959233 0.199840 0.058798 -0.970169 -0.235192 -0.181608 -0.980684 -0.072643 0.000000 -0.998812 -0.048723 0.048593 -0.996156 -0.072889 0.057628 -0.979683 0.192095 -0.047351 -0.994379 -0.094703 -0.019680 -0.983993 0.177119
0.791044 -0.175788 -0.585959 0.207793 -0.955847 0.207793 0.058798 -0.970169 -0.235192 -0.181608 -0.980684 -0.072643 0.000000 -0.998812 -0.048723 0.048593 -0.996156 -0.072889 0.057628 -0.979683 0.192095 -0.047351 -0.994379 -0.094703 -0.019680 -0.983993 0.177119
0.779688 -0.179928 -0.599760 0.165948 -0.954201 0.248922 0.058798 -0.970169 -0.235192 -0.181608 -0.980684 -0.072643 0.000000 -0.998812 -0.048723 0.048593 -0.996156 -0.072889 0.057628 -0.979683 0.192095 -0.047351 -0.994379 -0.094703 -0.019680 -0.983993 0.177119
0.767507 -0.184202 -0.614006 0.205847 -0.946895 0.247016 0.058798 -0.970169 -0.235192 -0.181608 -0.980684 -0.072643 0.000000 -0.998812 -0.048723 0.048593 -0.996156 -0.072889 0.038454 -0.980588 0.192272 -0.047351 -0.994379 -0.094703 -0.019680 -0.983993 0.177119
