-0.683187 0.717346 -0.136637 -0.660724 0.272063 -0.699590 0.028736 -0.948292 -0.316097 -0.081312 -0.975739 -0.203279 -0.060996 -0.996273 -0.060996 0.126148 -0.983958 -0.126148 0.143215 -0.982049 0.122756 -0.101209 -0.986789 -0.126511 0.021267 -0.999548 0.021267
-0.656344 0.725433 -0.207267 -0.683271 0.113878 -0.721230 0.028736 -0.948292 -0.316097 -0.081312 -0.975739 -0.203279 -0.081211 -0.994834 -0.060908 0.126148 -0.983958 -0.126148 0.143215 -0.982049 0.122756 -0.101209 -0.986789 -0.126511 0.021267 -0.999548 0.021267
-0.677708 0.677708 -0.285351 -0.681638 -0.120289 -0.721734 0.029814 -0.954056 -0.298142 -0.081312 -0.975739 -0.203279 -0.062257 -0.996116 -0.062257 0.126148 -0.983958 -0.126148 0.143215 -0.982049 0.122756 -0.101209 -0.986789 -0.126511 0.021267 -0.999548 0.021267
-0.761387 0.494902 -0.418763 -0.660724 -0.272063 -0.699590 0.000000 -0.951709 -0.307003 -0.085358 -0.981616 -0.170716 -0.042362 -0.995504 -0.084724 0.126148 -0.983958 -0.126148 0.163163 -0.978980 0.122373 -0.101209 -0.986789 -0.126511 0.021267 -0.999548 0.021267
-0.833202 0.289809 -0.470940 -0.598785 -0.486513 -0.636209 0.000000 -0.951709 -0.307003 -0.085358 -0.981616 -0.170716 -0.043274 -0.995307 -0.086548 0.126148 -0.983958 -0.126148 0.163163 -0.978980 0.122373 -0.101209 -0.986789 -0.126511 0.021729 -0.999528 0.021729
-0.884990 -0.070799 -0.460195 -0.576600 -0.540562 -0.612637 0.000000 -0.957826 -0.287348 -0.151078 -0.982006 -0.113308 -0.022130 -0.995829 -0.088518 0.126148 -0.983958 -0.126148 0.163163 -0.978980 0.122373 -0.101209 -0.986789 -0.126511 0.021267 -0.999548 0.021267
-0.874475 -0.269069 -0.403604 -0.526721 -0.667180 -0.526721 0.000000 -0.957826 -0.287348 -0.175358 -0.982003 -0.070143 -0.022081 -0.993641 -0.110405 0.126148 -0.983958 -0.126148 0.163163 -0.978980 0.122373 -0.101209 -0.986789 -0.126511 0.020824 -0.999566 0.020824
-0.836125 -0.434785 -0.334450 -0.502519 -0.703526 -0.502519 0.000000 -0.954480 -0.298275 -0.169516 -0.983192 -0.067806 -0.022081 -0.993641 -0.110405 0.126148 -0.983958 -0.126148 0.163163 -0.978980 0.122373 -0.101209 -0.986789 -0.126511 0.020824 -0.999566 0.020824
-0.796707 -0.520924 -0.306426 -0.473016 -0.743311 -0.473016 0.000000 -0.962651 -0.270746 -0.169031 -0.980379 -0.101419 -0.022576 -0.993352 -0.112881 0.126148 -0.983958 -0.126148 0.159968 -0.979804 0.119976 -0.101209 -0.986789 -0.126511 0.020829 -0.999783 0.000000
-0.758621 -0.576552 -0.303449 -0.441503 -0.781121 -0.441503 0.000000 -0.957024 -0.290007 -0.169031 -0.980379 -0.101419 -0.022576 -0.993352 -0.112881 0.126148 -0.983958 -0.126148 0.179355 -0.976491 0.119570 -0.101209 -0.986789 -0.126511 0.020829 -0.999783 0.000000
-0.758621 -0.576552 -0.303449 -0.430002 -0.793849 -0.430002 0.027462 -0.961161 -0.274618 -0.232670 -0.969458 -0.077557 -0.022576 -0.993352 -0.112881 0.126148 -0.983958 -0.126148 0.179355 -0.976491 0.119570 -0.101209 -0.986789 -0.126511 0.020829 -0.999783 0.000000
-0.752207 -0.595497 -0.282078 -0.430002 -0.793849 -0.430002 0.026755 -0.963173 -0.267548 -0.251533 -0.964210 -0.083844 -0.023094 -0.993042 -0.115470 0.126148 -0.983958 -0.126148 0.179749 -0.978631 0.099860 -0.101209 -0.986789 -0.126511 0.020829 -0.999783 0.000000
-0.750577 -0.554774 -0.358971 -0.436006 -0.804934 -0.402467 0.027462 -0.961161 -0.274618 -0.251533 -0.964210 -0.083844 -0.023094 -0.993042 -0.115470 0.126148 -0.983958 -0.126148 0.179749 -0.978631 0.099860 -0.101209 -0.986789 -0.126511 0.020824 -0.999566 0.020824
-0.751439 -0.500959 -0.429394 -0.436006 -0.804934 -0.402467 0.026755 -0.963173 -0.267548 -0.230633 -0.968658 -0.092253 -0.023094 -0.993042 -0.115470 0.126148 -0.983958 -0.126148 0.179749 -0.978631 0.099860 -0.101209 -0.986789 -0.126511 0.000000 -0.999783 0.020829
-0.735215 -0.441129 -0.514650 -0.419827 -0.804668 -0.419827 0.026755 -0.963173 -0.267548 -0.230633 -0.968658 -0.092253 -0.023094 -0.993042 -0.115470 0.126148 -0.983958 -0.126148 0.179749 -0.978631 0.099860 -0.101209 -0.986789 -0.126511 0.000000 -0.999783 0.020829
-0.690268 -0.383482 -0.613572 -0.425062 -0.779280 -0.460484 0.026755 -0.963173 -0.267548 -0.230633 -0.968658 -0.092253 -0.023094 -0.993042 -0.115470 0.126148 -0.983958 -0.126148 0.179749 -0.978631 0.099860 -0.101209 -0.986789 -0.126511 0.000000 -0.999783 0.020829
-0.642448 -0.356915 -0.678139 -0.342376 -0.798878 -0.494543 0.026755 -0.963173 -0.267548 -0.241402 -0.965609 -0.096561 -0.023094 -0.993042 -0.115470 0.126148 -0.983958 -0.126148 0.179749 -0.978631 0.099860 -0.101209 -0.986789 -0.126511 0.000000 -0.999783 0.020829
-0.573628 -0.322666 -0.752886 -0.275625 -0.787499 -0.551249 0.028421 -0.966315 -0.255789 -0.202444 -0.971732 -0.121466 -0.023094 -0.993042 -0.115470 0.126148 -0.983958 -0.126148 0.179749 -0.978631 0.099860 -0.101209 -0.986789 -0.126511 0.000000 -0.999783 0.020829
-0.543702 -0.305832 -0.781572 -0.167102 -0.793736 -0.584858 0.029814 -0.954056 -0.298142 -0.181012 -0.977466 -0.108607 -0.023094 -0.993042 -0.115470 0.126148 -0.983958 -0.126148 0.160321 -0.981966 0.100201 -0.101209 -0.986789 -0.126511 0.000000 -0.999783 0.020829
-0.562310 -0.231539 -0.793849 0.042640 -0.767523 -0.639602 0.030964 -0.959886 -0.278677 -0.174078 -0.974835 -0.139262 -0.023094 -0.993042 -0.115470 0.126148 -0.983958 -0.126148 0.160321 -0.981966 0.100201 -0.101209 -0.986789 -0.126511 0.000000 -0.999783 0.020829
-0.436436 -0.218218 -0.872872 0.177297 -0.797836 -0.576215 0.031911 -0.957338 -0.287202 -0.169031 -0.980379 -0.101419 -0.023094 -0.993042 -0.115470 0.126148 -0.983958 -0.126148 0.160321 -0.981966 0.100201 -0.101209 -0.986789 -0.126511 0.000000 -0.999783 0.020829
-0.318339 -0.202580 -0.926079 0.300676 -0.773166 -0.558398 0.030964 -0.959886 -0.278677 -0.169031 -0.980379 -0.101419 -0.022576 -0.993352 -0.112881 0.126148 -0.983958 -0.126148 0.160611 -0.983745 0.080306 -0.101209 -0.986789 -0.126511 0.000000 -0.999133 0.041631
-0.145679 -0.233087 -0.961482 0.293455 -0.754599 -0.586911 0.030964 -0.959886 -0.278677 -0.174821 -0.978997 -0.104893 -0.022576 -0.993352 -0.112881 0.126148 -0.983958 -0.126148 0.143819 -0.986186 0.082182 -0.101209 -0.986789 -0.126511 0.000000 -0.999133 0.041631
0.000000 -0.278810 -0.960346 0.338971 -0.762684 -0.550828 0.000000 -0.951709 -0.307003 -0.140633 -0.984428 -0.105474 -0.045118 -0.992593 -0.112795 0.126148 -0.983958 -0.126148 0.143819 -0.986186 0.082182 -0.101209 -0.986789 -0.126511 0.000000 -0.998053 0.062378
0.271563 -0.271563 -0.923313 0.300676 -0.773166 -0.558398 0.030964 -0.959886 -0.278677 -0.140633 -0.984428 -0.105474 -0.022576 -0.993352 -0.112881 0.126148 -0.983958 -0.126148 0.123613 -0.988903 0.082409 -0.101209 -0.986789 -0.126511 0.000000 -0.997969 0.063700
0.343415 -0.249756 -0.905366 0.362143 -0.814822 -0.452679 0.030964 -0.959886 -0.278677 -0.140633 -0.984428 -0.105474 -0.023094 -0.993042 -0.115470 0.126148 -0.983958 -0.126148 0.123613 -0.988903 0.082409 -0.101209 -0.986789 -0.126511 0.000000 -0.997969 0.063700
0.474055 -0.167313 -0.864453 0.365148 -0.912871 -0.182574 0.030686 -0.951260 -0.306858 -0.140633 -0.984428 -0.105474 -0.023094 -0.993042 -0.115470 0.126148 -0.983958 -0.126148 0.126183 -0.988434 0.084122 -0.101209 -0.986789 -0.126511 0.000000 -0.996398 0.084800
0.596340 -0.162638 -0.786084 0.311188 -0.933564 -0.177822 0.029814 -0.954056 -0.298142 -0.181608 -0.980684 -0.072643 -0.023094 -0.993042 -0.115470 0.126148 -0.983958 -0.126148 0.126183 -0.988434 0.084122 -0.101209 -0.986789 -0.126511 0.000000 -0.996398 0.084800
0.642345 -0.160586 -0.749403 0.352865 -0.926270 -0.132324 0.030686 -0.951260 -0.306858 -0.181608 -0.980684 -0.072643 -0.023094 -0.993042 -0.115470 0.126148 -0.983958 -0.126148 0.105409 -0.990847 0.084327 -0.101209 -0.986789 -0.126511 0.000000 -0.996398 0.084800
0.649500 -0.197674 -0.734217 0.423714 -0.889799 -0.169485 0.030387 -0.941993 -0.334255 -0.181608 -0.980684 -0.072643 -0.023094 -0.993042 -0.115470 0.126148 -0.983958 -0.126148 0.105409 -0.990847 0.084327 -0.101209 -0.986789 -0.126511 0.000000 -0.996398 0.084800
0.656205 -0.238620 -0.715860 0.474685 -0.863064 -0.172613 0.000000 -0.951709 -0.307003 -0.146157 -0.986559 -0.073078 0.000000 -0.993307 -0.115501 0.126148 -0.983958 -0.126148 0.105409 -0.990847 0.084327 -0.101209 -0.986789 -0.126511 0.000000 -0.996398 0.084800
0.686644 -0.238833 -0.686644 0.466085 -0.847427 -0.254228 0.000000 -0.951709 -0.307003 -0.146157 -0.986559 -0.073078 -0.023027 -0.990142 -0.138159 0.126148 -0.983958 -0.126148 0.105409 -0.990847 0.084327 -0.101209 -0.986789 -0.126511 0.000000 -0.996398 0.084800
0.662095 -0.283755 -0.693623 0.466085 -0.847427 -0.254228 0.000000 -0.942428 -0.334410 -0.151620 -0.985527 -0.075810 -0.023027 -0.990142 -0.138159 0.126148 -0.983958 -0.126148 0.105409 -0.990847 0.084327 -0.101209 -0.986789 -0.126511 0.000000 -0.994389 0.105786
0.643823 -0.289720 -0.708205 0.466085 -0.847427 -0.254228 0.030686 -0.951260 -0.306858 -0.151078 -0.982006 -0.113308 -0.023094 -0.993042 -0.115470 0.126148 -0.983958 -0.126148 0.105409 -0.990847 0.084327 -0.101209 -0.986789 -0.126511 -0.021152 -0.994166 0.105762
0.643823 -0.289720 -0.708205 0.466085 -0.847427 -0.254228 0.030686 -0.951260 -0.306858 -0.151078 -0.982006 -0.113308 -0.023094 -0.993042 -0.115470 0.126148 -0.983958 -0.126148 0.084497 -0.992835 0.084497 -0.101209 -0.986789 -0.126511 -0.021152 -0.994166 0.105762
0.629317 -0.283193 -0.723714 0.466085 -0.847427 -0.254228 0.030686 -0.951260 -0.306858 -0.151620 -0.985527 -0.075810 -0.023094 -0.993042 -0.115470 0.126148 -0.983958 -0.126148 0.084497 -0.992835 0.084497 -0.101209 -0.986789 -0.126511 -0.021152 -0.994166 0.105762
0.609739 -0.288824 -0.738105 0.466085 -0.847427 -0.254228 0.029540 -0.945274 -0.324938 -0.157500 -0.984374 -0.078750 0.000000 -0.993307 -0.115501 0.126148 -0.983958 -0.126148 0.084497 -0.992835 0.084497 -0.101209 -0.986789 -0.126511 -0.021152 -0.994166 0.105762
0.609739 -0.288824 -0.738105 0.466085 -0.847427 -0.254228 0.029814 -0.954056 -0.298142 -0.194772 -0.973862 -0.116863 -0.023094 -0.993042 -0.115470 0.126148 -0.983958 -0.126148 0.084497 -0.992835 0.084497 -0.101209 -0.986789 -0.126511 -0.021152 -0.994166 0.105762
0.609739 -0.288824 -0.738105 0.466085 -0.847427 -0.254228 0.029814 -0.954056 -0.298142 -0.194772 -0.973862 -0.116863 -0.023094 -0.993042 -0.115470 0.126148 -0.983958 -0.126148 0.084497 -0.992835 0.084497 -0.101209 -0.986789 -0.126511 -0.021101 -0.991729 0.126604
0.609739 -0.288824 -0.738105 0.466085 -0.847427 -0.254228 0.029814 -0.954056 -0.298142 -0.194772 -0.973862 -0.116863 -0.023094 -0.993042 -0.115470 0.126148 -0.983958 -0.126148 0.084497 -0.992835 0.084497 -0.101209 -0.986789 -0.126511 -0.021101 -0.991729 0.126604
0.624379 -0.295758 -0.722965 0.460739 -0.837708 -0.293198 0.029814 -0.954056 -0.298142 -0.194772 -0.973862 -0.116863 -0.023094 -0.993042 -0.115470 0.126148 -0.983958 -0.126148 0.084497 -0.992835 0.084497 -0.101209 -0.986789 -0.126511 -0.021101 -0.991729 0.126604
0.624379 -0.295758 -0.722965 0.460739 -0.837708 -0.293198 0.059549 -0.952786 -0.297746 -0.194772 -0.973862 -0.116863 -0.023094 -0.993042 -0.115470 0.126148 -0.983958 -0.126148 0.084497 -0.992835 0.084497 -0.101209 -0.986789 -0.126511 -0.021101 -0.991729 0.126604
0.609739 -0.288824 -0.738105 0.460739 -0.837708 -0.293198 0.059549 -0.952786 -0.297746 -0.195515 -0.977577 -0.078206 -0.023094 -0.993042 -0.115470 0.125709 -0.980531 -0.150851 0.063344 -0.992392 0.105574 -0.101209 -0.986789 -0.126511 -0.021101 -0.991729 0.126604
0.588978 -0.294489 -0.752583 0.460739 -0.837708 -0.293198 0.059549 -0.952786 -0.297746 -0.195515 -0.977577 -0.078206 -0.023094 -0.993042 -0.115470 0.125709 -0.980531 -0.150851 0.063344 -0.992392 0.105574 -0.101209 -0.986789 -0.126511 -0.021101 -0.991729 0.126604
0.588978 -0.294489 -0.752583 0.460739 -0.837708 -0.293198 0.059549 -0.952786 -0.297746 -0.195515 -0.977577 -0.078206 -0.023094 -0.993042 -0.115470 0.125709 -0.980531 -0.150851 0.063344 -0.992392 0.105574 -0.101209 -0.986789 -0.126511 -0.021101 -0.991729 0.126604
0.588978 -0.294489 -0.752583 0.460739 -0.837708 -0.293198 0.059549 -0.952786 -0.297746 -0.195515 -0.977577 -0.078206 -0.023094 -0.993042 -0.115470 0.125709 -0.980531 -0.150851 0.063344 -0.992392 0.105574 -0.101209 -0.986789 -0.126511 -0.021101 -0.991729 0.126604
0.588978 -0.294489 -0.752583 0.460739 -0.837708 -0.293198 0.059549 -0.952786 -0.297746 -0.195515 -0.977577 -0.078206 -0.023094 -0.993042 -0.115470 0.125709 -0.980531 -0.150851 0.063344 -0.992392 0.105574 -0.101209 -0.986789 -0.126511 -0.021101 -0.991729 0.126604
0.552718 -0.292615 -0.780307 0.460739 -0.837708 -0.293198 0.059549 -0.952786 -0.297746 -0.195515 -0.977577 -0.078206 -0.023094 -0.993042 -0.115470 0.100855 -0.983332 -0.151282 0.084327 -0.990847 0.105409 -0.101502 -0.989644 -0.101502 -0.021152 -0.994166 0.105762
0.529958 -0.249392 -0.810524 0.376638 -0.878823 -0.292941 0.059549 -0.952786 -0.297746 -0.195515 -0.977577 -0.078206 -0.023094 -0.993042 -0.115470 0.100855 -0.983332 -0.151282 0.084327 -0.990847 0.105409 -0.101502 -0.989644 -0.101502 -0.021152 -0.994166 0.105762
