-0.527137 0.849276 -0.029285 -0.556349 -0.171184 -0.813125 0.027661 -0.968122 -0.248946 -0.170716 -0.981616 -0.085358 -0.088453 -0.995098 0.044227 0.121019 -0.992355 0.024204 0.058733 -0.978888 0.195778 -0.094150 -0.988577 -0.117688 0.019470 -0.992962 0.116819
-0.521773 0.851314 -0.054924 -0.574911 -0.246390 -0.780236 0.027661 -0.968122 -0.248946 -0.203279 -0.975739 -0.081312 -0.088453 -0.995098 0.044227 0.121019 -0.992355 0.024204 0.058733 -0.978888 0.195778 -0.094150 -0.988577 -0.117688 0.019470 -0.992962 0.116819
-0.584462 0.807114 -0.083495 -0.540262 -0.290910 -0.789613 0.026939 -0.969790 -0.242448 -0.211667 -0.973668 -0.084667 -0.088453 -0.995098 0.044227 0.097071 -0.994982 0.024268 0.078206 -0.977577 0.195515 -0.094150 -0.988577 -0.117688 0.019470 -0.992962 0.116819
-0.650160 0.738818 -0.177316 -0.586911 -0.293455 -0.754599 0.000000 -0.970143 -0.242536 -0.221404 -0.974176 -0.044281 -0.088453 -0.995098 0.044227 0.072954 -0.997039 0.024318 0.078206 -0.977577 0.195515 -0.094150 -0.988577 -0.117688 0.019470 -0.992962 0.116819
-0.675429 0.648412 -0.351223 -0.640000 -0.480000 -0.600000 0.000000 -0.968493 -0.249041 -0.221404 -0.974176 -0.044281 -0.090513 -0.995638 0.022628 0.048665 -0.997629 -0.048665 0.078206 -0.977577 0.195515 -0.092009 -0.989094 -0.115011 0.019854 -0.992681 0.119122
-0.742371 0.460782 -0.486381 -0.650487 -0.573959 -0.497431 0.000000 -0.964764 -0.263117 -0.211667 -0.973668 -0.084667 -0.068006 -0.997427 0.022669 0.048665 -0.997629 -0.048665 0.078206 -0.977577 0.195515 -0.092009 -0.989094 -0.115011 0.019854 -0.992681 0.119122
-0.812296 0.216612 -0.541530 -0.613121 -0.613121 -0.498161 0.000000 -0.957826 -0.287348 -0.216366 -0.973645 -0.072122 -0.069598 -0.997575 0.000000 0.046411 -0.997844 -0.046411 0.079729 -0.976685 0.199323 -0.092009 -0.989094 -0.115011 0.019897 -0.994840 0.099484
-0.863604 -0.134938 -0.485777 -0.562940 -0.637999 -0.525411 0.000000 -0.955064 -0.296399 -0.209020 -0.975426 -0.069673 -0.069598 -0.997575 0.000000 0.046411 -0.997844 -0.046411 0.079729 -0.976685 0.199323 -0.092009 -0.989094 -0.115011 0.000000 -0.995037 0.099504
-0.850033 -0.329045 -0.411306 -0.519096 -0.726735 -0.449884 0.000000 -0.963993 -0.265929 -0.202145 -0.977035 -0.067382 -0.069598 -0.997575 0.000000 0.046411 -0.997844 -0.046411 0.079729 -0.976685 0.199323 -0.092009 -0.989094 -0.115011 0.000000 -0.995037 0.099504
-0.793548 -0.538479 -0.283410 -0.448010 -0.792632 -0.413547 0.000000 -0.964764 -0.263117 -0.233197 -0.971653 -0.038866 -0.069598 -0.997575 0.000000 0.069580 -0.997307 -0.023193 0.079729 -0.976685 0.199323 -0.092009 -0.989094 -0.115011 -0.019897 -0.994840 0.099484
-0.750579 -0.639382 -0.166795 -0.429767 -0.826475 -0.363649 0.000000 -0.966705 -0.255893 -0.242338 -0.969351 -0.040390 -0.069598 -0.997575 0.000000 0.069580 -0.997307 -0.023193 0.079729 -0.976685 0.199323 -0.092009 -0.989094 -0.115011 -0.019897 -0.994840 0.099484
-0.730882 -0.672411 -0.116941 -0.360510 -0.884889 -0.294963 -0.053819 -0.968736 -0.242184 -0.242338 -0.969351 -0.040390 -0.046461 -0.998920 0.000000 0.069580 -0.997307 -0.023193 0.079729 -0.976685 0.199323 -0.094150 -0.988577 -0.117688 -0.019511 -0.995039 0.097553
-0.734045 -0.672874 -0.091756 -0.366871 -0.900500 -0.233463 -0.130632 -0.940554 -0.313518 -0.242536 -0.970143 0.000000 -0.047565 -0.998868 0.000000 0.071247 -0.997459 0.000000 0.078206 -0.977577 0.195515 -0.094150 -0.988577 -0.117688 -0.038999 -0.994471 0.097497
-0.719453 -0.688172 -0.093842 -0.340010 -0.918028 -0.204006 -0.086675 -0.953423 -0.288916 -0.259794 -0.964951 -0.037113 -0.047565 -0.998868 0.000000 0.071247 -0.997459 0.000000 0.078206 -0.977577 0.195515 -0.094150 -0.988577 -0.117688 -0.038999 -0.994471 0.097497
-0.735767 -0.674453 -0.061314 -0.311458 -0.934374 -0.173032 -0.056773 -0.965146 -0.255480 -0.250801 -0.967375 -0.035829 -0.047565 -0.998868 0.000000 0.071227 -0.997178 -0.023742 0.078206 -0.977577 0.195515 -0.117395 -0.986122 -0.117395 -0.038999 -0.994471 0.097497
-0.749269 -0.655610 -0.093659 -0.311458 -0.934374 -0.173032 -0.055620 -0.973349 -0.222480 -0.242390 -0.969561 -0.034627 -0.047565 -0.998868 0.000000 0.071227 -0.997178 -0.023742 0.078206 -0.977577 0.195515 -0.117395 -0.986122 -0.117395 -0.038999 -0.994471 0.097497
-0.799556 -0.566352 -0.199889 -0.311458 -0.934374 -0.173032 -0.027842 -0.974481 -0.222738 -0.242390 -0.969561 -0.034627 -0.023803 -0.999717 0.000000 0.071227 -0.997178 -0.023742 0.078206 -0.977577 0.195515 -0.117395 -0.986122 -0.117395 -0.038999 -0.994471 0.097497
-0.787414 -0.557752 -0.262471 -0.330400 -0.917779 -0.220267 -0.027106 -0.975828 -0.216851 -0.242390 -0.969561 -0.034627 -0.047565 -0.998868 0.000000 0.071227 -0.997178 -0.023742 0.078206 -0.977577 0.195515 -0.117395 -0.986122 -0.117395 -0.038999 -0.994471 0.097497
-0.768594 -0.522644 -0.368925 -0.341882 -0.911685 -0.227921 -0.027842 -0.974481 -0.222738 -0.242536 -0.970143 0.000000 -0.047565 -0.998868 0.000000 0.071227 -0.997178 -0.023742 0.078206 -0.977577 0.195515 -0.117395 -0.986122 -0.117395 -0.038999 -0.994471 0.097497
-0.771517 -0.493771 -0.401189 -0.350590 -0.895953 -0.272681 0.000000 -0.968493 -0.249041 -0.242536 -0.970143 0.000000 -0.047565 -0.998868 0.000000 0.072976 -0.997334 0.000000 0.078206 -0.977577 0.195515 -0.117395 -0.986122 -0.117395 -0.038999 -0.994471 0.097497
-0.751731 -0.451039 -0.481108 -0.327418 -0.900400 -0.286491 0.000000 -0.968493 -0.249041 -0.250962 -0.967997 0.000000 -0.047565 -0.998868 0.000000 0.072954 -0.997039 0.024318 0.078206 -0.977577 0.195515 -0.117395 -0.986122 -0.117395 -0.038999 -0.994471 0.097497
-0.710134 -0.432255 -0.555757 -0.330477 -0.867502 -0.371787 0.000000 -0.964764 -0.263117 -0.259973 -0.965616 0.000000 -0.047565 -0.998868 0.000000 0.072954 -0.997039 0.024318 0.078206 -0.977577 0.195515 -0.117395 -0.986122 -0.117395 -0.038999 -0.994471 0.097497
-0.677967 -0.400617 -0.616334 -0.330477 -0.867502 -0.371787 0.000000 -0.970143 -0.242536 -0.259794 -0.964951 -0.037113 -0.047565 -0.998868 0.000000 0.047552 -0.998586 -0.023776 0.077894 -0.973677 0.214209 -0.117395 -0.986122 -0.117395 -0.038999 -0.994471 0.097497
-0.655610 -0.374634 -0.655610 -0.210166 -0.882696 -0.420331 0.000000 -0.971850 -0.235600 -0.269430 -0.962250 -0.038490 -0.025633 -0.999671 0.000000 0.071247 -0.997459 0.000000 0.077894 -0.973677 0.214209 -0.117395 -0.986122 -0.117395 -0.038999 -0.994471 0.097497
-0.603847 -0.332116 -0.724616 -0.042954 -0.902027 -0.429537 0.000000 -0.970143 -0.242536 -0.269430 -0.962250 -0.038490 -0.025633 -0.999671 0.000000 0.071247 -0.997459 0.000000 0.078206 -0.977577 0.195515 -0.117395 -0.986122 -0.117395 -0.038999 -0.994471 0.097497
-0.530100 -0.294500 -0.795150 0.083844 -0.922288 -0.377300 0.000000 -0.970143 -0.242536 -0.269430 -0.962250 -0.038490 -0.024992 -0.999688 0.000000 0.071247 -0.997459 0.000000 0.078206 -0.977577 0.195515 -0.117395 -0.986122 -0.117395 -0.038999 -0.994471 0.097497
-0.439281 -0.292854 -0.849276 0.168430 -0.926367 -0.336861 0.000000 -0.968277 -0.249878 -0.259794 -0.964951 -0.037113 -0.024992 -0.999688 0.000000 0.072954 -0.997039 0.024318 0.078206 -0.977577 0.195515 -0.117395 -0.986122 -0.117395 -0.038999 -0.994471 0.097497
-0.342717 -0.314158 -0.885353 0.343947 -0.902861 -0.257960 0.000000 -0.968277 -0.249878 -0.259794 -0.964951 -0.037113 -0.024383 -0.999703 0.000000 0.097071 -0.994982 0.024268 0.039193 -0.979827 0.195965 -0.117395 -0.986122 -0.117395 -0.038918 -0.992398 0.116753
-0.179445 -0.328982 -0.927130 0.423714 -0.889799 -0.169485 0.000000 -0.975441 -0.220261 -0.259259 -0.962963 -0.074074 -0.024383 -0.999703 0.000000 0.097071 -0.994982 0.024268 0.039193 -0.979827 0.195965 -0.117395 -0.986122 -0.117395 -0.038918 -0.992398 0.116753
0.000000 -0.360994 -0.932568 0.426401 -0.895443 -0.127920 0.000000 -0.975441 -0.220261 -0.224702 -0.973708 -0.037450 -0.024376 -0.999406 -0.024376 0.097071 -0.994982 0.024268 0.039193 -0.979827 0.195965 -0.117395 -0.986122 -0.117395 -0.039684 -0.992095 0.119051
0.187775 -0.375551 -0.907580 0.393543 -0.918266 -0.043727 0.000000 -0.966235 -0.257663 -0.216789 -0.975550 -0.036131 -0.023796 -0.999434 -0.023796 0.097071 -0.994982 0.024268 0.039193 -0.979827 0.195965 -0.117395 -0.986122 -0.117395 -0.039684 -0.992095 0.119051
0.407383 -0.349186 -0.843865 0.291162 -0.956674 0.000000 0.000000 -0.968277 -0.249878 -0.216789 -0.975550 -0.036131 -0.023796 -0.999434 -0.023796 0.097071 -0.994982 0.024268 0.039193 -0.979827 0.195965 -0.117395 -0.986122 -0.117395 -0.019854 -0.992681 0.119122
0.469692 -0.303918 -0.828868 0.241747 -0.966988 0.080582 0.000000 -0.968277 -0.249878 -0.216789 -0.975550 -0.036131 -0.023796 -0.999434 -0.023796 0.097071 -0.994982 0.024268 0.039193 -0.979827 0.195965 -0.117395 -0.986122 -0.117395 -0.019803 -0.990148 0.138621
0.565685 -0.311127 -0.763675 0.240772 -0.963087 0.120386 0.000000 -0.968277 -0.249878 -0.216789 -0.975550 -0.036131 -0.023796 -0.999434 -0.023796 0.096986 -0.994104 0.048493 0.039193 -0.979827 0.195965 -0.117395 -0.986122 -0.117395 -0.019803 -0.990148 0.138621
0.632717 -0.287599 -0.718997 0.195515 -0.977577 0.078206 0.000000 -0.968277 -0.249878 -0.216366 -0.973645 -0.072122 -0.023796 -0.999434 -0.023796 0.096986 -0.994104 0.048493 0.039193 -0.979827 0.195965 -0.094150 -0.988577 -0.117688 -0.019803 -0.990148 0.138621
0.636682 -0.276818 -0.719727 0.230599 -0.960828 0.153732 0.000000 -0.968277 -0.249878 -0.216789 -0.975550 -0.036131 -0.023796 -0.999434 -0.023796 0.096986 -0.994104 0.048493 0.039193 -0.979827 0.195965 -0.094150 -0.988577 -0.117688 -0.019803 -0.990148 0.138621
0.641368 -0.250970 -0.725025 0.229081 -0.954504 0.190901 0.000000 -0.970143 -0.242536 -0.216789 -0.975550 -0.036131 -0.023796 -0.999434 -0.023796 0.096986 -0.994104 0.048493 0.039193 -0.979827 0.195965 -0.094150 -0.988577 -0.117688 -0.019803 -0.990148 0.138621
0.644658 -0.241747 -0.725241 0.227266 -0.946943 0.227266 0.000000 -0.970143 -0.242536 -0.216789 -0.975550 -0.036131 -0.023796 -0.999434 -0.023796 0.096986 -0.994104 0.048493 0.039193 -0.979827 0.195965 -0.094150 -0.988577 -0.117688 -0.019803 -0.990148 0.138621
0.657349 -0.246506 -0.712128 0.229081 -0.954504 0.190901 0.000000 -0.968277 -0.249878 -0.209401 -0.977207 -0.034900 -0.023796 -0.999434 -0.023796 0.097071 -0.994982 0.024268 0.039193 -0.979827 0.195965 -0.094150 -0.988577 -0.117688 -0.019803 -0.990148 0.138621
0.648649 -0.216216 -0.729730 0.219382 -0.950654 0.219382 0.000000 -0.968277 -0.249878 -0.209401 -0.977207 -0.034900 -0.023796 -0.999434 -0.023796 0.097071 -0.994982 0.024268 0.039337 -0.983422 0.177016 -0.093865 -0.985579 -0.140797 -0.019803 -0.990148 0.138621
0.648649 -0.216216 -0.729730 0.219382 -0.950654 0.219382 0.031220 -0.967805 -0.249756 -0.216789 -0.975550 -0.036131 -0.023803 -0.999717 0.000000 0.097071 -0.994982 0.024268 0.039337 -0.983422 0.177016 -0.093865 -0.985579 -0.140797 -0.019745 -0.987248 0.157960
0.657349 -0.246506 -0.712128 0.227266 -0.946943 0.227266 0.030303 -0.969697 -0.242424 -0.216789 -0.975550 -0.036131 -0.023803 -0.999717 0.000000 0.121019 -0.992355 0.024204 0.039337 -0.983422 0.177016 -0.093865 -0.985579 -0.140797 -0.019745 -0.987248 0.157960
0.606061 -0.242424 -0.757576 0.272268 -0.933492 0.233373 0.030303 -0.969697 -0.242424 -0.216789 -0.975550 -0.036131 -0.023803 -0.999717 0.000000 0.120913 -0.991484 0.048365 0.039337 -0.983422 0.177016 -0.093865 -0.985579 -0.140797 -0.019745 -0.987248 0.157960
0.586353 -0.246885 -0.771517 0.274563 -0.941357 0.196116 0.030514 -0.976445 -0.213597 -0.216366 -0.973645 -0.072122 -0.023803 -0.999717 0.000000 0.094782 -0.995216 -0.023696 0.039337 -0.983422 0.177016 -0.093865 -0.985579 -0.140797 -0.019745 -0.987248 0.157960
0.566982 -0.300167 -0.767093 0.324176 -0.932007 0.162088 0.030514 -0.976445 -0.213597 -0.216789 -0.975550 -0.036131 -0.023803 -0.999717 0.000000 0.097071 -0.994982 0.024268 0.039337 -0.983422 0.177016 -0.093865 -0.985579 -0.140797 -0.019745 -0.987248 0.157960
0.572420 -0.269374 -0.774450 0.324176 -0.932007 0.162088 0.030514 -0.976445 -0.213597 -0.216789 -0.975550 -0.036131 -0.023803 -0.999717 0.000000 0.097071 -0.994982 0.024268 0.039337 -0.983422 0.177016 -0.093865 -0.985579 -0.140797 -0.019745 -0.987248 0.157960
0.566982 -0.300167 -0.767093 0.336861 -0.926367 0.168430 0.030514 -0.976445 -0.213597 -0.216789 -0.975550 -0.036131 -0.023803 -0.999717 0.000000 0.096986 -0.994104 0.048493 0.039337 -0.983422 0.177016 -0.093865 -0.985579 -0.140797 -0.019745 -0.987248 0.157960
0.543702 -0.305832 -0.781572 0.336861 -0.926367 0.168430 0.030514 -0.976445 -0.213597 -0.216789 -0.975550 -0.036131 -0.023803 -0.999717 0.000000 0.096986 -0.994104 0.048493 0.039337 -0.983422 0.177016 -0.093865 -0.985579 -0.140797 -0.019745 -0.987248 0.157960
