-0.613082 0.783383 -0.102180 -0.528525 0.243935 -0.813116 -0.092538 -0.956226 -0.277614 -0.164260 -0.985562 -0.041065 0.000000 -0.999742 -0.022721 0.074216 -0.989541 -0.123693 0.105409 -0.990847 0.084327 -0.120491 -0.988024 -0.096393 0.000000 -0.999014 0.044401
-0.614868 0.785665 -0.068319 -0.528525 0.243935 -0.813116 -0.092538 -0.956226 -0.277614 -0.164260 -0.985562 -0.041065 0.000000 -0.999742 -0.022721 0.074216 -0.989541 -0.123693 0.105409 -0.990847 0.084327 -0.120491 -0.988024 -0.096393 0.000000 -0.999014 0.044401
-0.614868 0.785665 -0.068319 -0.528525 0.243935 -0.813116 -0.092538 -0.956226 -0.277614 -0.164260 -0.985562 -0.041065 0.022716 -0.999484 -0.022716 0.073967 -0.986227 -0.147934 0.105199 -0.988871 0.105199 -0.120491 -0.988024 -0.096393 0.000000 -0.999014 0.044401
-0.613082 0.783383 -0.102180 -0.528525 0.243935 -0.813116 -0.091713 -0.947698 -0.305709 -0.164260 -0.985562 -0.041065 0.022716 -0.999484 -0.022716 0.073967 -0.986227 -0.147934 0.105199 -0.988871 0.105199 -0.120491 -0.988024 -0.096393 0.000000 -0.999014 0.044401
-0.562183 0.808138 -0.175682 -0.574380 0.153168 -0.804132 -0.061285 -0.949920 -0.306426 -0.164260 -0.985562 -0.041065 -0.043427 -0.998821 -0.021713 0.073967 -0.986227 -0.147934 0.105199 -0.988871 0.105199 -0.120491 -0.988024 -0.096393 0.000000 -0.999014 0.044401
-0.566315 0.755087 -0.330350 -0.594391 0.000000 -0.804176 -0.059549 -0.952786 -0.297746 -0.164260 -0.985562 -0.041065 -0.042476 -0.998194 -0.042476 0.073967 -0.986227 -0.147934 0.104944 -0.986472 0.125933 -0.120491 -0.988024 -0.096393 0.000000 -0.999014 0.044401
-0.655386 0.573462 -0.491539 -0.569615 -0.249207 -0.783221 -0.059549 -0.952786 -0.297746 -0.164260 -0.985562 -0.041065 -0.063643 -0.997070 -0.042429 0.073967 -0.986227 -0.147934 0.104944 -0.986472 0.125933 -0.120491 -0.988024 -0.096393 0.000000 -0.999014 0.044401
-0.723364 0.289346 -0.626916 -0.485071 -0.485071 -0.727607 -0.059549 -0.952786 -0.297746 -0.164260 -0.985562 -0.041065 -0.063571 -0.995950 -0.063571 0.073967 -0.986227 -0.147934 0.104944 -0.986472 0.125933 -0.120491 -0.988024 -0.096393 0.000000 -0.999014 0.044401
-0.748481 -0.187120 -0.636209 -0.387458 -0.634023 -0.669246 -0.029814 -0.954056 -0.298142 -0.157867 -0.986671 -0.039467 -0.063571 -0.995950 -0.063571 0.073967 -0.986227 -0.147934 0.104944 -0.986472 0.125933 -0.120491 -0.988024 -0.096393 0.000000 -0.999056 0.043437
-0.748569 -0.392108 -0.534692 -0.309426 -0.721995 -0.618853 -0.030686 -0.951260 -0.306858 -0.151947 -0.987658 -0.037987 -0.066372 -0.995585 -0.066372 0.073967 -0.986227 -0.147934 0.123091 -0.984732 0.123091 -0.120491 -0.988024 -0.096393 0.000000 -0.999096 0.042515
-0.736807 -0.521905 -0.429804 -0.267261 -0.801784 -0.534522 -0.028205 -0.958984 -0.282054 -0.212238 -0.976296 -0.042448 -0.066372 -0.995585 -0.066372 0.073967 -0.986227 -0.147934 0.123091 -0.984732 0.123091 -0.120491 -0.988024 -0.096393 0.000000 -0.999096 0.042515
-0.742781 -0.557086 -0.371391 -0.241093 -0.861046 -0.447744 -0.027462 -0.961161 -0.274618 -0.212238 -0.976296 -0.042448 -0.067867 -0.995383 -0.067867 0.073967 -0.986227 -0.147934 0.120653 -0.985335 0.120653 -0.120491 -0.988024 -0.096393 -0.021229 -0.997744 0.063686
-0.731194 -0.584955 -0.350973 -0.233463 -0.900500 -0.366871 -0.054861 -0.960076 -0.274307 -0.171341 -0.985212 0.000000 -0.069430 -0.995168 -0.069430 0.073967 -0.986227 -0.147934 0.120653 -0.985335 0.120653 -0.120491 -0.988024 -0.096393 -0.020788 -0.997837 0.062365
-0.725629 -0.609528 -0.319277 -0.256997 -0.899490 -0.353371 -0.054861 -0.960076 -0.274307 -0.171184 -0.984309 0.042796 -0.069430 -0.995168 -0.069430 0.073967 -0.986227 -0.147934 0.120653 -0.985335 0.120653 -0.120491 -0.988024 -0.096393 -0.020788 -0.997837 0.062365
-0.724616 -0.603847 -0.332116 -0.289720 -0.901352 -0.321911 -0.027462 -0.961161 -0.274618 -0.171184 -0.984309 0.042796 -0.046349 -0.996503 -0.069523 0.073967 -0.986227 -0.147934 0.120653 -0.985335 0.120653 -0.120491 -0.988024 -0.096393 -0.020788 -0.997837 0.062365
-0.731653 -0.609711 -0.304855 -0.289720 -0.901352 -0.321911 -0.026755 -0.963173 -0.267548 -0.171184 -0.984309 0.042796 -0.023150 -0.995434 -0.092599 0.073967 -0.986227 -0.147934 0.120653 -0.985335 0.120653 -0.120177 -0.985452 -0.120177 -0.020757 -0.996331 0.083028
-0.764316 -0.541390 -0.350311 -0.318788 -0.892607 -0.318788 -0.027462 -0.961161 -0.274618 -0.164260 -0.985562 0.041065 -0.023696 -0.995216 -0.094782 0.073967 -0.986227 -0.147934 0.120653 -0.985335 0.120653 -0.120177 -0.985452 -0.120177 -0.021195 -0.996174 0.084781
-0.779280 -0.460484 -0.425062 -0.324443 -0.875996 -0.356887 -0.027462 -0.961161 -0.274618 -0.157867 -0.986671 0.039467 -0.023696 -0.995216 -0.094782 0.073967 -0.986227 -0.147934 0.120653 -0.985335 0.120653 -0.120177 -0.985452 -0.120177 -0.021195 -0.996174 0.084781
-0.727393 -0.363696 -0.581914 -0.333890 -0.868115 -0.367279 -0.027462 -0.961161 -0.274618 -0.157867 -0.986671 0.039467 -0.023696 -0.995216 -0.094782 0.073967 -0.986227 -0.147934 0.120653 -0.985335 0.120653 -0.120177 -0.985452 -0.120177 -0.042362 -0.995504 0.084724
-0.674579 -0.299813 -0.674579 -0.308697 -0.857493 -0.411597 0.000000 -0.961524 -0.274721 -0.195965 -0.979827 0.039193 -0.023150 -0.995434 -0.092599 0.098414 -0.984136 -0.147620 0.100769 -0.987534 0.120923 -0.120177 -0.985452 -0.120177 -0.042362 -0.995504 0.084724
-0.641223 -0.284988 -0.712470 -0.221464 -0.848945 -0.479839 -0.028421 -0.966315 -0.255789 -0.196116 -0.980581 0.000000 -0.023150 -0.995434 -0.092599 0.098414 -0.984136 -0.147620 0.100769 -0.987534 0.120923 -0.120177 -0.985452 -0.120177 -0.042362 -0.995504 0.084724
-0.609739 -0.288824 -0.738105 -0.041885 -0.837708 -0.544510 -0.029223 -0.964352 -0.263005 -0.188847 -0.982006 0.000000 -0.023150 -0.995434 -0.092599 0.098414 -0.984136 -0.147620 0.100769 -0.987534 0.120923 -0.120177 -0.985452 -0.120177 -0.042362 -0.995504 0.084724
-0.546437 -0.230079 -0.805276 0.135388 -0.857458 -0.496423 -0.029223 -0.964352 -0.263005 -0.188847 -0.982006 0.000000 -0.023150 -0.995434 -0.092599 0.098414 -0.984136 -0.147620 0.100769 -0.987534 0.120923 -0.120177 -0.985452 -0.120177 -0.042362 -0.995504 0.084724
-0.399480 -0.215105 -0.891148 0.226805 -0.861858 -0.453609 -0.028989 -0.956622 -0.289886 -0.188713 -0.981307 0.037743 -0.023150 -0.995434 -0.092599 0.098414 -0.984136 -0.147620 0.102815 -0.987019 0.123377 -0.120177 -0.985452 -0.120177 -0.042362 -0.995504 0.084724
-0.268567 -0.268567 -0.925064 0.314945 -0.809858 -0.494913 -0.029223 -0.964352 -0.263005 -0.196116 -0.980581 0.000000 -0.023150 -0.995434 -0.092599 0.098414 -0.984136 -0.147620 0.102815 -0.987019 0.123377 -0.120177 -0.985452 -0.120177 -0.021152 -0.994166 0.105762
-0.096176 -0.256468 -0.961756 0.314945 -0.809858 -0.494913 -0.029814 -0.954056 -0.298142 -0.188847 -0.982006 0.000000 -0.023150 -0.995434 -0.092599 0.098414 -0.984136 -0.147620 0.102815 -0.987019 0.123377 -0.120177 -0.985452 -0.120177 -0.021152 -0.994166 0.105762
0.245602 -0.184202 -0.951709 0.276172 -0.920575 -0.276172 -0.029540 -0.945274 -0.324938 -0.188847 -0.982006 0.000000 -0.023150 -0.995434 -0.092599 0.098414 -0.984136 -0.147620 0.102815 -0.987019 0.123377 -0.120491 -0.988024 -0.096393 -0.021195 -0.996174 0.084781
0.464016 -0.185606 -0.866164 0.361773 -0.904431 -0.226108 -0.029814 -0.954056 -0.298142 -0.188847 -0.982006 0.000000 -0.023150 -0.995434 -0.092599 0.098414 -0.984136 -0.147620 0.102815 -0.987019 0.123377 -0.120491 -0.988024 -0.096393 -0.021607 -0.993912 0.108034
0.573805 -0.130410 -0.808543 0.316228 -0.948683 0.000000 -0.029540 -0.945274 -0.324938 -0.188847 -0.982006 0.000000 -0.023150 -0.995434 -0.092599 0.098414 -0.984136 -0.147620 0.102815 -0.987019 0.123377 -0.120491 -0.988024 -0.096393 -0.021607 -0.993912 0.108034
0.585366 -0.097561 -0.804878 0.260870 -0.956522 0.130435 -0.029540 -0.945274 -0.324938 -0.188847 -0.982006 0.000000 -0.023150 -0.995434 -0.092599 0.098414 -0.984136 -0.147620 0.082409 -0.988903 0.123613 -0.120491 -0.988024 -0.096393 -0.021607 -0.993912 0.108034
0.635553 -0.079444 -0.767959 0.291162 -0.956674 0.000000 -0.030387 -0.941993 -0.334255 -0.181969 -0.982631 -0.036394 -0.023150 -0.995434 -0.092599 0.098414 -0.984136 -0.147620 0.082409 -0.988903 0.123613 -0.120491 -0.988024 -0.096393 -0.021607 -0.993912 0.108034
0.648649 -0.081081 -0.756757 0.316228 -0.948683 0.000000 -0.030387 -0.941993 -0.334255 -0.188713 -0.981307 -0.037743 -0.023150 -0.995434 -0.092599 0.098414 -0.984136 -0.147620 0.082409 -0.988903 0.123613 -0.120491 -0.988024 -0.096393 -0.021607 -0.993912 0.108034
0.675855 -0.084482 -0.732177 0.315981 -0.947943 -0.039498 -0.030686 -0.951260 -0.306858 -0.188713 -0.981307 -0.037743 -0.023150 -0.995434 -0.092599 0.098414 -0.984136 -0.147620 0.082409 -0.988903 0.123613 -0.120491 -0.988024 -0.096393 -0.021552 -0.991370 0.129309
0.667894 -0.151794 -0.728612 0.361741 -0.924448 -0.120580 -0.030686 -0.951260 -0.306858 -0.188713 -0.981307 -0.037743 -0.023150 -0.995434 -0.092599 0.098414 -0.984136 -0.147620 0.082409 -0.988903 0.123613 -0.120491 -0.988024 -0.096393 0.000000 -0.991600 0.129339
0.643823 -0.193147 -0.740396 0.408248 -0.898146 -0.163299 -0.030686 -0.951260 -0.306858 -0.188713 -0.981307 -0.037743 -0.023150 -0.995434 -0.092599 0.098414 -0.984136 -0.147620 0.082409 -0.988903 0.123613 -0.120491 -0.988024 -0.096393 0.000000 -0.991600 0.129339
