-0.557752 0.787414 -0.262471 -0.568711 0.284356 -0.771822 0.000000 -0.954480 -0.298275 -0.082409 -0.988903 -0.123613 -0.021688 -0.997645 -0.065064 0.101209 -0.986789 -0.126511 0.149581 -0.982960 0.106843 -0.123429 -0.987429 -0.098743 0.022195 -0.998768 0.044390
-0.572420 0.774450 -0.269374 -0.568711 0.284356 -0.771822 0.000000 -0.954480 -0.298275 -0.082409 -0.988903 -0.123613 -0.021688 -0.997645 -0.065064 0.101209 -0.986789 -0.126511 0.149581 -0.982960 0.106843 -0.123091 -0.984732 -0.123091 0.022168 -0.997540 0.066503
-0.609557 0.745014 -0.270914 -0.568711 0.284356 -0.771822 0.000000 -0.954480 -0.298275 -0.082409 -0.988903 -0.123613 0.000000 -0.998868 -0.047565 0.101209 -0.986789 -0.126511 0.149581 -0.982960 0.106843 -0.123091 -0.984732 -0.123091 0.044302 -0.996805 0.066454
-0.627060 0.696733 -0.348367 -0.625355 0.110357 -0.772497 0.000000 -0.954480 -0.298275 -0.082409 -0.988903 -0.123613 -0.044357 -0.998031 -0.044357 0.101209 -0.986789 -0.126511 0.149581 -0.982960 0.106843 -0.123091 -0.984732 -0.123091 0.044302 -0.996805 0.066454
-0.698297 0.567367 -0.436436 -0.632846 -0.035158 -0.773479 0.000000 -0.945687 -0.325080 -0.123613 -0.988903 -0.082409 -0.043345 -0.996942 -0.065018 0.101209 -0.986789 -0.126511 0.149581 -0.982960 0.106843 -0.123091 -0.984732 -0.123091 0.044302 -0.996805 0.066454
-0.768221 0.384111 -0.512148 -0.609557 -0.270914 -0.745014 0.000000 -0.954480 -0.298275 -0.086306 -0.992523 -0.086306 -0.064942 -0.995774 -0.064942 0.101209 -0.986789 -0.126511 0.149207 -0.980500 0.127891 -0.123091 -0.984732 -0.123091 0.044302 -0.996805 0.066454
-0.821794 0.156532 -0.547862 -0.609739 -0.417190 -0.673922 0.000000 -0.954480 -0.298275 -0.085907 -0.987935 -0.128861 -0.063571 -0.995950 -0.063571 0.101209 -0.986789 -0.126511 0.149207 -0.980500 0.127891 -0.123091 -0.984732 -0.123091 0.044302 -0.996805 0.066454
-0.820553 -0.063119 -0.568075 -0.566666 -0.566666 -0.598147 0.000000 -0.954480 -0.298275 -0.114291 -0.990521 -0.076194 -0.064836 -0.994144 -0.086447 0.101209 -0.986789 -0.126511 0.146151 -0.981299 0.125272 -0.123091 -0.984732 -0.123091 0.021713 -0.998821 0.043427
-0.767199 -0.496423 -0.406164 -0.520480 -0.650600 -0.553010 0.000000 -0.954480 -0.298275 -0.110133 -0.991201 -0.073422 -0.043274 -0.995307 -0.086548 0.101209 -0.986789 -0.126511 0.146151 -0.981299 0.125272 -0.123091 -0.984732 -0.123091 0.021713 -0.998821 0.043427
-0.706706 -0.639401 -0.302874 -0.482867 -0.708205 -0.515058 0.000000 -0.954480 -0.298275 -0.146157 -0.986559 -0.073078 -0.044227 -0.995098 -0.088453 0.101209 -0.986789 -0.126511 0.143215 -0.982049 0.122756 -0.123091 -0.984732 -0.123091 0.021253 -0.998870 0.042505
-0.720750 -0.612637 -0.324337 -0.468293 -0.749269 -0.468293 0.027247 -0.953640 -0.299715 -0.195965 -0.979827 -0.039193 -0.045222 -0.994874 -0.090443 0.101209 -0.986789 -0.126511 0.143546 -0.984318 0.102533 -0.123091 -0.984732 -0.123091 0.021253 -0.998870 0.042505
-0.736709 -0.589368 -0.331519 -0.463794 -0.772991 -0.432875 0.026556 -0.956014 -0.292115 -0.203785 -0.978167 -0.040757 -0.045303 -0.996659 -0.067954 0.101209 -0.986789 -0.126511 0.163538 -0.981228 0.102211 -0.123091 -0.984732 -0.123091 0.000000 -0.999096 0.042515
-0.737410 -0.596951 -0.316033 -0.418919 -0.805614 -0.418919 0.025898 -0.958215 -0.284875 -0.212238 -0.976296 -0.042448 -0.045303 -0.996659 -0.067954 0.101209 -0.986789 -0.126511 0.163538 -0.981228 0.102211 -0.123091 -0.984732 -0.123091 0.000000 -0.999096 0.042515
-0.752886 -0.573628 -0.322666 -0.430002 -0.793849 -0.430002 0.025898 -0.958215 -0.284875 -0.212238 -0.976296 -0.042448 -0.045303 -0.996659 -0.067954 0.101209 -0.986789 -0.126511 0.163538 -0.981228 0.102211 -0.123091 -0.984732 -0.123091 0.000000 -0.999096 0.042515
-0.788116 -0.487881 -0.375293 -0.436006 -0.804934 -0.402467 0.025898 -0.958215 -0.284875 -0.212238 -0.976296 -0.042448 -0.045303 -0.996659 -0.067954 0.101209 -0.986789 -0.126511 0.163538 -0.981228 0.102211 -0.123091 -0.984732 -0.123091 0.000000 -0.999096 0.042515
-0.788110 -0.394055 -0.472866 -0.441758 -0.815553 -0.373795 0.025270 -0.960258 -0.277969 -0.221621 -0.975133 0.000000 -0.045303 -0.996659 -0.067954 0.101209 -0.986789 -0.126511 0.163538 -0.981228 0.102211 -0.123091 -0.984732 -0.123091 0.000000 -0.999096 0.042515
-0.784465 -0.353009 -0.509902 -0.419827 -0.804668 -0.419827 0.025270 -0.960258 -0.277969 -0.221621 -0.975133 0.000000 -0.045303 -0.996659 -0.067954 0.101209 -0.986789 -0.126511 0.163538 -0.981228 0.102211 -0.123091 -0.984732 -0.123091 0.000000 -0.999096 0.042515
-0.728082 -0.306561 -0.613121 -0.401931 -0.803863 -0.438470 0.025270 -0.960258 -0.277969 -0.231621 -0.972806 0.000000 -0.045303 -0.996659 -0.067954 0.101209 -0.986789 -0.126511 0.160321 -0.981966 0.100201 -0.123091 -0.984732 -0.123091 0.000000 -0.999096 0.042515
-0.694245 -0.292314 -0.657706 -0.308148 -0.808890 -0.500741 0.026082 -0.965035 -0.260820 -0.221404 -0.974176 -0.044281 -0.045303 -0.996659 -0.067954 0.101209 -0.986789 -0.126511 0.160321 -0.981966 0.100201 -0.123091 -0.984732 -0.123091 0.000000 -0.999096 0.042515
-0.654783 -0.310160 -0.689246 -0.161690 -0.808452 -0.565916 0.027661 -0.968122 -0.248946 -0.203279 -0.975739 -0.081312 -0.045303 -0.996659 -0.067954 0.101209 -0.986789 -0.126511 0.160321 -0.981966 0.100201 -0.123091 -0.984732 -0.123091 0.000000 -0.999096 0.042515
-0.586353 -0.246885 -0.771517 0.000000 -0.885832 -0.464007 0.028421 -0.966315 -0.255789 -0.195515 -0.977577 -0.078206 -0.045303 -0.996659 -0.067954 0.126148 -0.983958 -0.126148 0.140705 -0.984937 0.100504 -0.123091 -0.984732 -0.123091 0.000000 -0.999096 0.042515
-0.481543 -0.240772 -0.842701 0.127920 -0.895443 -0.426401 0.029437 -0.971429 -0.235498 -0.187647 -0.975763 -0.112588 -0.045303 -0.996659 -0.067954 0.126148 -0.983958 -0.126148 0.123377 -0.987019 0.102815 -0.123091 -0.984732 -0.123091 0.000000 -0.999096 0.042515
-0.393578 -0.272477 -0.877982 0.298753 -0.853579 -0.426790 0.029223 -0.964352 -0.263005 -0.187647 -0.975763 -0.112588 -0.045303 -0.996659 -0.067954 0.126148 -0.983958 -0.126148 0.123377 -0.987019 0.102815 -0.123091 -0.984732 -0.123091 0.000000 -0.999096 0.042515
-0.245256 -0.306570 -0.919709 0.386583 -0.816120 -0.429537 0.030069 -0.962216 -0.270623 -0.181012 -0.977466 -0.108607 -0.046349 -0.996503 -0.069523 0.126148 -0.983958 -0.126148 0.123377 -0.987019 0.102815 -0.123091 -0.984732 -0.123091 0.000000 -0.997969 0.063700
-0.129302 -0.323254 -0.937437 0.414513 -0.787575 -0.455965 0.030069 -0.962216 -0.270623 -0.188311 -0.979217 -0.075324 -0.046349 -0.996503 -0.069523 0.126148 -0.983958 -0.126148 0.123377 -0.987019 0.102815 -0.123091 -0.984732 -0.123091 0.000000 -0.997969 0.063700
0.145479 -0.290957 -0.945611 0.309058 -0.883022 -0.353209 0.000000 -0.954480 -0.298275 -0.151620 -0.985527 -0.075810 -0.023193 -0.997307 -0.069580 0.126148 -0.983958 -0.126148 0.123377 -0.987019 0.102815 -0.123091 -0.984732 -0.123091 0.000000 -0.997969 0.063700
0.425373 -0.196326 -0.883467 0.223161 -0.937276 -0.267793 0.000000 -0.954480 -0.298275 -0.151620 -0.985527 -0.075810 -0.023193 -0.997307 -0.069580 0.126148 -0.983958 -0.126148 0.103252 -0.991219 0.082602 -0.123091 -0.984732 -0.123091 0.000000 -0.996398 0.084800
0.599760 -0.179928 -0.779688 0.183920 -0.965581 -0.183920 0.000000 -0.951709 -0.307003 -0.146157 -0.986559 -0.073078 -0.023150 -0.995434 -0.092599 0.126148 -0.983958 -0.126148 0.103252 -0.991219 0.082602 -0.123091 -0.984732 -0.123091 0.000000 -0.996241 0.086630
0.714006 -0.137309 -0.686544 0.131812 -0.966625 -0.219687 0.000000 -0.942428 -0.334410 -0.146450 -0.988540 -0.036613 -0.023150 -0.995434 -0.092599 0.126148 -0.983958 -0.126148 0.103252 -0.991219 0.082602 -0.123091 -0.984732 -0.123091 0.000000 -0.996241 0.086630
0.649797 -0.124961 -0.749766 0.178885 -0.983870 0.000000 0.000000 -0.942428 -0.334410 -0.146450 -0.988540 -0.036613 -0.023150 -0.995434 -0.092599 0.126148 -0.983958 -0.126148 0.103252 -0.991219 0.082602 -0.123091 -0.984732 -0.123091 0.000000 -0.996241 0.086630
0.653694 -0.096844 -0.750537 0.211667 -0.973668 0.084667 0.000000 -0.951709 -0.307003 -0.181969 -0.982631 -0.036394 -0.023150 -0.995434 -0.092599 0.126148 -0.983958 -0.126148 0.105409 -0.990847 0.084327 -0.123091 -0.984732 -0.123091 0.000000 -0.996241 0.086630
0.641948 -0.095103 -0.760827 0.210725 -0.969334 0.126435 0.000000 -0.951709 -0.307003 -0.188713 -0.981307 -0.037743 -0.023150 -0.995434 -0.092599 0.126148 -0.983958 -0.126148 0.084497 -0.992835 0.084497 -0.123091 -0.984732 -0.123091 0.000000 -0.994144 0.108059
0.617300 -0.071227 -0.783497 0.250435 -0.960001 0.125218 0.000000 -0.951709 -0.307003 -0.188713 -0.981307 -0.037743 -0.023150 -0.995434 -0.092599 0.125709 -0.980531 -0.150851 0.084327 -0.990847 0.105409 -0.123091 -0.984732 -0.123091 0.000000 -0.994144 0.108059
0.619364 -0.080787 -0.780937 0.328244 -0.943701 -0.041030 0.000000 -0.951709 -0.307003 -0.188847 -0.982006 0.000000 0.000000 -0.995701 -0.092623 0.125709 -0.980531 -0.150851 0.084327 -0.990847 0.105409 -0.123091 -0.984732 -0.123091 0.000000 -0.994144 0.108059
0.643451 -0.087743 -0.760442 0.346925 -0.925132 -0.154189 0.030964 -0.959886 -0.278677 -0.188713 -0.981307 -0.037743 0.000000 -0.995701 -0.092623 0.125709 -0.980531 -0.150851 0.084327 -0.990847 0.105409 -0.123091 -0.984732 -0.123091 0.000000 -0.994144 0.108059
0.640494 -0.091499 -0.762493 0.344628 -0.919007 -0.191460 0.030686 -0.951260 -0.306858 -0.188713 -0.981307 -0.037743 -0.023150 -0.995434 -0.092599 0.125709 -0.980531 -0.150851 0.084327 -0.990847 0.105409 -0.123091 -0.984732 -0.123091 0.000000 -0.994144 0.108059
0.637253 -0.095588 -0.764704 0.374766 -0.899438 -0.224860 0.030686 -0.951260 -0.306858 -0.188713 -0.981307 -0.037743 -0.023150 -0.995434 -0.092599 0.125709 -0.980531 -0.150851 0.084327 -0.990847 0.105409 -0.123091 -0.984732 -0.123091 0.000000 -0.991600 0.129339
0.617743 -0.097538 -0.780307 0.374766 -0.899438 -0.224860 0.030686 -0.951260 -0.306858 -0.188713 -0.981307 -0.037743 -0.023150 -0.995434 -0.092599 0.125709 -0.980531 -0.150851 0.084327 -0.990847 0.105409 -0.123091 -0.984732 -0.123091 0.000000 -0.991600 0.129339
