-0.627060 0.766406 -0.139347 -0.571072 0.367118 -0.734235 0.059549 -0.952786 -0.297746 -0.078206 -0.977577 -0.195515 0.022168 -0.997540 -0.066503 0.101209 -0.986789 -0.126511 0.146151 -0.981299 0.125272 -0.101502 -0.989644 -0.101502 0.000000 -0.999056 0.043437
-0.627060 0.766406 -0.139347 -0.568995 0.350150 -0.744070 0.029814 -0.954056 -0.298142 -0.078750 -0.984374 -0.157500 -0.022195 -0.998768 -0.044390 0.101209 -0.986789 -0.126511 0.146151 -0.981299 0.125272 -0.101502 -0.989644 -0.101502 0.000000 -0.999056 0.043437
-0.627060 0.766406 -0.139347 -0.568995 0.350150 -0.744070 0.029814 -0.954056 -0.298142 -0.078750 -0.984374 -0.157500 0.000000 -0.999014 -0.044401 0.101209 -0.986789 -0.126511 0.146151 -0.981299 0.125272 -0.101502 -0.989644 -0.101502 0.000000 -0.999056 0.043437
-0.591148 0.799788 -0.104320 -0.605839 0.302920 -0.735662 0.030069 -0.962216 -0.270623 -0.078750 -0.984374 -0.157500 0.022195 -0.998768 -0.044390 0.101209 -0.986789 -0.126511 0.146151 -0.981299 0.125272 -0.101502 -0.989644 -0.101502 0.000000 -0.999056 0.043437
-0.607919 0.786718 -0.107280 -0.613396 0.286251 -0.736075 0.000000 -0.970143 -0.242536 -0.081923 -0.983078 -0.163846 0.022698 -0.998711 -0.045396 0.101209 -0.986789 -0.126511 0.146151 -0.981299 0.125272 -0.101502 -0.989644 -0.101502 0.000000 -0.999056 0.043437
-0.635999 0.741999 -0.212000 -0.654330 0.192450 -0.731310 0.000000 -0.970143 -0.242536 -0.081312 -0.975739 -0.203279 -0.021713 -0.998821 -0.043427 0.101209 -0.986789 -0.126511 0.166486 -0.978106 0.124865 -0.101502 -0.989644 -0.101502 0.000000 -0.999056 0.043437
-0.716465 0.632175 -0.295015 -0.647648 0.000000 -0.761939 0.000000 -0.962651 -0.270746 -0.081923 -0.983078 -0.163846 -0.021253 -0.998870 -0.042505 0.101209 -0.986789 -0.126511 0.166486 -0.978106 0.124865 -0.101502 -0.989644 -0.101502 0.000000 -0.999056 0.043437
-0.749838 0.529297 -0.396973 -0.609088 -0.250801 -0.752403 0.000000 -0.962651 -0.270746 -0.123091 -0.984732 -0.123091 -0.042429 -0.997070 -0.063643 0.101209 -0.986789 -0.126511 0.166486 -0.978106 0.124865 -0.101502 -0.989644 -0.101502 0.000000 -0.999056 0.043437
-0.800000 0.360000 -0.480000 -0.580370 -0.443813 -0.682789 0.000000 -0.962651 -0.270746 -0.123091 -0.984732 -0.123091 -0.042429 -0.997070 -0.063643 0.101209 -0.986789 -0.126511 0.166486 -0.978106 0.124865 -0.101502 -0.989644 -0.101502 0.021713 -0.998821 0.043427
-0.858898 0.229039 -0.458079 -0.497245 -0.596694 -0.629844 0.000000 -0.971850 -0.235600 -0.145671 -0.983282 -0.109254 -0.063571 -0.995950 -0.063571 0.101209 -0.986789 -0.126511 0.166486 -0.978106 0.124865 -0.101502 -0.989644 -0.101502 0.000000 -0.999774 0.021272
-0.887848 -0.121070 -0.443924 -0.451613 -0.677419 -0.580645 0.000000 -0.971850 -0.235600 -0.174821 -0.978997 -0.104893 -0.066259 -0.993884 -0.088345 0.101209 -0.986789 -0.126511 0.163163 -0.978980 0.122373 -0.101502 -0.989644 -0.101502 0.000000 -0.999783 0.020829
-0.853579 -0.298753 -0.426790 -0.407072 -0.780222 -0.474917 0.000000 -0.971850 -0.235600 -0.169031 -0.980379 -0.101419 -0.066259 -0.993884 -0.088345 0.101209 -0.986789 -0.126511 0.163163 -0.978980 0.122373 -0.101502 -0.989644 -0.101502 0.000000 -0.999792 0.020404
-0.803685 -0.454257 -0.384371 -0.373795 -0.815553 -0.441758 0.000000 -0.964764 -0.263117 -0.169031 -0.980379 -0.101419 -0.044227 -0.995098 -0.088453 0.101209 -0.986789 -0.126511 0.179355 -0.976491 0.119570 -0.101502 -0.989644 -0.101502 0.000000 -0.999792 0.020404
-0.786146 -0.524097 -0.327561 -0.363649 -0.826475 -0.429767 0.000000 -0.962651 -0.270746 -0.169031 -0.980379 -0.101419 -0.045222 -0.994874 -0.090443 0.101209 -0.986789 -0.126511 0.179355 -0.976491 0.119570 -0.101209 -0.986789 -0.126511 0.000000 -0.999168 0.040782
-0.777087 -0.528419 -0.341918 -0.349215 -0.838116 -0.419058 0.029223 -0.964352 -0.263005 -0.181012 -0.977466 -0.108607 -0.046262 -0.994635 -0.092524 0.101209 -0.986789 -0.126511 0.179355 -0.976491 0.119570 -0.098743 -0.987429 -0.123429 0.000000 -0.999133 0.041631
-0.788966 -0.515863 -0.333793 -0.349215 -0.838116 -0.419058 0.028205 -0.958984 -0.282054 -0.187647 -0.975763 -0.112588 -0.046262 -0.994635 -0.092524 0.101209 -0.986789 -0.126511 0.179355 -0.976491 0.119570 -0.098743 -0.987429 -0.123429 -0.020811 -0.998917 0.041622
-0.780869 -0.499756 -0.374817 -0.379310 -0.827586 -0.413793 0.027462 -0.961161 -0.274618 -0.203279 -0.975739 -0.081312 -0.046262 -0.994635 -0.092524 0.101209 -0.986789 -0.126511 0.179355 -0.976491 0.119570 -0.098743 -0.987429 -0.123429 -0.020811 -0.998917 0.041622
-0.793849 -0.430002 -0.430002 -0.390375 -0.816239 -0.425864 0.027462 -0.961161 -0.274618 -0.211667 -0.973668 -0.084667 -0.023150 -0.995434 -0.092599 0.101209 -0.986789 -0.126511 0.179355 -0.976491 0.119570 -0.098743 -0.987429 -0.123429 -0.020811 -0.998917 0.041622
-0.752886 -0.322666 -0.573628 -0.390375 -0.816239 -0.425864 0.030069 -0.962216 -0.270623 -0.187647 -0.975763 -0.112588 -0.023150 -0.995434 -0.092599 0.101209 -0.986789 -0.126511 0.179355 -0.976491 0.119570 -0.098743 -0.987429 -0.123429 -0.021253 -0.998870 0.042505
-0.696311 -0.278524 -0.661495 -0.382080 -0.802369 -0.458496 0.029814 -0.954056 -0.298142 -0.187647 -0.975763 -0.112588 -0.023150 -0.995434 -0.092599 0.101209 -0.986789 -0.126511 0.179355 -0.976491 0.119570 -0.098743 -0.987429 -0.123429 -0.021253 -0.998870 0.042505
-0.609088 -0.250801 -0.752403 -0.364101 -0.768658 -0.525924 0.030686 -0.951260 -0.306858 -0.174821 -0.978997 -0.104893 -0.023150 -0.995434 -0.092599 0.126148 -0.983958 -0.126148 0.159968 -0.979804 0.119976 -0.098743 -0.987429 -0.123429 -0.021253 -0.998870 0.042505
-0.558404 -0.209401 -0.802706 -0.254457 -0.763370 -0.593732 0.030686 -0.951260 -0.306858 -0.140633 -0.984428 -0.105474 -0.023150 -0.995434 -0.092599 0.126148 -0.983958 -0.126148 0.159968 -0.979804 0.119976 -0.098743 -0.987429 -0.123429 -0.021253 -0.998870 0.042505
-0.537319 -0.189642 -0.821781 -0.087875 -0.746937 -0.659062 0.031911 -0.957338 -0.287202 -0.140028 -0.980196 -0.140028 -0.023696 -0.995216 -0.094782 0.126148 -0.983958 -0.126148 0.140394 -0.982756 0.120337 -0.098743 -0.987429 -0.123429 -0.021229 -0.997744 0.063686
-0.487769 -0.182913 -0.853595 0.090443 -0.768767 -0.633102 0.031911 -0.957338 -0.287202 -0.140028 -0.980196 -0.140028 -0.023696 -0.995216 -0.094782 0.126148 -0.983958 -0.126148 0.140394 -0.982756 0.120337 -0.098743 -0.987429 -0.123429 -0.021229 -0.997744 0.063686
-0.365148 -0.182574 -0.912871 0.178707 -0.759504 -0.625474 0.031911 -0.957338 -0.287202 -0.140028 -0.980196 -0.140028 -0.023696 -0.995216 -0.094782 0.126148 -0.983958 -0.126148 0.140705 -0.984937 0.100504 -0.098743 -0.987429 -0.123429 -0.021229 -0.997744 0.063686
-0.276818 -0.193773 -0.941182 0.442807 -0.752773 -0.487088 0.031911 -0.957338 -0.287202 -0.140028 -0.980196 -0.140028 -0.023150 -0.995434 -0.092599 0.126148 -0.983958 -0.126148 0.140705 -0.984937 0.100504 -0.098743 -0.987429 -0.123429 -0.021229 -0.997744 0.063686
-0.032444 -0.227110 -0.973329 0.314945 -0.809858 -0.494913 0.031911 -0.957338 -0.287202 -0.140028 -0.980196 -0.140028 -0.023150 -0.995434 -0.092599 0.126148 -0.983958 -0.126148 0.123377 -0.987019 0.102815 -0.098743 -0.987429 -0.123429 -0.021195 -0.996174 0.084781
0.206061 -0.117749 -0.971429 0.190476 -0.952381 -0.238095 0.031911 -0.957338 -0.287202 -0.140028 -0.980196 -0.140028 -0.023150 -0.995434 -0.092599 0.126148 -0.983958 -0.126148 0.123377 -0.987019 0.102815 -0.098743 -0.987429 -0.123429 -0.021652 -0.996007 0.086609
0.417620 -0.128499 -0.899490 0.213785 -0.897895 -0.384812 0.031911 -0.957338 -0.287202 -0.174821 -0.978997 -0.104893 -0.023150 -0.995434 -0.092599 0.126148 -0.983958 -0.126148 0.123377 -0.987019 0.102815 -0.098743 -0.987429 -0.123429 -0.021652 -0.996007 0.086609
0.528367 -0.198137 -0.825573 0.348155 -0.870388 -0.348155 0.031607 -0.948209 -0.316070 -0.175358 -0.982003 -0.070143 -0.023150 -0.995434 -0.092599 0.126148 -0.983958 -0.126148 0.123377 -0.987019 0.102815 -0.098743 -0.987429 -0.123429 -0.021652 -0.996007 0.086609
0.632717 -0.201319 -0.747757 0.313678 -0.896221 -0.313678 0.031281 -0.938417 -0.344086 -0.175358 -0.982003 -0.070143 0.000000 -0.995701 -0.092623 0.126148 -0.983958 -0.126148 0.103054 -0.989323 0.103054 -0.098743 -0.987429 -0.123429 -0.021652 -0.996007 0.086609
0.697139 -0.167313 -0.697139 0.343947 -0.902861 -0.257960 0.031607 -0.948209 -0.316070 -0.174821 -0.978997 -0.104893 0.000000 -0.995701 -0.092623 0.126148 -0.983958 -0.126148 0.103054 -0.989323 0.103054 -0.098743 -0.987429 -0.123429 -0.021607 -0.993912 0.108034
0.733761 -0.190234 -0.652232 0.347498 -0.912182 -0.217186 0.031607 -0.948209 -0.316070 -0.174821 -0.978997 -0.104893 0.000000 -0.995701 -0.092623 0.126148 -0.983958 -0.126148 0.105199 -0.988871 0.105199 -0.098743 -0.987429 -0.123429 -0.021607 -0.993912 0.108034
0.729730 -0.216216 -0.648649 0.347498 -0.912182 -0.217186 0.031607 -0.948209 -0.316070 -0.174821 -0.978997 -0.104893 0.000000 -0.995701 -0.092623 0.126148 -0.983958 -0.126148 0.105199 -0.988871 0.105199 -0.098743 -0.987429 -0.123429 -0.021607 -0.993912 0.108034
0.742588 -0.220026 -0.632575 0.350486 -0.920027 -0.175243 0.030686 -0.951260 -0.306858 -0.181012 -0.977466 -0.108607 0.000000 -0.995701 -0.092623 0.126148 -0.983958 -0.126148 0.105199 -0.988871 0.105199 -0.098743 -0.987429 -0.123429 -0.021607 -0.993912 0.108034
0.742588 -0.220026 -0.632575 0.350486 -0.920027 -0.175243 0.030686 -0.951260 -0.306858 -0.181012 -0.977466 -0.108607 0.000000 -0.995701 -0.092623 0.126148 -0.983958 -0.126148 0.105199 -0.988871 0.105199 -0.098743 -0.987429 -0.123429 -0.021607 -0.993912 0.108034
0.742588 -0.220026 -0.632575 0.350486 -0.920027 -0.175243 0.030686 -0.951260 -0.306858 -0.181608 -0.980684 -0.072643 -0.023094 -0.993042 -0.115470 0.126148 -0.983958 -0.126148 0.105199 -0.988871 0.105199 -0.101209 -0.986789 -0.126511 -0.021152 -0.994166 0.105762
0.734217 -0.197674 -0.649500 0.350486 -0.920027 -0.175243 0.030686 -0.951260 -0.306858 -0.181608 -0.980684 -0.072643 -0.023094 -0.993042 -0.115470 0.126148 -0.983958 -0.126148 0.105199 -0.988871 0.105199 -0.101209 -0.986789 -0.126511 -0.021152 -0.994166 0.105762
0.720833 -0.194070 -0.665384 0.352865 -0.926270 -0.132324 0.000000 -0.951709 -0.307003 -0.151620 -0.985527 -0.075810 -0.023094 -0.993042 -0.115470 0.126148 -0.983958 -0.126148 0.105199 -0.988871 0.105199 -0.101209 -0.986789 -0.126511 -0.021152 -0.994166 0.105762
0.707107 -0.197990 -0.678823 0.352865 -0.926270 -0.132324 0.000000 -0.951709 -0.307003 -0.151620 -0.985527 -0.075810 -0.023094 -0.993042 -0.115470 0.126148 -0.983958 -0.126148 0.105199 -0.988871 0.105199 -0.101209 -0.986789 -0.126511 -0.021152 -0.994166 0.105762
0.707107 -0.197990 -0.678823 0.350486 -0.920027 -0.175243 0.000000 -0.942428 -0.334410 -0.151620 -0.985527 -0.075810 -0.023094 -0.993042 -0.115470 0.126148 -0.983958 -0.126148 0.105199 -0.988871 0.105199 -0.101209 -0.986789 -0.126511 -0.021152 -0.994166 0.105762
0.692532 -0.201988 -0.692532 0.350486 -0.920027 -0.175243 0.000000 -0.942428 -0.334410 -0.151620 -0.985527 -0.075810 -0.023094 -0.993042 -0.115470 0.126148 -0.983958 -0.126148 0.084327 -0.990847 0.105409 -0.101209 -0.986789 -0.126511 -0.021152 -0.994166 0.105762
0.692532 -0.201988 -0.692532 0.350486 -0.920027 -0.175243 0.000000 -0.951709 -0.307003 -0.151078 -0.982006 -0.113308 -0.023094 -0.993042 -0.115470 0.126148 -0.983958 -0.126148 0.084327 -0.990847 0.105409 -0.101209 -0.986789 -0.126511 -0.021152 -0.994166 0.105762
0.682380 -0.170595 -0.710813 0.313363 -0.940089 -0.134298 0.000000 -0.951709 -0.307003 -0.151620 -0.985527 -0.075810 -0.023094 -0.993042 -0.115470 0.126148 -0.983958 -0.126148 0.084327 -0.990847 0.105409 -0.101209 -0.986789 -0.126511 -0.021152 -0.994166 0.105762
0.682380 -0.170595 -0.710813 0.313363 -0.940089 -0.134298 0.030387 -0.941993 -0.334255 -0.151620 -0.985527 -0.075810 -0.023094 -0.993042 -0.115470 0.126148 -0.983958 -0.126148 0.084327 -0.990847 0.105409 -0.101209 -0.986789 -0.126511 -0.021152 -0.994166 0.105762
0.682380 -0.170595 -0.710813 0.313363 -0.940089 -0.134298 0.030387 -0.941993 -0.334255 -0.151620 -0.985527 -0.075810 -0.023094 -0.993042 -0.115470 0.126148 -0.983958 -0.126148 0.084327 -0.990847 0.105409 -0.101209 -0.986789 -0.126511 -0.021152 -0.994166 0.105762
0.644891 -0.134352 -0.752373 0.303204 -0.952926 0.000000 0.030387 -0.941993 -0.334255 -0.151620 -0.985527 -0.075810 -0.023094 -0.993042 -0.115470 0.126148 -0.983958 -0.126148 0.084327 -0.990847 0.105409 -0.101209 -0.986789 -0.126511 -0.021152 -0.994166 0.105762
