-0.425195 0.903540 -0.053149 -0.613396 -0.286251 -0.736075 0.030964 -0.959886 -0.278677 -0.151620 -0.985527 -0.075810 -0.046461 -0.998920 0.000000 0.115470 -0.993042 -0.023094 0.136006 -0.971469 0.194294 -0.094703 -0.994379 -0.047351 0.000000 -0.995037 0.099504
-0.444444 0.888889 -0.111111 -0.613396 -0.286251 -0.736075 0.031911 -0.957338 -0.287202 -0.106265 -0.991811 -0.070844 -0.046449 -0.998651 0.023224 0.115470 -0.993042 -0.023094 0.135470 -0.967641 0.212881 -0.094703 -0.994379 -0.047351 0.000000 -0.995037 0.099504
-0.510485 0.840799 -0.180171 -0.613396 -0.286251 -0.736075 0.000000 -0.968277 -0.249878 -0.106265 -0.991811 -0.070844 -0.069580 -0.997307 0.023193 0.115470 -0.993042 -0.023094 0.135470 -0.967641 0.212881 -0.094703 -0.994379 -0.047351 0.000000 -0.995037 0.099504
-0.630190 0.729694 -0.265343 -0.644658 -0.241747 -0.725241 0.000000 -0.973841 -0.227230 -0.110133 -0.991201 -0.073422 -0.069580 -0.997307 0.023193 0.115470 -0.993042 -0.023094 0.135470 -0.967641 0.212881 -0.094703 -0.994379 -0.047351 0.000000 -0.996815 0.079745
-0.686498 0.650366 -0.325183 -0.677708 -0.285351 -0.677708 0.000000 -0.972082 -0.234641 -0.106265 -0.991811 -0.070844 -0.046461 -0.998920 0.000000 0.115470 -0.993042 -0.023094 0.135470 -0.967641 0.212881 -0.094703 -0.994379 -0.047351 0.000000 -0.996815 0.079745
-0.746364 0.528675 -0.404281 -0.659897 -0.416777 -0.625166 0.000000 -0.972082 -0.234641 -0.106265 -0.991811 -0.070844 -0.047552 -0.998586 0.023776 0.115470 -0.993042 -0.023094 0.135470 -0.967641 0.212881 -0.094703 -0.994379 -0.047351 0.000000 -0.996815 0.079745
-0.796117 0.371521 -0.477670 -0.634417 -0.563926 -0.528681 -0.031450 -0.974958 -0.220152 -0.136320 -0.988317 -0.068160 -0.047565 -0.998868 0.000000 0.115470 -0.993042 -0.023094 0.135470 -0.967641 0.212881 -0.094703 -0.994379 -0.047351 0.000000 -0.996815 0.079745
-0.865838 0.127329 -0.483851 -0.587775 -0.624511 -0.514303 -0.032669 -0.980057 -0.196011 -0.164045 -0.984268 -0.065618 -0.047565 -0.998868 0.000000 0.115470 -0.993042 -0.023094 0.135470 -0.967641 0.212881 -0.094703 -0.994379 -0.047351 0.000000 -0.996815 0.079745
-0.882836 -0.113914 -0.455657 -0.606435 -0.640126 -0.471672 -0.032669 -0.980057 -0.196011 -0.164045 -0.984268 -0.065618 -0.047565 -0.998868 0.000000 0.115470 -0.993042 -0.023094 0.135470 -0.967641 0.212881 -0.094703 -0.994379 -0.047351 0.000000 -0.996815 0.079745
-0.876462 -0.311003 -0.367549 -0.532330 -0.709773 -0.461353 -0.033501 -0.971537 -0.234509 -0.158910 -0.985245 -0.063564 -0.023803 -0.999717 0.000000 0.115470 -0.993042 -0.023094 0.135470 -0.967641 0.212881 -0.094703 -0.994379 -0.047351 0.000000 -0.996815 0.079745
-0.806988 -0.511093 -0.295896 -0.500959 -0.751439 -0.429394 0.000000 -0.972082 -0.234641 -0.164045 -0.984268 -0.065618 -0.023803 -0.999717 0.000000 0.115501 -0.993307 0.000000 0.135470 -0.967641 0.212881 -0.094703 -0.994379 -0.047351 0.000000 -0.996815 0.079745
-0.768610 -0.597808 -0.227736 -0.487713 -0.766406 -0.418040 0.030303 -0.969697 -0.242424 -0.216789 -0.975550 -0.036131 -0.024383 -0.999703 0.000000 0.115501 -0.993307 0.000000 0.135470 -0.967641 0.212881 -0.094703 -0.994379 -0.047351 0.000000 -0.996815 0.079745
-0.734659 -0.646500 -0.205704 -0.487713 -0.766406 -0.418040 0.029223 -0.964352 -0.263005 -0.233373 -0.972387 0.000000 -0.024383 -0.999703 0.000000 0.115501 -0.993307 0.000000 0.154390 -0.964935 0.212286 -0.092524 -0.994635 -0.046262 0.000000 -0.996685 0.081362
-0.724947 -0.664534 -0.181237 -0.460195 -0.814191 -0.353996 0.028421 -0.966315 -0.255789 -0.242536 -0.970143 0.000000 -0.024383 -0.999703 0.000000 0.115501 -0.993307 0.000000 0.154390 -0.964935 0.212286 -0.092524 -0.994635 -0.046262 0.000000 -0.996685 0.081362
-0.710507 -0.680903 -0.177627 -0.473746 -0.801725 -0.364420 0.056773 -0.965146 -0.255480 -0.280000 -0.960000 0.000000 -0.024383 -0.999703 0.000000 0.115501 -0.993307 0.000000 0.154390 -0.964935 0.212286 -0.092524 -0.994635 -0.046262 -0.020336 -0.996478 0.081345
-0.729149 -0.665745 -0.158511 -0.473746 -0.801725 -0.364420 0.056773 -0.965146 -0.255480 -0.242536 -0.970143 0.000000 -0.024383 -0.999703 0.000000 0.115501 -0.993307 0.000000 0.154390 -0.964935 0.212286 -0.092524 -0.994635 -0.046262 -0.020336 -0.996478 0.081345
-0.755827 -0.624379 -0.197172 -0.473746 -0.801725 -0.364420 0.028421 -0.966315 -0.255789 -0.212430 -0.977176 0.000000 -0.024383 -0.999703 0.000000 0.115501 -0.993307 0.000000 0.154390 -0.964935 0.212286 -0.092524 -0.994635 -0.046262 -0.020336 -0.996478 0.081345
-0.779073 -0.584305 -0.227230 -0.473746 -0.801725 -0.364420 0.028421 -0.966315 -0.255789 -0.212238 -0.976296 0.042448 -0.023803 -0.999717 0.000000 0.115501 -0.993307 0.000000 0.154390 -0.964935 0.212286 -0.092524 -0.994635 -0.046262 -0.020336 -0.996478 0.081345
-0.799412 -0.543600 -0.255812 -0.473746 -0.801725 -0.364420 0.028618 -0.973018 -0.228946 -0.212430 -0.977176 0.000000 -0.023803 -0.999717 0.000000 0.115470 -0.993042 -0.023094 0.154390 -0.964935 0.212286 -0.092524 -0.994635 -0.046262 -0.020336 -0.996478 0.081345
-0.825085 -0.444277 -0.349074 -0.444750 -0.815374 -0.370625 0.029437 -0.971429 -0.235498 -0.203954 -0.978980 0.000000 -0.023803 -0.999717 0.000000 0.115470 -0.993042 -0.023094 0.154390 -0.964935 0.212286 -0.092524 -0.994635 -0.046262 -0.040647 -0.995861 0.081295
-0.805614 -0.418919 -0.418919 -0.427527 -0.816188 -0.388661 0.029437 -0.971429 -0.235498 -0.203954 -0.978980 0.000000 -0.023803 -0.999717 0.000000 0.115470 -0.993042 -0.023094 0.154390 -0.964935 0.212286 -0.092524 -0.994635 -0.046262 -0.040647 -0.995861 0.081295
-0.790398 -0.362266 -0.493999 -0.427527 -0.816188 -0.388661 0.029437 -0.971429 -0.235498 -0.203954 -0.978980 0.000000 -0.023796 -0.999434 0.023796 0.115470 -0.993042 -0.023094 0.154390 -0.964935 0.212286 -0.092524 -0.994635 -0.046262 -0.040647 -0.995861 0.081295
-0.772587 -0.321911 -0.547249 -0.360867 -0.842023 -0.400963 0.028796 -0.979051 -0.201569 -0.212238 -0.976296 -0.042448 -0.023796 -0.999434 0.023796 0.115470 -0.993042 -0.023094 0.154390 -0.964935 0.212286 -0.092524 -0.994635 -0.046262 -0.040647 -0.995861 0.081295
-0.751506 -0.239115 -0.614868 -0.304114 -0.836315 -0.456172 0.000000 -0.979457 -0.201653 -0.171184 -0.984309 -0.042796 -0.023796 -0.999434 0.023796 0.115470 -0.993042 -0.023094 0.154390 -0.964935 0.212286 -0.092524 -0.994635 -0.046262 -0.040647 -0.995861 0.081295
-0.710134 -0.185252 -0.679258 -0.169485 -0.889799 -0.423714 0.030700 -0.982409 -0.184202 -0.195515 -0.977577 -0.078206 -0.023796 -0.999434 0.023796 0.115470 -0.993042 -0.023094 0.154390 -0.964935 0.212286 -0.092524 -0.994635 -0.046262 -0.040647 -0.995861 0.081295
-0.646997 -0.107833 -0.754829 0.043274 -0.952033 -0.302920 0.031830 -0.986741 -0.159152 -0.188311 -0.979217 -0.075324 -0.023796 -0.999434 0.023796 0.115470 -0.993042 -0.023094 0.154997 -0.968730 0.193746 -0.094703 -0.994379 -0.047351 -0.039841 -0.996024 0.079682
-0.646997 -0.107833 -0.754829 0.208878 -0.919063 -0.334205 0.032669 -0.980057 -0.196011 -0.181608 -0.980684 -0.072643 -0.023796 -0.999434 0.023796 0.115470 -0.993042 -0.023094 0.136006 -0.971469 0.194294 -0.094703 -0.994379 -0.047351 -0.039841 -0.996024 0.079682
-0.591054 -0.118211 -0.797923 0.358854 -0.877197 -0.318981 0.032669 -0.980057 -0.196011 -0.175358 -0.982003 -0.070143 -0.023796 -0.999434 0.023796 0.115470 -0.993042 -0.023094 0.136006 -0.971469 0.194294 -0.094703 -0.994379 -0.047351 -0.039841 -0.996024 0.079682
-0.475341 -0.178253 -0.861555 0.358854 -0.877197 -0.318981 0.032669 -0.980057 -0.196011 -0.174821 -0.978997 -0.104893 -0.023796 -0.999434 0.023796 0.115470 -0.993042 -0.023094 0.136006 -0.971469 0.194294 -0.094703 -0.994379 -0.047351 -0.019932 -0.996617 0.079729
-0.324785 -0.259828 -0.909398 0.400963 -0.842023 -0.360867 0.031654 -0.981288 -0.189927 -0.174821 -0.978997 -0.104893 -0.023796 -0.999434 0.023796 0.115470 -0.993042 -0.023094 0.136006 -0.971469 0.194294 -0.094703 -0.994379 -0.047351 -0.019897 -0.994840 0.099484
-0.133333 -0.333333 -0.933333 0.414870 -0.829740 -0.373383 0.031450 -0.974958 -0.220152 -0.174821 -0.978997 -0.104893 -0.023796 -0.999434 0.023796 0.115470 -0.993042 -0.023094 0.136006 -0.971469 0.194294 -0.094703 -0.994379 -0.047351 -0.019897 -0.994840 0.099484
0.036588 -0.402469 -0.914702 0.414870 -0.829740 -0.373383 0.031450 -0.974958 -0.220152 -0.175358 -0.982003 -0.070143 0.000000 -1.000000 0.000000 0.115470 -0.993042 -0.023094 0.136006 -0.971469 0.194294 -0.094703 -0.994379 -0.047351 -0.019854 -0.992681 0.119122
0.298347 -0.331497 -0.895041 0.308457 -0.925371 -0.220326 0.000000 -0.970143 -0.242536 -0.141069 -0.987484 -0.070535 0.000000 -1.000000 0.000000 0.115470 -0.993042 -0.023094 0.136006 -0.971469 0.194294 -0.094703 -0.994379 -0.047351 -0.019854 -0.992681 0.119122
0.454337 -0.272602 -0.848096 0.203279 -0.975739 -0.081312 0.000000 -0.970143 -0.242536 -0.141069 -0.987484 -0.070535 0.000000 -1.000000 0.000000 0.115470 -0.993042 -0.023094 0.116863 -0.973862 0.194772 -0.094703 -0.994379 -0.047351 -0.019854 -0.992681 0.119122
0.507253 -0.240278 -0.827624 0.163846 -0.983078 0.081923 0.000000 -0.970143 -0.242536 -0.146157 -0.986559 -0.073078 0.000000 -1.000000 0.000000 0.115470 -0.993042 -0.023094 0.116863 -0.973862 0.194772 -0.094703 -0.994379 -0.047351 0.000000 -0.990342 0.138648
0.525987 -0.200376 -0.826551 0.153732 -0.960828 0.230599 0.030514 -0.976445 -0.213597 -0.146157 -0.986559 -0.073078 0.000000 -1.000000 0.000000 0.115470 -0.993042 -0.023094 0.116863 -0.973862 0.194772 -0.094703 -0.994379 -0.047351 0.000000 -0.990342 0.138648
0.539705 -0.179902 -0.822407 0.150649 -0.941554 0.301297 0.030303 -0.969697 -0.242424 -0.146157 -0.986559 -0.073078 0.000000 -1.000000 0.000000 0.115470 -0.993042 -0.023094 0.117287 -0.977391 0.175930 -0.094703 -0.994379 -0.047351 0.000000 -0.990342 0.138648
0.553783 -0.158224 -0.817490 0.109618 -0.950019 0.292314 0.031220 -0.967805 -0.249756 -0.146157 -0.986559 -0.073078 0.000000 -1.000000 0.000000 0.115470 -0.993042 -0.023094 0.117287 -0.977391 0.175930 -0.094703 -0.994379 -0.047351 0.000000 -0.989949 0.141421
0.563264 -0.187755 -0.804663 0.113552 -0.946264 0.302804 0.031450 -0.974958 -0.220152 -0.146157 -0.986559 -0.073078 0.000000 -1.000000 0.000000 0.115470 -0.993042 -0.023094 0.117287 -0.977391 0.175930 -0.094703 -0.994379 -0.047351 0.000000 -0.989949 0.141421
0.565916 -0.161690 -0.808452 0.113552 -0.946264 0.302804 0.031450 -0.974958 -0.220152 -0.146157 -0.986559 -0.073078 0.000000 -0.999703 -0.024383 0.115470 -0.993042 -0.023094 0.097945 -0.979451 0.176301 -0.094703 -0.994379 -0.047351 0.000000 -0.989949 0.141421
0.565916 -0.161690 -0.808452 0.113552 -0.946264 0.302804 0.031450 -0.974958 -0.220152 -0.146157 -0.986559 -0.073078 0.000000 -0.999703 -0.024383 0.115470 -0.993042 -0.023094 0.097945 -0.979451 0.176301 -0.094703 -0.994379 -0.047351 0.000000 -0.986933 0.161132
0.559673 -0.167902 -0.811526 0.115900 -0.965834 0.231800 0.065233 -0.978492 -0.195698 -0.146157 -0.986559 -0.073078 0.000000 -0.999703 -0.024383 0.115470 -0.993042 -0.023094 0.097945 -0.979451 0.176301 -0.094703 -0.994379 -0.047351 -0.020137 -0.986733 0.161099
0.556846 -0.194896 -0.807427 0.120386 -0.963087 0.240772 0.065233 -0.978492 -0.195698 -0.146157 -0.986559 -0.073078 0.000000 -0.999703 -0.024383 0.115470 -0.993042 -0.023094 0.097945 -0.979451 0.176301 -0.094703 -0.994379 -0.047351 -0.020137 -0.986733 0.161099
0.556846 -0.194896 -0.807427 0.120386 -0.963087 0.240772 0.065233 -0.978492 -0.195698 -0.146157 -0.986559 -0.073078 0.000000 -0.999703 -0.024383 0.115470 -0.993042 -0.023094 0.097945 -0.979451 0.176301 -0.094703 -0.994379 -0.047351 -0.020137 -0.986733 0.161099
0.549859 -0.202580 -0.810319 0.121466 -0.971732 0.202444 0.064786 -0.971795 -0.226752 -0.181608 -0.980684 -0.072643 0.000000 -0.999703 -0.024383 0.115470 -0.993042 -0.023094 0.097945 -0.979451 0.176301 -0.094703 -0.994379 -0.047351 -0.020137 -0.986733 0.161099
