-0.628768 0.776713 -0.036986 -0.511208 0.182574 -0.839841 0.116150 -0.958234 -0.261337 -0.128861 -0.987935 -0.085907 0.023803 -0.999717 0.000000 0.083028 -0.996331 0.020757 0.087854 -0.966391 0.241598 -0.105786 -0.994389 0.000000 -0.066932 -0.981664 0.178484
-0.605609 0.794862 -0.037851 -0.511208 0.182574 -0.839841 0.116150 -0.958234 -0.261337 -0.128861 -0.987935 -0.085907 0.023803 -0.999717 0.000000 0.083028 -0.996331 0.020757 0.087854 -0.966391 0.241598 -0.105786 -0.994389 0.000000 -0.066932 -0.981664 0.178484
-0.631233 0.764124 -0.132891 -0.478471 0.039873 -0.877197 0.116150 -0.958234 -0.261337 -0.128271 -0.983409 -0.128271 0.024383 -0.999703 0.000000 0.082974 -0.995688 0.041487 0.088302 -0.971324 0.220755 -0.105786 -0.994389 0.000000 -0.044677 -0.982888 0.178707
-0.641989 0.703131 -0.305709 -0.488527 -0.222058 -0.843820 0.113002 -0.960513 -0.254254 -0.089712 -0.986835 -0.134568 0.000000 -1.000000 0.000000 0.082974 -0.995688 0.041487 0.087854 -0.966391 0.241598 -0.105786 -0.994389 0.000000 -0.044845 -0.986587 0.156957
-0.689098 0.602961 -0.401974 -0.452216 -0.452216 -0.768767 0.109231 -0.955771 -0.273077 -0.134568 -0.986835 -0.089712 -0.024383 -0.999703 0.000000 0.082974 -0.995688 0.041487 0.087854 -0.966391 0.241598 -0.105786 -0.994389 0.000000 -0.044845 -0.986587 0.156957
-0.744073 0.457891 -0.486509 -0.447214 -0.536656 -0.715542 0.084348 -0.955947 -0.281161 -0.134568 -0.986835 -0.089712 -0.023803 -0.999717 0.000000 0.082974 -0.995688 0.041487 0.087854 -0.966391 0.241598 -0.105786 -0.994389 0.000000 -0.044845 -0.986587 0.156957
-0.812296 0.216612 -0.541530 -0.390567 -0.650945 -0.650945 0.084989 -0.963208 -0.254967 -0.177297 -0.975133 -0.132973 -0.023803 -0.999717 0.000000 0.082974 -0.995688 0.041487 0.087854 -0.966391 0.241598 -0.105786 -0.994389 0.000000 -0.044845 -0.986587 0.156957
-0.839065 -0.054133 -0.541332 -0.379642 -0.674919 -0.632737 0.058371 -0.963119 -0.262669 -0.156893 -0.980581 -0.117670 -0.047552 -0.998586 -0.023776 0.081295 -0.995861 0.040647 0.089757 -0.964892 0.246833 -0.105786 -0.994389 0.000000 -0.044845 -0.986587 0.156957
-0.814115 -0.279852 -0.508822 -0.367118 -0.734235 -0.571072 0.062348 -0.966394 -0.249392 -0.145000 -0.978749 -0.145000 -0.047552 -0.998586 -0.023776 0.081295 -0.995861 0.040647 0.089757 -0.964892 0.246833 -0.105786 -0.994389 0.000000 -0.044845 -0.986587 0.156957
-0.807171 -0.390567 -0.442642 -0.328244 -0.779579 -0.533396 0.028421 -0.966315 -0.255789 -0.123091 -0.984732 -0.123091 -0.047552 -0.998586 -0.023776 0.081295 -0.995861 0.040647 0.089757 -0.964892 0.246833 -0.105786 -0.994389 0.000000 -0.044845 -0.986587 0.156957
-0.816497 -0.408248 -0.408248 -0.314027 -0.824322 -0.471041 0.026755 -0.963173 -0.267548 -0.134568 -0.986835 -0.089712 -0.047552 -0.998586 -0.023776 0.081295 -0.995861 0.040647 0.089757 -0.964892 0.246833 -0.105786 -0.994389 0.000000 -0.044845 -0.986587 0.156957
-0.806612 -0.432113 -0.403306 -0.319744 -0.839329 -0.439648 0.000000 -0.965363 -0.260909 -0.186299 -0.978068 -0.093149 -0.047552 -0.998586 -0.023776 0.081295 -0.995861 0.040647 0.089757 -0.964892 0.246833 -0.105786 -0.994389 0.000000 -0.044845 -0.986587 0.156957
-0.805701 -0.447612 -0.387930 -0.283190 -0.849569 -0.445012 0.026082 -0.965035 -0.260820 -0.230633 -0.968658 -0.092253 -0.047552 -0.998586 -0.023776 0.082974 -0.995688 0.041487 0.087854 -0.966391 0.241598 -0.105786 -0.994389 0.000000 -0.044845 -0.986587 0.156957
-0.816497 -0.408248 -0.408248 -0.278225 -0.874421 -0.397464 0.025441 -0.966762 -0.254411 -0.230633 -0.968658 -0.092253 -0.047552 -0.998586 -0.023776 0.082974 -0.995688 0.041487 0.087854 -0.966391 0.241598 -0.105762 -0.994166 -0.021152 -0.044677 -0.982888 0.178707
-0.833950 -0.320750 -0.449050 -0.278225 -0.874421 -0.397464 0.024830 -0.968365 -0.248299 -0.241402 -0.965609 -0.096561 -0.047552 -0.998586 -0.023776 0.082974 -0.995688 0.041487 0.087854 -0.966391 0.241598 -0.108034 -0.993912 -0.021607 -0.065497 -0.982448 0.174658
-0.810524 -0.249392 -0.529958 -0.288185 -0.864556 -0.411693 0.025441 -0.966762 -0.254411 -0.231372 -0.971764 -0.046274 -0.047552 -0.998586 -0.023776 0.082974 -0.995688 0.041487 0.087854 -0.966391 0.241598 -0.108034 -0.993912 -0.021607 -0.065497 -0.982448 0.174658
-0.797831 -0.153429 -0.583031 -0.249783 -0.874241 -0.416305 0.028618 -0.973018 -0.228946 -0.194772 -0.973862 -0.116863 -0.047552 -0.998586 -0.023776 0.082974 -0.995688 0.041487 0.087854 -0.966391 0.241598 -0.108034 -0.993912 -0.021607 -0.065497 -0.982448 0.174658
-0.751101 -0.062592 -0.657213 -0.249783 -0.874241 -0.416305 0.031450 -0.974958 -0.220152 -0.174078 -0.974835 -0.139262 -0.047552 -0.998586 -0.023776 0.082974 -0.995688 0.041487 0.087854 -0.966391 0.241598 -0.108034 -0.993912 -0.021607 -0.065497 -0.982448 0.174658
-0.722285 -0.031404 -0.690882 -0.176090 -0.880451 -0.440225 0.032444 -0.973329 -0.227110 -0.168359 -0.976481 -0.134687 -0.047552 -0.998586 -0.023776 0.082974 -0.995688 0.041487 0.087854 -0.966391 0.241598 -0.108034 -0.993912 -0.021607 -0.065497 -0.982448 0.174658
-0.676763 -0.029424 -0.735612 -0.135388 -0.857458 -0.496423 0.033748 -0.978703 -0.202490 -0.167506 -0.971537 -0.167506 -0.047511 -0.997740 -0.047511 0.082974 -0.995688 0.041487 0.087854 -0.966391 0.241598 -0.108034 -0.993912 -0.021607 -0.065497 -0.982448 0.174658
-0.631413 -0.028701 -0.774916 -0.047351 -0.852325 -0.520865 0.033748 -0.978703 -0.202490 -0.167506 -0.971537 -0.167506 -0.023776 -0.998586 -0.047552 0.084724 -0.995504 0.042362 0.087854 -0.966391 0.241598 -0.108034 -0.993912 -0.021607 -0.065497 -0.982448 0.174658
-0.508770 -0.063596 -0.858550 0.000000 -0.874157 -0.485643 0.033748 -0.978703 -0.202490 -0.167506 -0.971537 -0.167506 -0.023776 -0.998586 -0.047552 0.084724 -0.995504 0.042362 0.087854 -0.966391 0.241598 -0.108034 -0.993912 -0.021607 -0.065497 -0.982448 0.174658
-0.432853 -0.066593 -0.899002 0.090722 -0.861858 -0.498970 0.066890 -0.969905 -0.234115 -0.168359 -0.976481 -0.134687 -0.023776 -0.998586 -0.047552 0.084724 -0.995504 0.042362 0.087854 -0.966391 0.241598 -0.108034 -0.993912 -0.021607 -0.065497 -0.982448 0.174658
-0.283909 -0.035489 -0.958194 0.176090 -0.880451 -0.440225 0.066890 -0.969905 -0.234115 -0.174821 -0.978997 -0.104893 -0.023776 -0.998586 -0.047552 0.084724 -0.995504 0.042362 0.087854 -0.966391 0.241598 -0.108034 -0.993912 -0.021607 -0.065497 -0.982448 0.174658
-0.039841 -0.079682 -0.996024 0.172613 -0.863064 -0.474685 0.066890 -0.969905 -0.234115 -0.174821 -0.978997 -0.104893 -0.023776 -0.998586 -0.047552 0.084724 -0.995504 0.042362 0.087854 -0.966391 0.241598 -0.108034 -0.993912 -0.021607 -0.065497 -0.982448 0.174658
0.211667 -0.084667 -0.973668 0.206372 -0.866763 -0.454019 0.064786 -0.971795 -0.226752 -0.181012 -0.977466 -0.108607 -0.023776 -0.998586 -0.047552 0.084724 -0.995504 0.042362 0.087854 -0.966391 0.241598 -0.108034 -0.993912 -0.021607 -0.065497 -0.982448 0.174658
0.344010 -0.137604 -0.928828 0.279448 -0.931493 -0.232873 0.064786 -0.971795 -0.226752 -0.145671 -0.983282 -0.109254 -0.024354 -0.998516 -0.048708 0.084724 -0.995504 0.042362 0.087854 -0.966391 0.241598 -0.108034 -0.993912 -0.021607 -0.065233 -0.978492 0.195698
0.532552 -0.031327 -0.845818 0.210725 -0.969334 -0.126435 0.064282 -0.964237 -0.257130 -0.145671 -0.983282 -0.109254 -0.024354 -0.998516 -0.048708 0.084724 -0.995504 0.042362 0.087854 -0.966391 0.241598 -0.108034 -0.993912 -0.021607 -0.065233 -0.978492 0.195698
0.607177 -0.091077 -0.789330 0.263117 -0.964764 0.000000 0.064282 -0.964237 -0.257130 -0.145671 -0.983282 -0.109254 -0.024354 -0.998516 -0.048708 0.084724 -0.995504 0.042362 0.087854 -0.966391 0.241598 -0.108034 -0.993912 -0.021607 -0.065233 -0.978492 0.195698
0.732177 -0.084482 -0.675855 0.262111 -0.961074 0.087370 0.064282 -0.964237 -0.257130 -0.146157 -0.986559 -0.073078 -0.024354 -0.998516 -0.048708 0.084724 -0.995504 0.042362 0.087854 -0.966391 0.241598 -0.108034 -0.993912 -0.021607 -0.065233 -0.978492 0.195698
0.760036 -0.056299 -0.647438 0.250435 -0.960001 0.125218 0.064282 -0.964237 -0.257130 -0.146157 -0.986559 -0.073078 -0.024376 -0.999406 -0.024376 0.084724 -0.995504 0.042362 0.087854 -0.966391 0.241598 -0.108034 -0.993912 -0.021607 -0.065233 -0.978492 0.195698
0.782356 -0.053956 -0.620490 0.210725 -0.969334 0.126435 0.062348 -0.966394 -0.249392 -0.151620 -0.985527 -0.075810 -0.024376 -0.999406 -0.024376 0.084724 -0.995504 0.042362 0.087854 -0.966391 0.241598 -0.108034 -0.993912 -0.021607 -0.065233 -0.978492 0.195698
0.782356 -0.053956 -0.620490 0.209427 -0.963364 0.167542 0.062348 -0.966394 -0.249392 -0.151947 -0.987658 -0.037987 -0.024376 -0.999406 -0.024376 0.084724 -0.995504 0.042362 0.087854 -0.966391 0.241598 -0.108034 -0.993912 -0.021607 -0.065233 -0.978492 0.195698
0.796691 0.000000 -0.604386 0.201292 -0.966204 0.161034 0.031220 -0.967805 -0.249756 -0.151947 -0.987658 -0.037987 -0.024376 -0.999406 -0.024376 0.084724 -0.995504 0.042362 0.087854 -0.966391 0.241598 -0.108034 -0.993912 -0.021607 -0.064942 -0.974126 0.216473
0.786318 0.000000 -0.617822 0.193746 -0.968730 0.154997 0.031450 -0.974958 -0.220152 -0.151947 -0.987658 -0.037987 -0.024376 -0.999406 -0.024376 0.084724 -0.995504 0.042362 0.087854 -0.966391 0.241598 -0.108034 -0.993912 -0.021607 -0.064942 -0.974126 0.216473
0.800000 0.000000 -0.600000 0.194772 -0.973862 0.116863 0.031450 -0.974958 -0.220152 -0.151947 -0.987658 -0.037987 -0.024376 -0.999406 -0.024376 0.084724 -0.995504 0.042362 0.087854 -0.966391 0.241598 -0.108034 -0.993912 -0.021607 -0.064942 -0.974126 0.216473
0.789352 0.000000 -0.613941 0.194772 -0.973862 0.116863 0.000000 -0.975441 -0.220261 -0.151947 -0.987658 -0.037987 -0.024383 -0.999703 0.000000 0.084724 -0.995504 0.042362 0.087854 -0.966391 0.241598 -0.108034 -0.993912 -0.021607 -0.064942 -0.974126 0.216473
0.799674 0.028560 -0.599755 0.156893 -0.980581 0.117670 0.000000 -0.982872 -0.184289 -0.152057 -0.988372 0.000000 -0.024383 -0.999703 0.000000 0.084724 -0.995504 0.042362 0.087854 -0.966391 0.241598 -0.108034 -0.993912 -0.021607 -0.064942 -0.974126 0.216473
0.799674 0.028560 -0.599755 0.156893 -0.980581 0.117670 0.000000 -0.982872 -0.184289 -0.152057 -0.988372 0.000000 -0.024383 -0.999703 0.000000 0.084724 -0.995504 0.042362 0.087854 -0.966391 0.241598 -0.108034 -0.993912 -0.021607 -0.064942 -0.974126 0.216473
0.799674 0.028560 -0.599755 0.156893 -0.980581 0.117670 0.000000 -0.982872 -0.184289 -0.152057 -0.988372 0.000000 0.000000 -0.999703 -0.024383 0.105691 -0.993500 0.042277 0.066002 -0.968027 0.242007 -0.108034 -0.993912 -0.021607 -0.064942 -0.974126 0.216473
0.799674 0.028560 -0.599755 0.156893 -0.980581 0.117670 0.000000 -0.988012 -0.154377 -0.151947 -0.987658 -0.037987 0.000000 -0.999703 -0.024383 0.105691 -0.993500 0.042277 0.066002 -0.968027 0.242007 -0.108034 -0.993912 -0.021607 -0.064942 -0.974126 0.216473
0.789352 0.000000 -0.613941 0.118308 -0.985904 0.118308 0.000000 -0.988012 -0.154377 -0.151947 -0.987658 -0.037987 0.000000 -0.999717 -0.023803 0.105691 -0.993500 0.042277 0.066002 -0.968027 0.242007 -0.108034 -0.993912 -0.021607 -0.064942 -0.974126 0.216473
