-0.642999 0.718646 -0.264764 -0.618070 0.325300 -0.715660 0.000000 -0.945687 -0.325080 -0.078750 -0.984374 -0.157500 -0.063571 -0.995950 -0.063571 0.101209 -0.986789 -0.126511 0.167212 -0.982370 0.083606 -0.101209 -0.986789 -0.126511 0.021713 -0.998821 0.043427
-0.641223 0.712470 -0.284988 -0.631676 0.070186 -0.772049 0.000000 -0.948683 -0.316228 -0.122373 -0.978980 -0.163163 -0.082885 -0.994618 -0.062164 0.101209 -0.986789 -0.126511 0.167212 -0.982370 0.083606 -0.101209 -0.986789 -0.126511 0.021713 -0.998821 0.043427
-0.700119 0.622328 -0.350059 -0.601793 -0.176998 -0.778792 0.000000 -0.948683 -0.316228 -0.122373 -0.978980 -0.163163 -0.084629 -0.994389 -0.063472 0.101209 -0.986789 -0.126511 0.167212 -0.982370 0.083606 -0.101209 -0.986789 -0.126511 0.021713 -0.998821 0.043427
-0.791797 0.431889 -0.431889 -0.527046 -0.421637 -0.737865 0.000000 -0.948683 -0.316228 -0.122373 -0.978980 -0.163163 -0.063472 -0.994389 -0.084629 0.101209 -0.986789 -0.126511 0.167212 -0.982370 0.083606 -0.101209 -0.986789 -0.126511 0.021713 -0.998821 0.043427
-0.791327 0.339140 -0.508710 -0.485389 -0.550107 -0.679544 0.000000 -0.948683 -0.316228 -0.127458 -0.977176 -0.169944 -0.064700 -0.992062 -0.107833 0.101209 -0.986789 -0.126511 0.146792 -0.985604 0.083881 -0.101209 -0.986789 -0.126511 0.021713 -0.998821 0.043427
-0.813733 0.000000 -0.581238 -0.408248 -0.690882 -0.596671 0.000000 -0.948683 -0.316228 -0.123091 -0.984732 -0.123091 -0.066114 -0.991709 -0.110190 0.101209 -0.986789 -0.126511 0.163846 -0.983078 0.081923 -0.101209 -0.986789 -0.126511 0.000000 -0.999133 0.041631
-0.812296 -0.216612 -0.541530 -0.368925 -0.768594 -0.522644 0.000000 -0.948683 -0.316228 -0.156893 -0.980581 -0.117670 -0.067403 -0.988577 -0.134806 0.101209 -0.986789 -0.126511 0.160611 -0.983745 0.080306 -0.101209 -0.986789 -0.126511 -0.020387 -0.998960 0.040774
-0.797836 -0.354594 -0.487566 -0.338983 -0.801234 -0.493067 0.000000 -0.945687 -0.325080 -0.146157 -0.986559 -0.073078 -0.069135 -0.990931 -0.115225 0.101209 -0.986789 -0.126511 0.157500 -0.984374 0.078750 -0.101209 -0.986789 -0.126511 -0.019980 -0.999001 0.039960
-0.773740 -0.447955 -0.447955 -0.335497 -0.823492 -0.457496 0.000000 -0.953994 -0.299827 -0.203279 -0.975739 -0.081312 -0.046151 -0.992249 -0.115378 0.101209 -0.986789 -0.126511 0.157500 -0.984374 0.078750 -0.101209 -0.986789 -0.126511 -0.019980 -0.999001 0.039960
-0.777778 -0.444444 -0.444444 -0.312348 -0.843338 -0.437287 0.000000 -0.961524 -0.274721 -0.202444 -0.971732 -0.121466 -0.046151 -0.992249 -0.115378 0.101209 -0.986789 -0.126511 0.157500 -0.984374 0.078750 -0.101209 -0.986789 -0.126511 -0.019980 -0.999001 0.039960
-0.792632 -0.413547 -0.448010 -0.287641 -0.862924 -0.415482 0.000000 -0.963518 -0.267644 -0.211667 -0.973668 -0.084667 -0.046017 -0.989356 -0.138050 0.101209 -0.986789 -0.126511 0.157500 -0.984374 0.078750 -0.101209 -0.986789 -0.126511 -0.020387 -0.998960 0.040774
-0.781121 -0.441503 -0.441503 -0.304256 -0.845154 -0.439480 0.000000 -0.963518 -0.267644 -0.211667 -0.973668 -0.084667 -0.046017 -0.989356 -0.138050 0.101209 -0.986789 -0.126511 0.157500 -0.984374 0.078750 -0.101209 -0.986789 -0.126511 -0.020387 -0.998960 0.040774
-0.763631 -0.381816 -0.520658 -0.304256 -0.845154 -0.439480 0.000000 -0.963518 -0.267644 -0.211667 -0.973668 -0.084667 -0.023027 -0.990142 -0.138159 0.101209 -0.986789 -0.126511 0.140962 -0.986733 0.080550 -0.101209 -0.986789 -0.126511 -0.020387 -0.998960 0.040774
-0.704907 -0.317208 -0.634417 -0.313150 -0.835067 -0.452328 0.000000 -0.963518 -0.267644 -0.211667 -0.973668 -0.084667 -0.023564 -0.989675 -0.141382 0.126148 -0.983958 -0.126148 0.121144 -0.989344 0.080763 -0.101209 -0.986789 -0.126511 -0.020811 -0.998917 0.041622
-0.635999 -0.212000 -0.741999 -0.281265 -0.843795 -0.457056 0.000000 -0.968493 -0.249041 -0.202444 -0.971732 -0.121466 -0.023564 -0.989675 -0.141382 0.126148 -0.983958 -0.126148 0.121144 -0.989344 0.080763 -0.101209 -0.986789 -0.126511 -0.020811 -0.998917 0.041622
-0.558404 -0.209401 -0.802706 -0.224231 -0.822179 -0.523205 0.000000 -0.968493 -0.249041 -0.203279 -0.975739 -0.081312 -0.023094 -0.993042 -0.115470 0.126148 -0.983958 -0.126148 0.121144 -0.989344 0.080763 -0.101209 -0.986789 -0.126511 -0.020811 -0.998917 0.041622
-0.551553 -0.194666 -0.811107 -0.081650 -0.816497 -0.571548 0.000000 -0.966705 -0.255893 -0.194772 -0.973862 -0.116863 -0.023094 -0.993042 -0.115470 0.126148 -0.983958 -0.126148 0.123613 -0.988903 0.082409 -0.101209 -0.986789 -0.126511 -0.020811 -0.998917 0.041622
-0.449215 -0.209633 -0.868481 0.084440 -0.802181 -0.591080 0.000000 -0.964764 -0.263117 -0.187647 -0.975763 -0.112588 -0.023094 -0.993042 -0.115470 0.126148 -0.983958 -0.126148 0.123613 -0.988903 0.082409 -0.101209 -0.986789 -0.126511 -0.020811 -0.998917 0.041622
-0.294198 -0.294198 -0.909338 0.208696 -0.751305 -0.626088 0.000000 -0.964764 -0.263117 -0.187647 -0.975763 -0.112588 -0.023094 -0.993042 -0.115470 0.126148 -0.983958 -0.126148 0.123613 -0.988903 0.082409 -0.101209 -0.986789 -0.126511 -0.020788 -0.997837 0.062365
-0.216820 -0.265003 -0.939554 0.358849 -0.762554 -0.538274 0.000000 -0.954480 -0.298275 -0.181012 -0.977466 -0.108607 -0.023094 -0.993042 -0.115470 0.126148 -0.983958 -0.126148 0.123613 -0.988903 0.082409 -0.101209 -0.986789 -0.126511 -0.021229 -0.997744 0.063686
-0.058798 -0.235192 -0.970169 0.334855 -0.861057 -0.382692 0.000000 -0.954480 -0.298275 -0.188311 -0.979217 -0.075324 -0.023094 -0.993042 -0.115470 0.126148 -0.983958 -0.126148 0.105409 -0.990847 0.084327 -0.101209 -0.986789 -0.126511 -0.021229 -0.997744 0.063686
0.160210 -0.224294 -0.961262 0.382692 -0.861057 -0.334855 0.000000 -0.954480 -0.298275 -0.188311 -0.979217 -0.075324 -0.023094 -0.993042 -0.115470 0.126148 -0.983958 -0.126148 0.105409 -0.990847 0.084327 -0.101209 -0.986789 -0.126511 -0.021229 -0.997744 0.063686
0.400445 -0.166852 -0.901002 0.411650 -0.869040 -0.274434 0.000000 -0.945687 -0.325080 -0.188311 -0.979217 -0.075324 -0.022576 -0.993352 -0.112881 0.126148 -0.983958 -0.126148 0.105409 -0.990847 0.084327 -0.101209 -0.986789 -0.126511 -0.021195 -0.996174 0.084781
0.581728 -0.205316 -0.787044 0.367452 -0.872699 -0.321521 0.000000 -0.945687 -0.325080 -0.188311 -0.979217 -0.075324 -0.022576 -0.993352 -0.112881 0.126148 -0.983958 -0.126148 0.105409 -0.990847 0.084327 -0.101209 -0.986789 -0.126511 -0.021195 -0.996174 0.084781
0.695375 -0.181402 -0.695375 0.411650 -0.869040 -0.274434 0.000000 -0.945687 -0.325080 -0.188311 -0.979217 -0.075324 -0.022576 -0.993352 -0.112881 0.126148 -0.983958 -0.126148 0.105409 -0.990847 0.084327 -0.101209 -0.986789 -0.126511 -0.021195 -0.996174 0.084781
0.739600 -0.184900 -0.647150 0.406164 -0.857458 -0.315906 0.000000 -0.945687 -0.325080 -0.188311 -0.979217 -0.075324 -0.022576 -0.993352 -0.112881 0.126148 -0.983958 -0.126148 0.105409 -0.990847 0.084327 -0.101209 -0.986789 -0.126511 -0.021195 -0.996174 0.084781
0.779688 -0.179928 -0.599760 0.442807 -0.841334 -0.309965 0.000000 -0.945687 -0.325080 -0.188713 -0.981307 -0.037743 -0.022576 -0.993352 -0.112881 0.126148 -0.983958 -0.126148 0.105409 -0.990847 0.084327 -0.101209 -0.986789 -0.126511 -0.021652 -0.996007 0.086609
0.786667 -0.203951 -0.582717 0.483312 -0.834812 -0.263625 0.000000 -0.951709 -0.307003 -0.181608 -0.980684 -0.072643 -0.022628 -0.995638 -0.090513 0.126148 -0.983958 -0.126148 0.105409 -0.990847 0.084327 -0.101209 -0.986789 -0.126511 -0.021652 -0.996007 0.086609
0.800022 -0.207413 -0.562978 0.509831 -0.807233 -0.297402 0.000000 -0.951709 -0.307003 -0.181608 -0.980684 -0.072643 -0.022628 -0.995638 -0.090513 0.126148 -0.983958 -0.126148 0.105409 -0.990847 0.084327 -0.101209 -0.986789 -0.126511 -0.021607 -0.993912 0.108034
0.786667 -0.203951 -0.582717 0.483312 -0.834812 -0.263625 0.000000 -0.951709 -0.307003 -0.181608 -0.980684 -0.072643 -0.022576 -0.993352 -0.112881 0.126148 -0.983958 -0.126148 0.105409 -0.990847 0.084327 -0.101209 -0.986789 -0.126511 -0.021152 -0.994166 0.105762
0.788966 -0.212414 -0.576552 0.515920 -0.816874 -0.257960 0.000000 -0.951709 -0.307003 -0.224231 -0.971666 -0.074744 -0.022576 -0.993352 -0.112881 0.126148 -0.983958 -0.126148 0.105409 -0.990847 0.084327 -0.101209 -0.986789 -0.126511 -0.021152 -0.994166 0.105762
0.788966 -0.212414 -0.576552 0.515920 -0.816874 -0.257960 0.000000 -0.951709 -0.307003 -0.224702 -0.973708 -0.037450 -0.022576 -0.993352 -0.112881 0.126148 -0.983958 -0.126148 0.105409 -0.990847 0.084327 -0.101209 -0.986789 -0.126511 -0.021152 -0.994166 0.105762
0.788966 -0.212414 -0.576552 0.515920 -0.816874 -0.257960 0.000000 -0.951709 -0.307003 -0.224702 -0.973708 -0.037450 -0.022576 -0.993352 -0.112881 0.126148 -0.983958 -0.126148 0.105409 -0.990847 0.084327 -0.101209 -0.986789 -0.126511 -0.021152 -0.994166 0.105762
0.762848 -0.213597 -0.610278 0.521247 -0.825307 -0.217186 0.000000 -0.951709 -0.307003 -0.224702 -0.973708 -0.037450 -0.022576 -0.993352 -0.112881 0.126148 -0.983958 -0.126148 0.084497 -0.992835 0.084497 -0.101209 -0.986789 -0.126511 -0.021152 -0.994166 0.105762
