-0.679258 0.710134 -0.185252 -0.339887 -0.297402 -0.892205 0.033501 -0.971537 -0.234509 -0.162221 -0.973329 -0.162221 0.000000 -1.000000 0.000000 0.000000 -0.998920 -0.046461 0.039216 -0.960784 0.274510 -0.115470 -0.993042 0.023094 -0.021330 -0.981169 0.191968
-0.667894 0.728612 -0.151794 -0.363210 -0.282497 -0.887848 0.033501 -0.971537 -0.234509 -0.162221 -0.973329 -0.162221 0.000000 -1.000000 0.000000 0.000000 -0.998920 -0.046461 0.039216 -0.960784 0.274510 -0.115470 -0.993042 0.023094 -0.021330 -0.981169 0.191968
-0.669840 0.728087 -0.145617 -0.376638 -0.292941 -0.878823 0.033501 -0.971537 -0.234509 -0.162221 -0.973329 -0.162221 0.023250 -0.999730 0.000000 0.000000 -0.998920 -0.046461 0.039216 -0.960784 0.274510 -0.115501 -0.993307 0.000000 -0.021330 -0.981169 0.191968
-0.669840 0.728087 -0.145617 -0.376638 -0.292941 -0.878823 0.033748 -0.978703 -0.202490 -0.162221 -0.973329 -0.162221 0.000000 -1.000000 0.000000 0.000000 -0.998920 -0.046461 0.039216 -0.960784 0.274510 -0.072442 -0.990038 -0.120736 -0.021330 -0.981169 0.191968
-0.685435 0.713994 -0.142799 -0.376638 -0.292941 -0.878823 0.033748 -0.978703 -0.202490 -0.162221 -0.973329 -0.162221 0.000000 -1.000000 0.000000 0.000000 -0.998920 -0.046461 0.039216 -0.960784 0.274510 -0.094570 -0.992988 -0.070928 0.000000 -0.981393 0.192012
-0.666737 0.724714 -0.173931 -0.445012 -0.283190 -0.849569 0.033748 -0.978703 -0.202490 -0.162221 -0.973329 -0.162221 0.000000 -1.000000 0.000000 0.000000 -0.998920 -0.046461 0.039216 -0.960784 0.274510 -0.094703 -0.994379 -0.047351 0.000000 -0.981393 0.192012
-0.655806 0.741346 -0.142566 -0.349149 -0.436436 -0.829228 0.033748 -0.978703 -0.202490 -0.122373 -0.978980 -0.163163 0.000000 -1.000000 0.000000 0.000000 -0.998920 -0.046461 0.039216 -0.960784 0.274510 -0.118180 -0.992711 -0.023636 0.000000 -0.982155 0.188072
-0.707630 0.680414 -0.190516 -0.342368 -0.470757 -0.813125 0.033748 -0.978703 -0.202490 -0.194772 -0.973862 -0.116863 -0.023250 -0.999730 0.000000 0.000000 -0.998920 -0.046461 0.039216 -0.960784 0.274510 -0.118180 -0.992711 -0.023636 0.000000 -0.982155 0.188072
-0.760286 0.608229 -0.228086 -0.269953 -0.584898 -0.764866 0.033748 -0.978703 -0.202490 -0.193746 -0.968730 -0.154997 -0.046461 -0.998920 0.000000 0.000000 -0.998920 -0.046461 0.038999 -0.955473 0.292492 -0.118213 -0.992988 0.000000 0.000000 -0.982155 0.188072
-0.827851 0.501728 -0.250864 -0.255841 -0.639602 -0.724882 0.000000 -0.979260 -0.202606 -0.180187 -0.973012 -0.144150 -0.046449 -0.998651 -0.023224 0.000000 -0.998920 -0.046461 0.038999 -0.955473 0.292492 -0.118213 -0.992988 0.000000 0.000000 -0.982155 0.188072
-0.893033 0.390702 -0.223258 -0.350059 -0.622328 -0.700119 -0.028952 -0.984371 -0.173712 -0.250801 -0.967375 -0.035829 -0.069580 -0.997307 -0.023193 0.000000 -0.998920 -0.046461 0.038999 -0.955473 0.292492 -0.118213 -0.992988 0.000000 0.000000 -0.982155 0.188072
-0.951835 0.201904 -0.230748 -0.332877 -0.702740 -0.628768 -0.028952 -0.984371 -0.173712 -0.284088 -0.958798 0.000000 -0.069580 -0.997307 -0.023193 0.000000 -0.998920 -0.046461 0.038999 -0.955473 0.292492 -0.115470 -0.993042 0.023094 0.000000 -0.982155 0.188072
-0.970169 -0.058798 -0.235192 -0.263635 -0.753244 -0.602595 -0.029801 -0.983433 -0.178806 -0.274721 -0.961524 0.000000 -0.069523 -0.996503 -0.046349 0.000000 -0.999730 -0.023250 0.039216 -0.960784 0.274510 -0.115470 -0.993042 0.023094 -0.020472 -0.982666 0.184250
-0.934765 -0.218112 -0.280430 -0.183186 -0.879292 -0.439646 -0.028006 -0.980196 -0.196039 -0.280000 -0.960000 0.000000 -0.069523 -0.996503 -0.046349 0.000000 -0.999730 -0.023250 0.039216 -0.960784 0.274510 -0.115470 -0.993042 0.023094 -0.020472 -0.982666 0.184250
-0.878006 -0.407646 -0.250859 -0.144905 -0.905654 -0.398488 -0.027842 -0.974481 -0.222738 -0.290910 -0.955847 0.041559 -0.069523 -0.996503 -0.046349 0.000000 -0.999730 -0.023250 0.039216 -0.960784 0.274510 -0.115378 -0.992249 0.046151 -0.020472 -0.982666 0.184250
-0.824243 -0.500433 -0.264935 -0.146944 -0.918398 -0.367359 0.000000 -0.973417 -0.229039 -0.328244 -0.943701 0.041030 -0.069523 -0.996503 -0.046349 0.000000 -0.999730 -0.023250 0.039216 -0.960784 0.274510 -0.115378 -0.992249 0.046151 -0.020472 -0.982666 0.184250
-0.836287 -0.477878 -0.268806 -0.142134 -0.923870 -0.355335 0.000000 -0.971850 -0.235600 -0.290910 -0.955847 0.041559 -0.071067 -0.994937 -0.071067 0.000000 -0.999730 -0.023250 0.039216 -0.960784 0.274510 -0.115378 -0.992249 0.046151 -0.040919 -0.982049 0.184134
-0.836970 -0.482867 -0.257529 -0.107075 -0.927980 -0.356915 0.029437 -0.971429 -0.235498 -0.328244 -0.943701 0.041030 -0.071067 -0.994937 -0.071067 0.000000 -0.999730 -0.023250 0.039216 -0.960784 0.274510 -0.115378 -0.992249 0.046151 -0.040919 -0.982049 0.184134
-0.830382 -0.504160 -0.237252 -0.038984 -0.935617 -0.350857 0.030303 -0.969697 -0.242424 -0.315981 -0.947943 0.039498 -0.047445 -0.996335 -0.071167 0.000000 -0.999730 -0.023250 0.039216 -0.960784 0.274510 -0.115378 -0.992249 0.046151 -0.040919 -0.982049 0.184134
-0.829288 -0.473879 -0.296174 -0.038984 -0.935617 -0.350857 0.031220 -0.967805 -0.249756 -0.315981 -0.947943 0.039498 -0.047445 -0.996335 -0.071167 0.000000 -0.999730 -0.023250 0.039421 -0.965810 0.256235 -0.115470 -0.993042 0.023094 -0.040919 -0.982049 0.184134
-0.862867 -0.400617 -0.308167 0.000000 -0.936329 -0.351123 0.032191 -0.965734 -0.257529 -0.315981 -0.947943 0.039498 -0.023193 -0.997307 -0.069580 0.000000 -0.999730 -0.023250 0.040185 -0.964447 0.261204 -0.115470 -0.993042 0.023094 -0.041757 -0.981299 0.187908
-0.845818 -0.344592 -0.407245 0.000000 -0.944497 -0.328521 0.032444 -0.973329 -0.227110 -0.315981 -0.947943 0.039498 -0.022669 -0.997427 -0.068006 0.000000 -0.999730 -0.023250 0.040390 -0.969351 0.242338 -0.115501 -0.993307 0.000000 -0.041757 -0.981299 0.187908
-0.833950 -0.320750 -0.449050 0.042033 -0.924729 -0.378298 0.033748 -0.978703 -0.202490 -0.304776 -0.952424 0.000000 -0.022698 -0.998711 -0.045396 0.000000 -0.999730 -0.023250 0.040390 -0.969351 0.242338 -0.115501 -0.993307 0.000000 -0.042630 -0.980500 0.191837
-0.751101 -0.344255 -0.563326 0.042033 -0.924729 -0.378298 0.032669 -0.980057 -0.196011 -0.269630 -0.962964 0.000000 -0.022698 -0.998711 -0.045396 0.000000 -0.998920 -0.046461 0.040979 -0.963002 0.266362 -0.072442 -0.990038 -0.120736 -0.042796 -0.984309 0.171184
-0.680232 -0.340116 -0.649312 0.082479 -0.907265 -0.412393 0.032669 -0.980057 -0.196011 -0.269630 -0.962964 0.000000 -0.022698 -0.998711 -0.045396 0.000000 -0.998920 -0.046461 0.040979 -0.963002 0.266362 -0.048970 -0.979404 -0.195881 -0.042796 -0.984309 0.171184
-0.505712 -0.410891 -0.758567 0.130189 -0.911322 -0.390567 0.032669 -0.980057 -0.196011 -0.269630 -0.962964 0.000000 -0.022698 -0.998711 -0.045396 0.000000 -0.998920 -0.046461 0.040979 -0.963002 0.266362 -0.024383 -0.975320 -0.219447 -0.042796 -0.984309 0.171184
-0.402919 -0.433913 -0.805838 0.268328 -0.894427 -0.357771 0.032669 -0.980057 -0.196011 -0.269630 -0.962964 0.000000 -0.022716 -0.999484 -0.022716 0.000000 -0.998920 -0.046461 0.040979 -0.963002 0.266362 -0.071167 -0.996335 -0.047445 -0.042796 -0.984309 0.171184
-0.279751 -0.466252 -0.839254 0.321521 -0.872699 -0.367452 0.032669 -0.980057 -0.196011 -0.269630 -0.962964 0.000000 -0.022716 -0.999484 -0.022716 0.000000 -0.998920 -0.046461 0.040979 -0.963002 0.266362 -0.118180 -0.992711 -0.023636 -0.042796 -0.984309 0.171184
-0.153213 -0.490281 -0.857992 0.406164 -0.857458 -0.315906 0.032669 -0.980057 -0.196011 -0.269430 -0.962250 0.038490 0.000000 -0.999742 -0.022721 0.000000 -0.998920 -0.046461 0.041196 -0.968095 0.247173 -0.118213 -0.992988 0.000000 -0.042796 -0.984309 0.171184
0.000000 -0.509802 -0.860292 0.442807 -0.841334 -0.309965 0.033748 -0.978703 -0.202490 -0.269430 -0.962250 0.038490 0.000000 -0.999730 -0.023250 0.000000 -0.998920 -0.046461 0.041196 -0.968095 0.247173 -0.141382 -0.989675 0.023564 -0.042630 -0.980500 0.191837
0.161627 -0.517207 -0.840461 0.470757 -0.813125 -0.342368 0.033748 -0.978703 -0.202490 -0.269630 -0.962964 0.000000 0.000000 -0.999730 -0.023250 0.000000 -0.998920 -0.046461 0.041196 -0.968095 0.247173 -0.141382 -0.989675 0.023564 -0.042630 -0.980500 0.191837
0.219826 -0.533863 -0.816497 0.487566 -0.797836 -0.354594 0.033748 -0.978703 -0.202490 -0.269630 -0.962964 0.000000 0.000000 -0.999730 -0.023250 0.000000 -0.998920 -0.046461 0.041196 -0.968095 0.247173 -0.141382 -0.989675 0.023564 -0.042630 -0.980500 0.191837
0.249392 -0.529958 -0.810524 0.527759 -0.791639 -0.307860 0.033748 -0.978703 -0.202490 -0.269630 -0.962964 0.000000 0.000000 -0.999730 -0.023250 0.023224 -0.998651 -0.046449 0.020611 -0.968712 0.247331 -0.164354 -0.986122 0.023479 -0.042630 -0.980500 0.191837
0.275654 -0.490051 -0.826961 0.540453 -0.810679 -0.225189 0.033748 -0.978703 -0.202490 -0.269630 -0.962964 0.000000 0.000000 -0.999730 -0.023250 0.023776 -0.998586 -0.047552 0.020207 -0.969944 0.242486 -0.164354 -0.986122 0.023479 -0.042630 -0.980500 0.191837
0.261488 -0.457604 -0.849837 0.545455 -0.818182 -0.181818 0.033748 -0.978703 -0.202490 -0.259973 -0.965616 0.000000 0.000000 -0.999730 -0.023250 0.023776 -0.998586 -0.047552 0.020207 -0.969944 0.242486 -0.164354 -0.986122 0.023479 -0.042630 -0.980500 0.191837
0.261488 -0.457604 -0.849837 0.570782 -0.808608 -0.142695 0.033748 -0.978703 -0.202490 -0.259973 -0.965616 0.000000 0.000000 -0.999730 -0.023250 0.023776 -0.998586 -0.047552 0.020207 -0.969944 0.242486 -0.164399 -0.986394 0.000000 -0.042630 -0.980500 0.191837
0.237322 -0.474644 -0.847579 0.570782 -0.808608 -0.142695 0.000000 -0.979260 -0.202606 -0.259973 -0.965616 0.000000 0.000000 -0.999730 -0.023250 0.023776 -0.998586 -0.047552 0.020207 -0.969944 0.242486 -0.164399 -0.986394 0.000000 -0.042630 -0.980500 0.191837
