-0.583031 0.797831 -0.153429 -0.466085 -0.254228 -0.847427 0.064786 -0.971795 -0.226752 -0.134568 -0.986835 -0.089712 0.000000 -0.999730 0.023250 0.086630 -0.996241 0.000000 0.042033 -0.966762 0.252199 -0.107958 -0.993217 -0.043183 -0.021953 -0.987878 0.153670
-0.583031 0.797831 -0.153429 -0.436436 -0.218218 -0.872872 0.064786 -0.971795 -0.226752 -0.089712 -0.986835 -0.134568 0.000000 -0.999730 0.023250 0.086630 -0.996241 0.000000 0.042033 -0.966762 0.252199 -0.105691 -0.993500 -0.042277 -0.022439 -0.987332 0.157075
-0.614006 0.767507 -0.184202 -0.395820 -0.263880 -0.879599 0.032191 -0.965734 -0.257529 -0.090167 -0.991837 -0.090167 0.000000 -0.999730 0.023250 0.086630 -0.996241 0.000000 0.062980 -0.965696 0.251921 -0.105691 -0.993500 -0.042277 -0.022439 -0.987332 0.157075
-0.590796 0.738495 -0.324938 -0.470757 -0.342368 -0.813125 0.031450 -0.974958 -0.220152 -0.094386 -0.991051 -0.094386 -0.023243 -0.999460 0.023243 0.086609 -0.996007 0.021652 0.063302 -0.970628 0.232107 -0.105691 -0.993500 -0.042277 -0.022439 -0.987332 0.157075
-0.619256 0.648745 -0.442326 -0.542610 -0.375653 -0.751305 0.064786 -0.971795 -0.226752 -0.140797 -0.985579 -0.093865 -0.023243 -0.999460 0.023243 0.086609 -0.996007 0.021652 0.062980 -0.965696 0.251921 -0.105691 -0.993500 -0.042277 -0.022439 -0.987332 0.157075
-0.690656 0.480457 -0.540514 -0.562254 -0.401610 -0.722897 0.062807 -0.973515 -0.219826 -0.262865 -0.963837 -0.043811 -0.023243 -0.999460 0.023243 0.086609 -0.996007 0.021652 0.062980 -0.965696 0.251921 -0.105691 -0.993500 -0.042277 -0.022439 -0.987332 0.157075
-0.738173 0.265742 -0.620066 -0.569803 -0.455842 -0.683763 0.064786 -0.971795 -0.226752 -0.279776 -0.959233 -0.039968 -0.023243 -0.999460 0.023243 0.086609 -0.996007 0.021652 0.062980 -0.965696 0.251921 -0.105691 -0.993500 -0.042277 -0.022439 -0.987332 0.157075
-0.796391 0.027462 -0.604159 -0.486513 -0.598785 -0.636209 0.067382 -0.977035 -0.202145 -0.269430 -0.962250 -0.038490 -0.023243 -0.999460 0.023243 0.086609 -0.996007 0.021652 0.062980 -0.965696 0.251921 -0.105691 -0.993500 -0.042277 -0.022439 -0.987332 0.157075
-0.832684 -0.214886 -0.510355 -0.424967 -0.695401 -0.579501 0.033748 -0.978703 -0.202490 -0.259794 -0.964951 -0.037113 -0.023796 -0.999434 0.023796 0.086609 -0.996007 0.021652 0.062980 -0.965696 0.251921 -0.105691 -0.993500 -0.042277 -0.022439 -0.987332 0.157075
-0.816497 -0.408248 -0.408248 -0.379049 -0.758098 -0.530669 0.030700 -0.982409 -0.184202 -0.279776 -0.959233 -0.039968 -0.023803 -0.999717 0.000000 0.086609 -0.996007 0.021652 0.062980 -0.965696 0.251921 -0.105691 -0.993500 -0.042277 -0.022439 -0.987332 0.157075
-0.795150 -0.530100 -0.294500 -0.375293 -0.788116 -0.487881 0.028006 -0.980196 -0.196039 -0.303204 -0.952926 0.000000 -0.023803 -0.999717 0.000000 0.086609 -0.996007 0.021652 0.062980 -0.965696 0.251921 -0.105691 -0.993500 -0.042277 -0.022439 -0.987332 0.157075
-0.803910 -0.525634 -0.278277 -0.359675 -0.827253 -0.431610 0.028006 -0.980196 -0.196039 -0.303204 -0.952926 0.000000 -0.023803 -0.999717 0.000000 0.086609 -0.996007 0.021652 0.062980 -0.965696 0.251921 -0.105691 -0.993500 -0.042277 -0.022439 -0.987332 0.157075
-0.816899 -0.502707 -0.282773 -0.332877 -0.850686 -0.406850 0.027257 -0.981251 -0.190799 -0.316228 -0.948683 0.000000 -0.023803 -0.999717 0.000000 0.086609 -0.996007 0.021652 0.062980 -0.965696 0.251921 -0.105691 -0.993500 -0.042277 -0.044845 -0.986587 0.156957
-0.813250 -0.520480 -0.260240 -0.332877 -0.850686 -0.406850 0.026547 -0.982224 -0.185826 -0.287348 -0.957826 0.000000 -0.023803 -0.999717 0.000000 0.086609 -0.996007 0.021652 0.062980 -0.965696 0.251921 -0.105691 -0.993500 -0.042277 -0.044845 -0.986587 0.156957
-0.845154 -0.439480 -0.304256 -0.327111 -0.872295 -0.363456 0.026547 -0.982224 -0.185826 -0.287348 -0.957826 0.000000 -0.023803 -0.999717 0.000000 0.086609 -0.996007 0.021652 0.062980 -0.965696 0.251921 -0.105691 -0.993500 -0.042277 -0.044845 -0.986587 0.156957
-0.857195 -0.329690 -0.395628 -0.327111 -0.872295 -0.363456 0.026547 -0.982224 -0.185826 -0.287348 -0.957826 0.000000 -0.047565 -0.998868 0.000000 0.086609 -0.996007 0.021652 0.062980 -0.965696 0.251921 -0.105691 -0.993500 -0.042277 -0.044845 -0.986587 0.156957
-0.852537 -0.221028 -0.473632 -0.337764 -0.863175 -0.375293 0.026547 -0.982224 -0.185826 -0.287348 -0.957826 0.000000 -0.047565 -0.998868 0.000000 0.086609 -0.996007 0.021652 0.062980 -0.965696 0.251921 -0.105691 -0.993500 -0.042277 -0.044845 -0.986587 0.156957
-0.840799 -0.180171 -0.510485 -0.319744 -0.839329 -0.439648 0.029801 -0.983433 -0.178806 -0.242338 -0.969351 -0.040390 -0.047565 -0.998868 0.000000 0.086609 -0.996007 0.021652 0.062980 -0.965696 0.251921 -0.105691 -0.993500 -0.042277 -0.044845 -0.986587 0.156957
-0.786796 -0.121046 -0.605228 -0.293198 -0.837708 -0.460739 0.032669 -0.980057 -0.196011 -0.216789 -0.975550 -0.036131 -0.047565 -0.998868 0.000000 0.086609 -0.996007 0.021652 0.062980 -0.965696 0.251921 -0.105691 -0.993500 -0.042277 -0.044845 -0.986587 0.156957
-0.777463 -0.093296 -0.621970 -0.257960 -0.816874 -0.515920 0.033962 -0.984892 -0.169809 -0.209020 -0.975426 -0.069673 -0.047565 -0.998868 0.000000 0.086609 -0.996007 0.021652 0.062980 -0.965696 0.251921 -0.105691 -0.993500 -0.042277 -0.044845 -0.986587 0.156957
-0.764272 -0.061142 -0.641989 -0.225189 -0.810679 -0.540453 0.033962 -0.984892 -0.169809 -0.175358 -0.982003 -0.070143 -0.048723 -0.998812 0.000000 0.086609 -0.996007 0.021652 0.062980 -0.965696 0.251921 -0.105691 -0.993500 -0.042277 -0.044845 -0.986587 0.156957
-0.690656 -0.060057 -0.720685 -0.146560 -0.830504 -0.537385 0.035136 -0.983820 -0.175682 -0.169516 -0.983192 -0.067806 -0.048723 -0.998812 0.000000 0.086609 -0.996007 0.021652 0.062980 -0.965696 0.251921 -0.105691 -0.993500 -0.042277 -0.044845 -0.986587 0.156957
-0.594964 -0.029748 -0.803202 -0.047351 -0.852325 -0.520865 0.035136 -0.983820 -0.175682 -0.169516 -0.983192 -0.067806 -0.048723 -0.998812 0.000000 0.086609 -0.996007 0.021652 0.062980 -0.965696 0.251921 -0.105691 -0.993500 -0.042277 -0.044845 -0.986587 0.156957
-0.508770 -0.063596 -0.858550 0.047351 -0.852325 -0.520865 0.034900 -0.977207 -0.209401 -0.136320 -0.988317 -0.068160 -0.048723 -0.998812 0.000000 0.086609 -0.996007 0.021652 0.062980 -0.965696 0.251921 -0.084724 -0.995504 -0.042362 -0.044845 -0.986587 0.156957
-0.421160 -0.090249 -0.902485 0.194948 -0.877266 -0.438633 0.074074 -0.962963 -0.259259 -0.136320 -0.988317 -0.068160 -0.024383 -0.999703 0.000000 0.086609 -0.996007 0.021652 0.062980 -0.965696 0.251921 -0.084724 -0.995504 -0.042362 -0.044845 -0.986587 0.156957
-0.269650 -0.089883 -0.958754 0.190693 -0.858116 -0.476731 0.079745 -0.956943 -0.279108 -0.141069 -0.987484 -0.070535 -0.024383 -0.999703 0.000000 0.086630 -0.996241 0.000000 0.062980 -0.965696 0.251921 -0.084724 -0.995504 -0.042362 -0.044845 -0.986587 0.156957
-0.123091 -0.123091 -0.984732 0.235965 -0.849473 -0.471929 0.075974 -0.949671 -0.303895 -0.146157 -0.986559 -0.073078 -0.024383 -0.999703 0.000000 0.086630 -0.996241 0.000000 0.062980 -0.965696 0.251921 -0.084724 -0.995504 -0.042362 -0.045859 -0.985969 0.160507
0.065618 -0.164045 -0.984268 0.285714 -0.857143 -0.428571 0.078811 -0.945732 -0.315244 -0.146450 -0.988540 -0.036613 -0.024383 -0.999703 0.000000 0.086630 -0.996241 0.000000 0.062980 -0.965696 0.251921 -0.084724 -0.995504 -0.042362 -0.045679 -0.982104 0.182717
0.204298 -0.175113 -0.963119 0.354914 -0.912636 -0.202808 0.078811 -0.945732 -0.315244 -0.146450 -0.988540 -0.036613 -0.024383 -0.999703 0.000000 0.086630 -0.996241 0.000000 0.062980 -0.965696 0.251921 -0.084724 -0.995504 -0.042362 -0.045679 -0.982104 0.182717
0.356978 -0.148741 -0.922194 0.339151 -0.920553 -0.193801 0.075974 -0.949671 -0.303895 -0.151947 -0.987658 -0.037987 -0.024383 -0.999703 0.000000 0.086609 -0.996007 0.021652 0.064282 -0.964237 0.257130 -0.084724 -0.995504 -0.042362 -0.045679 -0.982104 0.182717
0.487910 -0.143503 -0.861017 0.314945 -0.944835 -0.089984 0.073324 -0.953206 -0.293294 -0.151947 -0.987658 -0.037987 -0.024383 -0.999703 0.000000 0.086609 -0.996007 0.021652 0.064282 -0.964237 0.257130 -0.084724 -0.995504 -0.042362 -0.045679 -0.982104 0.182717
0.542415 -0.142741 -0.827896 0.302920 -0.952033 -0.043274 0.070844 -0.956389 -0.283375 -0.151947 -0.987658 -0.037987 -0.024383 -0.999703 0.000000 0.086609 -0.996007 0.021652 0.064282 -0.964237 0.257130 -0.084724 -0.995504 -0.042362 -0.045679 -0.982104 0.182717
0.580873 -0.138303 -0.802159 0.262865 -0.963837 -0.043811 0.068519 -0.959264 -0.274075 -0.151947 -0.987658 -0.037987 -0.024383 -0.999703 0.000000 0.086609 -0.996007 0.021652 0.064282 -0.964237 0.257130 -0.084724 -0.995504 -0.042362 -0.045679 -0.982104 0.182717
0.613960 -0.111629 -0.781404 0.262865 -0.963837 -0.043811 0.068519 -0.959264 -0.274075 -0.151947 -0.987658 -0.037987 -0.024376 -0.999406 -0.024376 0.086609 -0.996007 0.021652 0.064282 -0.964237 0.257130 -0.105691 -0.993500 -0.042277 -0.045679 -0.982104 0.182717
0.613960 -0.111629 -0.781404 0.263117 -0.964764 0.000000 0.033223 -0.963460 -0.265782 -0.151947 -0.987658 -0.037987 -0.024376 -0.999406 -0.024376 0.086609 -0.996007 0.021652 0.064282 -0.964237 0.257130 -0.105691 -0.993500 -0.042277 -0.045679 -0.982104 0.182717
0.627548 -0.114100 -0.770172 0.263117 -0.964764 0.000000 0.033223 -0.963460 -0.265782 -0.151947 -0.987658 -0.037987 -0.024376 -0.999406 -0.024376 0.086609 -0.996007 0.021652 0.064282 -0.964237 0.257130 -0.105691 -0.993500 -0.042277 -0.045478 -0.977778 0.204651
0.627548 -0.114100 -0.770172 0.263117 -0.964764 0.000000 0.033223 -0.963460 -0.265782 -0.151947 -0.987658 -0.037987 -0.024376 -0.999406 -0.024376 0.086609 -0.996007 0.021652 0.064282 -0.964237 0.257130 -0.105691 -0.993500 -0.042277 -0.045478 -0.977778 0.204651
0.579042 -0.086856 -0.810658 0.302920 -0.952033 0.043274 0.033223 -0.963460 -0.265782 -0.151947 -0.987658 -0.037987 -0.024376 -0.999406 -0.024376 0.086609 -0.996007 0.021652 0.042904 -0.965345 0.257425 -0.105691 -0.993500 -0.042277 -0.045478 -0.977778 0.204651
0.579042 -0.086856 -0.810658 0.262865 -0.963837 0.043811 0.033223 -0.963460 -0.265782 -0.151947 -0.987658 -0.037987 -0.024376 -0.999406 -0.024376 0.086609 -0.996007 0.021652 0.042904 -0.965345 0.257425 -0.084724 -0.995504 -0.042362 -0.045478 -0.977778 0.204651
0.579042 -0.086856 -0.810658 0.263117 -0.964764 0.000000 0.033223 -0.963460 -0.265782 -0.151947 -0.987658 -0.037987 -0.024376 -0.999406 -0.024376 0.086609 -0.996007 0.021652 0.042904 -0.965345 0.257425 -0.086548 -0.995307 -0.043274 -0.044488 -0.978745 0.200198
0.559308 -0.088312 -0.824243 0.263117 -0.964764 0.000000 0.032191 -0.965734 -0.257529 -0.151947 -0.987658 -0.037987 -0.024376 -0.999406 -0.024376 0.086609 -0.996007 0.021652 0.042904 -0.965345 0.257425 -0.086548 -0.995307 -0.043274 -0.044488 -0.978745 0.200198
0.559308 -0.088312 -0.824243 0.263117 -0.964764 0.000000 0.032191 -0.965734 -0.257529 -0.151947 -0.987658 -0.037987 -0.024376 -0.999406 -0.024376 0.086609 -0.996007 0.021652 0.042904 -0.965345 0.257425 -0.086548 -0.995307 -0.043274 -0.044488 -0.978745 0.200198
0.559308 -0.088312 -0.824243 0.263117 -0.964764 0.000000 0.032191 -0.965734 -0.257529 -0.151947 -0.987658 -0.037987 -0.024376 -0.999406 -0.024376 0.086609 -0.996007 0.021652 0.042904 -0.965345 0.257425 -0.086548 -0.995307 -0.043274 -0.044488 -0.978745 0.200198
