-0.567504 0.822881 -0.028375 -0.533396 -0.328244 -0.779579 0.000000 -0.951445 -0.307820 -0.221404 -0.974176 -0.044281 -0.047552 -0.998586 -0.023776 0.063686 -0.997744 0.021229 0.085087 -0.957230 0.276533 -0.132036 -0.990267 -0.044012 -0.021487 -0.988391 0.150407
-0.561256 0.827115 -0.029540 -0.533396 -0.328244 -0.779579 0.000000 -0.951445 -0.307820 -0.221404 -0.974176 -0.044281 -0.071227 -0.997178 -0.023742 0.063686 -0.997744 0.021229 0.085087 -0.957230 0.276533 -0.132036 -0.990267 -0.044012 -0.021552 -0.991370 0.129309
-0.625821 0.774826 -0.089403 -0.542610 -0.375653 -0.751305 0.000000 -0.959366 -0.282166 -0.221404 -0.974176 -0.044281 -0.071227 -0.997178 -0.023742 0.063686 -0.997744 0.021229 0.085087 -0.957230 0.276533 -0.129219 -0.990680 -0.043073 0.000000 -0.991228 0.132164
-0.725152 0.662095 -0.189170 -0.550334 -0.423334 -0.719667 0.000000 -0.959366 -0.282166 -0.221404 -0.974176 -0.044281 -0.072954 -0.997039 -0.024318 0.063686 -0.997744 0.021229 0.085087 -0.957230 0.276533 -0.129219 -0.990680 -0.043073 0.000000 -0.991228 0.132164
-0.824243 0.500433 -0.264935 -0.470757 -0.556349 -0.684737 -0.028421 -0.966315 -0.255789 -0.220755 -0.971324 -0.088302 -0.072954 -0.997039 -0.024318 0.063686 -0.997744 0.021229 0.085087 -0.957230 0.276533 -0.129219 -0.990680 -0.043073 0.000000 -0.991228 0.132164
-0.872967 0.317443 -0.370350 -0.350150 -0.744070 -0.568995 -0.030069 -0.962216 -0.270623 -0.233197 -0.971653 -0.038866 -0.072954 -0.997039 -0.024318 0.063686 -0.997744 0.021229 0.085087 -0.957230 0.276533 -0.129219 -0.990680 -0.043073 0.000000 -0.991228 0.132164
-0.918828 0.026252 -0.393784 -0.307860 -0.791639 -0.527759 -0.031911 -0.957338 -0.287202 -0.216789 -0.975550 -0.036131 -0.072954 -0.997039 -0.024318 0.063686 -0.997744 0.021229 0.085087 -0.957230 0.276533 -0.129219 -0.990680 -0.043073 0.000000 -0.991228 0.132164
-0.903516 -0.191655 -0.383310 -0.343622 -0.839964 -0.419982 -0.065724 -0.952999 -0.295758 -0.175682 -0.983820 -0.035136 -0.072954 -0.997039 -0.024318 0.063686 -0.997744 0.021229 0.085087 -0.957230 0.276533 -0.129219 -0.990680 -0.043073 0.000000 -0.991228 0.132164
-0.871140 -0.395973 -0.290380 -0.303895 -0.873698 -0.379869 -0.029814 -0.954056 -0.298142 -0.233197 -0.971653 0.038866 -0.072954 -0.997039 -0.024318 0.063686 -0.997744 0.021229 0.085087 -0.957230 0.276533 -0.129219 -0.990680 -0.043073 -0.022022 -0.990988 0.132132
-0.812296 -0.541530 -0.216612 -0.297936 -0.893807 -0.335178 -0.028989 -0.956622 -0.289886 -0.242338 -0.969351 0.040390 -0.072889 -0.996156 -0.048593 0.063686 -0.997744 0.021229 0.085087 -0.957230 0.276533 -0.129070 -0.989533 -0.064535 -0.021953 -0.987878 0.153670
-0.797831 -0.583031 -0.153429 -0.308148 -0.885927 -0.346667 -0.027973 -0.951072 -0.307700 -0.251533 -0.964210 0.083844 -0.072889 -0.996156 -0.048593 0.063686 -0.997744 0.021229 0.085087 -0.957230 0.276533 -0.129070 -0.989533 -0.064535 -0.021953 -0.987878 0.153670
-0.801638 -0.572598 -0.171780 -0.312110 -0.897315 -0.312110 -0.027973 -0.951072 -0.307700 -0.251533 -0.964210 0.083844 -0.072889 -0.996156 -0.048593 0.063686 -0.997744 0.021229 0.085087 -0.957230 0.276533 -0.129070 -0.989533 -0.064535 -0.021953 -0.987878 0.153670
-0.801638 -0.572598 -0.171780 -0.276268 -0.907738 -0.315735 -0.027973 -0.951072 -0.307700 -0.251533 -0.964210 0.083844 -0.072889 -0.996156 -0.048593 0.063643 -0.997070 0.042429 0.085573 -0.962691 0.256718 -0.129070 -0.989533 -0.064535 -0.021953 -0.987878 0.153670
-0.824210 -0.539999 -0.170526 -0.276268 -0.907738 -0.315735 -0.027973 -0.951072 -0.307700 -0.251533 -0.964210 0.083844 -0.072889 -0.996156 -0.048593 0.063643 -0.997070 0.042429 0.085573 -0.962691 0.256718 -0.131876 -0.989071 -0.065938 -0.021487 -0.988391 0.150407
-0.870022 -0.435011 -0.232006 -0.286491 -0.900400 -0.327418 -0.027973 -0.951072 -0.307700 -0.251533 -0.964210 0.083844 -0.072889 -0.996156 -0.048593 0.063643 -0.997070 0.042429 0.085573 -0.962691 0.256718 -0.131876 -0.989071 -0.065938 -0.021487 -0.988391 0.150407
-0.893034 -0.345691 -0.288076 -0.286491 -0.900400 -0.327418 -0.027973 -0.951072 -0.307700 -0.251533 -0.964210 0.083844 -0.071167 -0.996335 -0.047445 0.063643 -0.997070 0.042429 0.085573 -0.962691 0.256718 -0.131876 -0.989071 -0.065938 -0.021487 -0.988391 0.150407
-0.890819 -0.258625 -0.373569 -0.248282 -0.910366 -0.331042 -0.027973 -0.951072 -0.307700 -0.251533 -0.964210 0.083844 -0.071167 -0.996335 -0.047445 0.063643 -0.997070 0.042429 0.085573 -0.962691 0.256718 -0.131876 -0.989071 -0.065938 -0.021487 -0.988391 0.150407
-0.875563 -0.204298 -0.437781 -0.248282 -0.910366 -0.331042 -0.027462 -0.961161 -0.274618 -0.231372 -0.971764 0.046274 -0.071167 -0.996335 -0.047445 0.063643 -0.997070 0.042429 0.085573 -0.962691 0.256718 -0.131876 -0.989071 -0.065938 -0.021413 -0.984986 0.171302
-0.856654 -0.206779 -0.472637 -0.257960 -0.902861 -0.343947 -0.027462 -0.961161 -0.274618 -0.231372 -0.971764 0.046274 -0.071167 -0.996335 -0.047445 0.063643 -0.997070 0.042429 0.085573 -0.962691 0.256718 -0.131876 -0.989071 -0.065938 -0.021413 -0.984986 0.171302
-0.831655 -0.184812 -0.523635 -0.254000 -0.889001 -0.381000 -0.027462 -0.961161 -0.274618 -0.231372 -0.971764 0.046274 -0.071167 -0.996335 -0.047445 0.063643 -0.997070 0.042429 0.085573 -0.962691 0.256718 -0.131876 -0.989071 -0.065938 -0.021413 -0.984986 0.171302
-0.804627 -0.178806 -0.566219 -0.222277 -0.889108 -0.400099 0.000000 -0.970143 -0.242536 -0.287348 -0.957826 0.000000 -0.047511 -0.997740 -0.047511 0.063643 -0.997070 0.042429 0.085573 -0.962691 0.256718 -0.131876 -0.989071 -0.065938 -0.021413 -0.984986 0.171302
-0.753094 -0.180743 -0.632599 -0.176090 -0.880451 -0.440225 0.000000 -0.970143 -0.242536 -0.242338 -0.969351 -0.040390 -0.047511 -0.997740 -0.047511 0.063643 -0.997070 0.042429 0.085573 -0.962691 0.256718 -0.131876 -0.989071 -0.065938 -0.021413 -0.984986 0.171302
-0.682848 -0.155193 -0.713886 -0.130312 -0.868744 -0.477809 0.000000 -0.973841 -0.227230 -0.224231 -0.971666 -0.074744 -0.047511 -0.997740 -0.047511 0.063686 -0.997744 0.021229 0.085087 -0.957230 0.276533 -0.131876 -0.989071 -0.065938 -0.021413 -0.984986 0.171302
-0.653385 -0.124454 -0.746726 0.042145 -0.885044 -0.463595 0.000000 -0.972082 -0.234641 -0.216366 -0.973645 -0.072122 -0.047511 -0.997740 -0.047511 0.063686 -0.997744 0.021229 0.085087 -0.957230 0.276533 -0.131876 -0.989071 -0.065938 -0.021413 -0.984986 0.171302
-0.548230 -0.152286 -0.822346 0.087287 -0.872872 -0.480079 0.000000 -0.972082 -0.234641 -0.216366 -0.973645 -0.072122 -0.047511 -0.997740 -0.047511 0.063686 -0.997744 0.021229 0.085087 -0.957230 0.276533 -0.131876 -0.989071 -0.065938 -0.021413 -0.984986 0.171302
-0.401955 -0.185518 -0.896669 0.130312 -0.868744 -0.477809 0.000000 -0.970143 -0.242536 -0.208389 -0.972480 -0.104194 -0.047511 -0.997740 -0.047511 0.063686 -0.997744 0.021229 0.085087 -0.957230 0.276533 -0.131876 -0.989071 -0.065938 -0.021413 -0.984986 0.171302
-0.213597 -0.244111 -0.945931 0.183147 -0.869950 -0.457869 0.000000 -0.970143 -0.242536 -0.208389 -0.972480 -0.104194 -0.047511 -0.997740 -0.047511 0.063686 -0.997744 0.021229 0.085087 -0.957230 0.276533 -0.131876 -0.989071 -0.065938 -0.021413 -0.984986 0.171302
-0.031220 -0.249756 -0.967805 0.222058 -0.843820 -0.488527 0.000000 -0.970143 -0.242536 -0.208389 -0.972480 -0.104194 -0.047511 -0.997740 -0.047511 0.063686 -0.997744 0.021229 0.085087 -0.957230 0.276533 -0.131876 -0.989071 -0.065938 -0.021413 -0.984986 0.171302
0.181237 -0.181237 -0.966595 0.175243 -0.920027 -0.350486 0.000000 -0.970143 -0.242536 -0.208389 -0.972480 -0.104194 -0.047511 -0.997740 -0.047511 0.063686 -0.997744 0.021229 0.085087 -0.957230 0.276533 -0.131876 -0.989071 -0.065938 -0.021413 -0.984986 0.171302
0.339547 -0.113182 -0.933755 0.128271 -0.983409 -0.128271 0.000000 -0.961524 -0.274721 -0.209020 -0.975426 -0.069673 -0.047511 -0.997740 -0.047511 0.063686 -0.997744 0.021229 0.085087 -0.957230 0.276533 -0.131876 -0.989071 -0.065938 -0.021413 -0.984986 0.171302
0.477334 -0.079556 -0.875113 0.079745 -0.996815 0.000000 0.000000 -0.961524 -0.274721 -0.209020 -0.975426 -0.069673 -0.047511 -0.997740 -0.047511 0.063686 -0.997744 0.021229 0.085087 -0.957230 0.276533 -0.131876 -0.989071 -0.065938 -0.021330 -0.981169 0.191968
0.587975 -0.106904 -0.801784 0.039936 -0.998404 0.039936 0.000000 -0.961524 -0.274721 -0.175358 -0.982003 -0.070143 -0.047511 -0.997740 -0.047511 0.063686 -0.997744 0.021229 0.085087 -0.957230 0.276533 -0.131876 -0.989071 -0.065938 -0.021330 -0.981169 0.191968
0.617798 -0.107443 -0.778962 0.039936 -0.998404 0.039936 0.000000 -0.961524 -0.274721 -0.175358 -0.982003 -0.070143 -0.047511 -0.997740 -0.047511 0.063686 -0.997744 0.021229 0.085087 -0.957230 0.276533 -0.131876 -0.989071 -0.065938 -0.021330 -0.981169 0.191968
0.646997 -0.107833 -0.754829 0.039936 -0.998404 0.039936 0.000000 -0.961524 -0.274721 -0.175682 -0.983820 -0.035136 -0.047511 -0.997740 -0.047511 0.065064 -0.997645 0.021688 0.085087 -0.957230 0.276533 -0.131876 -0.989071 -0.065938 -0.021330 -0.981169 0.191968
0.660328 -0.110055 -0.742869 0.079682 -0.996024 0.039841 0.000000 -0.963993 -0.265929 -0.181969 -0.982631 -0.036394 -0.047511 -0.997740 -0.047511 0.065064 -0.997645 0.021688 0.085087 -0.957230 0.276533 -0.131876 -0.989071 -0.065938 -0.021330 -0.981169 0.191968
0.660328 -0.110055 -0.742869 0.079493 -0.993661 0.079493 0.000000 -0.963993 -0.265929 -0.181969 -0.982631 -0.036394 -0.047511 -0.997740 -0.047511 0.065064 -0.997645 0.021688 0.085573 -0.962691 0.256718 -0.131876 -0.989071 -0.065938 -0.021330 -0.981169 0.191968
0.644382 -0.112066 -0.756448 0.118771 -0.989759 0.079181 0.000000 -0.955064 -0.296399 -0.188847 -0.982006 0.000000 -0.047511 -0.997740 -0.047511 0.065064 -0.997645 0.021688 0.085573 -0.962691 0.256718 -0.131876 -0.989071 -0.065938 -0.021330 -0.981169 0.191968
0.658218 -0.114473 -0.744073 0.119051 -0.992095 0.039684 0.000000 -0.955064 -0.296399 -0.188847 -0.982006 0.000000 -0.047511 -0.997740 -0.047511 0.065064 -0.997645 0.021688 0.085573 -0.962691 0.256718 -0.131876 -0.989071 -0.065938 -0.021330 -0.981169 0.191968
0.658218 -0.114473 -0.744073 0.119051 -0.992095 0.039684 0.000000 -0.955064 -0.296399 -0.224860 -0.974391 0.000000 -0.047511 -0.997740 -0.047511 0.065064 -0.997645 0.021688 0.085573 -0.962691 0.256718 -0.131876 -0.989071 -0.065938 -0.021238 -0.976956 0.212382
0.641533 -0.116642 -0.758175 0.119051 -0.992095 0.039684 0.000000 -0.963993 -0.265929 -0.224702 -0.973708 -0.037450 -0.047511 -0.997740 -0.047511 0.065064 -0.997645 0.021688 0.085573 -0.962691 0.256718 -0.129070 -0.989533 -0.064535 -0.021688 -0.975957 0.216879
0.655913 -0.119257 -0.745356 0.119145 -0.992877 0.000000 -0.033223 -0.963460 -0.265782 -0.188847 -0.982006 0.000000 -0.048665 -0.997629 -0.048665 0.065064 -0.997645 0.021688 0.064282 -0.964237 0.257130 -0.129070 -0.989533 -0.064535 -0.021688 -0.975957 0.216879
0.623885 -0.118835 -0.772429 0.119051 -0.992095 0.039684 -0.033223 -0.963460 -0.265782 -0.188847 -0.982006 0.000000 -0.048708 -0.998516 -0.024354 0.065064 -0.997645 0.021688 0.064282 -0.964237 0.257130 -0.129070 -0.989533 -0.064535 -0.021688 -0.975957 0.216879
0.623885 -0.118835 -0.772429 0.119051 -0.992095 0.039684 -0.033223 -0.963460 -0.265782 -0.188847 -0.982006 0.000000 -0.048708 -0.998516 -0.024354 0.065064 -0.997645 0.021688 0.064282 -0.964237 0.257130 -0.129070 -0.989533 -0.064535 -0.021688 -0.975957 0.216879
0.623885 -0.118835 -0.772429 0.119051 -0.992095 0.039684 -0.032915 -0.954547 -0.296239 -0.188847 -0.982006 0.000000 -0.048708 -0.998516 -0.024354 0.063686 -0.997744 0.021229 0.064282 -0.964237 0.257130 -0.129070 -0.989533 -0.064535 -0.022157 -0.974893 0.221567
