-0.430134 0.899371 -0.078206 -0.686064 0.040357 -0.726421 0.000000 -0.970143 -0.242536 -0.119051 -0.992095 -0.039684 -0.044390 -0.998768 0.022195 0.092623 -0.995701 0.000000 0.116401 -0.970006 0.213401 -0.092524 -0.994635 -0.046262 0.000000 -0.994834 0.101514
-0.413990 0.903252 -0.112906 -0.684394 -0.080517 -0.724653 0.000000 -0.970143 -0.242536 -0.114541 -0.992685 -0.038180 -0.044390 -0.998768 0.022195 0.092623 -0.995701 0.000000 0.116401 -0.970006 0.213401 -0.092524 -0.994635 -0.046262 0.000000 -0.994834 0.101514
-0.518476 0.829561 -0.207390 -0.655386 -0.163846 -0.737309 0.000000 -0.970143 -0.242536 -0.114291 -0.990521 -0.076194 -0.045396 -0.998711 0.022698 0.092623 -0.995701 0.000000 0.116401 -0.970006 0.213401 -0.092524 -0.994635 -0.046262 0.000000 -0.994834 0.101514
-0.622513 0.711443 -0.326078 -0.613396 -0.286251 -0.736075 0.000000 -0.968277 -0.249878 -0.076472 -0.994135 -0.076472 -0.045396 -0.998711 0.022698 0.092623 -0.995701 0.000000 0.116401 -0.970006 0.213401 -0.092524 -0.994635 -0.046262 0.000000 -0.996685 0.081362
-0.632236 0.632236 -0.447834 -0.613121 -0.498161 -0.613121 0.000000 -0.968277 -0.249878 -0.079181 -0.989759 -0.118771 -0.023250 -0.999730 0.000000 0.092623 -0.995701 0.000000 0.116401 -0.970006 0.213401 -0.092524 -0.994635 -0.046262 0.000000 -0.996685 0.081362
-0.698535 0.465690 -0.543305 -0.602168 -0.564532 -0.564532 0.000000 -0.966235 -0.257663 -0.079181 -0.989759 -0.118771 -0.046461 -0.998920 0.000000 0.092623 -0.995701 0.000000 0.116401 -0.970006 0.213401 -0.092524 -0.994635 -0.046262 0.000000 -0.996685 0.081362
-0.756379 0.260820 -0.599887 -0.551784 -0.625355 -0.551784 0.000000 -0.966235 -0.257663 -0.105934 -0.988714 -0.105934 -0.046449 -0.998651 -0.023224 0.092623 -0.995701 0.000000 0.135470 -0.967641 0.212881 -0.092524 -0.994635 -0.046262 0.000000 -0.996685 0.081362
-0.813733 0.000000 -0.581238 -0.553010 -0.650600 -0.520480 0.000000 -0.966235 -0.257663 -0.140633 -0.984428 -0.105474 -0.047552 -0.998586 -0.023776 0.092599 -0.995434 0.023150 0.135470 -0.967641 0.212881 -0.092524 -0.994635 -0.046262 0.000000 -0.996685 0.081362
-0.796707 -0.306426 -0.520924 -0.518291 -0.680257 -0.518291 0.031220 -0.967805 -0.249756 -0.174821 -0.978997 -0.104893 -0.023796 -0.999434 -0.023796 0.092599 -0.995434 0.023150 0.135470 -0.967641 0.212881 -0.092524 -0.994635 -0.046262 0.000000 -0.996685 0.081362
-0.709265 -0.591054 -0.384185 -0.515058 -0.708205 -0.482867 0.028205 -0.958984 -0.282054 -0.188713 -0.981307 -0.037743 -0.023776 -0.998586 -0.047552 0.092599 -0.995434 0.023150 0.135470 -0.967641 0.212881 -0.092524 -0.994635 -0.046262 0.000000 -0.996685 0.081362
-0.675886 -0.675886 -0.293864 -0.456387 -0.782378 -0.423788 0.027462 -0.961161 -0.274618 -0.195965 -0.979827 -0.039193 -0.023776 -0.998586 -0.047552 0.092623 -0.995701 0.000000 0.135470 -0.967641 0.212881 -0.092524 -0.994635 -0.046262 0.000000 -0.996685 0.081362
-0.642353 -0.729946 -0.233583 -0.441758 -0.815553 -0.373795 0.053452 -0.962140 -0.267261 -0.233373 -0.972387 0.000000 -0.023776 -0.998586 -0.047552 0.092623 -0.995701 0.000000 0.135470 -0.967641 0.212881 -0.092524 -0.994635 -0.046262 -0.020336 -0.996478 0.081345
-0.628900 -0.748691 -0.209633 -0.407072 -0.848067 -0.339227 0.054861 -0.960076 -0.274307 -0.224860 -0.974391 0.000000 -0.024376 -0.999406 -0.024376 0.092623 -0.995701 0.000000 0.135470 -0.967641 0.212881 -0.092524 -0.994635 -0.046262 -0.020336 -0.996478 0.081345
-0.643823 -0.740396 -0.193147 -0.371232 -0.877457 -0.303735 0.027462 -0.961161 -0.274618 -0.188847 -0.982006 0.000000 -0.024376 -0.999406 -0.024376 0.092623 -0.995701 0.000000 0.135470 -0.967641 0.212881 -0.092524 -0.994635 -0.046262 -0.020336 -0.996478 0.081345
-0.644160 -0.745870 -0.169516 -0.371232 -0.877457 -0.303735 -0.056299 -0.928933 -0.365943 -0.188847 -0.982006 0.000000 -0.024376 -0.999406 -0.024376 0.092623 -0.995701 0.000000 0.135470 -0.967641 0.212881 -0.092524 -0.994635 -0.046262 -0.040647 -0.995861 0.081295
-0.635999 -0.741999 -0.212000 -0.374879 -0.886078 -0.272639 -0.028467 -0.939413 -0.341605 -0.188847 -0.982006 0.000000 -0.023803 -0.999717 0.000000 0.092623 -0.995701 0.000000 0.135470 -0.967641 0.212881 -0.092524 -0.994635 -0.046262 -0.040647 -0.995861 0.081295
-0.652929 -0.725476 -0.217643 -0.374879 -0.886078 -0.272639 -0.028989 -0.956622 -0.289886 -0.151947 -0.987658 -0.037987 -0.023803 -0.999717 0.000000 0.092623 -0.995701 0.000000 0.135470 -0.967641 0.212881 -0.092524 -0.994635 -0.046262 -0.040647 -0.995861 0.081295
-0.684268 -0.684268 -0.252099 -0.374879 -0.886078 -0.272639 -0.028421 -0.966315 -0.255789 -0.151947 -0.987658 -0.037987 -0.023803 -0.999717 0.000000 0.092623 -0.995701 0.000000 0.135470 -0.967641 0.212881 -0.092524 -0.994635 -0.046262 -0.040647 -0.995861 0.081295
-0.720750 -0.612637 -0.324337 -0.374879 -0.886078 -0.272639 -0.029223 -0.964352 -0.263005 -0.146450 -0.988540 -0.036613 0.000000 -0.999717 0.023803 0.092623 -0.995701 0.000000 0.135470 -0.967641 0.212881 -0.092524 -0.994635 -0.046262 -0.040647 -0.995861 0.081295
-0.702728 -0.597319 -0.386501 -0.386501 -0.878410 -0.281091 0.000000 -0.973417 -0.229039 -0.146450 -0.988540 -0.036613 0.023796 -0.999434 0.023796 0.092623 -0.995701 0.000000 0.135470 -0.967641 0.212881 -0.092524 -0.994635 -0.046262 -0.041487 -0.995688 0.082974
-0.726735 -0.519096 -0.449884 -0.356009 -0.890024 -0.284808 0.000000 -0.973417 -0.229039 -0.146450 -0.988540 -0.036613 0.023796 -0.999434 0.023796 0.092623 -0.995701 0.000000 0.135470 -0.967641 0.212881 -0.092524 -0.994635 -0.046262 -0.041487 -0.995688 0.082974
-0.710669 -0.497468 -0.497468 -0.363456 -0.872295 -0.327111 0.000000 -0.973417 -0.229039 -0.146450 -0.988540 -0.036613 0.023796 -0.999434 0.023796 0.092623 -0.995701 0.000000 0.135470 -0.967641 0.212881 -0.092524 -0.994635 -0.046262 -0.041487 -0.995688 0.082974
-0.692959 -0.415775 -0.589015 -0.342376 -0.874961 -0.342376 0.000000 -0.973417 -0.229039 -0.146450 -0.988540 -0.036613 0.024376 -0.999406 0.024376 0.092623 -0.995701 0.000000 0.135470 -0.967641 0.212881 -0.092524 -0.994635 -0.046262 -0.041487 -0.995688 0.082974
-0.669246 -0.387458 -0.634023 -0.268833 -0.883310 -0.384048 0.000000 -0.971850 -0.235600 -0.146450 -0.988540 -0.036613 0.024376 -0.999406 0.024376 0.092623 -0.995701 0.000000 0.135470 -0.967641 0.212881 -0.092524 -0.994635 -0.046262 -0.041487 -0.995688 0.082974
-0.590079 -0.347105 -0.728921 -0.232670 -0.891902 -0.387783 0.000000 -0.970143 -0.242536 -0.146450 -0.988540 -0.036613 0.024376 -0.999406 0.024376 0.092623 -0.995701 0.000000 0.135470 -0.967641 0.212881 -0.092524 -0.994635 -0.046262 -0.041487 -0.995688 0.082974
-0.603860 -0.317821 -0.730988 -0.041345 -0.909588 -0.413449 0.000000 -0.970143 -0.242536 -0.146450 -0.988540 -0.036613 0.024376 -0.999406 0.024376 0.092623 -0.995701 0.000000 0.135470 -0.967641 0.212881 -0.094703 -0.994379 -0.047351 -0.040647 -0.995861 0.081295
-0.590796 -0.324938 -0.738495 0.213785 -0.897895 -0.384812 0.000000 -0.970143 -0.242536 -0.146450 -0.988540 -0.036613 0.024376 -0.999406 0.024376 0.115501 -0.993307 0.000000 0.135470 -0.967641 0.212881 -0.094703 -0.994379 -0.047351 -0.040572 -0.994015 0.101430
-0.510485 -0.360342 -0.780742 0.348155 -0.870388 -0.348155 0.000000 -0.975441 -0.220261 -0.151947 -0.987658 -0.037987 0.024376 -0.999406 0.024376 0.115501 -0.993307 0.000000 0.135470 -0.967641 0.212881 -0.094703 -0.994379 -0.047351 -0.040572 -0.994015 0.101430
-0.402919 -0.433913 -0.805838 0.470757 -0.813125 -0.342368 0.000000 -0.973841 -0.227230 -0.146450 -0.988540 -0.036613 0.024376 -0.999406 0.024376 0.115501 -0.993307 0.000000 0.135470 -0.967641 0.212881 -0.094703 -0.994379 -0.047351 -0.020299 -0.994629 0.101493
-0.257529 -0.482867 -0.836970 0.470757 -0.813125 -0.342368 0.000000 -0.973841 -0.227230 -0.146450 -0.988540 -0.036613 0.024376 -0.999406 0.024376 0.115501 -0.993307 0.000000 0.135470 -0.967641 0.212881 -0.094703 -0.994379 -0.047351 -0.020299 -0.994629 0.101493
-0.066482 -0.498617 -0.864269 0.454794 -0.826898 -0.330759 0.031450 -0.974958 -0.220152 -0.146157 -0.986559 -0.073078 0.024383 -0.999703 0.000000 0.115501 -0.993307 0.000000 0.135470 -0.967641 0.212881 -0.094703 -0.994379 -0.047351 0.000000 -0.992586 0.121541
0.105409 -0.527046 -0.843274 0.421076 -0.842152 -0.336861 0.031220 -0.967805 -0.249756 -0.110133 -0.991201 -0.073422 0.024383 -0.999703 0.000000 0.115501 -0.993307 0.000000 0.135470 -0.967641 0.212881 -0.094703 -0.994379 -0.047351 0.000000 -0.992586 0.121541
0.340116 -0.432875 -0.834830 0.311188 -0.933564 -0.177822 0.031220 -0.967805 -0.249756 -0.110133 -0.991201 -0.073422 0.024383 -0.999703 0.000000 0.115501 -0.993307 0.000000 0.135470 -0.967641 0.212881 -0.094703 -0.994379 -0.047351 0.000000 -0.992586 0.121541
0.487308 -0.343982 -0.802625 0.211667 -0.973668 -0.084667 0.032191 -0.965734 -0.257529 -0.110133 -0.991201 -0.073422 0.024383 -0.999703 0.000000 0.092623 -0.995701 0.000000 0.135470 -0.967641 0.212881 -0.094703 -0.994379 -0.047351 0.000000 -0.989949 0.141421
0.517882 -0.327084 -0.790452 0.212430 -0.977176 0.000000 0.032191 -0.965734 -0.257529 -0.110133 -0.991201 -0.073422 0.024383 -0.999703 0.000000 0.092623 -0.995701 0.000000 0.136006 -0.971469 0.194294 -0.094703 -0.994379 -0.047351 0.000000 -0.989949 0.141421
0.560648 -0.293673 -0.774229 0.203785 -0.978167 0.040757 0.032191 -0.965734 -0.257529 -0.110133 -0.991201 -0.073422 0.024383 -0.999703 0.000000 0.092623 -0.995701 0.000000 0.136006 -0.971469 0.194294 -0.094703 -0.994379 -0.047351 0.000000 -0.989949 0.141421
0.576914 -0.274721 -0.769219 0.203279 -0.975739 0.081312 0.032444 -0.973329 -0.227110 -0.109764 -0.987878 -0.109764 0.024383 -0.999703 0.000000 0.092623 -0.995701 0.000000 0.136006 -0.971469 0.194294 -0.094703 -0.994379 -0.047351 0.000000 -0.989949 0.141421
0.581096 -0.249041 -0.774794 0.201292 -0.966204 0.161034 0.032191 -0.965734 -0.257529 -0.110133 -0.991201 -0.073422 0.024383 -0.999703 0.000000 0.092623 -0.995701 0.000000 0.116863 -0.973862 0.194772 -0.094703 -0.994379 -0.047351 0.000000 -0.989949 0.141421
0.584915 -0.222825 -0.779887 0.199840 -0.959233 0.199840 0.032191 -0.965734 -0.257529 -0.110133 -0.991201 -0.073422 0.024383 -0.999703 0.000000 0.092623 -0.995701 0.000000 0.116863 -0.973862 0.194772 -0.094703 -0.994379 -0.047351 0.000000 -0.989949 0.141421
0.566139 -0.226455 -0.792594 0.159617 -0.957704 0.239426 0.032444 -0.973329 -0.227110 -0.109764 -0.987878 -0.109764 0.024383 -0.999703 0.000000 0.092623 -0.995701 0.000000 0.116863 -0.973862 0.194772 -0.094703 -0.994379 -0.047351 0.000000 -0.989949 0.141421
0.566139 -0.226455 -0.792594 0.159617 -0.957704 0.239426 0.032444 -0.973329 -0.227110 -0.109764 -0.987878 -0.109764 0.024383 -0.999703 0.000000 0.092623 -0.995701 0.000000 0.116863 -0.973862 0.194772 -0.094703 -0.994379 -0.047351 0.000000 -0.989949 0.141421
0.550065 -0.247529 -0.797595 0.164122 -0.943701 0.287213 0.033501 -0.971537 -0.234509 -0.106265 -0.991811 -0.070844 0.000000 -1.000000 0.000000 0.092623 -0.995701 0.000000 0.116863 -0.973862 0.194772 -0.094703 -0.994379 -0.047351 0.000000 -0.986933 0.161132
0.530445 -0.251263 -0.809626 0.164122 -0.943701 0.287213 0.033501 -0.971537 -0.234509 -0.141069 -0.987484 -0.070535 0.000000 -1.000000 0.000000 0.092623 -0.995701 0.000000 0.116863 -0.973862 0.194772 -0.094703 -0.994379 -0.047351 0.000000 -0.986933 0.161132
0.542636 -0.257038 -0.799674 0.165948 -0.954201 0.248922 0.033748 -0.978703 -0.202490 -0.140633 -0.984428 -0.105474 0.000000 -1.000000 0.000000 0.092623 -0.995701 0.000000 0.097590 -0.975900 0.195180 -0.094703 -0.994379 -0.047351 0.000000 -0.986933 0.161132
0.525786 -0.233682 -0.817889 0.161034 -0.966204 0.201292 0.066890 -0.969905 -0.234115 -0.140633 -0.984428 -0.105474 0.000000 -1.000000 0.000000 0.092623 -0.995701 0.000000 0.097590 -0.975900 0.195180 -0.094703 -0.994379 -0.047351 0.000000 -0.986933 0.161132
0.509933 -0.254967 -0.821559 0.162221 -0.973329 0.162221 0.066890 -0.969905 -0.234115 -0.140633 -0.984428 -0.105474 0.000000 -1.000000 0.000000 0.092623 -0.995701 0.000000 0.097590 -0.975900 0.195180 -0.094703 -0.994379 -0.047351 0.000000 -0.986933 0.161132
0.488514 -0.258625 -0.833347 0.202444 -0.971732 0.121466 0.066890 -0.969905 -0.234115 -0.141069 -0.987484 -0.070535 0.000000 -1.000000 0.000000 0.092623 -0.995701 0.000000 0.097590 -0.975900 0.195180 -0.094703 -0.994379 -0.047351 -0.020137 -0.986733 0.161099
0.439554 -0.357137 -0.824163 0.202444 -0.971732 0.121466 0.066890 -0.969905 -0.234115 -0.141069 -0.987484 -0.070535 0.000000 -1.000000 0.000000 0.092623 -0.995701 0.000000 0.097590 -0.975900 0.195180 -0.094703 -0.994379 -0.047351 -0.020137 -0.986733 0.161099
