-0.594412 0.759527 -0.264183 -0.615470 0.129573 -0.777436 0.000000 -0.954480 -0.298275 -0.163846 -0.983078 -0.081923 -0.082885 -0.994618 -0.062164 0.100855 -0.983332 -0.151282 0.123091 -0.984732 0.123091 -0.123429 -0.987429 -0.098743 0.021652 -0.996007 0.086609
-0.579741 0.772988 -0.257663 -0.623663 0.173240 -0.762255 0.000000 -0.954480 -0.298275 -0.163846 -0.983078 -0.081923 -0.044302 -0.996805 -0.066454 0.100855 -0.983332 -0.151282 0.123091 -0.984732 0.123091 -0.123429 -0.987429 -0.098743 0.021652 -0.996007 0.086609
-0.594412 0.759527 -0.264183 -0.614235 0.216789 -0.758761 0.029814 -0.954056 -0.298142 -0.123091 -0.984732 -0.123091 -0.022698 -0.998711 -0.045396 0.100855 -0.983332 -0.151282 0.123091 -0.984732 0.123091 -0.123429 -0.987429 -0.098743 0.021688 -0.997645 0.065064
-0.599334 0.765816 -0.233075 -0.609088 0.250801 -0.752403 0.029540 -0.945274 -0.324938 -0.123613 -0.988903 -0.082409 -0.022698 -0.998711 -0.045396 0.100855 -0.983332 -0.151282 0.123091 -0.984732 0.123091 -0.123429 -0.987429 -0.098743 0.021688 -0.997645 0.065064
-0.609557 0.745014 -0.270914 -0.602595 0.263635 -0.753244 0.029540 -0.945274 -0.324938 -0.123613 -0.988903 -0.082409 0.000000 -0.998969 -0.045408 0.100855 -0.983332 -0.151282 0.123091 -0.984732 0.123091 -0.123429 -0.987429 -0.098743 0.021688 -0.997645 0.065064
-0.599334 0.765816 -0.233075 -0.608229 0.228086 -0.760286 0.029540 -0.945274 -0.324938 -0.123613 -0.988903 -0.082409 0.000000 -0.998920 -0.046461 0.100855 -0.983332 -0.151282 0.123091 -0.984732 0.123091 -0.123429 -0.987429 -0.098743 0.021688 -0.997645 0.065064
-0.599334 0.765816 -0.233075 -0.583432 0.233373 -0.777910 0.029540 -0.945274 -0.324938 -0.123613 -0.988903 -0.082409 0.000000 -0.998920 -0.046461 0.100855 -0.983332 -0.151282 0.123091 -0.984732 0.123091 -0.123429 -0.987429 -0.098743 0.021688 -0.997645 0.065064
-0.614868 0.751506 -0.239115 -0.556890 0.238667 -0.795557 0.029540 -0.945274 -0.324938 -0.123091 -0.984732 -0.123091 0.000000 -0.998920 -0.046461 0.100855 -0.983332 -0.151282 0.123091 -0.984732 0.123091 -0.123429 -0.987429 -0.098743 0.021688 -0.997645 0.065064
-0.625166 0.729360 -0.277851 -0.556890 0.238667 -0.795557 0.029814 -0.954056 -0.298142 -0.123091 -0.984732 -0.123091 -0.063643 -0.997070 -0.042429 0.100855 -0.983332 -0.151282 0.123091 -0.984732 0.123091 -0.123429 -0.987429 -0.098743 0.021688 -0.997645 0.065064
-0.612637 0.720750 -0.324337 -0.570627 0.190209 -0.798878 0.000000 -0.954480 -0.298275 -0.123091 -0.984732 -0.123091 -0.082974 -0.995688 -0.041487 0.100855 -0.983332 -0.151282 0.123091 -0.984732 0.123091 -0.123429 -0.987429 -0.098743 0.021688 -0.997645 0.065064
-0.663914 0.594028 -0.454257 -0.611448 0.000000 -0.791285 0.000000 -0.954480 -0.298275 -0.181608 -0.980684 -0.072643 -0.081295 -0.995861 -0.040647 0.100855 -0.983332 -0.151282 0.123091 -0.984732 0.123091 -0.123429 -0.987429 -0.098743 0.021688 -0.997645 0.065064
-0.684737 0.470757 -0.556349 -0.609112 -0.192351 -0.769405 0.000000 -0.962651 -0.270746 -0.233373 -0.972387 0.000000 -0.082885 -0.994618 -0.062164 0.100855 -0.983332 -0.151282 0.122756 -0.982049 0.143215 -0.123429 -0.987429 -0.098743 0.021688 -0.997645 0.065064
-0.760286 0.228086 -0.608229 -0.584132 -0.338182 -0.737851 0.000000 -0.962651 -0.270746 -0.233373 -0.972387 0.000000 -0.082885 -0.994618 -0.062164 0.100855 -0.983332 -0.151282 0.122756 -0.982049 0.143215 -0.123429 -0.987429 -0.098743 0.021688 -0.997645 0.065064
-0.799002 -0.049938 -0.599251 -0.482867 -0.515058 -0.708205 0.000000 -0.962651 -0.270746 -0.209401 -0.977207 -0.034900 -0.063472 -0.994389 -0.084629 0.100855 -0.983332 -0.151282 0.122756 -0.982049 0.143215 -0.123429 -0.987429 -0.098743 0.021688 -0.997645 0.065064
-0.752773 -0.442807 -0.487088 -0.398893 -0.631581 -0.664822 -0.030303 -0.969697 -0.242424 -0.175682 -0.983820 -0.035136 -0.064836 -0.994144 -0.086447 0.100855 -0.983332 -0.151282 0.122756 -0.982049 0.143215 -0.123429 -0.987429 -0.098743 0.000000 -0.997880 0.065079
-0.706496 -0.540262 -0.457144 -0.365451 -0.764124 -0.531564 -0.030303 -0.969697 -0.242424 -0.169516 -0.983192 -0.067806 -0.064836 -0.994144 -0.086447 0.098414 -0.984136 -0.147620 0.125272 -0.981299 0.146151 -0.120491 -0.988024 -0.096393 0.000000 -0.997880 0.065079
-0.663084 -0.663084 -0.347330 -0.353007 -0.802288 -0.481373 -0.030069 -0.962216 -0.270623 -0.169809 -0.984892 -0.033962 -0.066259 -0.993884 -0.088345 0.098414 -0.984136 -0.147620 0.125272 -0.981299 0.146151 -0.120491 -0.988024 -0.096393 0.000000 -0.997880 0.065079
-0.637577 -0.701334 -0.318788 -0.353919 -0.836536 -0.418268 -0.029223 -0.964352 -0.263005 -0.181969 -0.982631 -0.036394 -0.044227 -0.995098 -0.088453 0.098414 -0.984136 -0.147620 0.125272 -0.981299 0.146151 -0.120491 -0.988024 -0.096393 0.000000 -0.997880 0.065079
-0.609711 -0.731653 -0.304855 -0.320585 -0.865580 -0.384702 -0.029223 -0.964352 -0.263005 -0.181969 -0.982631 -0.036394 -0.044227 -0.995098 -0.088453 0.098414 -0.984136 -0.147620 0.125272 -0.981299 0.146151 -0.120491 -0.988024 -0.096393 0.000000 -0.997880 0.065079
-0.641989 -0.703131 -0.305709 -0.315440 -0.883232 -0.346984 -0.029223 -0.964352 -0.263005 -0.181969 -0.982631 -0.036394 -0.044227 -0.995098 -0.088453 0.098414 -0.984136 -0.147620 0.125272 -0.981299 0.146151 -0.120491 -0.988024 -0.096393 0.000000 -0.997880 0.065079
-0.641989 -0.703131 -0.305709 -0.315440 -0.883232 -0.346984 -0.028421 -0.966315 -0.255789 -0.188713 -0.981307 -0.037743 -0.024318 -0.997039 -0.072954 0.098414 -0.984136 -0.147620 0.125272 -0.981299 0.146151 -0.123429 -0.987429 -0.098743 0.000000 -0.997969 0.063700
-0.663084 -0.663084 -0.347330 -0.318788 -0.892607 -0.318788 -0.028205 -0.958984 -0.282054 -0.188847 -0.982006 0.000000 -0.024318 -0.997039 -0.072954 0.098414 -0.984136 -0.147620 0.122756 -0.982049 0.143215 -0.123429 -0.987429 -0.098743 -0.021229 -0.997744 0.063686
-0.696311 -0.557048 -0.452602 -0.328089 -0.885841 -0.328089 -0.028205 -0.958984 -0.282054 -0.152057 -0.988372 0.000000 -0.023742 -0.997178 -0.071227 0.098414 -0.984136 -0.147620 0.123091 -0.984732 0.123091 -0.123429 -0.987429 -0.098743 -0.021229 -0.997744 0.063686
-0.703222 -0.444140 -0.555175 -0.337869 -0.878459 -0.337869 -0.028989 -0.956622 -0.289886 -0.152057 -0.988372 0.000000 -0.024318 -0.997039 -0.072954 0.098414 -0.984136 -0.147620 0.123091 -0.984732 0.123091 -0.123429 -0.987429 -0.098743 -0.021229 -0.997744 0.063686
-0.683271 -0.341635 -0.645311 -0.312961 -0.869335 -0.382507 -0.028989 -0.956622 -0.289886 -0.151947 -0.987658 0.037987 -0.023742 -0.997178 -0.071227 0.100855 -0.983332 -0.151282 0.120653 -0.985335 0.120653 -0.123429 -0.987429 -0.098743 -0.021688 -0.997645 0.065064
-0.670495 -0.317603 -0.670495 -0.225335 -0.863783 -0.450669 0.000000 -0.957024 -0.290007 -0.157867 -0.986671 0.039467 -0.023742 -0.997178 -0.071227 0.100855 -0.983332 -0.151282 0.120653 -0.985335 0.120653 -0.123091 -0.984732 -0.123091 -0.021652 -0.996007 0.086609
-0.647766 -0.277614 -0.709458 -0.087287 -0.872872 -0.480079 0.000000 -0.957024 -0.290007 -0.157867 -0.986671 0.039467 -0.023742 -0.997178 -0.071227 0.100855 -0.983332 -0.151282 0.120653 -0.985335 0.120653 -0.123091 -0.984732 -0.123091 -0.021652 -0.996007 0.086609
-0.615166 -0.276825 -0.738200 0.000000 -0.865426 -0.501036 0.000000 -0.964764 -0.263117 -0.157991 -0.987441 0.000000 -0.023193 -0.997307 -0.069580 0.100855 -0.983332 -0.151282 0.120653 -0.985335 0.120653 -0.123091 -0.984732 -0.123091 -0.021652 -0.996007 0.086609
-0.559308 -0.235498 -0.794805 0.135388 -0.857458 -0.496423 0.000000 -0.964764 -0.263117 -0.157991 -0.987441 0.000000 -0.046349 -0.996503 -0.069523 0.098414 -0.984136 -0.147620 0.123091 -0.984732 0.123091 -0.123091 -0.984732 -0.123091 -0.021652 -0.996007 0.086609
-0.461157 -0.215206 -0.860826 0.186299 -0.838344 -0.512321 0.000000 -0.964764 -0.263117 -0.157991 -0.987441 0.000000 -0.046349 -0.996503 -0.069523 0.098743 -0.987429 -0.123429 0.123091 -0.984732 0.123091 -0.123091 -0.984732 -0.123091 -0.021652 -0.996007 0.086609
-0.356138 -0.226633 -0.906533 0.314945 -0.809858 -0.494913 0.000000 -0.964764 -0.263117 -0.157991 -0.987441 0.000000 -0.046262 -0.994635 -0.092524 0.098743 -0.987429 -0.123429 0.123091 -0.984732 0.123091 -0.123091 -0.984732 -0.123091 -0.021652 -0.996007 0.086609
-0.230571 -0.230571 -0.945343 0.303774 -0.824530 -0.477359 0.000000 -0.962651 -0.270746 -0.151947 -0.987658 -0.037987 -0.046262 -0.994635 -0.092524 0.098743 -0.987429 -0.123429 0.123091 -0.984732 0.123091 -0.123091 -0.984732 -0.123091 -0.021652 -0.996007 0.086609
-0.115230 -0.288076 -0.950649 0.303774 -0.824530 -0.477359 0.000000 -0.962651 -0.270746 -0.157867 -0.986671 -0.039467 -0.046262 -0.994635 -0.092524 0.098743 -0.987429 -0.123429 0.123091 -0.984732 0.123091 -0.123091 -0.984732 -0.123091 0.000000 -0.994144 0.108059
0.071520 -0.250319 -0.965518 0.348155 -0.870388 -0.348155 0.000000 -0.954480 -0.298275 -0.157867 -0.986671 -0.039467 -0.046262 -0.994635 -0.092524 0.101209 -0.986789 -0.126511 0.123091 -0.984732 0.123091 -0.123091 -0.984732 -0.123091 0.000000 -0.994144 0.108059
0.367022 -0.152926 -0.917556 0.231372 -0.971764 -0.046274 0.000000 -0.954480 -0.298275 -0.157991 -0.987441 0.000000 -0.046262 -0.994635 -0.092524 0.101209 -0.986789 -0.126511 0.123091 -0.984732 0.123091 -0.123091 -0.984732 -0.123091 0.000000 -0.994144 0.108059
0.551553 -0.194666 -0.811107 0.286039 -0.953463 -0.095346 0.000000 -0.945687 -0.325080 -0.157991 -0.987441 0.000000 -0.046262 -0.994635 -0.092524 0.101209 -0.986789 -0.126511 0.102815 -0.987019 0.123377 -0.123091 -0.984732 -0.123091 0.000000 -0.994144 0.108059
0.632140 -0.158035 -0.758567 0.352865 -0.926270 -0.132324 0.000000 -0.954480 -0.298275 -0.157867 -0.986671 -0.039467 -0.046262 -0.994635 -0.092524 0.101209 -0.986789 -0.126511 0.103054 -0.989323 0.103054 -0.123091 -0.984732 -0.123091 0.000000 -0.994144 0.108059
0.665745 -0.158511 -0.729149 0.390567 -0.911322 -0.130189 0.000000 -0.954480 -0.298275 -0.157867 -0.986671 -0.039467 -0.046262 -0.994635 -0.092524 0.101209 -0.986789 -0.126511 0.103054 -0.989323 0.103054 -0.123091 -0.984732 -0.123091 0.000000 -0.991600 0.129339
0.679258 -0.185252 -0.710134 0.403705 -0.897123 -0.179425 0.000000 -0.945687 -0.325080 -0.157867 -0.986671 -0.039467 -0.046262 -0.994635 -0.092524 0.101209 -0.986789 -0.126511 0.103054 -0.989323 0.103054 -0.123091 -0.984732 -0.123091 0.000000 -0.991600 0.129339
0.694314 -0.189358 -0.694314 0.400099 -0.889108 -0.222277 0.000000 -0.945687 -0.325080 -0.157867 -0.986671 -0.039467 -0.046262 -0.994635 -0.092524 0.101209 -0.986789 -0.126511 0.103054 -0.989323 0.103054 -0.123429 -0.987429 -0.098743 0.000000 -0.994144 0.108059
0.689862 -0.219502 -0.689862 0.400099 -0.889108 -0.222277 0.000000 -0.954480 -0.298275 -0.157867 -0.986671 -0.039467 -0.046262 -0.994635 -0.092524 0.098743 -0.987429 -0.123429 0.105199 -0.988871 0.105199 -0.123429 -0.987429 -0.098743 0.000000 -0.994144 0.108059
0.677419 -0.193548 -0.709677 0.370524 -0.905726 -0.205847 0.000000 -0.954480 -0.298275 -0.157867 -0.986671 -0.039467 -0.046262 -0.994635 -0.092524 0.098743 -0.987429 -0.123429 0.105199 -0.988871 0.105199 -0.123429 -0.987429 -0.098743 0.000000 -0.994144 0.108059
0.628695 -0.188608 -0.754434 0.373383 -0.912714 -0.165948 0.000000 -0.954480 -0.298275 -0.195965 -0.979827 -0.039193 -0.046262 -0.994635 -0.092524 0.098743 -0.987429 -0.123429 0.105199 -0.988871 0.105199 -0.123429 -0.987429 -0.098743 0.000000 -0.994144 0.108059
0.632140 -0.158035 -0.758567 0.359712 -0.919265 -0.159872 0.000000 -0.962651 -0.270746 -0.195515 -0.977577 -0.078206 -0.046262 -0.994635 -0.092524 0.098743 -0.987429 -0.123429 0.105199 -0.988871 0.105199 -0.123429 -0.987429 -0.098743 0.000000 -0.994144 0.108059
0.612585 -0.161206 -0.773791 0.359712 -0.919265 -0.159872 0.000000 -0.954480 -0.298275 -0.195965 -0.979827 -0.039193 -0.046262 -0.994635 -0.092524 0.098743 -0.987429 -0.123429 0.084327 -0.990847 0.105409 -0.123429 -0.987429 -0.098743 0.000000 -0.994144 0.108059
0.621421 -0.147957 -0.769379 0.288921 -0.949312 -0.123823 0.000000 -0.954480 -0.298275 -0.195965 -0.979827 -0.039193 -0.046151 -0.992249 -0.115378 0.098743 -0.987429 -0.123429 0.084327 -0.990847 0.105409 -0.123429 -0.987429 -0.098743 0.000000 -0.994144 0.108059
0.621421 -0.147957 -0.769379 0.288921 -0.949312 -0.123823 0.000000 -0.951709 -0.307003 -0.188713 -0.981307 -0.037743 -0.046151 -0.992249 -0.115378 0.098743 -0.987429 -0.123429 0.084327 -0.990847 0.105409 -0.123429 -0.987429 -0.098743 0.000000 -0.991600 0.129339
0.638419 -0.121604 -0.760022 0.287213 -0.943701 -0.164122 0.000000 -0.951709 -0.307003 -0.188713 -0.981307 -0.037743 -0.046151 -0.992249 -0.115378 0.098743 -0.987429 -0.123429 0.084327 -0.990847 0.105409 -0.123429 -0.987429 -0.098743 0.000000 -0.991600 0.129339
0.617213 -0.154303 -0.771517 0.296334 -0.931334 -0.211667 0.000000 -0.960346 -0.278810 -0.188311 -0.979217 -0.075324 -0.023094 -0.993042 -0.115470 0.101209 -0.986789 -0.126511 0.084327 -0.990847 0.105409 -0.123429 -0.987429 -0.098743 0.000000 -0.991600 0.129339
