-0.577350 0.808290 -0.115470 -0.651981 0.325991 -0.684580 0.030303 -0.969697 -0.242424 -0.113878 -0.986947 -0.113878 -0.103584 -0.994405 0.020717 0.048593 -0.996156 -0.072889 0.076444 -0.974661 0.210221 -0.047351 -0.994379 -0.094703 0.019803 -0.990148 0.138621
-0.597022 0.796030 -0.099504 -0.649570 0.259828 -0.714527 0.028618 -0.973018 -0.228946 -0.123091 -0.984732 -0.123091 -0.103584 -0.994405 0.020717 0.048593 -0.996156 -0.072889 0.076444 -0.974661 0.210221 -0.047351 -0.994379 -0.094703 0.019803 -0.990148 0.138621
-0.666831 0.711287 -0.222277 -0.640126 0.202145 -0.741199 0.028421 -0.966315 -0.255789 -0.128861 -0.987935 -0.085907 -0.086630 -0.996241 0.000000 0.048593 -0.996156 -0.072889 0.076444 -0.974661 0.210221 -0.047351 -0.994379 -0.094703 0.019803 -0.990148 0.138621
-0.744784 0.613351 -0.262865 -0.650600 0.130120 -0.748190 0.000000 -0.976187 -0.216930 -0.220755 -0.971324 -0.088302 -0.068024 -0.997684 0.000000 0.048593 -0.996156 -0.072889 0.076444 -0.974661 0.210221 -0.047351 -0.994379 -0.094703 0.019803 -0.990148 0.138621
-0.768350 0.548821 -0.329293 -0.635455 -0.066890 -0.769235 0.028421 -0.966315 -0.255789 -0.279776 -0.959233 -0.039968 -0.046449 -0.998651 -0.023224 0.048593 -0.996156 -0.072889 0.076444 -0.974661 0.210221 -0.047351 -0.994379 -0.094703 0.019803 -0.990148 0.138621
-0.805614 0.418919 -0.418919 -0.581728 -0.307974 -0.752825 0.029223 -0.964352 -0.263005 -0.250801 -0.967375 -0.035829 -0.023776 -0.998586 -0.047552 0.048593 -0.996156 -0.072889 0.075045 -0.975591 0.206375 -0.047351 -0.994379 -0.094703 0.019803 -0.990148 0.138621
-0.848096 0.272602 -0.454337 -0.502519 -0.502519 -0.703526 0.000000 -0.962651 -0.270746 -0.209401 -0.977207 -0.034900 -0.023776 -0.998586 -0.047552 0.048593 -0.996156 -0.072889 0.076444 -0.974661 0.210221 -0.047351 -0.994379 -0.094703 0.019803 -0.990148 0.138621
-0.877585 0.026593 -0.478683 -0.373457 -0.709568 -0.597531 0.030069 -0.962216 -0.270623 -0.234509 -0.971537 -0.033501 -0.023742 -0.997178 -0.071227 0.048593 -0.996156 -0.072889 0.076444 -0.974661 0.210221 -0.047351 -0.994379 -0.094703 0.019803 -0.990148 0.138621
-0.882109 -0.165395 -0.441054 -0.311458 -0.795948 -0.519096 0.030303 -0.969697 -0.242424 -0.226752 -0.971795 -0.064786 0.000000 -0.997334 -0.072976 0.048593 -0.996156 -0.072889 0.076444 -0.974661 0.210221 -0.047351 -0.994379 -0.094703 0.000000 -0.990342 0.138648
-0.851314 -0.357003 -0.384465 -0.248421 -0.851728 -0.461353 0.000000 -0.970143 -0.242536 -0.189927 -0.981288 -0.031654 0.000000 -0.997334 -0.072976 0.048593 -0.996156 -0.072889 0.075045 -0.975591 0.206375 -0.047351 -0.994379 -0.094703 0.000000 -0.993151 0.116841
-0.815044 -0.449680 -0.365365 -0.248264 -0.886659 -0.390130 0.027661 -0.968122 -0.248946 -0.259973 -0.965616 0.000000 0.000000 -0.997334 -0.072976 0.048593 -0.996156 -0.072889 0.075045 -0.975591 0.206375 -0.047351 -0.994379 -0.094703 0.000000 -0.993151 0.116841
-0.791327 -0.508710 -0.339140 -0.254756 -0.909843 -0.327544 0.026939 -0.969790 -0.242448 -0.233373 -0.972387 0.000000 0.000000 -0.997334 -0.072976 0.048593 -0.996156 -0.072889 0.075045 -0.975591 0.206375 -0.047351 -0.994379 -0.094703 -0.019470 -0.992962 0.116819
-0.786939 -0.533994 -0.309155 -0.222834 -0.928477 -0.297113 0.026939 -0.969790 -0.242448 -0.242536 -0.970143 0.000000 0.000000 -0.997334 -0.072976 0.048593 -0.996156 -0.072889 0.075045 -0.975591 0.206375 -0.047351 -0.994379 -0.094703 -0.019470 -0.992962 0.116819
-0.780399 -0.520266 -0.346844 -0.225176 -0.938233 -0.262705 0.026252 -0.971333 -0.236270 -0.252422 -0.967617 0.000000 0.000000 -0.997334 -0.072976 0.048593 -0.996156 -0.072889 0.075045 -0.975591 0.206375 -0.047351 -0.994379 -0.094703 -0.019470 -0.992962 0.116819
-0.788966 -0.515863 -0.333793 -0.233373 -0.933492 -0.272268 0.026252 -0.971333 -0.236270 -0.252422 -0.967617 0.000000 0.000000 -0.997334 -0.072976 0.048593 -0.996156 -0.072889 0.075045 -0.975591 0.206375 -0.047351 -0.994379 -0.094703 -0.019470 -0.992962 0.116819
-0.796187 -0.442326 -0.412837 -0.242140 -0.928204 -0.282497 0.026252 -0.971333 -0.236270 -0.252422 -0.967617 0.000000 0.000000 -0.997334 -0.072976 0.048593 -0.996156 -0.072889 0.075045 -0.975591 0.206375 -0.047351 -0.994379 -0.094703 -0.019470 -0.992962 0.116819
-0.803557 -0.357137 -0.476182 -0.242140 -0.928204 -0.282497 0.026252 -0.971333 -0.236270 -0.212430 -0.977176 0.000000 0.000000 -0.997334 -0.072976 0.048593 -0.996156 -0.072889 0.075045 -0.975591 0.206375 -0.047351 -0.994379 -0.094703 -0.038918 -0.992398 0.116753
-0.770172 -0.285249 -0.570498 -0.251533 -0.922288 -0.293455 0.026407 -0.977073 -0.211259 -0.212430 -0.977176 0.000000 0.000000 -0.997334 -0.072976 0.048593 -0.996156 -0.072889 0.075045 -0.975591 0.206375 -0.047351 -0.994379 -0.094703 -0.038918 -0.992398 0.116753
-0.734659 -0.205704 -0.646500 -0.248282 -0.910366 -0.331042 0.026407 -0.977073 -0.211259 -0.212430 -0.977176 0.000000 0.000000 -0.997334 -0.072976 0.048593 -0.996156 -0.072889 0.075045 -0.975591 0.206375 -0.047351 -0.994379 -0.094703 -0.038918 -0.992398 0.116753
-0.667894 -0.151794 -0.728612 -0.244745 -0.897399 -0.367118 0.000000 -0.982570 -0.185892 -0.221404 -0.974176 -0.044281 0.000000 -0.997334 -0.072976 0.048665 -0.997629 -0.048665 0.075045 -0.975591 0.206375 -0.047351 -0.994379 -0.094703 -0.038918 -0.992398 0.116753
-0.619876 -0.123975 -0.774845 -0.206372 -0.866763 -0.454019 0.000000 -0.983870 -0.178885 -0.188713 -0.981307 -0.037743 0.000000 -0.997334 -0.072976 0.048665 -0.997629 -0.048665 0.075045 -0.975591 0.206375 -0.047351 -0.994379 -0.094703 -0.038918 -0.992398 0.116753
-0.559562 -0.098746 -0.822885 -0.127573 -0.850487 -0.510292 0.032669 -0.980057 -0.196011 -0.209020 -0.975426 -0.069673 0.000000 -0.997334 -0.072976 0.048665 -0.997629 -0.048665 0.075045 -0.975591 0.206375 -0.047351 -0.994379 -0.094703 -0.038918 -0.992398 0.116753
-0.495188 -0.061898 -0.866578 0.000000 -0.857493 -0.514496 0.032669 -0.980057 -0.196011 -0.209020 -0.975426 -0.069673 0.000000 -0.998812 -0.048723 0.048665 -0.997629 -0.048665 0.075045 -0.975591 0.206375 -0.047351 -0.994379 -0.094703 -0.038918 -0.992398 0.116753
-0.347105 -0.034711 -0.937184 0.087287 -0.872872 -0.480079 0.033748 -0.978703 -0.202490 -0.202145 -0.977035 -0.067382 0.000000 -0.998812 -0.048723 0.048665 -0.997629 -0.048665 0.075045 -0.975591 0.206375 -0.047351 -0.994379 -0.094703 -0.038918 -0.992398 0.116753
-0.316033 -0.035115 -0.948098 0.206372 -0.866763 -0.454019 0.033501 -0.971537 -0.234509 -0.202145 -0.977035 -0.067382 0.000000 -0.998812 -0.048723 0.048665 -0.997629 -0.048665 0.075045 -0.975591 0.206375 -0.047351 -0.994379 -0.094703 -0.038822 -0.989965 0.135878
-0.181608 -0.072643 -0.980684 0.293198 -0.837708 -0.460739 0.033501 -0.971537 -0.234509 -0.202145 -0.977035 -0.067382 0.000000 -0.998812 -0.048723 0.048665 -0.997629 -0.048665 0.075045 -0.975591 0.206375 -0.047351 -0.994379 -0.094703 -0.038822 -0.989965 0.135878
0.000000 -0.119145 -0.992877 0.330759 -0.826898 -0.454794 0.064786 -0.971795 -0.226752 -0.201574 -0.974274 -0.100787 0.000000 -0.998812 -0.048723 0.048665 -0.997629 -0.048665 0.075045 -0.975591 0.206375 -0.047351 -0.994379 -0.094703 -0.019803 -0.990148 0.138621
0.216366 -0.072122 -0.973645 0.292941 -0.878823 -0.376638 0.066890 -0.969905 -0.234115 -0.201574 -0.974274 -0.100787 0.000000 -0.998812 -0.048723 0.048665 -0.997629 -0.048665 0.075045 -0.975591 0.206375 -0.047351 -0.994379 -0.094703 -0.019803 -0.990148 0.138621
0.397607 0.000000 -0.917556 0.244745 -0.938190 -0.244745 0.033223 -0.963460 -0.265782 -0.169031 -0.980379 -0.101419 0.000000 -0.998812 -0.048723 0.048665 -0.997629 -0.048665 0.075045 -0.975591 0.206375 -0.047351 -0.994379 -0.094703 -0.019803 -0.990148 0.138621
0.510355 0.026861 -0.859544 0.163846 -0.983078 -0.081923 0.032191 -0.965734 -0.257529 -0.169516 -0.983192 -0.067806 0.000000 -0.998812 -0.048723 0.048665 -0.997629 -0.048665 0.075045 -0.975591 0.206375 -0.047351 -0.994379 -0.094703 -0.019745 -0.987248 0.157960
0.582886 0.050686 -0.810972 0.119051 -0.992095 -0.039684 0.031220 -0.967805 -0.249756 -0.175358 -0.982003 -0.070143 0.000000 -0.998812 -0.048723 0.048665 -0.997629 -0.048665 0.076444 -0.974661 0.210221 -0.047351 -0.994379 -0.094703 -0.019745 -0.987248 0.157960
0.626962 0.050157 -0.777433 0.119051 -0.992095 0.039684 0.061839 -0.958508 -0.278277 -0.175358 -0.982003 -0.070143 0.000000 -0.998812 -0.048723 0.048665 -0.997629 -0.048665 0.076444 -0.974661 0.210221 -0.047351 -0.994379 -0.094703 -0.019745 -0.987248 0.157960
0.626962 0.050157 -0.777433 0.118308 -0.985904 0.118308 0.061839 -0.958508 -0.278277 -0.175358 -0.982003 -0.070143 0.000000 -0.998812 -0.048723 0.048665 -0.997629 -0.048665 0.076444 -0.974661 0.210221 -0.047351 -0.994379 -0.094703 -0.019745 -0.987248 0.157960
0.666667 0.051282 -0.743590 0.079181 -0.989759 0.118771 0.061839 -0.958508 -0.278277 -0.175358 -0.982003 -0.070143 0.000000 -0.998812 -0.048723 0.048665 -0.997629 -0.048665 0.076444 -0.974661 0.210221 -0.047351 -0.994379 -0.094703 -0.019745 -0.987248 0.157960
0.661477 0.057520 -0.747757 0.195965 -0.979827 0.039193 0.061839 -0.958508 -0.278277 -0.175358 -0.982003 -0.070143 0.000000 -0.998812 -0.048723 0.048665 -0.997629 -0.048665 0.057406 -0.975909 0.210490 -0.047351 -0.994379 -0.094703 -0.019745 -0.987248 0.157960
0.673922 0.032092 -0.738105 0.279776 -0.959233 -0.039968 0.060057 -0.960913 -0.270257 -0.181969 -0.982631 -0.036394 0.000000 -0.998812 -0.048723 0.048665 -0.997629 -0.048665 0.057406 -0.975909 0.210490 -0.047351 -0.994379 -0.094703 -0.019680 -0.983993 0.177119
