-0.477785 0.871254 -0.112420 -0.656488 -0.287213 -0.697518 0.000000 -0.970143 -0.242536 -0.140633 -0.984428 -0.105474 -0.066454 -0.996805 -0.044302 0.024376 -0.999406 -0.024376 0.059631 -0.973980 0.218649 -0.069430 -0.995168 -0.069430 0.020253 -0.992383 0.121516
-0.438892 0.877784 -0.192015 -0.685365 -0.342682 -0.642529 0.000000 -0.968277 -0.249878 -0.102359 -0.989467 -0.102359 -0.066454 -0.996805 -0.044302 0.024376 -0.999406 -0.024376 0.059631 -0.973980 0.218649 -0.069430 -0.995168 -0.069430 0.020253 -0.992383 0.121516
-0.447039 0.866138 -0.223520 -0.674919 -0.379642 -0.632737 0.000000 -0.968277 -0.249878 -0.105934 -0.988714 -0.105934 -0.066454 -0.996805 -0.044302 0.024376 -0.999406 -0.024376 0.059631 -0.973980 0.218649 -0.069430 -0.995168 -0.069430 0.020253 -0.992383 0.121516
-0.558146 0.781404 -0.279073 -0.572848 -0.484718 -0.660979 0.000000 -0.968277 -0.249878 -0.105934 -0.988714 -0.105934 -0.066454 -0.996805 -0.044302 0.024376 -0.999406 -0.024376 0.059631 -0.973980 0.218649 -0.069430 -0.995168 -0.069430 0.020253 -0.992383 0.121516
-0.644382 0.672398 -0.364216 -0.517357 -0.560470 -0.646696 0.000000 -0.968277 -0.249878 -0.105934 -0.988714 -0.105934 -0.066454 -0.996805 -0.044302 0.024376 -0.999406 -0.024376 0.059631 -0.973980 0.218649 -0.069430 -0.995168 -0.069430 0.020253 -0.992383 0.121516
-0.763981 0.509321 -0.396138 -0.459532 -0.584858 -0.668410 0.000000 -0.968277 -0.249878 -0.105934 -0.988714 -0.105934 -0.067867 -0.995383 -0.067867 0.024376 -0.999406 -0.024376 0.058498 -0.974972 0.214494 -0.069430 -0.995168 -0.069430 0.020253 -0.992383 0.121516
-0.870910 0.252845 -0.421408 -0.425628 -0.595880 -0.681005 0.000000 -0.968277 -0.249878 -0.135926 -0.985460 -0.101944 -0.067867 -0.995383 -0.067867 0.024376 -0.999406 -0.024376 0.058498 -0.974972 0.214494 -0.069430 -0.995168 -0.069430 0.020253 -0.992383 0.121516
-0.899508 0.000000 -0.436904 -0.414870 -0.663792 -0.622305 0.000000 -0.970143 -0.242536 -0.135926 -0.985460 -0.101944 -0.067867 -0.995383 -0.067867 0.024376 -0.999406 -0.024376 0.058498 -0.974972 0.214494 -0.069430 -0.995168 -0.069430 0.020253 -0.992383 0.121516
-0.894427 -0.210453 -0.394600 -0.413698 -0.714569 -0.564133 0.000000 -0.968277 -0.249878 -0.131519 -0.986394 -0.098639 -0.069301 -0.993307 -0.092401 0.024376 -0.999406 -0.024376 0.058498 -0.974972 0.214494 -0.069430 -0.995168 -0.069430 0.000000 -0.992586 0.121541
-0.850033 -0.411306 -0.329045 -0.368355 -0.773545 -0.515697 0.029437 -0.971429 -0.235498 -0.174821 -0.978997 -0.104893 -0.046262 -0.994635 -0.092524 0.024376 -0.999406 -0.024376 0.058498 -0.974972 0.214494 -0.069430 -0.995168 -0.069430 0.000000 -0.992586 0.121541
-0.780089 -0.564892 -0.268996 -0.349215 -0.838116 -0.419058 0.028618 -0.973018 -0.228946 -0.187647 -0.975763 -0.112588 -0.046262 -0.994635 -0.092524 0.024376 -0.999406 -0.024376 0.058498 -0.974972 0.214494 -0.069430 -0.995168 -0.069430 0.000000 -0.992278 0.124035
-0.742588 -0.632575 -0.220026 -0.317999 -0.847998 -0.423999 0.028618 -0.973018 -0.228946 -0.188311 -0.979217 -0.075324 -0.046262 -0.994635 -0.092524 0.024376 -0.999406 -0.024376 0.058498 -0.974972 0.214494 -0.069430 -0.995168 -0.069430 -0.020668 -0.992066 0.124008
-0.743161 -0.628828 -0.228665 -0.312961 -0.869335 -0.382507 0.027842 -0.974481 -0.222738 -0.195515 -0.977577 -0.078206 -0.046262 -0.994635 -0.092524 0.024376 -0.999406 -0.024376 0.058498 -0.974972 0.214494 -0.069430 -0.995168 -0.069430 -0.020668 -0.992066 0.124008
-0.734659 -0.646500 -0.205704 -0.312961 -0.869335 -0.382507 0.027842 -0.974481 -0.222738 -0.195515 -0.977577 -0.078206 -0.046262 -0.994635 -0.092524 0.024376 -0.999406 -0.024376 0.058498 -0.974972 0.214494 -0.069430 -0.995168 -0.069430 -0.041407 -0.993765 0.103517
-0.743705 -0.624712 -0.237986 -0.307434 -0.888143 -0.341593 0.027842 -0.974481 -0.222738 -0.195515 -0.977577 -0.078206 -0.046262 -0.994635 -0.092524 0.024376 -0.999406 -0.024376 0.058498 -0.974972 0.214494 -0.069430 -0.995168 -0.069430 -0.041407 -0.993765 0.103517
-0.771517 -0.586353 -0.246885 -0.307434 -0.888143 -0.341593 0.028006 -0.980196 -0.196039 -0.195515 -0.977577 -0.078206 -0.046262 -0.994635 -0.092524 0.024376 -0.999406 -0.024376 0.058498 -0.974972 0.214494 -0.069430 -0.995168 -0.069430 -0.041407 -0.993765 0.103517
-0.786146 -0.524097 -0.327561 -0.276026 -0.897085 -0.345033 0.028006 -0.980196 -0.196039 -0.203279 -0.975739 -0.081312 -0.046262 -0.994635 -0.092524 0.024376 -0.999406 -0.024376 0.058498 -0.974972 0.214494 -0.069430 -0.995168 -0.069430 -0.041407 -0.993765 0.103517
-0.780222 -0.474917 -0.407072 -0.294086 -0.882258 -0.367607 0.028006 -0.980196 -0.196039 -0.203279 -0.975739 -0.081312 -0.023150 -0.995434 -0.092599 0.024376 -0.999406 -0.024376 0.058498 -0.974972 0.214494 -0.069430 -0.995168 -0.069430 -0.041407 -0.993765 0.103517
-0.757054 -0.427900 -0.493731 -0.259973 -0.891338 -0.371391 0.028006 -0.980196 -0.196039 -0.203279 -0.975739 -0.081312 -0.023150 -0.995434 -0.092599 0.024376 -0.999406 -0.024376 0.058498 -0.974972 0.214494 -0.069430 -0.995168 -0.069430 -0.041407 -0.993765 0.103517
-0.673922 -0.417190 -0.609739 -0.205847 -0.905726 -0.370524 0.028006 -0.980196 -0.196039 -0.203279 -0.975739 -0.081312 -0.023150 -0.995434 -0.092599 0.024376 -0.999406 -0.024376 0.058498 -0.974972 0.214494 -0.069430 -0.995168 -0.069430 -0.041407 -0.993765 0.103517
-0.629183 -0.359533 -0.689105 -0.085126 -0.936382 -0.340503 0.028006 -0.980196 -0.196039 -0.203279 -0.975739 -0.081312 -0.023150 -0.995434 -0.092599 0.024376 -0.999406 -0.024376 0.058498 -0.974972 0.214494 -0.069430 -0.995168 -0.069430 -0.041407 -0.993765 0.103517
-0.578799 -0.376219 -0.723499 0.043727 -0.918266 -0.393543 0.028796 -0.979051 -0.201569 -0.157500 -0.984374 -0.078750 -0.023193 -0.997307 -0.069580 0.024376 -0.999406 -0.024376 0.058733 -0.978888 0.195778 -0.069430 -0.995168 -0.069430 -0.041407 -0.993765 0.103517
-0.441750 -0.353400 -0.824600 0.044455 -0.933564 -0.355643 0.028796 -0.979051 -0.201569 -0.157867 -0.986671 -0.039467 -0.023193 -0.997307 -0.069580 0.024376 -0.999406 -0.024376 0.058733 -0.978888 0.195778 -0.069430 -0.995168 -0.069430 -0.041407 -0.993765 0.103517
-0.373261 -0.344549 -0.861372 0.220326 -0.925371 -0.308457 0.029630 -0.977805 -0.207413 -0.151947 -0.987658 -0.037987 -0.023193 -0.997307 -0.069580 0.024376 -0.999406 -0.024376 0.059880 -0.978046 0.199601 -0.069430 -0.995168 -0.069430 -0.041310 -0.991431 0.123929
-0.249756 -0.343415 -0.905366 0.264906 -0.927173 -0.264906 0.029630 -0.977805 -0.207413 -0.151947 -0.987658 -0.037987 -0.023742 -0.997178 -0.071227 0.024376 -0.999406 -0.024376 0.059880 -0.978046 0.199601 -0.069430 -0.995168 -0.069430 -0.041310 -0.991431 0.123929
-0.032225 -0.354470 -0.934512 0.261612 -0.915644 -0.305215 0.029801 -0.983433 -0.178806 -0.151620 -0.985527 -0.075810 -0.023742 -0.997178 -0.071227 0.024376 -0.999406 -0.024376 0.059880 -0.978046 0.199601 -0.069430 -0.995168 -0.069430 -0.041310 -0.991431 0.123929
0.130189 -0.390567 -0.911322 0.301511 -0.904534 -0.301511 0.030700 -0.982409 -0.184202 -0.151620 -0.985527 -0.075810 -0.023742 -0.997178 -0.071227 0.024376 -0.999406 -0.024376 0.059880 -0.978046 0.199601 -0.069430 -0.995168 -0.069430 -0.041310 -0.991431 0.123929
0.366508 -0.366508 -0.855186 0.225647 -0.947717 -0.225647 0.030700 -0.982409 -0.184202 -0.151947 -0.987658 -0.037987 -0.023742 -0.997178 -0.071227 0.024376 -0.999406 -0.024376 0.059880 -0.978046 0.199601 -0.069430 -0.995168 -0.069430 -0.041196 -0.988693 0.144184
0.506892 -0.320142 -0.800356 0.178707 -0.982888 -0.044677 0.030514 -0.976445 -0.213597 -0.151947 -0.987658 -0.037987 -0.023742 -0.997178 -0.071227 0.024376 -0.999406 -0.024376 0.059880 -0.978046 0.199601 -0.069430 -0.995168 -0.069430 -0.041196 -0.988693 0.144184
0.560648 -0.293673 -0.774229 0.171184 -0.984309 0.042796 0.030514 -0.976445 -0.213597 -0.151947 -0.987658 -0.037987 -0.023742 -0.997178 -0.071227 0.024376 -0.999406 -0.024376 0.059880 -0.978046 0.199601 -0.069430 -0.995168 -0.069430 -0.020611 -0.989323 0.144276
0.635553 -0.291295 -0.714997 0.170716 -0.981616 0.085358 0.030700 -0.982409 -0.184202 -0.151620 -0.985527 -0.075810 -0.023742 -0.997178 -0.071227 0.024376 -0.999406 -0.024376 0.059880 -0.978046 0.199601 -0.069430 -0.995168 -0.069430 -0.020611 -0.989323 0.144276
0.650945 -0.286416 -0.703020 0.169944 -0.977176 0.127458 0.030514 -0.976445 -0.213597 -0.151947 -0.987658 -0.037987 0.000000 -0.997459 -0.071247 0.024376 -0.999406 -0.024376 0.060108 -0.981769 0.180325 -0.069430 -0.995168 -0.069430 -0.020611 -0.989323 0.144276
0.689483 -0.291704 -0.662964 0.169944 -0.977176 0.127458 0.030514 -0.976445 -0.213597 -0.151947 -0.987658 -0.037987 0.000000 -0.997459 -0.071247 0.024376 -0.999406 -0.024376 0.060108 -0.981769 0.180325 -0.069430 -0.995168 -0.069430 -0.020611 -0.989323 0.144276
0.689483 -0.291704 -0.662964 0.168880 -0.971061 0.168880 0.031450 -0.974958 -0.220152 -0.146450 -0.988540 -0.036613 0.000000 -0.997459 -0.071247 0.024376 -0.999406 -0.024376 0.040112 -0.982756 0.180506 -0.069430 -0.995168 -0.069430 -0.020611 -0.989323 0.144276
0.691381 -0.288076 -0.662574 0.209427 -0.963364 0.167542 0.031450 -0.974958 -0.220152 -0.146450 -0.988540 -0.036613 0.000000 -0.997459 -0.071247 0.024376 -0.999406 -0.024376 0.040112 -0.982756 0.180506 -0.069430 -0.995168 -0.069430 -0.020546 -0.986186 0.164364
0.691381 -0.288076 -0.662574 0.209427 -0.963364 0.167542 0.031654 -0.981288 -0.189927 -0.146157 -0.986559 -0.073078 0.000000 -0.997459 -0.071247 0.024376 -0.999406 -0.024376 0.040112 -0.982756 0.180506 -0.069430 -0.995168 -0.069430 -0.020546 -0.986186 0.164364
0.704664 -0.293610 -0.645942 0.210725 -0.969334 0.126435 0.031654 -0.981288 -0.189927 -0.146157 -0.986559 -0.073078 0.000000 -0.997459 -0.071247 0.024376 -0.999406 -0.024376 0.040112 -0.982756 0.180506 -0.069430 -0.995168 -0.069430 -0.020546 -0.986186 0.164364
0.705978 -0.282391 -0.649500 0.168880 -0.971061 0.168880 0.031450 -0.974958 -0.220152 -0.146450 -0.988540 -0.036613 0.000000 -0.997459 -0.071247 0.024376 -0.999406 -0.024376 0.040112 -0.982756 0.180506 -0.069430 -0.995168 -0.069430 -0.020546 -0.986186 0.164364
0.678280 -0.282617 -0.678280 0.167542 -0.963364 0.209427 0.031450 -0.974958 -0.220152 -0.146450 -0.988540 -0.036613 0.000000 -0.997459 -0.071247 0.024376 -0.999406 -0.024376 0.040112 -0.982756 0.180506 -0.069430 -0.995168 -0.069430 -0.020546 -0.986186 0.164364
0.678280 -0.282617 -0.678280 0.126435 -0.969334 0.210725 0.031654 -0.981288 -0.189927 -0.146157 -0.986559 -0.073078 0.000000 -0.997575 -0.069598 0.024376 -0.999406 -0.024376 0.040112 -0.982756 0.180506 -0.069430 -0.995168 -0.069430 -0.041065 -0.985562 0.164260
0.662574 -0.288076 -0.691381 0.126435 -0.969334 0.210725 0.063214 -0.979816 -0.189642 -0.146157 -0.986559 -0.073078 0.000000 -0.997575 -0.069598 0.024376 -0.999406 -0.024376 0.040112 -0.982756 0.180506 -0.069430 -0.995168 -0.069430 -0.041913 -0.984955 0.167652
0.649500 -0.282391 -0.705978 0.125218 -0.960001 0.250435 0.063214 -0.979816 -0.189642 -0.146157 -0.986559 -0.073078 0.000000 -0.997575 -0.069598 0.024376 -0.999406 -0.024376 0.040112 -0.982756 0.180506 -0.069430 -0.995168 -0.069430 -0.041913 -0.984955 0.167652
0.649500 -0.282391 -0.705978 0.126435 -0.969334 0.210725 0.063214 -0.979816 -0.189642 -0.146157 -0.986559 -0.073078 0.000000 -0.997575 -0.069598 0.024376 -0.999406 -0.024376 0.040112 -0.982756 0.180506 -0.069430 -0.995168 -0.069430 -0.041913 -0.984955 0.167652
0.649500 -0.282391 -0.705978 0.126435 -0.969334 0.210725 0.062807 -0.973515 -0.219826 -0.146157 -0.986559 -0.073078 0.000000 -0.998920 -0.046461 0.024376 -0.999406 -0.024376 0.040112 -0.982756 0.180506 -0.071067 -0.994937 -0.071067 -0.041065 -0.985562 0.164260
0.649500 -0.282391 -0.705978 0.126435 -0.969334 0.210725 0.062807 -0.973515 -0.219826 -0.146157 -0.986559 -0.073078 0.000000 -0.998920 -0.046461 0.024376 -0.999406 -0.024376 0.040112 -0.982756 0.180506 -0.071067 -0.994937 -0.071067 -0.041065 -0.985562 0.164260
0.649500 -0.282391 -0.705978 0.126435 -0.969334 0.210725 0.063214 -0.979816 -0.189642 -0.146157 -0.986559 -0.073078 0.000000 -0.998920 -0.046461 0.024376 -0.999406 -0.024376 0.040112 -0.982756 0.180506 -0.071067 -0.994937 -0.071067 -0.041065 -0.985562 0.164260
0.632717 -0.287599 -0.718997 0.126435 -0.969334 0.210725 0.063214 -0.979816 -0.189642 -0.146157 -0.986559 -0.073078 0.000000 -0.998920 -0.046461 0.024376 -0.999406 -0.024376 0.040112 -0.982756 0.180506 -0.071067 -0.994937 -0.071067 -0.041065 -0.985562 0.164260
0.632717 -0.287599 -0.718997 0.126435 -0.969334 0.210725 0.063214 -0.979816 -0.189642 -0.146157 -0.986559 -0.073078 0.000000 -0.998920 -0.046461 0.024376 -0.999406 -0.024376 0.040112 -0.982756 0.180506 -0.071067 -0.994937 -0.071067 -0.041065 -0.985562 0.164260
