-0.528681 0.845889 -0.070491 -0.479623 0.392419 -0.784837 0.000000 -0.960346 -0.278810 -0.148250 -0.963624 -0.222375 -0.024035 -0.985452 -0.168248 0.047338 -0.970431 -0.236691 0.132164 -0.991228 0.000000 -0.125392 -0.952983 -0.275863 0.000000 -0.999774 0.021272
-0.553372 0.830057 -0.069171 -0.479623 0.392419 -0.784837 0.000000 -0.957826 -0.287348 -0.148250 -0.963624 -0.222375 -0.024035 -0.985452 -0.168248 0.047338 -0.970431 -0.236691 0.132164 -0.991228 0.000000 -0.125392 -0.952983 -0.275863 0.000000 -0.999774 0.021272
-0.553372 0.830057 -0.069171 -0.479623 0.392419 -0.784837 0.000000 -0.960346 -0.278810 -0.148250 -0.963624 -0.222375 0.000000 -0.985736 -0.168296 0.047338 -0.970431 -0.236691 0.132132 -0.990988 -0.022022 -0.125392 -0.952983 -0.275863 0.000000 -0.999056 0.043437
-0.570701 0.820383 -0.035669 -0.455965 0.414513 -0.787575 0.000000 -0.960346 -0.278810 -0.148250 -0.963624 -0.222375 0.000000 -0.985736 -0.168296 0.047338 -0.970431 -0.236691 0.132164 -0.991228 0.000000 -0.125392 -0.952983 -0.275863 0.000000 -0.999056 0.043437
-0.570701 0.820383 -0.035669 -0.455965 0.414513 -0.787575 0.000000 -0.960346 -0.278810 -0.148250 -0.963624 -0.222375 0.000000 -0.985736 -0.168296 0.047338 -0.970431 -0.236691 0.132164 -0.991228 0.000000 -0.125392 -0.952983 -0.275863 0.000000 -0.999774 0.021272
-0.609872 0.789246 -0.071750 -0.455965 0.414513 -0.787575 0.000000 -0.960346 -0.278810 -0.153732 -0.960828 -0.230599 0.000000 -0.985736 -0.168296 0.047338 -0.970431 -0.236691 0.129309 -0.991370 0.021552 -0.125392 -0.952983 -0.275863 0.000000 -1.000000 0.000000
-0.631676 0.772049 -0.070186 -0.498273 0.249136 -0.830455 0.000000 -0.960346 -0.278810 -0.113552 -0.946264 -0.302804 0.000000 -0.987580 -0.157115 0.047338 -0.970431 -0.236691 0.150303 -0.987707 0.042944 -0.125392 -0.952983 -0.275863 0.000000 -0.999774 -0.021272
-0.684712 0.720750 -0.108112 -0.492366 0.123091 -0.861640 0.000000 -0.960346 -0.278810 -0.159617 -0.957704 -0.239426 -0.041310 -0.991431 -0.123929 0.047338 -0.970431 -0.236691 0.150303 -0.987707 0.042944 -0.125392 -0.952983 -0.275863 0.000000 -0.999774 -0.021272
-0.806018 0.549557 -0.219823 -0.652078 -0.068640 -0.755038 -0.033223 -0.963460 -0.265782 -0.112588 -0.975763 -0.187647 -0.060498 -0.988136 -0.141162 0.047338 -0.970431 -0.236691 0.150130 -0.986570 0.064342 -0.125392 -0.952983 -0.275863 0.000000 -0.999774 -0.021272
-0.847427 0.466085 -0.254228 -0.637577 -0.318788 -0.701334 -0.032191 -0.965734 -0.257529 -0.162221 -0.973329 -0.162221 -0.080306 -0.983745 -0.160611 0.047338 -0.970431 -0.236691 0.129070 -0.989533 0.064535 -0.125392 -0.952983 -0.275863 0.000000 -0.999096 -0.042515
-0.903252 0.112906 -0.413990 -0.657082 -0.418143 -0.627215 -0.030964 -0.959886 -0.278677 -0.179144 -0.967375 -0.179144 -0.103919 -0.976838 -0.187054 0.047338 -0.970431 -0.236691 0.128861 -0.987935 0.085907 -0.125392 -0.952983 -0.275863 0.000000 -0.998053 -0.062378
-0.918665 0.176666 -0.353333 -0.468065 -0.655291 -0.592882 -0.030069 -0.962216 -0.270623 -0.172005 -0.963229 -0.206406 -0.106071 -0.975856 -0.190928 0.047338 -0.970431 -0.236691 0.128861 -0.987935 0.085907 -0.125392 -0.952983 -0.275863 0.000000 -0.996546 -0.083045
-0.950437 0.098321 -0.294963 -0.371391 -0.742781 -0.557086 -0.030069 -0.962216 -0.270623 -0.165295 -0.958710 -0.231413 -0.110648 -0.973699 -0.199166 0.047338 -0.970431 -0.236691 0.128861 -0.987935 0.085907 -0.125392 -0.952983 -0.275863 0.000000 -0.996685 -0.081362
-0.948209 0.031607 -0.316070 -0.207390 -0.829561 -0.518476 -0.029223 -0.964352 -0.263005 -0.197172 -0.952999 -0.230034 -0.088714 -0.975852 -0.199606 0.047338 -0.970431 -0.236691 0.128861 -0.987935 0.085907 -0.125392 -0.952983 -0.275863 0.000000 -0.996685 -0.081362
-0.938417 -0.031281 -0.344086 -0.110732 -0.848945 -0.516749 -0.029223 -0.964352 -0.263005 -0.170697 -0.955904 -0.238976 -0.090675 -0.974759 -0.204019 0.047338 -0.970431 -0.236691 0.128861 -0.987935 0.085907 -0.125392 -0.952983 -0.275863 0.000000 -0.996685 -0.081362
-0.937043 -0.062470 -0.343582 -0.114291 -0.838133 -0.533358 -0.030069 -0.962216 -0.270623 -0.165295 -0.958710 -0.231413 -0.090675 -0.974759 -0.204019 0.047338 -0.970431 -0.236691 0.131654 -0.987403 0.087769 -0.125392 -0.952983 -0.275863 0.000000 -0.996685 -0.081362
-0.944871 -0.032582 -0.325818 -0.039590 -0.831398 -0.554265 -0.030069 -0.962216 -0.270623 -0.172005 -0.963229 -0.206406 -0.089087 -0.979958 -0.178174 0.047338 -0.970431 -0.236691 0.131654 -0.987403 0.087769 -0.125392 -0.952983 -0.275863 0.000000 -0.996685 -0.081362
-0.930238 -0.033223 -0.365451 -0.081650 -0.816497 -0.571548 0.000000 -0.968277 -0.249878 -0.213470 -0.960617 -0.177892 -0.091074 -0.979044 -0.182148 0.047338 -0.970431 -0.236691 0.131654 -0.987403 0.087769 -0.125392 -0.952983 -0.275863 0.000000 -0.996546 -0.083045
-0.913289 -0.033826 -0.405906 -0.126099 -0.798630 -0.588464 0.000000 -0.968277 -0.249878 -0.223452 -0.968291 -0.111726 -0.089087 -0.979958 -0.178174 0.047338 -0.970431 -0.236691 0.134568 -0.986835 0.089712 -0.125392 -0.952983 -0.275863 0.000000 -0.996546 -0.083045
-0.872506 0.000000 -0.488603 -0.130435 -0.782609 -0.608696 0.000000 -0.966235 -0.257663 -0.224231 -0.971666 -0.074744 -0.089087 -0.979958 -0.178174 0.047338 -0.970431 -0.236691 0.134568 -0.986835 0.089712 -0.125392 -0.952983 -0.275863 0.000000 -0.998053 -0.062378
-0.837611 0.000000 -0.546268 -0.130435 -0.782609 -0.608696 0.000000 -0.968277 -0.249878 -0.224231 -0.971666 -0.074744 -0.089087 -0.979958 -0.178174 0.047338 -0.970431 -0.236691 0.108034 -0.993912 0.021607 -0.125392 -0.952983 -0.275863 -0.040782 -0.999168 0.000000
-0.758761 -0.036131 -0.650366 -0.082339 -0.782218 -0.617540 0.000000 -0.968277 -0.249878 -0.224702 -0.973708 -0.037450 -0.089087 -0.979958 -0.178174 0.047338 -0.970431 -0.236691 0.105786 -0.994389 0.000000 -0.125392 -0.952983 -0.275863 -0.039960 -0.999001 0.019980
-0.664845 -0.110808 -0.738717 0.084440 -0.802181 -0.591080 0.000000 -0.968277 -0.249878 -0.233197 -0.971653 -0.038866 -0.089087 -0.979958 -0.178174 0.047338 -0.970431 -0.236691 0.105786 -0.994389 0.000000 -0.125392 -0.952983 -0.275863 -0.039936 -0.998404 0.039936
-0.537431 -0.179144 -0.824061 0.217186 -0.825307 -0.521247 0.000000 -0.968277 -0.249878 -0.233197 -0.971653 -0.038866 -0.066932 -0.981664 -0.178484 0.047338 -0.970431 -0.236691 0.105762 -0.994166 -0.021152 -0.125392 -0.952983 -0.275863 -0.060996 -0.996273 0.060996
-0.346667 -0.308148 -0.885927 0.257960 -0.816874 -0.515920 0.000000 -0.975441 -0.220261 -0.232670 -0.969458 -0.077557 -0.044677 -0.982888 -0.178707 0.047338 -0.970431 -0.236691 0.105762 -0.994166 -0.021152 -0.125392 -0.952983 -0.275863 -0.060996 -0.996273 0.060996
-0.182574 -0.365148 -0.912871 0.386583 -0.816120 -0.429537 0.000000 -0.966235 -0.257663 -0.224702 -0.973708 -0.037450 -0.044677 -0.982888 -0.178707 0.047338 -0.970431 -0.236691 0.105762 -0.994166 -0.021152 -0.125392 -0.952983 -0.275863 -0.060908 -0.994834 0.081211
0.034711 -0.347105 -0.937184 0.400099 -0.844653 -0.355643 0.000000 -0.966235 -0.257663 -0.224702 -0.973708 -0.037450 -0.044677 -0.982888 -0.178707 0.047338 -0.970431 -0.236691 0.108034 -0.993912 -0.021607 -0.128459 -0.950595 -0.282609 -0.060908 -0.994834 0.081211
0.133333 -0.333333 -0.933333 0.406164 -0.857458 -0.315906 0.000000 -0.966235 -0.257663 -0.224231 -0.971666 -0.074744 -0.044677 -0.982888 -0.178707 0.047338 -0.970431 -0.236691 0.108059 -0.994144 0.000000 -0.125392 -0.952983 -0.275863 -0.041487 -0.995688 0.082974
0.206284 -0.309426 -0.928279 0.411650 -0.869040 -0.274434 0.000000 -0.968277 -0.249878 -0.224231 -0.971666 -0.074744 -0.044677 -0.982888 -0.178707 0.047338 -0.970431 -0.236691 0.108059 -0.994144 0.000000 -0.125392 -0.952983 -0.275863 -0.041487 -0.995688 0.082974
0.270604 -0.304430 -0.913289 0.411650 -0.869040 -0.274434 0.000000 -0.968277 -0.249878 -0.224231 -0.971666 -0.074744 -0.044677 -0.982888 -0.178707 0.047338 -0.970431 -0.236691 0.086630 -0.996241 0.000000 -0.125392 -0.952983 -0.275863 -0.041487 -0.995688 0.082974
0.304430 -0.270604 -0.913289 0.416470 -0.879215 -0.231372 0.000000 -0.968277 -0.249878 -0.223452 -0.968291 -0.111726 -0.044677 -0.982888 -0.178707 0.047338 -0.970431 -0.236691 0.088540 -0.996073 0.000000 -0.125392 -0.952983 -0.275863 -0.041550 -0.997191 0.062324
0.348155 -0.243709 -0.905204 0.400099 -0.889108 -0.222277 -0.031220 -0.967805 -0.249756 -0.223452 -0.968291 -0.111726 -0.044677 -0.982888 -0.178707 0.047338 -0.970431 -0.236691 0.088540 -0.996073 0.000000 -0.125392 -0.952983 -0.275863 -0.041550 -0.997191 0.062324
0.378188 -0.240665 -0.893898 0.361773 -0.904431 -0.226108 -0.031220 -0.967805 -0.249756 -0.223452 -0.968291 -0.111726 -0.043716 -0.983621 -0.174866 0.047338 -0.970431 -0.236691 0.088540 -0.996073 0.000000 -0.125392 -0.952983 -0.275863 -0.041550 -0.997191 0.062324
0.383669 -0.174395 -0.906854 0.347498 -0.912182 -0.217186 -0.031220 -0.967805 -0.249756 -0.223452 -0.968291 -0.111726 -0.043716 -0.983621 -0.174866 0.070908 -0.969075 -0.236360 0.066519 -0.997785 0.000000 -0.125392 -0.952983 -0.275863 -0.042429 -0.997070 0.063643
0.371868 -0.169031 -0.912767 0.350486 -0.920027 -0.175243 -0.031220 -0.967805 -0.249756 -0.223452 -0.968291 -0.111726 -0.043716 -0.983621 -0.174866 0.070908 -0.969075 -0.236360 0.066519 -0.997785 0.000000 -0.125392 -0.952983 -0.275863 -0.042429 -0.997070 0.063643
0.383669 -0.174395 -0.906854 0.347498 -0.912182 -0.217186 -0.031450 -0.974958 -0.220152 -0.222375 -0.963624 -0.148250 -0.043540 -0.979651 -0.195930 0.070908 -0.969075 -0.236360 0.066519 -0.997785 0.000000 -0.126229 -0.959339 -0.252458 -0.042476 -0.998194 0.042476
0.383669 -0.174395 -0.906854 0.347498 -0.912182 -0.217186 -0.032444 -0.973329 -0.227110 -0.214697 -0.966136 -0.143131 -0.043716 -0.983621 -0.174866 0.070908 -0.969075 -0.236360 0.066519 -0.997785 0.000000 -0.126229 -0.959339 -0.252458 -0.042476 -0.998194 0.042476
