-0.440468 0.856465 -0.269175 -0.644658 -0.241747 -0.725241 0.060523 -0.968364 -0.242091 0.043274 -0.952033 -0.302920 -0.068006 -0.997427 -0.022669 0.094809 -0.995495 0.000000 0.077894 -0.973677 0.214209 -0.115378 -0.992249 -0.046151 0.000000 -0.990342 0.138648
-0.430706 0.861411 -0.269191 -0.663792 -0.248922 -0.705279 0.058798 -0.970169 -0.235192 0.089984 -0.944835 -0.314945 -0.066503 -0.997540 -0.022168 0.094782 -0.995216 -0.023696 0.077894 -0.973677 0.214209 -0.112795 -0.992593 -0.045118 0.020199 -0.989748 0.141393
-0.435011 0.870022 -0.232006 -0.655386 -0.163846 -0.737309 0.060523 -0.968364 -0.242091 0.089984 -0.944835 -0.314945 -0.066503 -0.997540 -0.022168 0.094782 -0.995216 -0.023696 0.077894 -0.973677 0.214209 -0.112881 -0.993352 -0.022576 0.020199 -0.989748 0.141393
-0.457922 0.854788 -0.244225 -0.635001 -0.127000 -0.762001 0.060523 -0.968364 -0.242091 0.089984 -0.944835 -0.314945 -0.065079 -0.997880 0.000000 0.071227 -0.997178 -0.023742 0.096782 -0.967823 0.232277 -0.112881 -0.993352 -0.022576 0.020199 -0.989748 0.141393
-0.470129 0.846233 -0.250736 -0.614940 -0.122988 -0.778924 0.060523 -0.968364 -0.242091 0.089984 -0.944835 -0.314945 -0.066519 -0.997785 0.000000 0.071227 -0.997178 -0.023742 0.096782 -0.967823 0.232277 -0.112910 -0.993605 0.000000 0.020611 -0.989323 0.144276
-0.502707 0.816899 -0.282773 -0.614940 -0.122988 -0.778924 0.031220 -0.967805 -0.249756 0.086306 -0.949370 -0.302072 -0.066519 -0.997785 0.000000 0.071227 -0.997178 -0.023742 0.096782 -0.967823 0.232277 -0.112910 -0.993605 0.000000 0.020611 -0.989323 0.144276
-0.513289 0.787044 -0.342193 -0.688297 -0.036226 -0.724524 0.030964 -0.959886 -0.278677 0.071520 -0.965518 -0.250319 -0.066519 -0.997785 0.000000 0.071227 -0.997178 -0.023742 0.096782 -0.967823 0.232277 -0.112910 -0.993605 0.000000 0.020611 -0.989323 0.144276
-0.603307 0.674285 -0.425864 -0.670913 0.000000 -0.741536 0.028989 -0.956622 -0.289886 0.077557 -0.969458 -0.232670 -0.066519 -0.997785 0.000000 0.071227 -0.997178 -0.023742 0.096782 -0.967823 0.232277 -0.115501 -0.993307 0.000000 0.020611 -0.989323 0.144276
-0.671754 0.559795 -0.485156 -0.657213 -0.062592 -0.751101 0.000000 -0.954480 -0.298275 0.041065 -0.985562 -0.164260 -0.044401 -0.999014 0.000000 0.071227 -0.997178 -0.023742 0.096782 -0.967823 0.232277 -0.115501 -0.993307 0.000000 0.020668 -0.992066 0.124008
-0.734248 0.384606 -0.559427 -0.632599 -0.180743 -0.753094 0.000000 -0.945687 -0.325080 0.041310 -0.991431 -0.123929 -0.022698 -0.998711 -0.045396 0.071227 -0.997178 -0.023742 0.096782 -0.967823 0.232277 -0.115501 -0.993307 0.000000 0.020668 -0.992066 0.124008
-0.784465 0.196116 -0.588348 -0.577884 -0.364979 -0.729959 0.000000 -0.954480 -0.298275 -0.073422 -0.991201 -0.110133 0.000000 -0.998920 -0.046461 0.071247 -0.997459 0.000000 0.096782 -0.967823 0.232277 -0.115470 -0.993042 -0.023094 0.020668 -0.992066 0.124008
-0.789330 -0.091077 -0.607177 -0.507093 -0.574705 -0.642317 0.000000 -0.954480 -0.298275 -0.105934 -0.988714 -0.105934 0.000000 -0.997459 -0.071247 0.071227 -0.997178 0.023742 0.096782 -0.967823 0.232277 -0.115470 -0.993042 -0.023094 0.020668 -0.992066 0.124008
-0.793999 -0.355931 -0.492827 -0.405906 -0.710336 -0.575034 0.029814 -0.954056 -0.298142 -0.135926 -0.985460 -0.101944 0.000000 -0.997459 -0.071247 0.094782 -0.995216 0.023696 0.096782 -0.967823 0.232277 -0.115470 -0.993042 -0.023094 0.020668 -0.992066 0.124008
-0.787250 -0.449857 -0.421741 -0.344010 -0.825625 -0.447214 0.055385 -0.941543 -0.332309 -0.188713 -0.981307 -0.037743 0.000000 -0.997459 -0.071247 0.092599 -0.995434 0.023150 0.096782 -0.967823 0.232277 -0.115470 -0.993042 -0.023094 0.020668 -0.992066 0.124008
-0.744562 -0.523951 -0.413646 -0.282138 -0.916949 -0.282138 0.054433 -0.952579 -0.299382 -0.195965 -0.979827 -0.039193 0.000000 -0.997459 -0.071247 0.092599 -0.995434 0.023150 0.096782 -0.967823 0.232277 -0.115470 -0.993042 -0.023094 0.000000 -0.994618 0.103606
-0.738947 -0.596841 -0.312631 -0.243414 -0.938882 -0.243414 0.078811 -0.945732 -0.315244 -0.242536 -0.970143 0.000000 0.000000 -0.997334 -0.072976 0.092524 -0.994635 0.046262 0.115900 -0.965834 0.231800 -0.115470 -0.993042 -0.023094 0.000000 -0.994618 0.103606
-0.726438 -0.614679 -0.307339 -0.245350 -0.946350 -0.210300 0.102295 -0.946233 -0.306886 -0.212430 -0.977176 0.000000 0.000000 -0.997334 -0.072976 0.092524 -0.994635 0.046262 0.115900 -0.965834 0.231800 -0.115470 -0.993042 -0.023094 0.000000 -0.994618 0.103606
-0.745295 -0.601969 -0.286652 -0.277851 -0.937749 -0.208389 0.105666 -0.950998 -0.290583 -0.203954 -0.978980 0.000000 0.000000 -0.997459 -0.071247 0.071227 -0.997178 -0.023742 0.115900 -0.965834 0.231800 -0.115470 -0.993042 -0.023094 -0.020717 -0.994405 0.103584
-0.738200 -0.615166 -0.276825 -0.253750 -0.942499 -0.217500 0.106449 -0.958043 -0.266123 -0.212238 -0.976296 -0.042448 0.000000 -0.997459 -0.071247 0.071247 -0.997459 0.000000 0.115900 -0.965834 0.231800 -0.115470 -0.993042 -0.023094 -0.020717 -0.994405 0.103584
-0.766261 -0.574696 -0.287348 -0.251610 -0.934551 -0.251610 0.109231 -0.955771 -0.273077 -0.164260 -0.985562 -0.041065 0.023742 -0.997178 -0.071227 0.071227 -0.997178 0.023742 0.116401 -0.970006 0.213401 -0.115470 -0.993042 -0.023094 -0.020717 -0.994405 0.103584
-0.777542 -0.507093 -0.371868 -0.260333 -0.929760 -0.260333 0.082138 -0.958275 -0.273793 -0.123929 -0.991431 -0.041310 0.023742 -0.997178 -0.071227 0.071227 -0.997178 0.023742 0.116401 -0.970006 0.213401 -0.112881 -0.993352 -0.022576 -0.020717 -0.994405 0.103584
-0.766406 -0.487713 -0.418040 -0.266679 -0.914327 -0.304776 0.084348 -0.955947 -0.281161 -0.119051 -0.992095 -0.039684 0.023742 -0.997178 -0.071227 0.071227 -0.997178 0.023742 0.116401 -0.970006 0.213401 -0.115470 -0.993042 -0.023094 -0.020717 -0.994405 0.103584
-0.696311 -0.452602 -0.557048 -0.276268 -0.907738 -0.315735 0.084348 -0.955947 -0.281161 -0.119051 -0.992095 -0.039684 0.023742 -0.997178 -0.071227 0.071247 -0.997459 0.000000 0.116401 -0.970006 0.213401 -0.115470 -0.993042 -0.023094 -0.020717 -0.994405 0.103584
-0.669116 -0.382352 -0.637253 -0.201129 -0.925196 -0.321807 0.056773 -0.965146 -0.255480 -0.119051 -0.992095 -0.039684 0.023742 -0.997178 -0.071227 0.071227 -0.997178 -0.023742 0.115900 -0.965834 0.231800 -0.138159 -0.990142 -0.023027 -0.020717 -0.994405 0.103584
-0.634029 -0.345834 -0.691669 -0.043274 -0.952033 -0.302920 0.056773 -0.965146 -0.255480 -0.123929 -0.991431 -0.041310 0.023776 -0.998586 -0.047552 0.071227 -0.997178 -0.023742 0.115900 -0.965834 0.231800 -0.138159 -0.990142 -0.023027 -0.020717 -0.994405 0.103584
-0.547117 -0.374343 -0.748686 0.000000 -0.934488 -0.355995 0.058371 -0.963119 -0.262669 -0.119051 -0.992095 -0.039684 0.023776 -0.998586 -0.047552 0.047552 -0.998586 -0.023776 0.116401 -0.970006 0.213401 -0.138050 -0.989356 -0.046017 -0.020668 -0.992066 0.124008
-0.493428 -0.377327 -0.783679 0.175243 -0.920027 -0.350486 0.058371 -0.963119 -0.262669 -0.119051 -0.992095 -0.039684 0.023776 -0.998586 -0.047552 0.094703 -0.994379 0.047351 0.116401 -0.970006 0.213401 -0.138050 -0.989356 -0.046017 -0.020668 -0.992066 0.124008
-0.416989 -0.361390 -0.833977 0.347498 -0.912182 -0.217186 0.060523 -0.968364 -0.242091 -0.114291 -0.990521 -0.076194 0.023776 -0.998586 -0.047552 0.094703 -0.994379 0.047351 0.116401 -0.970006 0.213401 -0.134976 -0.989827 -0.044992 -0.020668 -0.992066 0.124008
-0.296565 -0.415191 -0.860038 0.384812 -0.897895 -0.213785 0.060523 -0.968364 -0.242091 -0.114291 -0.990521 -0.076194 0.023776 -0.998586 -0.047552 0.094703 -0.994379 0.047351 0.097202 -0.972020 0.213844 -0.134976 -0.989827 -0.044992 -0.020668 -0.992066 0.124008
-0.118418 -0.444067 -0.888134 0.420331 -0.882696 -0.210166 0.060523 -0.968364 -0.242091 -0.114291 -0.990521 -0.076194 0.023776 -0.998586 -0.047552 0.094703 -0.994379 0.047351 0.097202 -0.972020 0.213844 -0.134976 -0.989827 -0.044992 0.000000 -0.992278 0.124035
0.060275 -0.482199 -0.873986 0.420331 -0.882696 -0.210166 0.060523 -0.968364 -0.242091 -0.114291 -0.990521 -0.076194 0.023776 -0.998586 -0.047552 0.094570 -0.992988 0.070928 0.097202 -0.972020 0.213844 -0.138050 -0.989356 -0.046017 0.000000 -0.992278 0.124035
0.279751 -0.466252 -0.839254 0.334205 -0.919063 -0.208878 0.062348 -0.966394 -0.249392 -0.110357 -0.993211 -0.036786 0.023776 -0.998586 -0.047552 0.094703 -0.994379 0.047351 0.097590 -0.975900 0.195180 -0.138050 -0.989356 -0.046017 0.000000 -0.992278 0.124035
0.432113 -0.403306 -0.806612 0.326056 -0.937410 -0.122271 0.062348 -0.966394 -0.249392 -0.110357 -0.993211 -0.036786 0.023776 -0.998586 -0.047552 0.094703 -0.994379 0.047351 0.097590 -0.975900 0.195180 -0.115378 -0.992249 -0.046151 -0.020668 -0.992066 0.124008
0.513448 -0.313774 -0.798697 0.269430 -0.962250 -0.038490 0.062807 -0.973515 -0.219826 -0.110133 -0.991201 -0.073422 0.000000 -0.998868 -0.047565 0.094703 -0.994379 0.047351 0.097590 -0.975900 0.195180 -0.115378 -0.992249 -0.046151 -0.020611 -0.989323 0.144276
0.576914 -0.274721 -0.769219 0.231800 -0.965834 0.115900 0.062348 -0.966394 -0.249392 -0.146157 -0.986559 -0.073078 0.000000 -0.998868 -0.047565 0.094703 -0.994379 0.047351 0.097590 -0.975900 0.195180 -0.115378 -0.992249 -0.046151 -0.020611 -0.989323 0.144276
0.589274 -0.280607 -0.757638 0.229081 -0.954504 0.190901 0.062348 -0.966394 -0.249392 -0.146450 -0.988540 -0.036613 0.000000 -0.998868 -0.047565 0.094703 -0.994379 0.047351 0.097590 -0.975900 0.195180 -0.115378 -0.992249 -0.046151 -0.020611 -0.989323 0.144276
0.654477 -0.256100 -0.711388 0.190901 -0.954504 0.229081 0.062348 -0.966394 -0.249392 -0.146450 -0.988540 -0.036613 0.000000 -0.998868 -0.047565 0.094703 -0.994379 0.047351 0.097590 -0.975900 0.195180 -0.115378 -0.992249 -0.046151 -0.020611 -0.989323 0.144276
0.667860 -0.261337 -0.696897 0.190901 -0.954504 0.229081 0.062807 -0.973515 -0.219826 -0.146157 -0.986559 -0.073078 0.000000 -0.998868 -0.047565 0.094703 -0.994379 0.047351 0.097590 -0.975900 0.195180 -0.115378 -0.992249 -0.046151 -0.020611 -0.989323 0.144276
0.672699 -0.233982 -0.701946 0.153732 -0.960828 0.230599 0.063214 -0.979816 -0.189642 -0.146157 -0.986559 -0.073078 0.000000 -0.998868 -0.047565 0.094703 -0.994379 0.047351 0.078492 -0.981147 0.176606 -0.115378 -0.992249 -0.046151 -0.020611 -0.989323 0.144276
0.672699 -0.233982 -0.701946 0.152277 -0.951734 0.266485 0.063214 -0.979816 -0.189642 -0.146157 -0.986559 -0.073078 0.000000 -0.998868 -0.047565 0.094703 -0.994379 0.047351 0.078492 -0.981147 0.176606 -0.115225 -0.990931 -0.069135 -0.020611 -0.989323 0.144276
0.667860 -0.261337 -0.696897 0.159617 -0.957704 0.239426 0.031450 -0.974958 -0.220152 -0.146450 -0.988540 -0.036613 0.000000 -0.998868 -0.047565 0.094703 -0.994379 0.047351 0.078492 -0.981147 0.176606 -0.115225 -0.990931 -0.069135 -0.020611 -0.989323 0.144276
0.654477 -0.256100 -0.711388 0.157991 -0.947943 0.276483 0.030700 -0.982409 -0.184202 -0.141069 -0.987484 -0.070535 0.000000 -0.998868 -0.047565 0.094782 -0.995216 0.023696 0.078492 -0.981147 0.176606 -0.115225 -0.990931 -0.069135 -0.020611 -0.989323 0.144276
0.654477 -0.256100 -0.711388 0.157991 -0.947943 0.276483 0.030700 -0.982409 -0.184202 -0.141069 -0.987484 -0.070535 0.000000 -0.998868 -0.047565 0.071227 -0.997178 0.023742 0.078492 -0.981147 0.176606 -0.115225 -0.990931 -0.069135 -0.020611 -0.989323 0.144276
0.654477 -0.256100 -0.711388 0.159617 -0.957704 0.239426 0.061314 -0.981023 -0.183942 -0.141333 -0.989331 -0.035333 0.000000 -0.998868 -0.047565 0.071247 -0.997459 0.000000 0.078492 -0.981147 0.176606 -0.115225 -0.990931 -0.069135 -0.020611 -0.989323 0.144276
