-0.546119 0.835240 -0.064249 -0.462223 0.038519 -0.885927 0.030303 -0.969697 -0.242424 -0.164260 -0.985562 -0.041065 0.000000 -0.999717 -0.023803 0.084781 -0.996174 0.021195 0.067437 -0.966597 0.247269 -0.084724 -0.995504 -0.042362 0.000000 -0.983870 0.178885
-0.473828 0.879967 -0.033845 -0.519589 0.037113 -0.853610 0.030069 -0.962216 -0.270623 -0.164260 -0.985562 -0.041065 0.000000 -0.999717 -0.023803 0.084781 -0.996174 0.021195 0.067437 -0.966597 0.247269 -0.084724 -0.995504 -0.042362 0.000000 -0.983870 0.178885
-0.511793 0.852989 -0.102359 -0.508729 0.000000 -0.860927 0.030069 -0.962216 -0.270623 -0.163846 -0.983078 -0.081923 0.000000 -0.999717 -0.023803 0.084781 -0.996174 0.021195 0.067437 -0.966597 0.247269 -0.084724 -0.995504 -0.042362 0.000000 -0.983870 0.178885
-0.554774 0.815844 -0.163169 -0.514024 -0.042835 -0.856706 0.030069 -0.962216 -0.270623 -0.163846 -0.983078 -0.081923 0.000000 -1.000000 0.000000 0.084724 -0.995504 0.042362 0.067437 -0.966597 0.247269 -0.084724 -0.995504 -0.042362 0.000000 -0.983870 0.178885
-0.583212 0.758175 -0.291606 -0.483312 -0.263625 -0.834812 0.028989 -0.956622 -0.289886 -0.128861 -0.987935 -0.085907 -0.023803 -0.999717 0.000000 0.084724 -0.995504 0.042362 0.089757 -0.964892 0.246833 -0.082974 -0.995688 -0.041487 0.000000 -0.983130 0.182908
-0.653682 0.653682 -0.381314 -0.392419 -0.479623 -0.784837 0.028205 -0.958984 -0.282054 -0.134568 -0.986835 -0.089712 -0.023803 -0.999717 0.000000 0.084724 -0.995504 0.042362 0.089757 -0.964892 0.246833 -0.082974 -0.995688 -0.041487 0.000000 -0.983130 0.182908
-0.730545 0.469636 -0.495727 -0.341432 -0.597505 -0.725542 0.056344 -0.957841 -0.281718 -0.290910 -0.955847 -0.041559 -0.023803 -0.999717 0.000000 0.084724 -0.995504 0.042362 0.089757 -0.964892 0.246833 -0.082974 -0.995688 -0.041487 0.000000 -0.983130 0.182908
-0.788674 0.254411 -0.559704 -0.304061 -0.651558 -0.694996 0.029814 -0.954056 -0.298142 -0.233197 -0.971653 -0.038866 -0.023803 -0.999717 0.000000 0.084724 -0.995504 0.042362 0.089757 -0.964892 0.246833 -0.082974 -0.995688 -0.041487 0.000000 -0.983130 0.182908
-0.800000 0.000000 -0.600000 -0.295015 -0.716465 -0.632175 0.030686 -0.951260 -0.306858 -0.259794 -0.964951 -0.037113 -0.047552 -0.998586 -0.023776 0.084724 -0.995504 0.042362 0.089757 -0.964892 0.246833 -0.082974 -0.995688 -0.041487 0.000000 -0.983130 0.182908
-0.803697 -0.277137 -0.526560 -0.293455 -0.754599 -0.586911 0.031607 -0.948209 -0.316070 -0.250962 -0.967997 0.000000 -0.047552 -0.998586 -0.023776 0.084724 -0.995504 0.042362 0.089757 -0.964892 0.246833 -0.082974 -0.995688 -0.041487 0.000000 -0.983130 0.182908
-0.768061 -0.438892 -0.466323 -0.317971 -0.794929 -0.516704 0.056344 -0.957841 -0.281718 -0.328521 -0.944497 0.000000 -0.047552 -0.998586 -0.023776 0.086548 -0.995307 0.043274 0.087854 -0.966391 0.241598 -0.084724 -0.995504 -0.042362 0.000000 -0.983870 0.178885
-0.774916 -0.487910 -0.401808 -0.308148 -0.808890 -0.500741 0.055258 -0.967013 -0.248661 -0.341743 -0.939793 0.000000 -0.047552 -0.998586 -0.023776 0.086548 -0.995307 0.043274 0.087854 -0.966391 0.241598 -0.084724 -0.995504 -0.042362 -0.022355 -0.983624 0.178841
-0.783679 -0.493428 -0.377327 -0.314027 -0.824322 -0.471041 0.080036 -0.960427 -0.266785 -0.393543 -0.918266 0.043727 -0.047552 -0.998586 -0.023776 0.086548 -0.995307 0.043274 0.087854 -0.966391 0.241598 -0.084724 -0.995504 -0.042362 -0.022355 -0.983624 0.178841
-0.783573 -0.482199 -0.391787 -0.309298 -0.850569 -0.425285 0.078034 -0.962420 -0.260113 -0.370991 -0.927478 0.046374 -0.047552 -0.998586 -0.023776 0.086548 -0.995307 0.043274 0.087854 -0.966391 0.241598 -0.084724 -0.995504 -0.042362 -0.022355 -0.983624 0.178841
-0.792624 -0.487769 -0.365826 -0.309298 -0.850569 -0.425285 0.076596 -0.970222 -0.229789 -0.387601 -0.920553 0.048450 -0.047552 -0.998586 -0.023776 0.086548 -0.995307 0.043274 0.087854 -0.966391 0.241598 -0.084724 -0.995504 -0.042362 -0.022355 -0.983624 0.178841
-0.815693 -0.439219 -0.376473 -0.309298 -0.850569 -0.425285 0.076596 -0.970222 -0.229789 -0.387601 -0.920553 0.048450 -0.023796 -0.999434 -0.023796 0.086548 -0.995307 0.043274 0.087854 -0.966391 0.241598 -0.084724 -0.995504 -0.042362 -0.022355 -0.983624 0.178841
-0.836431 -0.371747 -0.402726 -0.314270 -0.864242 -0.392837 0.051148 -0.971807 -0.230165 -0.387601 -0.920553 0.048450 -0.023796 -0.999434 -0.023796 0.086548 -0.995307 0.043274 0.087854 -0.966391 0.241598 -0.084724 -0.995504 -0.042362 -0.044677 -0.982888 0.178707
-0.843338 -0.312348 -0.437287 -0.325246 -0.853771 -0.406558 0.051148 -0.971807 -0.230165 -0.387601 -0.920553 0.048450 -0.023776 -0.998586 -0.047552 0.086609 -0.996007 0.021652 0.087370 -0.961074 0.262111 -0.084724 -0.995504 -0.042362 -0.044677 -0.982888 0.178707
-0.833635 -0.247003 -0.494006 -0.325246 -0.853771 -0.406558 0.028618 -0.973018 -0.228946 -0.291162 -0.956674 0.000000 0.000000 -0.998868 -0.047565 0.086609 -0.996007 0.021652 0.087370 -0.961074 0.262111 -0.084724 -0.995504 -0.042362 -0.044677 -0.982888 0.178707
-0.818182 -0.181818 -0.545455 -0.288185 -0.864556 -0.411693 0.031450 -0.974958 -0.220152 -0.259794 -0.964951 -0.037113 0.000000 -0.998868 -0.047565 0.086609 -0.996007 0.021652 0.087370 -0.961074 0.262111 -0.084724 -0.995504 -0.042362 -0.044677 -0.982888 0.178707
-0.786257 -0.157251 -0.597555 -0.288185 -0.864556 -0.411693 0.000000 -0.980581 -0.196116 -0.216789 -0.975550 -0.036131 0.000000 -0.998868 -0.047565 0.086609 -0.996007 0.021652 0.087370 -0.961074 0.262111 -0.084724 -0.995504 -0.042362 -0.044677 -0.982888 0.178707
-0.746726 -0.124454 -0.653385 -0.254228 -0.847427 -0.466085 0.000000 -0.972082 -0.234641 -0.209401 -0.977207 -0.034900 0.000000 -0.998868 -0.047565 0.086609 -0.996007 0.021652 0.087370 -0.961074 0.262111 -0.084724 -0.995504 -0.042362 -0.044677 -0.982888 0.178707
-0.704118 -0.091842 -0.704118 -0.172613 -0.863064 -0.474685 0.000000 -0.970143 -0.242536 -0.169907 -0.985460 0.000000 0.000000 -0.998868 -0.047565 0.086609 -0.996007 0.021652 0.087370 -0.961074 0.262111 -0.084724 -0.995504 -0.042362 -0.044677 -0.982888 0.178707
-0.607177 -0.091077 -0.789330 -0.183147 -0.869950 -0.457869 0.000000 -0.977802 -0.209529 -0.169809 -0.984892 -0.033962 0.000000 -0.998868 -0.047565 0.086609 -0.996007 0.021652 0.087370 -0.961074 0.262111 -0.084724 -0.995504 -0.042362 -0.044677 -0.982888 0.178707
-0.539784 -0.059976 -0.839664 -0.090722 -0.861858 -0.498970 0.032669 -0.980057 -0.196011 -0.175682 -0.983820 -0.035136 0.000000 -0.998868 -0.047565 0.086609 -0.996007 0.021652 0.087370 -0.961074 0.262111 -0.084724 -0.995504 -0.042362 -0.044677 -0.982888 0.178707
-0.422116 -0.060302 -0.904534 0.000000 -0.884918 -0.465746 0.031450 -0.974958 -0.220152 -0.181969 -0.982631 -0.036394 -0.023776 -0.998586 -0.047552 0.086609 -0.996007 0.021652 0.065638 -0.962683 0.262550 -0.084724 -0.995504 -0.042362 -0.044677 -0.982888 0.178707
-0.324513 -0.059002 -0.944039 0.092748 -0.881104 -0.463739 0.031220 -0.967805 -0.249756 -0.216789 -0.975550 -0.036131 -0.023776 -0.998586 -0.047552 0.086609 -0.996007 0.021652 0.066002 -0.968027 0.242007 -0.063643 -0.997070 -0.042429 -0.044677 -0.982888 0.178707
-0.213597 -0.030514 -0.976445 0.138380 -0.876405 -0.461266 0.032191 -0.965734 -0.257529 -0.216789 -0.975550 -0.036131 -0.023776 -0.998586 -0.047552 0.086609 -0.996007 0.021652 0.066002 -0.968027 0.242007 -0.063571 -0.995950 -0.063571 -0.044488 -0.978745 0.200198
-0.146450 0.036613 -0.988540 0.228582 -0.838133 -0.495261 0.031220 -0.967805 -0.249756 -0.224702 -0.973708 -0.037450 -0.024354 -0.998516 -0.048708 0.086609 -0.996007 0.021652 0.066002 -0.968027 0.242007 -0.063571 -0.995950 -0.063571 -0.044488 -0.978745 0.200198
0.110432 0.000000 -0.993884 0.227744 -0.956524 -0.182195 0.061839 -0.958508 -0.278277 -0.224702 -0.973708 -0.037450 -0.024354 -0.998516 -0.048708 0.086609 -0.996007 0.021652 0.066002 -0.968027 0.242007 -0.063571 -0.995950 -0.063571 -0.044488 -0.978745 0.200198
0.274618 -0.027462 -0.961161 0.231372 -0.971764 -0.046274 0.061839 -0.958508 -0.278277 -0.224702 -0.973708 -0.037450 -0.024354 -0.998516 -0.048708 0.086609 -0.996007 0.021652 0.066002 -0.968027 0.242007 -0.063571 -0.995950 -0.063571 -0.044488 -0.978745 0.200198
0.435377 -0.029025 -0.899780 0.231372 -0.971764 -0.046274 0.061839 -0.958508 -0.278277 -0.224702 -0.973708 -0.037450 0.000000 -0.998812 -0.048723 0.086609 -0.996007 0.021652 0.066002 -0.968027 0.242007 -0.063571 -0.995950 -0.063571 -0.044488 -0.978745 0.200198
0.545986 -0.086208 -0.833347 0.274721 -0.961524 0.000000 0.063725 -0.955879 -0.286764 -0.224702 -0.973708 -0.037450 0.000000 -0.998812 -0.048723 0.086609 -0.996007 0.021652 0.066002 -0.968027 0.242007 -0.063571 -0.995950 -0.063571 -0.044488 -0.978745 0.200198
0.642118 -0.139591 -0.753790 0.274721 -0.961524 0.000000 0.063119 -0.946792 -0.315597 -0.224860 -0.974391 0.000000 0.000000 -0.998812 -0.048723 0.086630 -0.996241 0.000000 0.066002 -0.968027 0.242007 -0.063571 -0.995950 -0.063571 -0.044488 -0.978745 0.200198
0.685435 -0.142799 -0.713994 0.274721 -0.961524 0.000000 0.061285 -0.949920 -0.306426 -0.233373 -0.972387 0.000000 0.000000 -0.998812 -0.048723 0.086630 -0.996241 0.000000 0.066002 -0.968027 0.242007 -0.063571 -0.995950 -0.063571 -0.044488 -0.978745 0.200198
0.700140 -0.140028 -0.700140 0.231372 -0.971764 0.046274 0.061285 -0.949920 -0.306426 -0.242536 -0.970143 0.000000 0.000000 -0.998812 -0.048723 0.086609 -0.996007 -0.021652 0.044055 -0.969201 0.242300 -0.063571 -0.995950 -0.063571 -0.044281 -0.974176 0.221404
0.714006 -0.137309 -0.686544 0.178174 -0.979958 0.089087 0.091713 -0.947698 -0.305709 -0.242536 -0.970143 0.000000 0.000000 -0.998812 -0.048723 0.086609 -0.996007 -0.021652 0.044055 -0.969201 0.242300 -0.063571 -0.995950 -0.063571 -0.044281 -0.974176 0.221404
0.727575 -0.139918 -0.671608 0.134976 -0.989827 0.044992 0.091713 -0.947698 -0.305709 -0.242536 -0.970143 0.000000 0.000000 -0.998812 -0.048723 0.086609 -0.996007 -0.021652 0.044055 -0.969201 0.242300 -0.063571 -0.995950 -0.063571 -0.066340 -0.972985 0.221133
0.702624 -0.112420 -0.702624 0.128861 -0.987935 0.085907 0.092538 -0.956226 -0.277614 -0.242338 -0.969351 -0.040390 0.000000 -0.998812 -0.048723 0.086609 -0.996007 -0.021652 0.044055 -0.969201 0.242300 -0.084629 -0.994389 -0.063472 -0.066340 -0.972985 0.221133
0.675855 -0.084482 -0.732177 0.128861 -0.987935 0.085907 0.061839 -0.958508 -0.278277 -0.203785 -0.978167 -0.040757 0.000000 -0.998812 -0.048723 0.086609 -0.996007 -0.021652 0.044055 -0.969201 0.242300 -0.084629 -0.994389 -0.063472 -0.066340 -0.972985 0.221133
0.660113 -0.086102 -0.746215 0.128861 -0.987935 0.085907 0.063725 -0.955879 -0.286764 -0.196116 -0.980581 0.000000 0.000000 -0.998812 -0.048723 0.086609 -0.996007 -0.021652 0.044055 -0.969201 0.242300 -0.084629 -0.994389 -0.063472 -0.066340 -0.972985 0.221133
0.660113 -0.086102 -0.746215 0.128861 -0.987935 0.085907 0.063725 -0.955879 -0.286764 -0.196116 -0.980581 0.000000 0.000000 -0.998812 -0.048723 0.086609 -0.996007 -0.021652 0.044055 -0.969201 0.242300 -0.084629 -0.994389 -0.063472 -0.066340 -0.972985 0.221133
0.644831 -0.058621 -0.762073 0.123613 -0.988903 0.082409 0.063725 -0.955879 -0.286764 -0.196116 -0.980581 0.000000 0.000000 -0.998812 -0.048723 0.086609 -0.996007 -0.021652 0.044055 -0.969201 0.242300 -0.084629 -0.994389 -0.063472 -0.066340 -0.972985 0.221133
0.644831 -0.058621 -0.762073 0.123929 -0.991431 0.041310 0.064282 -0.964237 -0.257130 -0.195965 -0.979827 -0.039193 0.000000 -0.998812 -0.048723 0.086609 -0.996007 -0.021652 0.044055 -0.969201 0.242300 -0.084629 -0.994389 -0.063472 -0.066340 -0.972985 0.221133
0.644831 -0.058621 -0.762073 0.123929 -0.991431 0.041310 0.064282 -0.964237 -0.257130 -0.195965 -0.979827 -0.039193 0.000000 -0.998812 -0.048723 0.086609 -0.996007 -0.021652 0.044055 -0.969201 0.242300 -0.084629 -0.994389 -0.063472 -0.066340 -0.972985 0.221133
0.644831 -0.058621 -0.762073 0.123929 -0.991431 0.041310 0.064282 -0.964237 -0.257130 -0.195965 -0.979827 -0.039193 0.000000 -0.998812 -0.048723 0.086609 -0.996007 -0.021652 0.044055 -0.969201 0.242300 -0.084629 -0.994389 -0.063472 -0.066002 -0.968027 0.242007
0.644831 -0.058621 -0.762073 0.124035 -0.992278 0.000000 0.064282 -0.964237 -0.257130 -0.195965 -0.979827 -0.039193 0.000000 -0.998812 -0.048723 0.086609 -0.996007 -0.021652 0.044055 -0.969201 0.242300 -0.084629 -0.994389 -0.063472 -0.066002 -0.968027 0.242007
