-0.475010 0.876941 0.073078 -0.573628 0.322666 -0.752886 0.000000 -0.961524 -0.274721 0.000000 -0.992278 -0.124035 -0.064836 -0.994144 0.086447 0.000000 -0.999014 -0.044401 0.083844 -0.964210 0.251533 -0.105081 -0.972003 -0.210163 0.067183 -0.985349 0.156760
-0.531891 0.842160 -0.088648 -0.589368 0.331519 -0.736709 0.000000 -0.961524 -0.274721 0.000000 -0.987441 -0.157991 -0.063344 -0.992392 0.105574 0.000000 -0.999014 -0.044401 0.083844 -0.964210 0.251533 -0.102463 -0.973399 -0.204926 0.068698 -0.984675 0.160296
-0.571187 0.790875 -0.219687 -0.602595 0.263635 -0.753244 -0.034627 -0.969561 -0.242390 0.039467 -0.986671 -0.157867 -0.063472 -0.994389 0.084629 0.000000 -0.999014 -0.044401 0.083844 -0.964210 0.251533 -0.102463 -0.973399 -0.204926 0.068698 -0.984675 0.160296
-0.588464 0.714563 -0.378298 -0.586588 0.073324 -0.806559 -0.034627 -0.969561 -0.242390 0.084667 -0.973668 -0.211667 -0.045361 -0.997940 0.045361 0.000000 -0.999014 -0.044401 0.083844 -0.964210 0.251533 -0.102463 -0.973399 -0.204926 0.068698 -0.984675 0.160296
-0.637999 0.562940 -0.525411 -0.581914 -0.145479 -0.800132 -0.034627 -0.969561 -0.242390 0.087370 -0.961074 -0.262111 -0.023250 -0.999730 0.000000 0.000000 -0.999753 -0.022217 0.084271 -0.969119 0.231746 -0.102463 -0.973399 -0.204926 0.068698 -0.984675 0.160296
-0.682769 0.390154 -0.617743 -0.500959 -0.429394 -0.751439 -0.034900 -0.977207 -0.209401 0.089984 -0.944835 -0.314945 -0.023776 -0.998586 -0.047552 0.000000 -0.999753 -0.022217 0.084271 -0.969119 0.231746 -0.102463 -0.973399 -0.204926 0.068698 -0.984675 0.160296
-0.774826 0.089403 -0.625821 -0.425864 -0.603307 -0.674285 -0.033501 -0.971537 -0.234509 -0.076472 -0.994135 -0.076472 0.000000 -0.998812 -0.048723 0.000000 -0.999753 -0.022217 0.084271 -0.969119 0.231746 -0.102463 -0.973399 -0.204926 0.068698 -0.984675 0.160296
-0.797831 -0.153429 -0.583031 -0.374879 -0.749758 -0.545279 -0.031654 -0.981288 -0.189927 -0.110357 -0.993211 -0.036786 0.000000 -0.997334 -0.072976 0.000000 -0.999753 -0.022217 0.084271 -0.969119 0.231746 -0.102463 -0.973399 -0.204926 0.045859 -0.985969 0.160507
-0.795587 -0.428393 -0.428393 -0.333148 -0.799556 -0.499722 -0.030700 -0.982409 -0.184202 -0.141421 -0.989949 0.000000 0.000000 -0.997334 -0.072976 0.000000 -0.999753 -0.022217 0.084271 -0.969119 0.231746 -0.102463 -0.973399 -0.204926 0.045859 -0.985969 0.160507
-0.756188 -0.544456 -0.362970 -0.291386 -0.874157 -0.388514 0.000000 -0.983870 -0.178885 -0.209529 -0.977802 0.000000 0.000000 -0.998542 -0.053975 0.000000 -0.999753 -0.022217 0.084271 -0.969119 0.231746 -0.102463 -0.973399 -0.204926 0.022948 -0.986747 0.160633
-0.731653 -0.609711 -0.304855 -0.236239 -0.911206 -0.337484 0.000000 -0.983870 -0.178885 -0.209529 -0.977802 0.000000 0.000000 -0.998371 -0.057050 0.000000 -0.999753 -0.022217 0.084271 -0.969119 0.231746 -0.105081 -0.972003 -0.210163 0.022439 -0.987332 0.157075
-0.731653 -0.609711 -0.304855 -0.208389 -0.937749 -0.277851 0.000000 -0.983870 -0.178885 -0.175682 -0.983820 0.035136 0.000000 -0.998371 -0.057050 0.000000 -0.999753 -0.022217 0.105129 -0.967189 0.231284 -0.105081 -0.972003 -0.210163 0.000000 -0.987580 0.157115
-0.717002 -0.623480 -0.311740 -0.217500 -0.942499 -0.253750 0.000000 -0.988716 -0.149805 -0.175682 -0.983820 0.035136 0.000000 -0.998371 -0.057050 0.000000 -0.999753 -0.022217 0.105129 -0.967189 0.231284 -0.105081 -0.972003 -0.210163 -0.022355 -0.983624 0.178841
-0.730096 -0.597351 -0.331862 -0.217500 -0.942499 -0.253750 0.000000 -0.989359 -0.145494 -0.188847 -0.982006 0.000000 0.000000 -0.998371 -0.057050 0.000000 -0.999753 -0.022217 0.105129 -0.967189 0.231284 -0.105081 -0.972003 -0.210163 -0.022355 -0.983624 0.178841
-0.744652 -0.518019 -0.420891 -0.233373 -0.933492 -0.272268 0.000000 -0.989359 -0.145494 -0.151947 -0.987658 0.037987 0.028513 -0.997965 -0.057027 0.000000 -0.999753 -0.022217 0.105129 -0.967189 0.231284 -0.105081 -0.972003 -0.210163 -0.022355 -0.983624 0.178841
-0.732098 -0.413795 -0.541116 -0.233373 -0.933492 -0.272268 0.029086 -0.988941 -0.145432 -0.188713 -0.981307 0.037743 0.026298 -0.999308 -0.026298 0.000000 -0.999753 -0.022217 0.105129 -0.967189 0.231284 -0.105081 -0.972003 -0.210163 -0.022355 -0.983624 0.178841
-0.738105 -0.288824 -0.609739 -0.159872 -0.919265 -0.359712 0.028273 -0.989554 -0.141365 -0.203785 -0.978167 0.040757 0.024984 -0.999376 -0.024984 0.000000 -0.999753 -0.022217 0.105129 -0.967189 0.231284 -0.105081 -0.972003 -0.210163 -0.022355 -0.983624 0.178841
-0.689862 -0.219502 -0.689862 -0.081044 -0.891485 -0.445742 0.056478 -0.988369 -0.141196 -0.242536 -0.970143 0.000000 0.024376 -0.999406 -0.024376 0.022211 -0.999507 -0.022211 0.084271 -0.969119 0.231746 -0.105081 -0.972003 -0.210163 -0.022355 -0.983624 0.178841
-0.632140 -0.158035 -0.758567 -0.041310 -0.867502 -0.495715 0.058099 -0.987688 -0.145248 -0.233373 -0.972387 0.000000 0.023796 -0.999434 -0.023796 0.022211 -0.999507 -0.022211 0.063600 -0.975198 0.212000 -0.105081 -0.972003 -0.210163 -0.022355 -0.983624 0.178841
-0.542768 -0.127710 -0.830116 0.127573 -0.850487 -0.510292 0.060057 -0.990942 -0.120114 -0.224702 -0.973708 -0.037450 0.000000 -0.999717 -0.023803 0.022211 -0.999507 -0.022211 0.063600 -0.975198 0.212000 -0.105081 -0.972003 -0.210163 -0.022355 -0.983624 0.178841
-0.483368 -0.096674 -0.870063 0.298753 -0.853579 -0.426790 0.029948 -0.988272 -0.149738 -0.224860 -0.974391 0.000000 0.000000 -0.999717 -0.023803 0.022211 -0.999507 -0.022211 0.063600 -0.975198 0.212000 -0.105081 -0.972003 -0.210163 -0.022355 -0.983624 0.178841
-0.363848 -0.099231 -0.926158 0.373383 -0.829740 -0.414870 0.030861 -0.987541 -0.154303 -0.224702 -0.973708 -0.037450 0.000000 -0.999730 -0.023250 0.022211 -0.999507 -0.022211 0.063600 -0.975198 0.212000 -0.105081 -0.972003 -0.210163 -0.022355 -0.983624 0.178841
-0.135379 -0.135379 -0.981501 0.401286 -0.802572 -0.441415 0.030861 -0.987541 -0.154303 -0.224702 -0.973708 -0.037450 0.000000 -0.999730 -0.023250 0.000000 -0.999753 -0.022217 0.084667 -0.973668 0.211667 -0.105081 -0.972003 -0.210163 -0.022355 -0.983624 0.178841
0.072122 -0.216366 -0.973645 0.394055 -0.788110 -0.472866 0.000000 -0.982872 -0.184289 -0.188713 -0.981307 -0.037743 0.000000 -0.999717 -0.023803 0.000000 -0.999753 -0.022217 0.084667 -0.973668 0.211667 -0.105081 -0.972003 -0.210163 -0.022355 -0.983624 0.178841
0.400445 -0.166852 -0.901002 0.318981 -0.877197 -0.358854 0.031220 -0.967805 -0.249756 -0.188713 -0.981307 -0.037743 0.000000 -0.999717 -0.023803 0.000000 -0.999014 -0.044401 0.063600 -0.975198 0.212000 -0.105081 -0.972003 -0.210163 -0.022355 -0.983624 0.178841
0.614006 -0.184202 -0.767507 0.315735 -0.907738 -0.276268 0.031911 -0.957338 -0.287202 -0.181969 -0.982631 -0.036394 0.000000 -0.998868 -0.047565 0.000000 -0.999014 -0.044401 0.063600 -0.975198 0.212000 -0.105081 -0.972003 -0.210163 -0.022261 -0.979472 0.200347
0.750579 -0.166795 -0.639382 0.344628 -0.919007 -0.191460 0.031607 -0.948209 -0.316070 -0.181969 -0.982631 -0.036394 0.000000 -0.998868 -0.047565 0.000000 -0.999014 -0.044401 0.063600 -0.975198 0.212000 -0.105081 -0.972003 -0.210163 -0.022261 -0.979472 0.200347
0.788498 -0.168964 -0.591373 0.400331 -0.909843 -0.109181 0.031911 -0.957338 -0.287202 -0.181608 -0.980684 -0.072643 0.000000 -0.998868 -0.047565 0.000000 -0.999014 -0.044401 0.063600 -0.975198 0.212000 -0.105081 -0.972003 -0.210163 -0.022261 -0.979472 0.200347
0.843865 -0.116395 -0.523778 0.402469 -0.914702 -0.036588 0.031607 -0.948209 -0.316070 -0.146157 -0.986559 -0.073078 0.000000 -0.998868 -0.047565 0.000000 -0.999014 -0.044401 0.063600 -0.975198 0.212000 -0.105081 -0.972003 -0.210163 -0.022261 -0.979472 0.200347
0.843865 -0.116395 -0.523778 0.402469 -0.914702 -0.036588 0.032582 -0.944871 -0.325818 -0.146157 -0.986559 -0.073078 0.000000 -0.998868 -0.047565 0.000000 -0.999014 -0.044401 0.063600 -0.975198 0.212000 -0.105081 -0.972003 -0.210163 -0.022261 -0.979472 0.200347
0.835170 -0.119310 -0.536895 0.447214 -0.894427 0.000000 0.032915 -0.954547 -0.296239 -0.145671 -0.983282 -0.109254 0.000000 -0.999703 -0.024383 0.000000 -0.999014 -0.044401 0.063600 -0.975198 0.212000 -0.105081 -0.972003 -0.210163 -0.022261 -0.979472 0.200347
0.842517 -0.093613 -0.530474 0.447214 -0.894427 0.000000 0.065724 -0.952999 -0.295758 -0.146157 -0.986559 -0.073078 0.024376 -0.999406 -0.024376 0.000000 -0.999014 -0.044401 0.042448 -0.976296 0.212238 -0.105081 -0.972003 -0.210163 -0.022261 -0.979472 0.200347
0.835240 -0.064249 -0.546119 0.446903 -0.893807 -0.037242 0.065060 -0.943370 -0.325300 -0.146157 -0.986559 -0.073078 0.024376 -0.999406 -0.024376 0.000000 -0.999014 -0.044401 0.042448 -0.976296 0.212238 -0.105081 -0.972003 -0.210163 -0.022157 -0.974893 0.221567
0.794552 -0.063564 -0.603860 0.447214 -0.894427 0.000000 0.065060 -0.943370 -0.325300 -0.181608 -0.980684 -0.072643 0.024376 -0.999406 -0.024376 0.000000 -0.999014 -0.044401 0.042448 -0.976296 0.212238 -0.105081 -0.972003 -0.210163 -0.022157 -0.974893 0.221567
0.782378 -0.065198 -0.619382 0.447214 -0.894427 0.000000 0.032915 -0.954547 -0.296239 -0.145671 -0.983282 -0.109254 0.024376 -0.999406 -0.024376 0.000000 -0.999014 -0.044401 0.042448 -0.976296 0.212238 -0.105081 -0.972003 -0.210163 -0.022157 -0.974893 0.221567
0.754200 -0.032791 -0.655826 0.416655 -0.909065 0.000000 0.033223 -0.963460 -0.265782 -0.146157 -0.986559 -0.073078 0.024376 -0.999406 -0.024376 0.000000 -0.999014 -0.044401 0.042448 -0.976296 0.212238 -0.105081 -0.972003 -0.210163 -0.022157 -0.974893 0.221567
