-0.675352 0.709120 -0.202606 -0.643459 0.113552 -0.757011 0.029814 -0.954056 -0.298142 -0.117670 -0.980581 -0.156893 0.047445 -0.996335 -0.071167 0.126511 -0.986789 -0.101209 0.146503 -0.983660 0.104645 -0.101209 -0.986789 -0.126511 0.021652 -0.996007 0.086609
-0.699224 0.632631 -0.332964 -0.664845 -0.110808 -0.738717 0.028736 -0.948292 -0.316097 -0.144150 -0.973012 -0.180187 0.022628 -0.995638 -0.090513 0.126511 -0.986789 -0.101209 0.146503 -0.983660 0.104645 -0.101209 -0.986789 -0.126511 0.021688 -0.997645 0.065064
-0.766406 0.487713 -0.418040 -0.625166 -0.277851 -0.729360 0.027973 -0.951072 -0.307700 -0.179144 -0.967375 -0.179144 0.000000 -0.996073 -0.088540 0.126511 -0.986789 -0.101209 0.146503 -0.983660 0.104645 -0.101209 -0.986789 -0.126511 0.021688 -0.997645 0.065064
-0.816024 0.272008 -0.510015 -0.548151 -0.479632 -0.685189 0.028205 -0.958984 -0.282054 -0.172005 -0.963229 -0.206406 0.000000 -0.993884 -0.110432 0.126511 -0.986789 -0.101209 0.146503 -0.983660 0.104645 -0.101209 -0.986789 -0.126511 0.021688 -0.997645 0.065064
-0.841178 0.000000 -0.540758 -0.486921 -0.649227 -0.584305 0.000000 -0.951445 -0.307820 -0.139262 -0.974835 -0.174078 0.000000 -0.996073 -0.088540 0.126511 -0.986789 -0.101209 0.146503 -0.983660 0.104645 -0.101209 -0.986789 -0.126511 0.021253 -0.998870 0.042505
-0.812291 -0.334473 -0.477818 -0.390360 -0.780720 -0.487950 0.000000 -0.948683 -0.316228 -0.140028 -0.980196 -0.140028 0.000000 -0.996073 -0.088540 0.126511 -0.986789 -0.101209 0.163538 -0.981228 0.102211 -0.101209 -0.986789 -0.126511 0.021253 -0.998870 0.042505
-0.741261 -0.546192 -0.390137 -0.363649 -0.826475 -0.429767 0.000000 -0.945687 -0.325080 -0.105474 -0.984428 -0.140633 -0.022130 -0.995829 -0.088518 0.126511 -0.986789 -0.101209 0.163538 -0.981228 0.102211 -0.101209 -0.986789 -0.126511 0.000000 -0.999133 0.041631
-0.730096 -0.597351 -0.331862 -0.329690 -0.857195 -0.395628 0.027724 -0.942628 -0.332692 -0.151078 -0.982006 -0.113308 -0.022130 -0.995829 -0.088518 0.126511 -0.986789 -0.101209 0.160321 -0.981966 0.100201 -0.101209 -0.986789 -0.126511 0.000000 -0.999133 0.041631
-0.730988 -0.603860 -0.317821 -0.324443 -0.875996 -0.356887 0.027973 -0.951072 -0.307700 -0.151620 -0.985527 -0.075810 -0.022130 -0.995829 -0.088518 0.126511 -0.986789 -0.101209 0.160321 -0.981966 0.100201 -0.101209 -0.986789 -0.126511 0.000000 -0.999133 0.041631
-0.771884 -0.555757 -0.308754 -0.294963 -0.884889 -0.360510 0.027247 -0.953640 -0.299715 -0.163846 -0.983078 -0.081923 -0.022628 -0.995638 -0.090513 0.126511 -0.986789 -0.101209 0.160321 -0.981966 0.100201 -0.101209 -0.986789 -0.126511 0.000000 -0.999133 0.041631
-0.764272 -0.550276 -0.336280 -0.298347 -0.895041 -0.331497 0.054433 -0.952579 -0.299382 -0.203785 -0.978167 -0.040757 -0.022628 -0.995638 -0.090513 0.126511 -0.986789 -0.101209 0.160321 -0.981966 0.100201 -0.101209 -0.986789 -0.126511 -0.020811 -0.998917 0.041622
-0.766406 -0.487713 -0.418040 -0.328089 -0.885841 -0.328089 0.054433 -0.952579 -0.299382 -0.203785 -0.978167 -0.040757 -0.022628 -0.995638 -0.090513 0.126511 -0.986789 -0.101209 0.160321 -0.981966 0.100201 -0.101209 -0.986789 -0.126511 -0.020811 -0.998917 0.041622
-0.762754 -0.399538 -0.508503 -0.317011 -0.880587 -0.352235 0.054433 -0.952579 -0.299382 -0.203785 -0.978167 -0.040757 -0.022628 -0.995638 -0.090513 0.126511 -0.986789 -0.101209 0.160321 -0.981966 0.100201 -0.101209 -0.986789 -0.126511 -0.020811 -0.998917 0.041622
-0.683271 -0.341635 -0.645311 -0.354218 -0.850124 -0.389640 0.054433 -0.952579 -0.299382 -0.212238 -0.976296 -0.042448 0.000000 -0.995893 -0.090536 0.126511 -0.986789 -0.101209 0.160321 -0.981966 0.100201 -0.101209 -0.986789 -0.126511 -0.020811 -0.998917 0.041622
-0.657706 -0.292314 -0.694245 -0.228582 -0.838133 -0.495261 0.054861 -0.960076 -0.274307 -0.212238 -0.976296 -0.042448 0.000000 -0.995893 -0.090536 0.126511 -0.986789 -0.101209 0.160321 -0.981966 0.100201 -0.101209 -0.986789 -0.126511 -0.020811 -0.998917 0.041622
-0.587606 -0.276520 -0.760431 -0.120580 -0.844061 -0.522514 0.027661 -0.968122 -0.248946 -0.170716 -0.981616 -0.085358 0.000000 -0.995893 -0.090536 0.126511 -0.986789 -0.101209 0.140705 -0.984937 0.100504 -0.101209 -0.986789 -0.126511 -0.020811 -0.998917 0.041622
-0.547469 -0.273735 -0.790789 0.044992 -0.809858 -0.584898 0.028421 -0.966315 -0.255789 -0.163846 -0.983078 -0.081923 0.000000 -0.995701 -0.092623 0.126511 -0.986789 -0.101209 0.140705 -0.984937 0.100504 -0.101209 -0.986789 -0.126511 -0.020811 -0.998917 0.041622
-0.426006 -0.304290 -0.852013 0.188772 -0.802280 -0.566315 0.029223 -0.964352 -0.263005 -0.157500 -0.984374 -0.078750 -0.023150 -0.995434 -0.092599 0.126511 -0.986789 -0.101209 0.143819 -0.986186 0.082182 -0.101209 -0.986789 -0.126511 -0.020788 -0.997837 0.062365
-0.298347 -0.331497 -0.895041 0.310881 -0.754997 -0.577350 0.000000 -0.964764 -0.263117 -0.157500 -0.984374 -0.078750 -0.023150 -0.995434 -0.092599 0.126511 -0.986789 -0.101209 0.143819 -0.986186 0.082182 -0.101209 -0.986789 -0.126511 -0.020788 -0.997837 0.062365
-0.129302 -0.323254 -0.937437 0.358849 -0.762554 -0.538274 0.000000 -0.970143 -0.242536 -0.151078 -0.982006 -0.113308 -0.023150 -0.995434 -0.092599 0.126511 -0.986789 -0.101209 0.123613 -0.988903 0.082409 -0.101209 -0.986789 -0.126511 -0.021229 -0.997744 0.063686
0.063596 -0.381578 -0.922146 0.358849 -0.762554 -0.538274 0.000000 -0.962651 -0.270746 -0.151620 -0.985527 -0.075810 -0.023150 -0.995434 -0.092599 0.126511 -0.986789 -0.101209 0.123613 -0.988903 0.082409 -0.101209 -0.986789 -0.126511 -0.021229 -0.997744 0.063686
0.265396 -0.383349 -0.884652 0.375653 -0.751305 -0.542610 0.000000 -0.962651 -0.270746 -0.151620 -0.985527 -0.075810 -0.023094 -0.993042 -0.115470 0.126511 -0.986789 -0.101209 0.123613 -0.988903 0.082409 -0.101209 -0.986789 -0.126511 -0.021229 -0.997744 0.063686
0.391189 -0.358590 -0.847576 0.408248 -0.816497 -0.408248 0.000000 -0.962651 -0.270746 -0.151620 -0.985527 -0.075810 -0.023094 -0.993042 -0.115470 0.126148 -0.983958 -0.126148 0.123377 -0.987019 0.102815 -0.101209 -0.986789 -0.126511 -0.021229 -0.997744 0.063686
0.574696 -0.287348 -0.766261 0.385518 -0.856706 -0.342682 0.029814 -0.954056 -0.298142 -0.151620 -0.985527 -0.075810 -0.023094 -0.993042 -0.115470 0.126148 -0.983958 -0.126148 0.125933 -0.986472 0.104944 -0.101209 -0.986789 -0.126511 -0.021229 -0.997744 0.063686
0.679258 -0.277878 -0.679258 0.426790 -0.853579 -0.298753 0.029814 -0.954056 -0.298142 -0.151620 -0.985527 -0.075810 -0.023094 -0.993042 -0.115470 0.126148 -0.983958 -0.126148 0.125933 -0.986472 0.104944 -0.101209 -0.986789 -0.126511 -0.021229 -0.997744 0.063686
0.709458 -0.277614 -0.647766 0.466085 -0.847427 -0.254228 0.030387 -0.941993 -0.334255 -0.181608 -0.980684 -0.072643 -0.023094 -0.993042 -0.115470 0.126148 -0.983958 -0.126148 0.125933 -0.986472 0.104944 -0.101209 -0.986789 -0.126511 -0.021229 -0.997744 0.063686
0.723714 -0.283193 -0.629317 0.503066 -0.838444 -0.209611 0.030387 -0.941993 -0.334255 -0.181608 -0.980684 -0.072643 -0.023094 -0.993042 -0.115470 0.126148 -0.983958 -0.126148 0.125933 -0.986472 0.104944 -0.101209 -0.986789 -0.126511 -0.021195 -0.996174 0.084781
0.738200 -0.276825 -0.615166 0.470757 -0.855921 -0.213980 0.030387 -0.941993 -0.334255 -0.181608 -0.980684 -0.072643 -0.023094 -0.993042 -0.115470 0.126148 -0.983958 -0.126148 0.105409 -0.990847 0.084327 -0.101209 -0.986789 -0.126511 -0.021195 -0.996174 0.084781
0.738105 -0.288824 -0.609739 0.485866 -0.850265 -0.202444 0.030387 -0.941993 -0.334255 -0.181608 -0.980684 -0.072643 -0.023094 -0.993042 -0.115470 0.126148 -0.983958 -0.126148 0.105409 -0.990847 0.084327 -0.101209 -0.986789 -0.126511 -0.021195 -0.996174 0.084781
0.722965 -0.295758 -0.624379 0.485866 -0.850265 -0.202444 0.030387 -0.941993 -0.334255 -0.181608 -0.980684 -0.072643 -0.023094 -0.993042 -0.115470 0.126148 -0.983958 -0.126148 0.105409 -0.990847 0.084327 -0.101209 -0.986789 -0.126511 -0.021195 -0.996174 0.084781
0.691598 -0.296399 -0.658665 0.485866 -0.850265 -0.202444 0.000000 -0.942428 -0.334410 -0.146157 -0.986559 -0.073078 -0.023094 -0.993042 -0.115470 0.126148 -0.983958 -0.126148 0.105409 -0.990847 0.084327 -0.101209 -0.986789 -0.126511 -0.021195 -0.996174 0.084781
0.676716 -0.290021 -0.676716 0.485866 -0.850265 -0.202444 0.000000 -0.942428 -0.334410 -0.146157 -0.986559 -0.073078 -0.023094 -0.993042 -0.115470 0.126148 -0.983958 -0.126148 0.105409 -0.990847 0.084327 -0.101209 -0.986789 -0.126511 -0.021195 -0.996174 0.084781
0.658665 -0.296399 -0.691598 0.454019 -0.866763 -0.206372 0.000000 -0.942428 -0.334410 -0.151620 -0.985527 -0.075810 -0.023094 -0.993042 -0.115470 0.126148 -0.983958 -0.126148 0.105409 -0.990847 0.084327 -0.101209 -0.986789 -0.126511 -0.021195 -0.996174 0.084781
0.658665 -0.296399 -0.691598 0.454019 -0.866763 -0.206372 0.000000 -0.942428 -0.334410 -0.151947 -0.987658 -0.037987 -0.023094 -0.993042 -0.115470 0.126148 -0.983958 -0.126148 0.084497 -0.992835 0.084497 -0.101209 -0.986789 -0.126511 -0.021195 -0.996174 0.084781
