-0.666667 0.666667 -0.333333 -0.599667 -0.033315 -0.799556 0.000000 -0.976187 -0.216930 -0.122373 -0.978980 -0.163163 -0.024984 -0.999376 0.024984 0.023224 -0.998651 -0.046449 0.039739 -0.953726 0.298039 -0.141421 -0.989949 0.000000 0.021786 -0.980348 0.196070
-0.659380 0.593442 -0.461566 -0.654771 0.065477 -0.752986 0.000000 -0.976187 -0.216930 -0.122373 -0.978980 -0.163163 -0.024984 -0.999376 0.024984 0.023224 -0.998651 -0.046449 0.039739 -0.953726 0.298039 -0.141421 -0.989949 0.000000 0.021786 -0.980348 0.196070
-0.685189 0.548151 -0.479632 -0.653023 0.097953 -0.750977 0.000000 -0.976187 -0.216930 -0.122373 -0.978980 -0.163163 -0.024376 -0.999406 0.024376 0.023224 -0.998651 -0.046449 0.039739 -0.953726 0.298039 -0.141421 -0.989949 0.000000 0.021786 -0.980348 0.196070
-0.646162 0.574367 -0.502571 -0.684580 0.130396 -0.717180 0.000000 -0.976187 -0.216930 -0.122373 -0.978980 -0.163163 -0.023796 -0.999434 0.023796 0.023776 -0.998586 -0.047552 0.039216 -0.960784 0.274510 -0.141421 -0.989949 0.000000 0.021786 -0.980348 0.196070
-0.686161 0.623783 -0.374270 -0.635455 0.066890 -0.769235 0.000000 -0.977802 -0.209529 -0.127458 -0.977176 -0.169944 -0.023796 -0.999434 0.023796 0.023776 -0.998586 -0.047552 0.039216 -0.960784 0.274510 -0.141421 -0.989949 0.000000 0.021786 -0.980348 0.196070
-0.652714 0.707107 -0.271964 -0.600000 0.000000 -0.800000 0.000000 -0.977802 -0.209529 -0.127458 -0.977176 -0.169944 -0.023243 -0.999460 0.023243 0.023776 -0.998586 -0.047552 0.039216 -0.960784 0.274510 -0.141421 -0.989949 0.000000 0.021786 -0.980348 0.196070
-0.658281 0.708918 -0.253185 -0.598671 -0.066519 -0.798228 0.000000 -0.977802 -0.209529 -0.122373 -0.978980 -0.163163 -0.023796 -0.999434 0.023796 0.023776 -0.998586 -0.047552 0.038490 -0.962250 0.269430 -0.118213 -0.992988 0.000000 0.042630 -0.980500 0.191837
-0.745356 0.596285 -0.298142 -0.598671 -0.066519 -0.798228 0.000000 -0.977802 -0.209529 -0.117670 -0.980581 -0.156893 -0.046449 -0.998651 0.023224 0.023776 -0.998586 -0.047552 0.038285 -0.957124 0.287137 -0.118213 -0.992988 0.000000 0.042630 -0.980500 0.191837
-0.745356 0.596285 -0.298142 -0.513289 -0.342193 -0.787044 0.000000 -0.979260 -0.202606 -0.151078 -0.982006 -0.113308 -0.046461 -0.998920 0.000000 0.023776 -0.998586 -0.047552 0.038285 -0.957124 0.287137 -0.118213 -0.992988 0.000000 0.042630 -0.980500 0.191837
-0.849889 0.424945 -0.311626 -0.257674 -0.625779 -0.736210 0.000000 -0.980581 -0.196116 -0.216789 -0.975550 -0.036131 -0.046461 -0.998920 0.000000 0.023776 -0.998586 -0.047552 0.038285 -0.957124 0.287137 -0.118213 -0.992988 0.000000 0.042630 -0.980500 0.191837
-0.917365 0.254824 -0.305788 -0.110808 -0.738717 -0.664845 0.000000 -0.975441 -0.220261 -0.274559 -0.960958 0.034320 -0.046449 -0.998651 -0.023224 0.023776 -0.998586 -0.047552 0.038285 -0.957124 0.287137 -0.118213 -0.992988 0.000000 0.021330 -0.981169 0.191968
-0.948354 0.026343 -0.316118 -0.112906 -0.790345 -0.602168 0.000000 -0.981780 -0.190022 -0.265929 -0.963993 0.000000 -0.045396 -0.998711 -0.022698 0.023776 -0.998586 -0.047552 0.038999 -0.955473 0.292492 -0.118213 -0.992988 0.000000 0.021330 -0.981169 0.191968
-0.943460 -0.127495 -0.305987 -0.037113 -0.853610 -0.519589 0.000000 -0.981780 -0.190022 -0.274721 -0.961524 0.000000 -0.045361 -0.997940 -0.045361 0.023776 -0.998586 -0.047552 0.038999 -0.955473 0.292492 -0.115470 -0.993042 0.023094 0.021330 -0.981169 0.191968
-0.921842 -0.259268 -0.288076 -0.037851 -0.908413 -0.416356 0.028006 -0.980196 -0.196039 -0.364101 -0.930480 0.040456 -0.022698 -0.998711 -0.045396 0.023776 -0.998586 -0.047552 0.038999 -0.955473 0.292492 -0.115470 -0.993042 0.023094 0.000000 -0.982155 0.188072
-0.888218 -0.367538 -0.275654 -0.074074 -0.925926 -0.370370 0.028006 -0.980196 -0.196039 -0.341743 -0.939793 0.000000 -0.022698 -0.998711 -0.045396 0.023776 -0.998586 -0.047552 0.038999 -0.955473 0.292492 -0.115470 -0.993042 0.023094 0.000000 -0.982155 0.188072
-0.870022 -0.435011 -0.232006 -0.074074 -0.925926 -0.370370 0.027842 -0.974481 -0.222738 -0.355643 -0.933564 0.044455 -0.022698 -0.998711 -0.045396 0.023776 -0.998586 -0.047552 0.038999 -0.955473 0.292492 -0.115470 -0.993042 0.023094 0.000000 -0.982155 0.188072
-0.858550 -0.445174 -0.254385 -0.112194 -0.934947 -0.336581 0.028618 -0.973018 -0.228946 -0.341432 -0.938937 0.042679 -0.022698 -0.998711 -0.045396 0.023776 -0.998586 -0.047552 0.038999 -0.955473 0.292492 -0.115470 -0.993042 0.023094 0.000000 -0.982155 0.188072
-0.856281 -0.442904 -0.265742 -0.116248 -0.929981 -0.348743 0.029437 -0.971429 -0.235498 -0.302920 -0.952033 0.043274 -0.023224 -0.998651 -0.046449 0.023776 -0.998586 -0.047552 0.038999 -0.955473 0.292492 -0.115470 -0.993042 0.023094 0.000000 -0.982155 0.188072
-0.848096 -0.454337 -0.272602 -0.152057 -0.912343 -0.380143 0.029437 -0.971429 -0.235498 -0.302920 -0.952033 0.043274 -0.023193 -0.997307 -0.069580 0.023776 -0.998586 -0.047552 0.038999 -0.955473 0.292492 -0.115470 -0.993042 0.023094 -0.020892 -0.981941 0.188031
-0.884889 -0.360510 -0.294963 -0.152057 -0.912343 -0.380143 0.029437 -0.971429 -0.235498 -0.302920 -0.952033 0.043274 -0.023193 -0.997307 -0.069580 0.023776 -0.998586 -0.047552 0.038999 -0.955473 0.292492 -0.115470 -0.993042 0.023094 -0.020892 -0.981941 0.188031
-0.878459 -0.337869 -0.337869 -0.157500 -0.905624 -0.393750 0.030303 -0.969697 -0.242424 -0.290910 -0.955847 0.041559 -0.023193 -0.997307 -0.069580 0.000000 -0.998868 -0.047565 0.039216 -0.960784 0.274510 -0.115501 -0.993307 0.000000 -0.020892 -0.981941 0.188031
-0.893898 -0.240665 -0.378188 -0.157500 -0.905624 -0.393750 0.029630 -0.977805 -0.207413 -0.290910 -0.955847 0.041559 -0.023193 -0.997307 -0.069580 0.000000 -0.998920 -0.046461 0.039968 -0.959233 0.279776 -0.141421 -0.989949 0.000000 -0.020892 -0.981941 0.188031
-0.881134 -0.211472 -0.422944 -0.152057 -0.912343 -0.380143 0.000000 -0.978234 -0.207504 -0.290910 -0.955847 0.041559 -0.023224 -0.998651 -0.046449 0.000000 -0.998920 -0.046461 0.039968 -0.959233 0.279776 -0.141421 -0.989949 0.000000 -0.020892 -0.981941 0.188031
-0.879292 -0.183186 -0.439646 -0.149801 -0.898807 -0.411953 0.000000 -0.978234 -0.207504 -0.290910 -0.955847 0.041559 -0.023224 -0.998651 -0.046449 0.000000 -0.998920 -0.046461 0.039968 -0.959233 0.279776 -0.141382 -0.989675 -0.023564 -0.020892 -0.981941 0.188031
-0.829561 -0.207390 -0.518476 -0.078206 -0.899371 -0.430134 0.000000 -0.976900 -0.213697 -0.279776 -0.959233 0.039968 -0.023224 -0.998651 -0.046449 0.000000 -0.998920 -0.046461 0.039968 -0.959233 0.279776 -0.141382 -0.989675 -0.023564 -0.020892 -0.981941 0.188031
-0.774450 -0.269374 -0.572420 0.040622 -0.893689 -0.446844 0.000000 -0.982872 -0.184289 -0.280000 -0.960000 0.000000 0.000000 -0.998920 -0.046461 0.000000 -0.998920 -0.046461 0.039968 -0.959233 0.279776 -0.141421 -0.989949 0.000000 -0.020892 -0.981941 0.188031
-0.684580 -0.325991 -0.651981 0.084066 -0.882696 -0.462364 0.000000 -0.982872 -0.184289 -0.280000 -0.960000 0.000000 0.000000 -0.998920 -0.046461 0.000000 -0.998920 -0.046461 0.039968 -0.959233 0.279776 -0.118213 -0.992988 0.000000 -0.020892 -0.981941 0.188031
-0.577884 -0.364979 -0.729959 0.218218 -0.872872 -0.436436 0.000000 -0.981780 -0.190022 -0.269630 -0.962964 0.000000 0.000000 -0.998920 -0.046461 0.000000 -0.998920 -0.046461 0.039968 -0.959233 0.279776 -0.141421 -0.989949 0.000000 -0.020892 -0.981941 0.188031
-0.475055 -0.443384 -0.760088 0.355643 -0.844653 -0.400099 0.000000 -0.981780 -0.190022 -0.269630 -0.962964 0.000000 0.000000 -0.998920 -0.046461 0.000000 -0.998920 -0.046461 0.039968 -0.959233 0.279776 -0.141421 -0.989949 0.000000 -0.020892 -0.981941 0.188031
-0.344086 -0.469208 -0.813295 0.400099 -0.844653 -0.355643 0.000000 -0.981780 -0.190022 -0.269630 -0.962964 0.000000 0.000000 -0.998920 -0.046461 0.000000 -0.998920 -0.046461 0.040185 -0.964447 0.261204 -0.141421 -0.989949 0.000000 -0.020892 -0.981941 0.188031
-0.219826 -0.533863 -0.816497 0.487566 -0.797836 -0.354594 0.000000 -0.981780 -0.190022 -0.269630 -0.962964 0.000000 0.000000 -0.998920 -0.046461 0.000000 -0.998920 -0.046461 0.040185 -0.964447 0.261204 -0.141421 -0.989949 0.000000 -0.020892 -0.981941 0.188031
-0.094444 -0.566666 -0.818517 0.509831 -0.807233 -0.297402 0.000000 -0.980581 -0.196116 -0.259973 -0.965616 0.000000 0.000000 -0.998920 -0.046461 0.000000 -0.998920 -0.046461 0.040185 -0.964447 0.261204 -0.141421 -0.989949 0.000000 -0.020892 -0.981941 0.188031
0.032444 -0.583997 -0.811107 0.509831 -0.807233 -0.297402 0.000000 -0.979260 -0.202606 -0.259973 -0.965616 0.000000 0.000000 -0.998920 -0.046461 0.000000 -0.998920 -0.046461 0.040185 -0.964447 0.261204 -0.141421 -0.989949 0.000000 -0.020892 -0.981941 0.188031
0.094444 -0.566666 -0.818517 0.509831 -0.807233 -0.297402 0.000000 -0.985460 -0.169907 -0.259794 -0.964951 -0.037113 0.000000 -0.998920 -0.046461 0.000000 -0.998868 -0.047565 0.039421 -0.965810 0.256235 -0.141421 -0.989949 0.000000 -0.020892 -0.981941 0.188031
0.160210 -0.576757 -0.801052 0.527759 -0.791639 -0.307860 0.000000 -0.985460 -0.169907 -0.259794 -0.964951 -0.037113 0.000000 -0.998920 -0.046461 0.000000 -0.998868 -0.047565 0.039421 -0.965810 0.256235 -0.141421 -0.989949 0.000000 -0.020892 -0.981941 0.188031
0.156174 -0.562226 -0.812104 0.534522 -0.801784 -0.267261 0.000000 -0.985460 -0.169907 -0.259794 -0.964951 -0.037113 0.000000 -0.998920 -0.046461 0.000000 -0.998868 -0.047565 0.039614 -0.970535 0.237682 -0.141421 -0.989949 0.000000 -0.020892 -0.981941 0.188031
0.189642 -0.537319 -0.821781 0.540453 -0.810679 -0.225189 0.000000 -0.985460 -0.169907 -0.259794 -0.964951 -0.037113 0.000000 -0.998920 -0.046461 0.000000 -0.998868 -0.047565 0.039614 -0.970535 0.237682 -0.141421 -0.989949 0.000000 -0.020892 -0.981941 0.188031
0.198137 -0.528367 -0.825573 0.540453 -0.810679 -0.225189 0.000000 -0.979260 -0.202606 -0.224702 -0.973708 -0.037450 0.000000 -0.998920 -0.046461 0.000000 -0.998812 -0.048723 0.038866 -0.971653 0.233197 -0.141421 -0.989949 0.000000 -0.020892 -0.981941 0.188031
0.161627 -0.517207 -0.840461 0.540453 -0.810679 -0.225189 0.000000 -0.979260 -0.202606 -0.224702 -0.973708 -0.037450 0.000000 -0.998920 -0.046461 0.000000 -0.998812 -0.048723 0.038866 -0.971653 0.233197 -0.141421 -0.989949 0.000000 -0.021238 -0.976956 0.212382
0.192847 -0.514259 -0.835672 0.527410 -0.815088 -0.239732 0.000000 -0.979260 -0.202606 -0.224860 -0.974391 0.000000 0.000000 -0.998920 -0.046461 0.000000 -0.998812 -0.048723 0.019444 -0.972203 0.233329 -0.141421 -0.989949 0.000000 -0.021238 -0.976956 0.212382
0.139942 -0.524784 -0.839654 0.527410 -0.815088 -0.239732 0.000000 -0.979260 -0.202606 -0.224860 -0.974391 0.000000 0.000000 -0.998920 -0.046461 0.000000 -0.998812 -0.048723 0.019444 -0.972203 0.233329 -0.141421 -0.989949 0.000000 -0.021238 -0.976956 0.212382
0.102359 -0.511793 -0.852989 0.532952 -0.823653 -0.193801 0.033748 -0.978703 -0.202490 -0.259973 -0.965616 0.000000 0.000000 -0.998920 -0.046461 0.000000 -0.998812 -0.048723 0.019444 -0.972203 0.233329 -0.141421 -0.989949 0.000000 -0.021238 -0.976956 0.212382
0.104132 -0.485947 -0.867763 0.532952 -0.823653 -0.193801 0.033962 -0.984892 -0.169809 -0.259794 -0.964951 -0.037113 0.000000 -0.998920 -0.046461 0.000000 -0.998812 -0.048723 0.019444 -0.972203 0.233329 -0.141421 -0.989949 0.000000 -0.021238 -0.976956 0.212382
0.101073 -0.471672 -0.875962 0.532952 -0.823653 -0.193801 0.033962 -0.984892 -0.169809 -0.259794 -0.964951 -0.037113 0.000000 -0.998920 -0.046461 0.000000 -0.998812 -0.048723 0.019444 -0.972203 0.233329 -0.141421 -0.989949 0.000000 -0.021238 -0.976956 0.212382
