-0.532813 0.846233 0.000000 -0.507093 -0.169031 -0.845154 0.000000 -0.963993 -0.265929 -0.076194 -0.990521 -0.114291 -0.046461 -0.998920 0.000000 0.063686 -0.997744 -0.021229 0.043811 -0.963837 0.262865 -0.083045 -0.996546 0.000000 -0.022757 -0.978537 0.204810
-0.568926 0.821781 -0.031607 -0.507093 -0.169031 -0.845154 0.000000 -0.966235 -0.257663 -0.073078 -0.986559 -0.146157 -0.047565 -0.998868 0.000000 0.063686 -0.997744 -0.021229 0.042660 -0.959840 0.277287 -0.083014 -0.996164 -0.027671 -0.022355 -0.983624 0.178841
-0.600233 0.789780 -0.126365 -0.503066 -0.209611 -0.838444 -0.032444 -0.973329 -0.227110 -0.105934 -0.988714 -0.105934 -0.047565 -0.998868 0.000000 0.063686 -0.997744 -0.021229 0.042660 -0.959840 0.277287 -0.113501 -0.993133 -0.028375 -0.022355 -0.983624 0.178841
-0.665141 0.695375 -0.272103 -0.515920 -0.257960 -0.816874 -0.032444 -0.973329 -0.227110 -0.141069 -0.987484 -0.070535 -0.047565 -0.998868 0.000000 0.063686 -0.997744 -0.021229 0.042660 -0.959840 0.277287 -0.113364 -0.991935 -0.056682 -0.022355 -0.983624 0.178841
-0.682769 0.617743 -0.390154 -0.571454 -0.304776 -0.761939 -0.031450 -0.974958 -0.220152 -0.146157 -0.986559 -0.073078 -0.047565 -0.998868 0.000000 0.083028 -0.996331 -0.020757 0.021791 -0.958790 0.283279 -0.113137 -0.989949 -0.084853 -0.022355 -0.983624 0.178841
-0.679544 0.485389 -0.550107 -0.642448 -0.356915 -0.678139 -0.063214 -0.979816 -0.189642 -0.157500 -0.984374 -0.078750 -0.047565 -0.998868 0.000000 0.083028 -0.996331 -0.020757 0.021791 -0.958790 0.283279 -0.113137 -0.989949 -0.084853 -0.022355 -0.983624 0.178841
-0.738200 0.276825 -0.615166 -0.617417 -0.487435 -0.617417 -0.063214 -0.979816 -0.189642 -0.188713 -0.981307 -0.037743 -0.024376 -0.999406 -0.024376 0.083028 -0.996331 -0.020757 0.021791 -0.958790 0.283279 -0.053956 -0.998179 0.026978 -0.022355 -0.983624 0.178841
-0.792256 -0.030471 -0.609428 -0.485156 -0.671754 -0.559795 -0.063214 -0.979816 -0.189642 -0.224702 -0.973708 -0.037450 -0.024376 -0.999406 -0.024376 0.083028 -0.996331 -0.020757 0.021791 -0.958790 0.283279 -0.080787 -0.996368 -0.026929 -0.022355 -0.983624 0.178841
-0.791924 -0.273077 -0.546155 -0.386622 -0.773245 -0.502609 -0.063214 -0.979816 -0.189642 -0.224702 -0.973708 -0.037450 -0.024376 -0.999406 -0.024376 0.083045 -0.996546 0.000000 0.021791 -0.958790 0.283279 -0.080699 -0.995286 -0.053799 -0.022355 -0.983624 0.178841
-0.796391 -0.384465 -0.466850 -0.343622 -0.839964 -0.419982 -0.056232 -0.984063 -0.168696 -0.262865 -0.963837 0.043811 -0.024376 -0.999406 -0.024376 0.083045 -0.996546 0.000000 0.043550 -0.958108 0.283077 -0.107327 -0.992774 -0.053663 -0.022858 -0.982873 0.182860
-0.796432 -0.455104 -0.398216 -0.303895 -0.873698 -0.379869 -0.026547 -0.982224 -0.185826 -0.286039 -0.953463 0.095346 -0.024376 -0.999406 -0.024376 0.083045 -0.996546 0.000000 0.043550 -0.958108 0.283077 -0.110055 -0.990492 -0.082541 -0.022858 -0.982873 0.182860
-0.806490 -0.444960 -0.389340 -0.272681 -0.895953 -0.350590 -0.025872 -0.983124 -0.181102 -0.286039 -0.953463 0.095346 -0.023796 -0.999434 -0.023796 0.083045 -0.996546 0.000000 0.043550 -0.958108 0.283077 -0.110055 -0.990492 -0.082541 -0.045679 -0.982104 0.182717
-0.833691 -0.431220 -0.344976 -0.263448 -0.903252 -0.338719 0.000000 -0.984271 -0.176664 -0.344031 -0.933799 0.098295 -0.023796 -0.999434 -0.023796 0.063700 -0.997969 0.000000 0.063917 -0.958750 0.276972 -0.110055 -0.990492 -0.082541 -0.045679 -0.982104 0.182717
-0.841730 -0.435377 -0.319277 -0.263448 -0.903252 -0.338719 0.000000 -0.983453 -0.181162 -0.328889 -0.939682 0.093968 -0.023796 -0.999434 -0.023796 0.063700 -0.997969 0.000000 0.063917 -0.958750 0.276972 -0.110055 -0.990492 -0.082541 -0.045679 -0.982104 0.182717
-0.852204 -0.411409 -0.323250 -0.272681 -0.895953 -0.350590 0.000000 -0.983453 -0.181162 -0.344031 -0.933799 0.098295 -0.023796 -0.999434 -0.023796 0.063700 -0.997969 0.000000 0.063917 -0.958750 0.276972 -0.110055 -0.990492 -0.082541 -0.045679 -0.982104 0.182717
-0.872008 -0.330762 -0.360831 -0.272681 -0.895953 -0.350590 0.000000 -0.983453 -0.181162 -0.344031 -0.933799 0.098295 -0.024376 -0.999406 -0.024376 0.063700 -0.997969 0.000000 0.063917 -0.958750 0.276972 -0.110055 -0.990492 -0.082541 -0.045679 -0.982104 0.182717
-0.860038 -0.296565 -0.415191 -0.282497 -0.887848 -0.363210 0.000000 -0.983453 -0.181162 -0.344031 -0.933799 0.098295 -0.024376 -0.999406 -0.024376 0.063700 -0.997969 0.000000 0.065248 -0.956974 0.282742 -0.049922 -0.998441 0.024961 -0.045679 -0.982104 0.182717
-0.851103 -0.234787 -0.469574 -0.282497 -0.887848 -0.363210 0.000000 -0.983453 -0.181162 -0.344031 -0.933799 0.098295 -0.024376 -0.999406 -0.024376 0.063700 -0.997969 0.000000 0.065248 -0.956974 0.282742 -0.049922 -0.998441 -0.024961 -0.068129 -0.976516 0.204387
-0.804627 -0.178806 -0.566219 -0.282497 -0.887848 -0.363210 -0.030861 -0.987541 -0.154303 -0.233373 -0.972387 0.000000 -0.024376 -0.999406 -0.024376 0.063700 -0.997969 0.000000 0.065248 -0.956974 0.282742 -0.051198 -0.998360 -0.025599 -0.068129 -0.976516 0.204387
-0.756881 -0.151376 -0.635780 -0.254000 -0.889001 -0.381000 -0.034139 -0.990044 -0.136558 -0.209401 -0.977207 -0.034900 -0.024376 -0.999406 -0.024376 0.063700 -0.997969 0.000000 0.065248 -0.956974 0.282742 -0.076596 -0.995754 -0.051064 -0.068129 -0.976516 0.204387
-0.702247 -0.117041 -0.702247 -0.130189 -0.911322 -0.390567 -0.035136 -0.983820 -0.175682 -0.202490 -0.978703 -0.033748 -0.024376 -0.999406 -0.024376 0.063700 -0.997969 0.000000 0.065248 -0.956974 0.282742 -0.078594 -0.995529 -0.052396 -0.068129 -0.976516 0.204387
-0.611593 -0.087370 -0.786334 -0.092450 -0.924500 -0.369800 -0.036394 -0.982631 -0.181969 -0.196011 -0.980057 -0.032669 -0.024376 -0.999406 -0.024376 0.063700 -0.997969 0.000000 0.065248 -0.956974 0.282742 -0.080553 -0.993490 -0.080553 -0.068129 -0.976516 0.204387
-0.545986 -0.086208 -0.833347 0.000000 -0.911922 -0.410365 0.000000 -0.983282 -0.182089 -0.196116 -0.980581 0.000000 -0.024376 -0.999406 -0.024376 0.063700 -0.997969 0.000000 0.065248 -0.956974 0.282742 -0.082541 -0.990492 -0.110055 -0.068129 -0.976516 0.204387
-0.445435 -0.089087 -0.890871 0.045549 -0.910975 -0.409939 0.000000 -0.983282 -0.182089 -0.196116 -0.980581 0.000000 -0.024376 -0.999406 -0.024376 0.063700 -0.997969 0.000000 0.065248 -0.956974 0.282742 -0.082541 -0.990492 -0.110055 -0.068129 -0.976516 0.204387
-0.297088 -0.089126 -0.950681 0.135526 -0.903508 -0.406579 0.000000 -0.983282 -0.182089 -0.196116 -0.980581 0.000000 -0.024376 -0.999406 -0.024376 0.063700 -0.997969 0.000000 0.065248 -0.956974 0.282742 -0.082261 -0.987135 -0.137102 -0.068129 -0.976516 0.204387
-0.120114 -0.060057 -0.990942 0.177822 -0.933564 -0.311188 0.000000 -0.970143 -0.242536 -0.202606 -0.979260 0.000000 -0.024376 -0.999406 -0.024376 0.063700 -0.997969 0.000000 0.065248 -0.956974 0.282742 -0.049938 -0.998752 0.000000 -0.068129 -0.976516 0.204387
0.034381 -0.068761 -0.997041 0.175243 -0.920027 -0.350486 0.000000 -0.970143 -0.242536 -0.202490 -0.978703 -0.033748 -0.024376 -0.999406 -0.024376 0.063700 -0.997969 0.000000 0.065248 -0.956974 0.282742 -0.052486 -0.997241 -0.052486 -0.068129 -0.976516 0.204387
0.273275 -0.102478 -0.956462 0.175243 -0.920027 -0.350486 0.000000 -0.972082 -0.234641 -0.209401 -0.977207 -0.034900 -0.024376 -0.999406 -0.024376 0.063700 -0.997969 0.000000 0.043550 -0.958108 0.283077 -0.024376 -0.999406 0.024376 -0.067798 -0.971767 0.225992
0.502571 -0.071796 -0.861550 0.168430 -0.926367 -0.336861 0.033223 -0.963460 -0.265782 -0.209529 -0.977802 0.000000 -0.024376 -0.999406 -0.024376 0.063700 -0.997969 0.000000 0.043550 -0.958108 0.283077 -0.026270 -0.998273 -0.052541 -0.067798 -0.971767 0.225992
0.590017 0.000000 -0.807391 0.122373 -0.978980 -0.163163 0.033223 -0.963460 -0.265782 -0.209529 -0.977802 0.000000 -0.024376 -0.999406 -0.024376 0.063700 -0.997969 0.000000 0.043811 -0.963837 0.262865 -0.053663 -0.992774 -0.107327 -0.067798 -0.971767 0.225992
0.677057 0.000000 -0.735931 0.118771 -0.989759 -0.079181 0.032915 -0.954547 -0.296239 -0.209529 -0.977802 0.000000 -0.024376 -0.999406 -0.024376 0.063700 -0.997969 0.000000 0.043811 -0.963837 0.262865 -0.054944 -0.988996 -0.137361 -0.067798 -0.971767 0.225992
0.707107 0.000000 -0.707107 0.119051 -0.992095 -0.039684 0.031911 -0.957338 -0.287202 -0.216930 -0.976187 0.000000 -0.024354 -0.998516 -0.048708 0.063700 -0.997969 0.000000 0.043811 -0.963837 0.262865 -0.055132 -0.992372 -0.110264 -0.068129 -0.976516 0.204387
0.693109 0.000000 -0.720833 0.119051 -0.992095 0.039684 0.032191 -0.965734 -0.257529 -0.216789 -0.975550 -0.036131 -0.024354 -0.998516 -0.048708 0.063700 -0.997969 0.000000 0.043811 -0.963837 0.262865 -0.056682 -0.991935 -0.113364 -0.067798 -0.971767 0.225992
0.734803 0.000000 -0.678280 0.119051 -0.992095 0.039684 0.031911 -0.957338 -0.287202 -0.216789 -0.975550 -0.036131 -0.024354 -0.998516 -0.048708 0.063700 -0.997969 0.000000 0.043811 -0.963837 0.262865 -0.024984 -0.999376 0.024984 -0.067798 -0.971767 0.225992
0.720833 0.000000 -0.693109 0.118771 -0.989759 0.079181 0.031911 -0.957338 -0.287202 -0.216789 -0.975550 -0.036131 -0.024354 -0.998516 -0.048708 0.063700 -0.997969 0.000000 0.043811 -0.963837 0.262865 -0.023742 -0.997178 0.071227 -0.067798 -0.971767 0.225992
0.721387 0.000000 -0.692532 0.119051 -0.992095 0.039684 0.031911 -0.957338 -0.287202 -0.216930 -0.976187 0.000000 -0.024354 -0.998516 -0.048708 0.063700 -0.997969 0.000000 0.043811 -0.963837 0.262865 -0.026298 -0.999308 -0.026298 -0.067798 -0.971767 0.225992
0.692532 0.000000 -0.721387 0.157500 -0.984374 0.078750 0.032191 -0.965734 -0.257529 -0.216789 -0.975550 -0.036131 -0.024354 -0.998516 -0.048708 0.063700 -0.997969 0.000000 0.043811 -0.963837 0.262865 -0.026978 -0.998179 -0.053956 -0.067798 -0.971767 0.225992
0.692532 0.000000 -0.721387 0.157500 -0.984374 0.078750 0.032191 -0.965734 -0.257529 -0.216789 -0.975550 -0.036131 -0.024354 -0.998516 -0.048708 0.063700 -0.997969 0.000000 0.043811 -0.963837 0.262865 -0.024992 -0.999688 0.000000 -0.067798 -0.971767 0.225992
0.692244 0.028843 -0.721087 0.157500 -0.984374 0.078750 0.032191 -0.965734 -0.257529 -0.216789 -0.975550 -0.036131 -0.024354 -0.998516 -0.048708 0.063700 -0.997969 0.000000 0.044055 -0.969201 0.242300 -0.023776 -0.998586 0.047552 -0.067798 -0.971767 0.225992
0.692244 0.028843 -0.721087 0.157500 -0.984374 0.078750 0.032191 -0.965734 -0.257529 -0.216789 -0.975550 -0.036131 -0.024354 -0.998516 -0.048708 0.063700 -0.997969 0.000000 0.044055 -0.969201 0.242300 0.000000 -0.997575 0.069598 -0.067798 -0.971767 0.225992
0.676763 0.029424 -0.735612 0.157500 -0.984374 0.078750 0.032191 -0.965734 -0.257529 -0.216930 -0.976187 0.000000 -0.024354 -0.998516 -0.048708 0.084800 -0.996398 0.000000 0.022043 -0.969907 0.242477 -0.023696 -0.995216 0.094782 -0.067798 -0.971767 0.225992
0.676763 0.029424 -0.735612 0.157500 -0.984374 0.078750 0.032444 -0.973329 -0.227110 -0.216789 -0.975550 -0.036131 -0.024354 -0.998516 -0.048708 0.084800 -0.996398 0.000000 0.022043 -0.969907 0.242477 -0.026298 -0.999308 -0.026298 -0.067798 -0.971767 0.225992
0.676763 0.029424 -0.735612 0.157867 -0.986671 0.039467 0.032444 -0.973329 -0.227110 -0.216789 -0.975550 -0.036131 -0.024354 -0.998516 -0.048708 0.084800 -0.996398 0.000000 0.022043 -0.969907 0.242477 -0.025624 -0.999343 0.025624 -0.067437 -0.966597 0.247269
