-0.466323 0.877784 -0.109723 -0.326056 -0.122271 -0.937410 0.032191 -0.965734 -0.257529 -0.109764 -0.987878 -0.109764 0.021729 -0.999528 -0.021729 0.043345 -0.996942 0.065018 0.090236 -0.970034 0.225589 -0.023243 -0.999460 -0.023243 0.000000 -0.988116 0.153707
-0.521585 0.847576 -0.097797 -0.359712 0.159872 -0.919265 0.032191 -0.965734 -0.257529 -0.113878 -0.986947 -0.113878 0.021729 -0.999528 -0.021729 0.043274 -0.995307 0.086548 0.089757 -0.964892 0.246833 -0.023243 -0.999460 -0.023243 0.000000 -0.987580 0.157115
-0.559795 0.821033 -0.111959 -0.363210 0.282497 -0.887848 0.032191 -0.965734 -0.257529 -0.113878 -0.986947 -0.113878 0.021713 -0.998821 -0.043427 0.043274 -0.995307 0.086548 0.089757 -0.964892 0.246833 -0.023243 -0.999460 -0.023243 0.000000 -0.987580 0.157115
-0.569181 0.813116 -0.121967 -0.323381 0.323381 -0.889297 0.032191 -0.965734 -0.257529 -0.113878 -0.986947 -0.113878 0.042476 -0.998194 -0.042476 0.064836 -0.994144 0.086447 0.089757 -0.964892 0.246833 -0.022716 -0.999484 -0.022716 0.000000 -0.987007 0.160676
-0.591080 0.802181 -0.084440 -0.318981 0.358854 -0.877197 0.032191 -0.965734 -0.257529 -0.113878 -0.986947 -0.113878 0.042476 -0.998194 -0.042476 0.064836 -0.994144 0.086447 0.089757 -0.964892 0.246833 -0.022716 -0.999484 -0.022716 0.000000 -0.987007 0.160676
-0.562565 0.822210 -0.086548 -0.366508 0.366508 -0.855186 0.032191 -0.965734 -0.257529 -0.113878 -0.986947 -0.113878 0.041595 -0.998268 -0.041595 0.043274 -0.995307 0.086548 0.089757 -0.964892 0.246833 -0.022716 -0.999484 -0.022716 0.000000 -0.987007 0.160676
-0.583130 0.807410 -0.089712 -0.366508 0.366508 -0.855186 0.032191 -0.965734 -0.257529 -0.113878 -0.986947 -0.113878 0.020811 -0.998917 -0.041622 0.043274 -0.995307 0.086548 0.089757 -0.964892 0.246833 -0.022716 -0.999484 -0.022716 0.000000 -0.987007 0.160676
-0.583130 0.807410 -0.089712 -0.366508 0.366508 -0.855186 0.032191 -0.965734 -0.257529 -0.113878 -0.986947 -0.113878 0.020811 -0.998917 -0.041622 0.044302 -0.996805 0.066454 0.087854 -0.966391 0.241598 -0.022716 -0.999484 -0.022716 0.000000 -0.987007 0.160676
-0.592667 0.804334 -0.042333 -0.323381 0.323381 -0.889297 0.000000 -0.966235 -0.257663 -0.113878 -0.986947 -0.113878 0.020811 -0.998917 -0.041622 0.044302 -0.996805 0.066454 0.087854 -0.966391 0.241598 -0.022716 -0.999484 -0.022716 0.000000 -0.987007 0.160676
-0.562565 0.822210 -0.086548 -0.323381 0.323381 -0.889297 0.000000 -0.966235 -0.257663 -0.109764 -0.987878 -0.109764 0.020811 -0.998917 -0.041622 0.044302 -0.996805 0.066454 0.087854 -0.966391 0.241598 -0.022716 -0.999484 -0.022716 0.000000 -0.987007 0.160676
-0.562565 0.822210 -0.086548 -0.327418 0.286491 -0.900400 0.000000 -0.966235 -0.257663 -0.109764 -0.987878 -0.109764 0.020811 -0.998917 -0.041622 0.044302 -0.996805 0.066454 0.087854 -0.966391 0.241598 -0.022716 -0.999484 -0.022716 0.000000 -0.987007 0.160676
-0.562565 0.822210 -0.086548 -0.327418 0.286491 -0.900400 0.000000 -0.966235 -0.257663 -0.109764 -0.987878 -0.109764 0.020811 -0.998917 -0.041622 0.044302 -0.996805 0.066454 0.087854 -0.966391 0.241598 -0.022716 -0.999484 -0.022716 0.000000 -0.987007 0.160676
-0.584858 0.793736 -0.167102 -0.339887 0.297402 -0.892205 0.000000 -0.966235 -0.257663 -0.109764 -0.987878 -0.109764 0.020811 -0.998917 -0.041622 0.022195 -0.998768 0.044390 0.109580 -0.964300 0.241075 -0.022716 -0.999484 -0.022716 0.000000 -0.987007 0.160676
-0.537484 0.826898 -0.165380 -0.468487 0.180187 -0.864900 0.000000 -0.963993 -0.265929 -0.105934 -0.988714 -0.105934 0.020811 -0.998917 -0.041622 0.022195 -0.998768 0.044390 0.109580 -0.964300 0.241075 -0.022716 -0.999484 -0.022716 0.000000 -0.987007 0.160676
-0.562809 0.767467 -0.306987 -0.581554 0.096926 -0.807713 0.000000 -0.963993 -0.265929 -0.105934 -0.988714 -0.105934 -0.020811 -0.998917 -0.041622 -0.045361 -0.997940 -0.045361 0.111943 -0.962713 0.246276 -0.022716 -0.999484 -0.022716 0.000000 -0.987007 0.160676
-0.676753 0.520579 -0.520579 -0.624391 -0.031220 -0.780488 0.000000 -0.972082 -0.234641 -0.105934 -0.988714 -0.105934 -0.041595 -0.998268 -0.041595 -0.094386 -0.991051 -0.094386 0.089757 -0.964892 0.246833 -0.022716 -0.999484 -0.022716 0.000000 -0.987007 0.160676
-0.801784 0.267261 -0.534522 -0.509510 -0.431124 -0.744669 0.033501 -0.971537 -0.234509 -0.140633 -0.984428 -0.105474 -0.043396 -0.998115 -0.043396 -0.094150 -0.988577 -0.117688 0.089757 -0.964892 0.246833 -0.022716 -0.999484 -0.022716 0.022948 -0.986747 0.160633
-0.813390 -0.029050 -0.580993 -0.437211 -0.635943 -0.635943 0.033501 -0.971537 -0.234509 -0.140633 -0.984428 -0.105474 -0.065018 -0.996942 -0.043345 -0.094150 -0.988577 -0.117688 0.089757 -0.964892 0.246833 -0.022716 -0.999484 -0.022716 0.022439 -0.987332 0.157075
-0.802773 -0.221455 -0.553637 -0.332196 -0.812035 -0.479839 0.033223 -0.963460 -0.265782 -0.140633 -0.984428 -0.105474 -0.065018 -0.996942 -0.043345 -0.096086 -0.984883 -0.144129 0.089757 -0.964892 0.246833 -0.022716 -0.999484 -0.022716 0.000000 -0.990830 0.135113
-0.787250 -0.421741 -0.449857 -0.285714 -0.857143 -0.428571 0.000000 -0.963993 -0.265929 -0.102359 -0.989467 -0.102359 -0.065064 -0.997645 -0.021688 -0.096086 -0.984883 -0.144129 0.088302 -0.971324 0.220755 -0.045396 -0.998711 -0.022698 0.000000 -0.990830 0.135113
-0.759671 -0.516577 -0.395029 -0.248264 -0.886659 -0.390130 0.031220 -0.967805 -0.249756 -0.145671 -0.983282 -0.109254 -0.065064 -0.997645 -0.021688 -0.096393 -0.988024 -0.120491 0.088302 -0.971324 0.220755 -0.045396 -0.998711 -0.022698 0.000000 -0.990830 0.135113
-0.742781 -0.557086 -0.371391 -0.259973 -0.891338 -0.371391 0.031911 -0.957338 -0.287202 -0.146157 -0.986559 -0.073078 -0.065018 -0.996942 -0.043345 -0.070750 -0.990500 -0.117917 0.066340 -0.972985 0.221133 -0.045396 -0.998711 -0.022698 0.000000 -0.990830 0.135113
-0.728417 -0.570066 -0.380044 -0.263448 -0.903252 -0.338719 0.030964 -0.959886 -0.278677 -0.151620 -0.985527 -0.075810 -0.043396 -0.998115 -0.043396 -0.070750 -0.990500 -0.117917 0.066340 -0.972985 0.221133 -0.045396 -0.998711 -0.022698 -0.022022 -0.990988 0.132132
-0.723356 -0.597555 -0.345953 -0.239236 -0.917070 -0.318981 0.030964 -0.959886 -0.278677 -0.151620 -0.985527 -0.075810 -0.043396 -0.998115 -0.043396 -0.070750 -0.990500 -0.117917 0.066340 -0.972985 0.221133 -0.045396 -0.998711 -0.022698 -0.022022 -0.990988 0.132132
-0.746364 -0.528675 -0.404281 -0.248282 -0.910366 -0.331042 0.030964 -0.959886 -0.278677 -0.151620 -0.985527 -0.075810 -0.043396 -0.998115 -0.043396 -0.070928 -0.992988 -0.094570 0.066340 -0.972985 0.221133 -0.045396 -0.998711 -0.022698 -0.022022 -0.990988 0.132132
-0.748539 -0.436648 -0.499026 -0.254000 -0.889001 -0.381000 0.030303 -0.969697 -0.242424 -0.157500 -0.984374 -0.078750 -0.021713 -0.998821 -0.043427 -0.070928 -0.992988 -0.094570 0.066340 -0.972985 0.221133 -0.045361 -0.997940 -0.045361 -0.021953 -0.987878 0.153670
-0.737856 -0.301850 -0.603701 -0.263880 -0.879599 -0.395820 0.060523 -0.968364 -0.242091 -0.195515 -0.977577 -0.078206 -0.021713 -0.998821 -0.043427 -0.094150 -0.988577 -0.117688 0.087854 -0.966391 0.241598 -0.046411 -0.997844 -0.046411 -0.021487 -0.988391 0.150407
-0.691714 -0.207514 -0.691714 -0.263880 -0.879599 -0.395820 0.064282 -0.964237 -0.257130 -0.181608 -0.980684 -0.072643 -0.022195 -0.998768 -0.044390 -0.094150 -0.988577 -0.117688 0.088302 -0.971324 0.220755 -0.046411 -0.997844 -0.046411 -0.021487 -0.988391 0.150407
-0.633685 -0.100056 -0.767093 -0.176090 -0.880451 -0.440225 0.066890 -0.969905 -0.234115 -0.169516 -0.983192 -0.067806 -0.022195 -0.998768 -0.044390 -0.094150 -0.988577 -0.117688 0.086447 -0.972533 0.216118 -0.046411 -0.997844 -0.046411 -0.021487 -0.988391 0.150407
-0.619382 -0.065198 -0.782378 -0.090722 -0.861858 -0.498970 0.066890 -0.969905 -0.234115 -0.169516 -0.983192 -0.067806 -0.022698 -0.998711 -0.045396 -0.094150 -0.988577 -0.117688 0.086447 -0.972533 0.216118 -0.046411 -0.997844 -0.046411 -0.021487 -0.988391 0.150407
-0.570701 -0.035669 -0.820383 0.044455 -0.844653 -0.533465 0.033501 -0.971537 -0.234509 -0.169809 -0.984892 -0.033962 -0.022716 -0.999484 -0.022716 -0.096393 -0.988024 -0.120491 0.084667 -0.973668 0.211667 -0.046411 -0.997844 -0.046411 -0.042944 -0.987707 0.150303
-0.488603 0.000000 -0.872506 0.175243 -0.832405 -0.525730 0.034627 -0.969561 -0.242390 -0.164310 -0.985861 -0.032862 -0.022716 -0.999484 -0.022716 -0.072442 -0.990038 -0.120736 0.085029 -0.977838 0.191316 -0.046411 -0.997844 -0.046411 -0.042944 -0.987707 0.150303
-0.447214 0.000000 -0.894427 0.222058 -0.843820 -0.488527 0.034900 -0.977207 -0.209401 -0.164045 -0.984268 -0.065618 -0.022698 -0.998711 -0.045396 0.000000 -0.999730 -0.023250 0.085029 -0.977838 0.191316 -0.046411 -0.997844 -0.046411 -0.021487 -0.988391 0.150407
-0.371391 0.000000 -0.928477 0.342368 -0.813125 -0.470757 0.033748 -0.978703 -0.202490 -0.164045 -0.984268 -0.065618 0.000000 -0.998969 -0.045408 0.022698 -0.998711 0.045396 0.085029 -0.977838 0.191316 -0.046411 -0.997844 -0.046411 -0.021487 -0.988391 0.150407
-0.157867 -0.039467 -0.986671 0.386583 -0.816120 -0.429537 0.033748 -0.978703 -0.202490 -0.164045 -0.984268 -0.065618 0.000000 -0.998969 -0.045408 0.044357 -0.998031 0.044357 0.086447 -0.972533 0.216118 -0.046411 -0.997844 -0.046411 -0.021487 -0.988391 0.150407
0.086306 -0.086306 -0.992523 0.386583 -0.816120 -0.429537 0.033501 -0.971537 -0.234509 -0.164045 -0.984268 -0.065618 0.000000 -0.998969 -0.045408 0.066454 -0.996805 0.044302 0.086833 -0.976877 0.195375 -0.023224 -0.998651 -0.046449 -0.021487 -0.988391 0.150407
0.328521 0.000000 -0.944497 0.379642 -0.843649 -0.379642 0.033501 -0.971537 -0.234509 -0.164045 -0.984268 -0.065618 0.000000 -0.998969 -0.045408 0.066454 -0.996805 0.044302 0.086833 -0.976877 0.195375 -0.023224 -0.998651 -0.046449 -0.021487 -0.988391 0.150407
0.526355 0.000000 -0.850265 0.379642 -0.843649 -0.379642 0.033223 -0.963460 -0.265782 -0.164045 -0.984268 -0.065618 0.000000 -0.998969 -0.045408 0.066454 -0.996805 0.044302 0.086833 -0.976877 0.195375 -0.023224 -0.998651 -0.046449 -0.021487 -0.988391 0.150407
0.611052 -0.035944 -0.790774 0.390935 -0.868744 -0.304061 0.033223 -0.963460 -0.265782 -0.164045 -0.984268 -0.065618 0.000000 -0.998969 -0.045408 0.066454 -0.996805 0.044302 0.086833 -0.976877 0.195375 -0.023224 -0.998651 -0.046449 -0.021953 -0.987878 0.153670
0.670913 0.000000 -0.741536 0.384812 -0.897895 -0.213785 0.000000 -0.955064 -0.296399 -0.141069 -0.987484 -0.070535 0.000000 -0.998969 -0.045408 0.066454 -0.996805 0.044302 0.086833 -0.976877 0.195375 -0.023224 -0.998651 -0.046449 -0.021953 -0.987878 0.153670
0.723708 -0.034462 -0.689246 0.352865 -0.926270 -0.132324 0.000000 -0.955064 -0.296399 -0.141069 -0.987484 -0.070535 0.000000 -0.998969 -0.045408 0.044357 -0.998031 0.044357 0.086833 -0.976877 0.195375 0.000000 -0.998920 -0.046461 -0.043874 -0.987165 0.153559
0.723356 0.000000 -0.690476 0.340503 -0.936382 -0.085126 0.000000 -0.963993 -0.265929 -0.140633 -0.984428 -0.105474 0.000000 -0.998969 -0.045408 0.044357 -0.998031 0.044357 0.086833 -0.976877 0.195375 0.000000 -0.998920 -0.046461 -0.043874 -0.987165 0.153559
0.739940 0.000000 -0.672673 0.341432 -0.938937 -0.042679 0.000000 -0.963993 -0.265929 -0.106265 -0.991811 -0.070844 0.000000 -0.998969 -0.045408 0.045396 -0.998711 0.022698 0.086833 -0.976877 0.195375 0.000000 -0.999730 -0.023250 -0.043874 -0.987165 0.153559
0.739940 0.000000 -0.672673 0.303204 -0.952926 0.000000 0.000000 -0.963993 -0.265929 -0.106265 -0.991811 -0.070844 0.000000 -0.998969 -0.045408 0.045396 -0.998711 0.022698 0.086833 -0.976877 0.195375 0.000000 -0.999730 -0.023250 -0.043874 -0.987165 0.153559
0.739940 0.000000 -0.672673 0.303204 -0.952926 0.000000 0.000000 -0.963993 -0.265929 -0.106265 -0.991811 -0.070844 0.000000 -0.998969 -0.045408 0.045396 -0.998711 0.022698 0.086833 -0.976877 0.195375 0.000000 -0.999730 -0.023250 -0.043874 -0.987165 0.153559
0.724138 0.000000 -0.689655 0.303204 -0.952926 0.000000 0.000000 -0.955064 -0.296399 -0.106265 -0.991811 -0.070844 0.000000 -0.999014 -0.044401 0.045396 -0.998711 0.022698 0.086833 -0.976877 0.195375 0.000000 -0.999730 -0.023250 -0.043874 -0.987165 0.153559
0.724138 0.000000 -0.689655 0.303204 -0.952926 0.000000 0.000000 -0.955064 -0.296399 -0.106265 -0.991811 -0.070844 0.000000 -0.999014 -0.044401 0.045396 -0.998711 0.022698 0.086833 -0.976877 0.195375 0.000000 -0.999730 -0.023250 -0.043874 -0.987165 0.153559
0.707107 0.000000 -0.707107 0.303204 -0.952926 0.000000 0.000000 -0.955064 -0.296399 -0.106265 -0.991811 -0.070844 0.000000 -0.999014 -0.044401 0.045396 -0.998711 0.022698 0.086833 -0.976877 0.195375 0.000000 -0.999730 -0.023250 -0.043874 -0.987165 0.153559
0.689655 0.000000 -0.724138 0.303204 -0.952926 0.000000 0.000000 -0.955064 -0.296399 -0.106265 -0.991811 -0.070844 0.000000 -0.999014 -0.044401 0.045396 -0.998711 0.022698 0.086833 -0.976877 0.195375 0.000000 -0.999730 -0.023250 -0.043716 -0.983621 0.174866
0.689655 0.000000 -0.724138 0.303204 -0.952926 0.000000 0.000000 -0.963993 -0.265929 -0.106265 -0.991811 -0.070844 0.000000 -0.999014 -0.044401 0.045396 -0.998711 0.022698 0.086833 -0.976877 0.195375 0.000000 -0.999730 -0.023250 -0.043716 -0.983621 0.174866
0.688749 0.000000 -0.724999 0.302920 -0.952033 -0.043274 0.000000 -0.963993 -0.265929 -0.106265 -0.991811 -0.070844 0.000000 -0.999014 -0.044401 0.068006 -0.997427 0.022669 0.065233 -0.978492 0.195698 0.000000 -0.999730 -0.023250 -0.043716 -0.983621 0.174866
