-0.377075 0.925548 0.034280 -0.729883 0.253872 -0.634681 0.000000 -0.960346 -0.278810 -0.113878 -0.986947 -0.113878 -0.045408 -0.998969 0.000000 0.069580 -0.997307 -0.023193 0.077894 -0.973677 0.214209 -0.138050 -0.989356 -0.046017 0.019854 -0.992681 0.119122
-0.418803 0.907406 0.034900 -0.731653 0.304855 -0.609711 0.000000 -0.960346 -0.278810 -0.109764 -0.987878 -0.109764 -0.068024 -0.997684 0.000000 0.069580 -0.997307 -0.023193 0.097202 -0.972020 0.213844 -0.134806 -0.988577 -0.067403 0.020253 -0.992383 0.121516
-0.418803 0.907406 -0.034900 -0.765346 0.275525 -0.581663 0.000000 -0.951709 -0.307003 -0.114291 -0.990521 -0.076194 -0.068024 -0.997684 0.000000 0.071227 -0.997178 -0.023742 0.097202 -0.972020 0.213844 -0.134806 -0.988577 -0.067403 0.020253 -0.992383 0.121516
-0.556349 0.813125 -0.171184 -0.773479 0.035158 -0.632846 0.000000 -0.951709 -0.307003 -0.118771 -0.989759 -0.079181 -0.068024 -0.997684 0.000000 0.071227 -0.997178 -0.023742 0.097202 -0.972020 0.213844 -0.134806 -0.988577 -0.067403 0.040481 -0.991773 0.121442
-0.625474 0.759504 -0.178707 -0.769683 -0.104957 -0.629740 0.000000 -0.951709 -0.307003 -0.178174 -0.979958 -0.089087 -0.069580 -0.997307 -0.023193 0.071227 -0.997178 -0.023742 0.097202 -0.972020 0.213844 -0.134976 -0.989827 -0.044992 0.040481 -0.991773 0.121442
-0.752710 0.564532 -0.338719 -0.712019 -0.356009 -0.605216 0.000000 -0.951709 -0.307003 -0.169944 -0.977176 -0.127458 -0.069580 -0.997307 -0.023193 0.071227 -0.997178 -0.023742 0.096782 -0.967823 0.232277 -0.134976 -0.989827 -0.044992 0.040481 -0.991773 0.121442
-0.869335 0.312961 -0.382507 -0.661541 -0.496156 -0.562310 0.000000 -0.951709 -0.307003 -0.223452 -0.968291 -0.111726 -0.068006 -0.997427 -0.022669 0.071227 -0.997178 -0.023742 0.096782 -0.967823 0.232277 -0.134976 -0.989827 -0.044992 0.041310 -0.991431 0.123929
-0.911371 0.000000 -0.411587 -0.551396 -0.654783 -0.516934 0.000000 -0.945373 -0.325991 -0.208389 -0.972480 -0.104194 -0.069580 -0.997307 -0.023193 0.071227 -0.997178 -0.023742 0.096782 -0.967823 0.232277 -0.134976 -0.989827 -0.044992 0.020668 -0.992066 0.124008
-0.916909 -0.143267 -0.372494 -0.493731 -0.757054 -0.427900 0.000000 -0.941742 -0.336336 -0.201574 -0.974274 -0.100787 -0.069580 -0.997307 -0.023193 0.071227 -0.997178 -0.023742 0.096782 -0.967823 0.232277 -0.134976 -0.989827 -0.044992 0.020253 -0.992383 0.121516
-0.886969 -0.354787 -0.295656 -0.444949 -0.794552 -0.413167 0.000000 -0.948683 -0.316228 -0.195180 -0.975900 -0.097590 -0.069523 -0.996503 -0.046349 0.071227 -0.997178 -0.023742 0.096782 -0.967823 0.232277 -0.134976 -0.989827 -0.044992 0.020299 -0.994629 0.101493
-0.839259 -0.491979 -0.231520 -0.413376 -0.826752 -0.381578 0.000000 -0.948683 -0.316228 -0.195180 -0.975900 -0.097590 -0.046411 -0.997844 -0.046411 0.071247 -0.997459 0.000000 0.116401 -0.970006 0.213401 -0.134976 -0.989827 -0.044992 0.020299 -0.994629 0.101493
-0.823173 -0.529183 -0.205793 -0.429767 -0.826475 -0.363649 0.000000 -0.945373 -0.325991 -0.209020 -0.975426 -0.069673 -0.046411 -0.997844 -0.046411 0.071247 -0.997459 0.000000 0.116401 -0.970006 0.213401 -0.134976 -0.989827 -0.044992 0.020299 -0.994629 0.101493
-0.810319 -0.549859 -0.202580 -0.407072 -0.848067 -0.339227 0.000000 -0.951709 -0.307003 -0.216366 -0.973645 -0.072122 -0.046411 -0.997844 -0.046411 0.071247 -0.997459 0.000000 0.116401 -0.970006 0.213401 -0.134976 -0.989827 -0.044992 0.000000 -0.994834 0.101514
-0.804627 -0.566219 -0.178806 -0.378188 -0.859518 -0.343807 0.000000 -0.954480 -0.298275 -0.224702 -0.973708 -0.037450 -0.046411 -0.997844 -0.046411 0.071247 -0.997459 0.000000 0.116401 -0.970006 0.213401 -0.134976 -0.989827 -0.044992 0.000000 -0.994834 0.101514
-0.791044 -0.585959 -0.175788 -0.389640 -0.850124 -0.354218 0.000000 -0.954480 -0.298275 -0.224702 -0.973708 -0.037450 -0.046411 -0.997844 -0.046411 0.071247 -0.997459 0.000000 0.116401 -0.970006 0.213401 -0.134976 -0.989827 -0.044992 0.000000 -0.994834 0.101514
-0.800022 -0.562978 -0.207413 -0.394369 -0.860442 -0.322666 0.000000 -0.957024 -0.290007 -0.195965 -0.979827 -0.039193 -0.046411 -0.997844 -0.046411 0.071247 -0.997459 0.000000 0.116401 -0.970006 0.213401 -0.134976 -0.989827 -0.044992 0.000000 -0.994834 0.101514
-0.836287 -0.477878 -0.268806 -0.363456 -0.872295 -0.327111 0.000000 -0.959366 -0.282166 -0.203785 -0.978167 -0.040757 -0.046411 -0.997844 -0.046411 0.071247 -0.997459 0.000000 0.116401 -0.970006 0.213401 -0.134976 -0.989827 -0.044992 -0.020299 -0.994629 0.101493
-0.843848 -0.421924 -0.331512 -0.375293 -0.863175 -0.337764 0.000000 -0.959366 -0.282166 -0.203785 -0.978167 -0.040757 -0.046411 -0.997844 -0.046411 0.071247 -0.997459 0.000000 0.116401 -0.970006 0.213401 -0.134976 -0.989827 -0.044992 -0.020299 -0.994629 0.101493
-0.813295 -0.344086 -0.469208 -0.387783 -0.853123 -0.349005 0.000000 -0.959366 -0.282166 -0.203785 -0.978167 -0.040757 -0.046411 -0.997844 -0.046411 0.071247 -0.997459 0.000000 0.116863 -0.973862 0.194772 -0.134976 -0.989827 -0.044992 -0.020299 -0.994629 0.101493
-0.772587 -0.321911 -0.547249 -0.360867 -0.842023 -0.400963 0.000000 -0.959366 -0.282166 -0.203785 -0.978167 -0.040757 -0.047511 -0.997740 -0.047511 0.071247 -0.997459 0.000000 0.116863 -0.973862 0.194772 -0.134976 -0.989827 -0.044992 -0.020299 -0.994629 0.101493
-0.673189 -0.305995 -0.673189 -0.288185 -0.864556 -0.411693 0.000000 -0.959366 -0.282166 -0.203785 -0.978167 -0.040757 -0.047511 -0.997740 -0.047511 0.071247 -0.997459 0.000000 0.116863 -0.973862 0.194772 -0.138050 -0.989356 -0.046017 -0.019897 -0.994840 0.099484
-0.614993 -0.292854 -0.732134 -0.130189 -0.911322 -0.390567 0.000000 -0.959366 -0.282166 -0.203785 -0.978167 -0.040757 -0.047511 -0.997740 -0.047511 0.071247 -0.997459 0.000000 0.116863 -0.973862 0.194772 -0.138050 -0.989356 -0.046017 -0.019897 -0.994840 0.099484
-0.538575 -0.239367 -0.807862 0.042679 -0.938937 -0.341432 0.000000 -0.962651 -0.270746 -0.188311 -0.979217 -0.075324 -0.047511 -0.997740 -0.047511 0.071247 -0.997459 0.000000 0.116863 -0.973862 0.194772 -0.138050 -0.989356 -0.046017 -0.019897 -0.994840 0.099484
-0.446223 -0.237986 -0.862698 0.168430 -0.926367 -0.336861 0.000000 -0.968277 -0.249878 -0.181012 -0.977466 -0.108607 -0.047511 -0.997740 -0.047511 0.071227 -0.997178 -0.023742 0.097202 -0.972020 0.213844 -0.138050 -0.989356 -0.046017 -0.019897 -0.994840 0.099484
-0.331497 -0.298347 -0.895041 0.205847 -0.905726 -0.370524 0.000000 -0.966235 -0.257663 -0.174821 -0.978997 -0.104893 -0.047511 -0.997740 -0.047511 0.071227 -0.997178 -0.023742 0.097202 -0.972020 0.213844 -0.138050 -0.989356 -0.046017 -0.019897 -0.994840 0.099484
-0.165840 -0.331679 -0.928701 0.335377 -0.880366 -0.335377 0.000000 -0.963993 -0.265929 -0.136320 -0.988317 -0.068160 -0.047511 -0.997740 -0.047511 0.069580 -0.997307 -0.023193 0.097202 -0.972020 0.213844 -0.138050 -0.989356 -0.046017 -0.019897 -0.994840 0.099484
0.065512 -0.393073 -0.917170 0.330477 -0.867502 -0.371787 0.000000 -0.972082 -0.234641 -0.135926 -0.985460 -0.101944 -0.047511 -0.997740 -0.047511 0.069580 -0.997307 -0.023193 0.097590 -0.975900 0.195180 -0.138050 -0.989356 -0.046017 -0.019854 -0.992681 0.119122
0.275654 -0.367538 -0.888218 0.297402 -0.892205 -0.339887 0.000000 -0.972082 -0.234641 -0.140633 -0.984428 -0.105474 -0.023776 -0.998586 -0.047552 0.069580 -0.997307 -0.023193 0.097590 -0.975900 0.195180 -0.138050 -0.989356 -0.046017 -0.019854 -0.992681 0.119122
0.473503 -0.278531 -0.835593 0.244745 -0.938190 -0.244745 0.000000 -0.972082 -0.234641 -0.140633 -0.984428 -0.105474 -0.023776 -0.998586 -0.047552 0.069580 -0.997307 -0.023193 0.097590 -0.975900 0.195180 -0.138050 -0.989356 -0.046017 -0.019854 -0.992681 0.119122
0.541530 -0.216612 -0.812296 0.233197 -0.971653 -0.038866 0.000000 -0.972082 -0.234641 -0.141069 -0.987484 -0.070535 -0.023776 -0.998586 -0.047552 0.069580 -0.997307 -0.023193 0.097590 -0.975900 0.195180 -0.138050 -0.989356 -0.046017 -0.019854 -0.992681 0.119122
0.623640 -0.207880 -0.753565 0.157500 -0.984374 0.078750 0.000000 -0.963993 -0.265929 -0.141069 -0.987484 -0.070535 -0.023776 -0.998586 -0.047552 0.071227 -0.997178 -0.023742 0.076739 -0.978420 0.191847 -0.138050 -0.989356 -0.046017 -0.019803 -0.990148 0.138621
0.639137 -0.204524 -0.741399 0.156893 -0.980581 0.117670 0.000000 -0.972082 -0.234641 -0.141069 -0.987484 -0.070535 -0.023776 -0.998586 -0.047552 0.071227 -0.997178 -0.023742 0.076739 -0.978420 0.191847 -0.138050 -0.989356 -0.046017 0.000000 -0.990342 0.138648
0.683161 -0.177116 -0.708464 0.156055 -0.975343 0.156055 0.000000 -0.963993 -0.265929 -0.141069 -0.987484 -0.070535 -0.023776 -0.998586 -0.047552 0.071227 -0.997178 -0.023742 0.076739 -0.978420 0.191847 -0.138050 -0.989356 -0.046017 0.000000 -0.990342 0.138648
0.696311 -0.174078 -0.696311 0.154997 -0.968730 0.193746 0.000000 -0.973841 -0.227230 -0.141069 -0.987484 -0.070535 -0.023776 -0.998586 -0.047552 0.071227 -0.997178 -0.023742 0.076739 -0.978420 0.191847 -0.138050 -0.989356 -0.046017 0.000000 -0.990342 0.138648
0.708464 -0.177116 -0.683161 0.156055 -0.975343 0.156055 0.031911 -0.957338 -0.287202 -0.141069 -0.987484 -0.070535 -0.023776 -0.998586 -0.047552 0.071227 -0.997178 -0.023742 0.076739 -0.978420 0.191847 -0.138050 -0.989356 -0.046017 0.000000 -0.990342 0.138648
0.708464 -0.177116 -0.683161 0.156055 -0.975343 0.156055 0.031911 -0.957338 -0.287202 -0.175358 -0.982003 -0.070143 -0.023776 -0.998586 -0.047552 0.071227 -0.997178 -0.023742 0.057628 -0.979683 0.192095 -0.138050 -0.989356 -0.046017 -0.019803 -0.990148 0.138621
0.647576 -0.149441 -0.747203 0.156174 -0.937043 0.312348 0.030964 -0.959886 -0.278677 -0.175358 -0.982003 -0.070143 -0.023776 -0.998586 -0.047552 0.071227 -0.997178 -0.023742 0.057831 -0.983135 0.173494 -0.138050 -0.989356 -0.046017 -0.019745 -0.987248 0.157960
0.673221 -0.134644 -0.727079 0.192450 -0.962250 0.192450 0.030686 -0.951260 -0.306858 -0.175358 -0.982003 -0.070143 -0.023776 -0.998586 -0.047552 0.071227 -0.997178 -0.023742 0.057831 -0.983135 0.173494 -0.138050 -0.989356 -0.046017 -0.019745 -0.987248 0.157960
0.660185 -0.132037 -0.739407 0.153732 -0.960828 0.230599 0.061839 -0.958508 -0.278277 -0.175358 -0.982003 -0.070143 -0.023776 -0.998586 -0.047552 0.071227 -0.997178 -0.023742 0.057831 -0.983135 0.173494 -0.138050 -0.989356 -0.046017 -0.019745 -0.987248 0.157960
0.647442 -0.129488 -0.751033 0.154997 -0.968730 0.193746 0.060057 -0.960913 -0.270257 -0.181608 -0.980684 -0.072643 -0.023776 -0.998586 -0.047552 0.071227 -0.997178 -0.023742 0.057831 -0.983135 0.173494 -0.138159 -0.990142 -0.023027 -0.019803 -0.990148 0.138621
0.629620 -0.157405 -0.760791 0.161034 -0.966204 0.201292 0.059549 -0.952786 -0.297746 -0.181608 -0.980684 -0.072643 -0.023776 -0.998586 -0.047552 0.072954 -0.997039 -0.024318 0.057831 -0.983135 0.173494 -0.115470 -0.993042 -0.023094 -0.039583 -0.989566 0.138539
0.632017 -0.131670 -0.763687 0.156055 -0.975343 0.156055 0.059549 -0.952786 -0.297746 -0.181608 -0.980684 -0.072643 -0.023776 -0.998586 -0.047552 0.072954 -0.997039 -0.024318 0.057831 -0.983135 0.173494 -0.115470 -0.993042 -0.023094 -0.039583 -0.989566 0.138539
0.588348 -0.196116 -0.784465 0.156893 -0.980581 0.117670 0.089126 -0.950681 -0.297088 -0.181012 -0.977466 -0.108607 -0.023776 -0.998586 -0.047552 0.072954 -0.997039 -0.024318 0.057831 -0.983135 0.173494 -0.092623 -0.995701 0.000000 -0.040373 -0.989142 0.141306
