-0.536321 0.838002 -0.100560 -0.643823 0.289720 -0.708205 0.000000 -0.963993 -0.265929 -0.041310 -0.991431 -0.123929 -0.046349 -0.996503 0.069523 0.047511 -0.997740 -0.047511 0.115771 -0.984050 0.135066 -0.046262 -0.994635 -0.092524 0.039841 -0.996024 0.079682
-0.635999 0.741999 -0.212000 -0.657858 0.219286 -0.720511 0.000000 -0.963993 -0.265929 -0.043073 -0.990680 -0.129219 -0.069523 -0.996503 0.046349 0.047511 -0.997740 -0.047511 0.115449 -0.981314 0.153932 -0.046262 -0.994635 -0.092524 0.040647 -0.995861 0.081295
-0.696733 0.627060 -0.348367 -0.695375 0.181402 -0.695375 0.000000 -0.957826 -0.287348 -0.086306 -0.992523 -0.086306 -0.069598 -0.997575 0.000000 0.047511 -0.997740 -0.047511 0.115449 -0.981314 0.153932 -0.046262 -0.994635 -0.092524 0.040647 -0.995861 0.081295
-0.775567 0.465340 -0.426562 -0.619514 -0.291536 -0.728841 0.000000 -0.957826 -0.287348 -0.086306 -0.992523 -0.086306 -0.069580 -0.997307 -0.023193 0.047552 -0.998586 -0.023776 0.115449 -0.981314 0.153932 -0.046262 -0.994635 -0.092524 0.040647 -0.995861 0.081295
-0.873571 0.174714 -0.454257 -0.561144 -0.491001 -0.666359 0.000000 -0.963993 -0.265929 -0.151620 -0.985527 -0.075810 -0.071227 -0.997178 -0.023742 0.047552 -0.998586 -0.023776 0.115449 -0.981314 0.153932 -0.046151 -0.992249 -0.115378 0.040572 -0.994015 0.101430
-0.875179 -0.030179 -0.482857 -0.361315 -0.758761 -0.541972 0.000000 -0.963993 -0.265929 -0.175682 -0.983820 -0.035136 -0.047511 -0.997740 -0.047511 0.047552 -0.998586 -0.023776 0.115449 -0.981314 0.153932 -0.046151 -0.992249 -0.115378 0.019897 -0.994840 0.099484
-0.849276 -0.292854 -0.439281 -0.317999 -0.847998 -0.423999 0.000000 -0.957826 -0.287348 -0.202490 -0.978703 -0.033748 -0.047511 -0.997740 -0.047511 0.047552 -0.998586 -0.023776 0.115449 -0.981314 0.153932 -0.046151 -0.992249 -0.115378 0.019897 -0.994840 0.099484
-0.830949 -0.458455 -0.315188 -0.248264 -0.886659 -0.390130 0.000000 -0.963993 -0.265929 -0.202490 -0.978703 -0.033748 -0.047511 -0.997740 -0.047511 0.047552 -0.998586 -0.023776 0.115449 -0.981314 0.153932 -0.046151 -0.992249 -0.115378 0.000000 -0.995037 0.099504
-0.774794 -0.581096 -0.249041 -0.254756 -0.909843 -0.327544 0.032191 -0.965734 -0.257529 -0.209401 -0.977207 -0.034900 -0.047511 -0.997740 -0.047511 0.047552 -0.998586 -0.023776 0.115087 -0.978240 0.172631 -0.069135 -0.990931 -0.115225 0.019897 -0.994840 0.099484
-0.768610 -0.597808 -0.227736 -0.249207 -0.925625 -0.284808 0.030303 -0.969697 -0.242424 -0.224702 -0.973708 -0.037450 -0.047511 -0.997740 -0.047511 0.047552 -0.998586 -0.023776 0.115087 -0.978240 0.172631 -0.069135 -0.990931 -0.115225 0.019897 -0.994840 0.099484
-0.760036 -0.619288 -0.197046 -0.225176 -0.938233 -0.262705 0.029223 -0.964352 -0.263005 -0.224860 -0.974391 0.000000 -0.047511 -0.997740 -0.047511 0.047552 -0.998586 -0.023776 0.115087 -0.978240 0.172631 -0.069135 -0.990931 -0.115225 0.000000 -0.995037 0.099504
-0.738818 -0.650160 -0.177316 -0.269630 -0.924445 -0.269630 0.029223 -0.964352 -0.263005 -0.224860 -0.974391 0.000000 -0.047511 -0.997740 -0.047511 0.047552 -0.998586 -0.023776 0.115087 -0.978240 0.172631 -0.069135 -0.990931 -0.115225 0.000000 -0.995037 0.099504
-0.767507 -0.614006 -0.184202 -0.269630 -0.924445 -0.269630 0.028421 -0.966315 -0.255789 -0.196116 -0.980581 0.000000 -0.048665 -0.997629 -0.048665 0.047552 -0.998586 -0.023776 0.115087 -0.978240 0.172631 -0.069135 -0.990931 -0.115225 0.000000 -0.995037 0.099504
-0.784465 -0.588348 -0.196116 -0.279553 -0.918532 -0.279553 0.028421 -0.966315 -0.255789 -0.203954 -0.978980 0.000000 -0.024354 -0.998516 -0.048708 0.047511 -0.997740 -0.047511 0.114687 -0.974839 0.191145 -0.069135 -0.990931 -0.115225 0.000000 -0.995037 0.099504
-0.801784 -0.534522 -0.267261 -0.327418 -0.900400 -0.286491 0.028421 -0.966315 -0.255789 -0.203954 -0.978980 0.000000 -0.024376 -0.999406 -0.024376 0.047511 -0.997740 -0.047511 0.115087 -0.978240 0.172631 -0.069135 -0.990931 -0.115225 -0.019897 -0.994840 0.099484
-0.825625 -0.447214 -0.344010 -0.323381 -0.889297 -0.323381 0.028421 -0.966315 -0.255789 -0.203785 -0.978167 0.040757 -0.024376 -0.999406 -0.024376 0.048665 -0.997629 -0.048665 0.115087 -0.978240 0.172631 -0.069135 -0.990931 -0.115225 -0.019897 -0.994840 0.099484
-0.798189 -0.319275 -0.510841 -0.335377 -0.880366 -0.335377 0.027661 -0.968122 -0.248946 -0.212238 -0.976296 0.042448 -0.024376 -0.999406 -0.024376 0.048665 -0.997629 -0.048665 0.115087 -0.978240 0.172631 -0.069135 -0.990931 -0.115225 -0.019897 -0.994840 0.099484
-0.764316 -0.222925 -0.605083 -0.325246 -0.853771 -0.406558 0.027661 -0.968122 -0.248946 -0.212238 -0.976296 0.042448 -0.024376 -0.999406 -0.024376 0.048665 -0.997629 -0.048665 0.115087 -0.978240 0.172631 -0.069301 -0.993307 -0.092401 -0.019897 -0.994840 0.099484
-0.728087 -0.145617 -0.669840 -0.169485 -0.889799 -0.423714 0.000000 -0.970143 -0.242536 -0.188847 -0.982006 0.000000 -0.024376 -0.999406 -0.024376 0.048665 -0.997629 -0.048665 0.115087 -0.978240 0.172631 -0.069301 -0.993307 -0.092401 -0.019897 -0.994840 0.099484
-0.643451 -0.087743 -0.760442 -0.084066 -0.882696 -0.462364 0.000000 -0.975441 -0.220261 -0.181969 -0.982631 -0.036394 -0.024376 -0.999406 -0.024376 0.048665 -0.997629 -0.048665 0.096101 -0.980226 0.172981 -0.069301 -0.993307 -0.092401 -0.019897 -0.994840 0.099484
-0.574440 -0.060467 -0.816310 0.000000 -0.885832 -0.464007 0.000000 -0.973841 -0.227230 -0.175682 -0.983820 -0.035136 -0.024376 -0.999406 -0.024376 0.048665 -0.997629 -0.048665 0.096101 -0.980226 0.172981 -0.069301 -0.993307 -0.092401 -0.019897 -0.994840 0.099484
-0.459325 -0.065618 -0.885841 0.085436 -0.854358 -0.512615 0.000000 -0.973841 -0.227230 -0.175682 -0.983820 -0.035136 -0.024376 -0.999406 -0.024376 0.048665 -0.997629 -0.048665 0.096101 -0.980226 0.172981 -0.070928 -0.992988 -0.094570 -0.019511 -0.995039 0.097553
-0.393073 -0.065512 -0.917170 0.198419 -0.833360 -0.515889 0.000000 -0.972082 -0.234641 -0.169809 -0.984892 -0.033962 -0.024376 -0.999406 -0.024376 0.048593 -0.996156 -0.072889 0.096101 -0.980226 0.172981 -0.070928 -0.992988 -0.094570 -0.019511 -0.995039 0.097553
-0.265343 -0.066336 -0.961869 0.325246 -0.853771 -0.406558 0.000000 -0.972082 -0.234641 -0.169809 -0.984892 -0.033962 -0.024376 -0.999406 -0.024376 0.048593 -0.996156 -0.072889 0.096101 -0.980226 0.172981 -0.070928 -0.992988 -0.094570 -0.019511 -0.995039 0.097553
-0.171991 -0.143326 -0.974616 0.540262 -0.789613 -0.290910 0.000000 -0.972082 -0.234641 -0.169809 -0.984892 -0.033962 0.000000 -0.999703 -0.024383 0.048593 -0.996156 -0.072889 0.096101 -0.980226 0.172981 -0.070928 -0.992988 -0.094570 -0.019511 -0.995039 0.097553
0.054944 -0.137361 -0.988996 0.428353 -0.899541 -0.085671 0.000000 -0.972082 -0.234641 -0.169809 -0.984892 -0.033962 0.000000 -0.999703 -0.024383 0.048593 -0.996156 -0.072889 0.077009 -0.981859 0.173269 -0.070928 -0.992988 -0.094570 -0.019511 -0.995039 0.097553
0.322446 -0.107482 -0.940466 0.327418 -0.941327 -0.081855 0.000000 -0.979260 -0.202606 -0.169516 -0.983192 -0.067806 -0.024376 -0.999406 -0.024376 0.048593 -0.996156 -0.072889 0.077009 -0.981859 0.173269 -0.070928 -0.992988 -0.094570 -0.019511 -0.995039 0.097553
0.465379 -0.103418 -0.879049 0.279776 -0.959233 0.039968 0.033501 -0.971537 -0.234509 -0.169516 -0.983192 -0.067806 -0.024376 -0.999406 -0.024376 0.048593 -0.996156 -0.072889 0.077009 -0.981859 0.173269 -0.070928 -0.992988 -0.094570 -0.019511 -0.995039 0.097553
0.570072 -0.108585 -0.814388 0.279776 -0.959233 0.039968 0.032444 -0.973329 -0.227110 -0.169809 -0.984892 -0.033962 -0.024376 -0.999406 -0.024376 0.048593 -0.996156 -0.072889 0.077252 -0.984967 0.154505 -0.070928 -0.992988 -0.094570 -0.019511 -0.995039 0.097553
0.630907 -0.109723 -0.768061 0.242338 -0.969351 0.040390 0.032191 -0.965734 -0.257529 -0.202490 -0.978703 -0.033748 -0.024354 -0.998516 -0.048708 0.048593 -0.996156 -0.072889 0.077252 -0.984967 0.154505 -0.070928 -0.992988 -0.094570 -0.019511 -0.995039 0.097553
0.673221 -0.134644 -0.727079 0.203785 -0.978167 0.040757 0.000000 -0.966235 -0.257663 -0.169516 -0.983192 -0.067806 -0.024354 -0.998516 -0.048708 0.047445 -0.996335 -0.071167 0.077252 -0.984967 0.154505 -0.070928 -0.992988 -0.094570 -0.019470 -0.992962 0.116819
0.688886 -0.110222 -0.716441 0.202444 -0.971732 0.121466 0.000000 -0.968277 -0.249878 -0.175682 -0.983820 -0.035136 -0.024354 -0.998516 -0.048708 0.047445 -0.996335 -0.071167 0.077252 -0.984967 0.154505 -0.070928 -0.992988 -0.094570 -0.019470 -0.992962 0.116819
0.688886 -0.110222 -0.716441 0.201292 -0.966204 0.161034 0.031450 -0.974958 -0.220152 -0.175358 -0.982003 -0.070143 -0.024354 -0.998516 -0.048708 0.047445 -0.996335 -0.071167 0.077252 -0.984967 0.154505 -0.070928 -0.992988 -0.094570 -0.019470 -0.992962 0.116819
0.702624 -0.112420 -0.702624 0.163163 -0.978980 0.122373 0.031450 -0.974958 -0.220152 -0.181969 -0.982631 -0.036394 -0.024354 -0.998516 -0.048708 0.047445 -0.996335 -0.071167 0.058015 -0.986256 0.154707 -0.070928 -0.992988 -0.094570 -0.019470 -0.992962 0.116819
0.716630 -0.114661 -0.687964 0.163163 -0.978980 0.122373 0.031220 -0.967805 -0.249756 -0.181969 -0.982631 -0.036394 -0.024354 -0.998516 -0.048708 0.047445 -0.996335 -0.071167 0.058015 -0.986256 0.154707 -0.070928 -0.992988 -0.094570 -0.019470 -0.992962 0.116819
0.687964 -0.114661 -0.716630 0.162221 -0.973329 0.162221 0.031450 -0.974958 -0.220152 -0.216366 -0.973645 -0.072122 -0.024354 -0.998516 -0.048708 0.047445 -0.996335 -0.071167 0.058015 -0.986256 0.154707 -0.070928 -0.992988 -0.094570 -0.019470 -0.992962 0.116819
0.658218 -0.114473 -0.744073 0.193746 -0.968730 0.154997 0.031220 -0.967805 -0.249756 -0.216789 -0.975550 -0.036131 -0.024354 -0.998516 -0.048708 0.047445 -0.996335 -0.071167 0.058015 -0.986256 0.154707 -0.070928 -0.992988 -0.094570 -0.019422 -0.990525 0.135954
0.658090 -0.137102 -0.740351 0.195515 -0.977577 0.078206 0.062348 -0.966394 -0.249392 -0.216789 -0.975550 -0.036131 -0.024354 -0.998516 -0.048708 0.047445 -0.996335 -0.071167 0.058015 -0.986256 0.154707 -0.070928 -0.992988 -0.094570 -0.019422 -0.990525 0.135954
0.639092 -0.145248 -0.755291 0.232670 -0.969458 0.077557 0.062348 -0.966394 -0.249392 -0.216366 -0.973645 -0.072122 0.000000 -0.998812 -0.048723 0.047445 -0.996335 -0.071167 0.058015 -0.986256 0.154707 -0.070928 -0.992988 -0.094570 -0.019422 -0.990525 0.135954
