-0.635553 0.767959 -0.079444 -0.554265 -0.356313 -0.752217 -0.057904 -0.955419 -0.289521 -0.134976 -0.989827 -0.044992 -0.024376 -0.999406 -0.024376 0.084800 -0.996398 0.000000 0.087854 -0.966391 0.241598 -0.105691 -0.993500 -0.042277 -0.022355 -0.983624 0.178841
-0.655913 0.745356 -0.119257 -0.571072 -0.367118 -0.734235 -0.059549 -0.952786 -0.297746 -0.134976 -0.989827 -0.044992 -0.024376 -0.999406 -0.024376 0.084800 -0.996398 0.000000 0.087370 -0.961074 0.262111 -0.105691 -0.993500 -0.042277 -0.022439 -0.987332 0.157075
-0.681330 0.713774 -0.162221 -0.588464 -0.378298 -0.714563 -0.059549 -0.952786 -0.297746 -0.134976 -0.989827 -0.044992 -0.024376 -0.999406 -0.024376 0.084800 -0.996398 0.000000 0.087370 -0.961074 0.262111 -0.105691 -0.993500 -0.042277 -0.022439 -0.987332 0.157075
-0.735459 0.639529 -0.223835 -0.567367 -0.436436 -0.698297 -0.059549 -0.952786 -0.297746 -0.134976 -0.989827 -0.044992 -0.024376 -0.999406 -0.024376 0.084800 -0.996398 0.000000 0.087370 -0.961074 0.262111 -0.105691 -0.993500 -0.042277 -0.022439 -0.987332 0.157075
-0.765346 0.581663 -0.275525 -0.584858 -0.459532 -0.668410 -0.059002 -0.944039 -0.324513 -0.135113 -0.990830 0.000000 -0.024376 -0.999406 -0.024376 0.084800 -0.996398 0.000000 0.087370 -0.961074 0.262111 -0.105691 -0.993500 -0.042277 -0.022439 -0.987332 0.157075
-0.794805 0.470996 -0.382684 -0.577350 -0.577350 -0.577350 -0.029814 -0.954056 -0.298142 -0.129339 -0.991600 0.000000 -0.024376 -0.999406 -0.024376 0.084781 -0.996174 0.021195 0.087370 -0.961074 0.262111 -0.126604 -0.991729 -0.021101 0.000000 -0.987580 0.157115
-0.843848 0.331512 -0.421924 -0.549972 -0.628539 -0.549972 -0.063119 -0.946792 -0.315597 -0.079745 -0.996815 0.000000 -0.024354 -0.998516 -0.048708 0.084781 -0.996174 0.021195 0.087370 -0.961074 0.262111 -0.126604 -0.991729 -0.021101 0.000000 -0.987580 0.157115
-0.881626 0.121604 -0.456013 -0.523205 -0.672692 -0.523205 -0.067116 -0.939618 -0.335578 -0.073872 -0.997268 0.000000 -0.024376 -0.999406 -0.024376 0.084781 -0.996174 0.021195 0.087370 -0.961074 0.262111 -0.126604 -0.991729 -0.021101 0.000000 -0.987580 0.157115
-0.896531 -0.140083 -0.420249 -0.426562 -0.775567 -0.465340 -0.067845 -0.949835 -0.305304 -0.073872 -0.997268 0.000000 -0.024376 -0.999406 -0.024376 0.084781 -0.996174 0.021195 0.087370 -0.961074 0.262111 -0.126604 -0.991729 -0.021101 0.000000 -0.987580 0.157115
-0.856926 -0.389512 -0.337577 -0.366813 -0.815139 -0.448327 -0.067845 -0.949835 -0.305304 -0.106533 -0.994309 0.000000 -0.024376 -0.999406 -0.024376 0.084781 -0.996174 0.021195 0.087370 -0.961074 0.262111 -0.126604 -0.991729 -0.021101 0.000000 -0.987580 0.157115
-0.827851 -0.501728 -0.250864 -0.319744 -0.839329 -0.439648 -0.030069 -0.962216 -0.270623 -0.164260 -0.985562 0.041065 -0.024376 -0.999406 -0.024376 0.084781 -0.996174 0.021195 0.087370 -0.961074 0.262111 -0.126604 -0.991729 -0.021101 -0.022439 -0.987332 0.157075
-0.800356 -0.560249 -0.213428 -0.314270 -0.864242 -0.392837 -0.028421 -0.966315 -0.255789 -0.178707 -0.982888 0.044677 -0.024376 -0.999406 -0.024376 0.084781 -0.996174 0.021195 0.087370 -0.961074 0.262111 -0.126604 -0.991729 -0.021101 -0.022439 -0.987332 0.157075
-0.804663 -0.563264 -0.187755 -0.272681 -0.895953 -0.350590 -0.027661 -0.968122 -0.248946 -0.186908 -0.981266 0.046727 -0.024376 -0.999406 -0.024376 0.084781 -0.996174 0.021195 0.087370 -0.961074 0.262111 -0.124008 -0.992066 -0.020668 -0.022948 -0.986747 0.160633
-0.814766 -0.552877 -0.174593 -0.263448 -0.903252 -0.338719 -0.027661 -0.968122 -0.248946 -0.178707 -0.982888 0.044677 -0.024376 -0.999406 -0.024376 0.084781 -0.996174 0.021195 0.087370 -0.961074 0.262111 -0.124008 -0.992066 -0.020668 -0.022948 -0.986747 0.160633
-0.812104 -0.562226 -0.156174 -0.272681 -0.895953 -0.350590 -0.027661 -0.968122 -0.248946 -0.178707 -0.982888 0.044677 -0.024376 -0.999406 -0.024376 0.084781 -0.996174 0.021195 0.087370 -0.961074 0.262111 -0.124008 -0.992066 -0.020668 -0.022948 -0.986747 0.160633
-0.830116 -0.510841 -0.223493 -0.276268 -0.907738 -0.315735 -0.027661 -0.968122 -0.248946 -0.178707 -0.982888 0.044677 -0.024376 -0.999406 -0.024376 0.084781 -0.996174 0.021195 0.087370 -0.961074 0.262111 -0.124008 -0.992066 -0.020668 -0.045859 -0.985969 0.160507
-0.858550 -0.445174 -0.254385 -0.276268 -0.907738 -0.315735 -0.027661 -0.968122 -0.248946 -0.178707 -0.982888 0.044677 0.000000 -0.999703 -0.024383 0.084781 -0.996174 0.021195 0.087370 -0.961074 0.262111 -0.124008 -0.992066 -0.020668 -0.045859 -0.985969 0.160507
-0.880406 -0.364306 -0.303588 -0.276268 -0.907738 -0.315735 -0.028421 -0.966315 -0.255789 -0.171184 -0.984309 0.042796 0.000000 -0.999703 -0.024383 0.084781 -0.996174 0.021195 0.087370 -0.961074 0.262111 -0.124008 -0.992066 -0.020668 -0.045859 -0.985969 0.160507
-0.880406 -0.303588 -0.364306 -0.276268 -0.907738 -0.315735 -0.029223 -0.964352 -0.263005 -0.164260 -0.985562 0.041065 0.000000 -0.999703 -0.024383 0.084781 -0.996174 0.021195 0.087370 -0.961074 0.262111 -0.124008 -0.992066 -0.020668 -0.045859 -0.985969 0.160507
-0.865136 -0.224294 -0.448589 -0.272681 -0.895953 -0.350590 -0.030303 -0.969697 -0.242424 -0.157991 -0.987441 0.000000 0.000000 -0.999703 -0.024383 0.084781 -0.996174 0.021195 0.087370 -0.961074 0.262111 -0.124008 -0.992066 -0.020668 -0.045859 -0.985969 0.160507
-0.860826 -0.215206 -0.461157 -0.244745 -0.897399 -0.367118 -0.032444 -0.973329 -0.227110 -0.146450 -0.988540 -0.036613 0.000000 -0.999703 -0.024383 0.084781 -0.996174 0.021195 0.087370 -0.961074 0.262111 -0.124008 -0.992066 -0.020668 -0.045859 -0.985969 0.160507
-0.813342 -0.210866 -0.542228 -0.217186 -0.912182 -0.347498 -0.033501 -0.971537 -0.234509 -0.141333 -0.989331 -0.035333 0.000000 -0.999703 -0.024383 0.084781 -0.996174 0.021195 0.087370 -0.961074 0.262111 -0.124008 -0.992066 -0.020668 -0.045859 -0.985969 0.160507
-0.771517 -0.154303 -0.617213 -0.175243 -0.920027 -0.350486 -0.033501 -0.971537 -0.234509 -0.141333 -0.989331 -0.035333 0.000000 -0.999703 -0.024383 0.084781 -0.996174 0.021195 0.087370 -0.961074 0.262111 -0.124008 -0.992066 -0.020668 -0.045859 -0.985969 0.160507
-0.717002 -0.124696 -0.685828 -0.087204 -0.915644 -0.392419 -0.034627 -0.969561 -0.242390 -0.136320 -0.988317 -0.068160 0.000000 -0.999703 -0.024383 0.084781 -0.996174 0.021195 0.087370 -0.961074 0.262111 -0.124008 -0.992066 -0.020668 -0.045859 -0.985969 0.160507
-0.617743 -0.097538 -0.780307 -0.043727 -0.918266 -0.393543 -0.034627 -0.969561 -0.242390 -0.136320 -0.988317 -0.068160 0.000000 -0.999703 -0.024383 0.084781 -0.996174 0.021195 0.087370 -0.961074 0.262111 -0.124008 -0.992066 -0.020668 -0.045859 -0.985969 0.160507
-0.495344 -0.132092 -0.858596 0.044455 -0.933564 -0.355643 -0.033501 -0.971537 -0.234509 -0.136320 -0.988317 -0.068160 0.000000 -0.999703 -0.024383 0.084781 -0.996174 0.021195 0.087370 -0.961074 0.262111 -0.126519 -0.991067 -0.042173 -0.044845 -0.986587 0.156957
-0.371868 -0.169031 -0.912767 0.088648 -0.930809 -0.354594 -0.033223 -0.963460 -0.265782 -0.136320 -0.988317 -0.068160 0.000000 -0.999703 -0.024383 0.084781 -0.996174 0.021195 0.087370 -0.961074 0.262111 -0.126519 -0.991067 -0.042173 -0.044845 -0.986587 0.156957
-0.237459 -0.203536 -0.949835 0.134298 -0.940089 -0.313363 -0.033223 -0.963460 -0.265782 -0.136320 -0.988317 -0.068160 0.000000 -0.999703 -0.024383 0.084781 -0.996174 0.021195 0.087370 -0.961074 0.262111 -0.126519 -0.991067 -0.042173 -0.044845 -0.986587 0.156957
-0.096176 -0.256468 -0.961756 0.229658 -0.918630 -0.321521 -0.032915 -0.954547 -0.296239 -0.136320 -0.988317 -0.068160 0.000000 -0.999703 -0.024383 0.084781 -0.996174 0.021195 0.087370 -0.961074 0.262111 -0.126519 -0.991067 -0.042173 -0.044845 -0.986587 0.156957
0.031911 -0.287202 -0.957338 0.272446 -0.908153 -0.317854 0.000000 -0.955064 -0.296399 -0.141069 -0.987484 -0.070535 0.000000 -0.999703 -0.024383 0.084781 -0.996174 0.021195 0.087370 -0.961074 0.262111 -0.126519 -0.991067 -0.042173 -0.044845 -0.986587 0.156957
0.191957 -0.319928 -0.927792 0.276172 -0.920575 -0.276172 0.000000 -0.955064 -0.296399 -0.141069 -0.987484 -0.070535 0.000000 -0.999703 -0.024383 0.084781 -0.996174 0.021195 0.087370 -0.961074 0.262111 -0.126519 -0.991067 -0.042173 -0.044677 -0.982888 0.178707
0.312806 -0.281525 -0.907136 0.270226 -0.945792 -0.180151 0.000000 -0.955064 -0.296399 -0.141333 -0.989331 -0.035333 0.000000 -0.999703 -0.024383 0.084781 -0.996174 0.021195 0.087370 -0.961074 0.262111 -0.126519 -0.991067 -0.042173 -0.044677 -0.982888 0.178707
0.393578 -0.272477 -0.877982 0.273576 -0.957518 -0.091192 0.000000 -0.955064 -0.296399 -0.141333 -0.989331 -0.035333 0.000000 -0.999703 -0.024383 0.084781 -0.996174 0.021195 0.065638 -0.962683 0.262550 -0.126519 -0.991067 -0.042173 -0.044677 -0.982888 0.178707
0.481543 -0.240772 -0.842701 0.274721 -0.961524 0.000000 0.000000 -0.957826 -0.287348 -0.146450 -0.988540 -0.036613 0.000000 -0.999703 -0.024383 0.084781 -0.996174 0.021195 0.066002 -0.968027 0.242007 -0.126519 -0.991067 -0.042173 -0.044677 -0.982888 0.178707
0.513448 -0.228199 -0.827222 0.230633 -0.968658 0.092253 0.000000 -0.957826 -0.287348 -0.146450 -0.988540 -0.036613 0.000000 -0.999703 -0.024383 0.084781 -0.996174 0.021195 0.066002 -0.968027 0.242007 -0.105691 -0.993500 -0.042277 -0.044677 -0.982888 0.178707
0.546437 -0.230079 -0.805276 0.230633 -0.968658 0.092253 0.000000 -0.957826 -0.287348 -0.146450 -0.988540 -0.036613 0.000000 -0.999703 -0.024383 0.084781 -0.996174 0.021195 0.066002 -0.968027 0.242007 -0.105691 -0.993500 -0.042277 -0.044677 -0.982888 0.178707
0.552877 -0.174593 -0.814766 0.210725 -0.969334 0.126435 0.000000 -0.948683 -0.316228 -0.146450 -0.988540 -0.036613 0.000000 -0.999703 -0.024383 0.084781 -0.996174 0.021195 0.066002 -0.968027 0.242007 -0.105691 -0.993500 -0.042277 -0.044677 -0.982888 0.178707
0.566219 -0.178806 -0.804627 0.210725 -0.969334 0.126435 0.000000 -0.948683 -0.316228 -0.146549 -0.989203 0.000000 0.000000 -0.999703 -0.024383 0.084781 -0.996174 0.021195 0.066002 -0.968027 0.242007 -0.105691 -0.993500 -0.042277 -0.044677 -0.982888 0.178707
0.552877 -0.174593 -0.814766 0.209427 -0.963364 0.167542 0.000000 -0.957826 -0.287348 -0.146450 -0.988540 -0.036613 0.000000 -0.999703 -0.024383 0.084781 -0.996174 0.021195 0.066002 -0.968027 0.242007 -0.105691 -0.993500 -0.042277 -0.044677 -0.982888 0.178707
0.552877 -0.174593 -0.814766 0.209427 -0.963364 0.167542 0.000000 -0.957826 -0.287348 -0.146450 -0.988540 -0.036613 0.000000 -0.999703 -0.024383 0.084781 -0.996174 0.021195 0.066002 -0.968027 0.242007 -0.105691 -0.993500 -0.042277 -0.044677 -0.982888 0.178707
0.566219 -0.178806 -0.804627 0.209427 -0.963364 0.167542 0.000000 -0.957826 -0.287348 -0.146450 -0.988540 -0.036613 0.000000 -0.999703 -0.024383 0.084781 -0.996174 0.021195 0.066002 -0.968027 0.242007 -0.105691 -0.993500 -0.042277 -0.044677 -0.982888 0.178707
0.566219 -0.178806 -0.804627 0.209427 -0.963364 0.167542 0.000000 -0.957826 -0.287348 -0.146450 -0.988540 -0.036613 0.000000 -0.999703 -0.024383 0.084800 -0.996398 0.000000 0.065638 -0.962683 0.262550 -0.105691 -0.993500 -0.042277 -0.044677 -0.982888 0.178707
0.566219 -0.178806 -0.804627 0.169944 -0.977176 0.127458 0.000000 -0.957826 -0.287348 -0.181969 -0.982631 -0.036394 0.000000 -0.999703 -0.024383 0.084800 -0.996398 0.000000 0.065638 -0.962683 0.262550 -0.105691 -0.993500 -0.042277 -0.044488 -0.978745 0.200198
0.569005 -0.149738 -0.808586 0.169944 -0.977176 0.127458 0.000000 -0.957826 -0.287348 -0.182089 -0.983282 0.000000 0.000000 -0.999703 -0.024383 0.084800 -0.996398 0.000000 0.066002 -0.968027 0.242007 -0.105691 -0.993500 -0.042277 -0.044488 -0.978745 0.200198
0.555470 -0.146176 -0.818587 0.169944 -0.977176 0.127458 0.000000 -0.966235 -0.257663 -0.181969 -0.982631 -0.036394 0.000000 -0.999703 -0.024383 0.084800 -0.996398 0.000000 0.066002 -0.968027 0.242007 -0.105691 -0.993500 -0.042277 -0.044488 -0.978745 0.200198
