-0.618070 0.715660 -0.325300 -0.672883 0.224294 -0.704925 -0.031450 -0.974958 -0.220152 -0.136320 -0.988317 -0.068160 -0.110405 -0.993641 0.022081 0.024318 -0.997039 -0.072954 0.095398 -0.973063 0.209876 -0.070928 -0.992988 -0.094570 0.019511 -0.995039 0.097553
-0.663792 0.622305 -0.414870 -0.688172 0.093842 -0.719453 -0.031450 -0.974958 -0.220152 -0.136320 -0.988317 -0.068160 -0.090536 -0.995893 0.000000 0.024318 -0.997039 -0.072954 0.095398 -0.973063 0.209876 -0.070928 -0.992988 -0.094570 0.019511 -0.995039 0.097553
-0.726735 0.519096 -0.449884 -0.640126 -0.202145 -0.741199 -0.031450 -0.974958 -0.220152 -0.136320 -0.988317 -0.068160 -0.092599 -0.995434 -0.023150 0.024354 -0.998516 -0.048708 0.095765 -0.976804 0.191530 -0.070928 -0.992988 -0.094570 0.019511 -0.995039 0.097553
-0.780720 0.390360 -0.487950 -0.571449 -0.470605 -0.672293 -0.030514 -0.976445 -0.213597 -0.169516 -0.983192 -0.067806 -0.094782 -0.995216 -0.023696 0.024354 -0.998516 -0.048708 0.095765 -0.976804 0.191530 -0.070928 -0.992988 -0.094570 0.019511 -0.995039 0.097553
-0.866748 0.086675 -0.491157 -0.386501 -0.702728 -0.597319 -0.060943 -0.975084 -0.213300 -0.195698 -0.978492 -0.065233 -0.094703 -0.994379 -0.047351 0.024354 -0.998516 -0.048708 0.095765 -0.976804 0.191530 -0.070928 -0.992988 -0.094570 0.019897 -0.994840 0.099484
-0.871254 -0.196735 -0.449680 -0.351581 -0.773479 -0.527372 -0.062807 -0.973515 -0.219826 -0.189642 -0.979816 -0.063214 -0.071167 -0.996335 -0.047445 0.024354 -0.998516 -0.048708 0.095765 -0.976804 0.191530 -0.070928 -0.992988 -0.094570 0.019897 -0.994840 0.099484
-0.843482 -0.365509 -0.393625 -0.285714 -0.857143 -0.428571 -0.060523 -0.968364 -0.242091 -0.202145 -0.977035 -0.067382 -0.071167 -0.996335 -0.047445 0.024354 -0.998516 -0.048708 0.095765 -0.976804 0.191530 -0.070928 -0.992988 -0.094570 0.000000 -0.995229 0.097571
-0.797293 -0.522365 -0.302422 -0.281091 -0.878410 -0.386501 -0.030303 -0.969697 -0.242424 -0.202145 -0.977035 -0.067382 -0.072782 -0.994689 -0.072782 0.024354 -0.998516 -0.048708 0.095765 -0.976804 0.191530 -0.070928 -0.992988 -0.094570 0.000000 -0.995037 0.099504
-0.769219 -0.576914 -0.274721 -0.276026 -0.897085 -0.345033 -0.029437 -0.971429 -0.235498 -0.209020 -0.975426 -0.069673 -0.048593 -0.996156 -0.072889 0.024354 -0.998516 -0.048708 0.095765 -0.976804 0.191530 -0.070928 -0.992988 -0.094570 -0.019854 -0.992681 0.119122
-0.763370 -0.593732 -0.254457 -0.276026 -0.897085 -0.345033 -0.029437 -0.971429 -0.235498 -0.216789 -0.975550 -0.036131 -0.048593 -0.996156 -0.072889 0.024354 -0.998516 -0.048708 0.095765 -0.976804 0.191530 -0.070928 -0.992988 -0.094570 -0.019854 -0.992681 0.119122
-0.732134 -0.614993 -0.292854 -0.310900 -0.898155 -0.310900 -0.029437 -0.971429 -0.235498 -0.216789 -0.975550 -0.036131 -0.048593 -0.996156 -0.072889 0.024354 -0.998516 -0.048708 0.095765 -0.976804 0.191530 -0.070928 -0.992988 -0.094570 -0.039684 -0.992095 0.119051
-0.724286 -0.633750 -0.271607 -0.310900 -0.898155 -0.310900 -0.057166 -0.971825 -0.228665 -0.181969 -0.982631 -0.036394 -0.048593 -0.996156 -0.072889 0.024354 -0.998516 -0.048708 0.095765 -0.976804 0.191530 -0.070928 -0.992988 -0.094570 -0.039684 -0.992095 0.119051
-0.704664 -0.645942 -0.293610 -0.331295 -0.883452 -0.331295 -0.057166 -0.971825 -0.228665 -0.146450 -0.988540 -0.036613 -0.048665 -0.997629 -0.048665 0.024354 -0.998516 -0.048708 0.095765 -0.976804 0.191530 -0.070928 -0.992988 -0.094570 -0.039684 -0.992095 0.119051
-0.718100 -0.628337 -0.299208 -0.331295 -0.883452 -0.331295 -0.028618 -0.973018 -0.228946 -0.181969 -0.982631 -0.036394 -0.047511 -0.997740 -0.047511 0.024354 -0.998516 -0.048708 0.076739 -0.978420 0.191847 -0.070928 -0.992988 -0.094570 -0.039684 -0.992095 0.119051
-0.743705 -0.565216 -0.356978 -0.331295 -0.883452 -0.331295 -0.028618 -0.973018 -0.228946 -0.181969 -0.982631 -0.036394 -0.047445 -0.996335 -0.071167 0.024354 -0.998516 -0.048708 0.076739 -0.978420 0.191847 -0.070928 -0.992988 -0.094570 -0.039684 -0.992095 0.119051
-0.758567 -0.505712 -0.410891 -0.331295 -0.883452 -0.331295 -0.028796 -0.979051 -0.201569 -0.188713 -0.981307 -0.037743 -0.047445 -0.996335 -0.071167 0.024354 -0.998516 -0.048708 0.076739 -0.978420 0.191847 -0.070928 -0.992988 -0.094570 -0.039684 -0.992095 0.119051
-0.760088 -0.475055 -0.443384 -0.337764 -0.863175 -0.375293 -0.028796 -0.979051 -0.201569 -0.188713 -0.981307 -0.037743 -0.023742 -0.997178 -0.071227 0.024354 -0.998516 -0.048708 0.076739 -0.978420 0.191847 -0.070928 -0.992988 -0.094570 -0.039684 -0.992095 0.119051
-0.746219 -0.454220 -0.486664 -0.337764 -0.863175 -0.375293 -0.028796 -0.979051 -0.201569 -0.188713 -0.981307 -0.037743 -0.023742 -0.997178 -0.071227 0.024354 -0.998516 -0.048708 0.076739 -0.978420 0.191847 -0.070928 -0.992988 -0.094570 -0.039684 -0.992095 0.119051
-0.746364 -0.404281 -0.528675 -0.273722 -0.860268 -0.430134 -0.028796 -0.979051 -0.201569 -0.188713 -0.981307 -0.037743 -0.023742 -0.997178 -0.071227 0.024354 -0.998516 -0.048708 0.076739 -0.978420 0.191847 -0.070928 -0.992988 -0.094570 -0.039684 -0.992095 0.119051
-0.699559 -0.381578 -0.604165 -0.245358 -0.858754 -0.449823 -0.028796 -0.979051 -0.201569 -0.196116 -0.980581 0.000000 -0.047445 -0.996335 -0.071167 0.024354 -0.998516 -0.048708 0.076739 -0.978420 0.191847 -0.070928 -0.992988 -0.094570 -0.039684 -0.992095 0.119051
-0.698371 -0.320087 -0.640174 -0.085671 -0.899541 -0.428353 -0.028796 -0.979051 -0.201569 -0.196116 -0.980581 0.000000 -0.047445 -0.996335 -0.071167 0.024354 -0.998516 -0.048708 0.076739 -0.978420 0.191847 -0.070928 -0.992988 -0.094570 -0.039684 -0.992095 0.119051
-0.603847 -0.332116 -0.724616 -0.045549 -0.910975 -0.409939 -0.029630 -0.977805 -0.207413 -0.188847 -0.982006 0.000000 -0.047445 -0.996335 -0.071167 0.024354 -0.998516 -0.048708 0.076739 -0.978420 0.191847 -0.070928 -0.992988 -0.094570 -0.039684 -0.992095 0.119051
-0.486664 -0.324443 -0.811107 0.000000 -0.894427 -0.447214 -0.029801 -0.983433 -0.178806 -0.188713 -0.981307 -0.037743 -0.047445 -0.996335 -0.071167 0.024354 -0.998516 -0.048708 0.076739 -0.978420 0.191847 -0.070928 -0.992988 -0.094570 -0.039684 -0.992095 0.119051
-0.445174 -0.254385 -0.858550 0.130189 -0.911322 -0.390567 0.000000 -0.982872 -0.184289 -0.216789 -0.975550 -0.036131 -0.047445 -0.996335 -0.071167 0.024354 -0.998516 -0.048708 0.076739 -0.978420 0.191847 -0.070928 -0.992988 -0.094570 -0.039684 -0.992095 0.119051
-0.273275 -0.273275 -0.922302 0.172452 -0.905374 -0.388018 0.000000 -0.983870 -0.178885 -0.216789 -0.975550 -0.036131 -0.047445 -0.996335 -0.071167 0.024961 -0.998441 -0.049922 0.076739 -0.978420 0.191847 -0.070928 -0.992988 -0.094570 -0.039684 -0.992095 0.119051
-0.136083 -0.272166 -0.952579 0.257960 -0.902861 -0.343947 0.000000 -0.982872 -0.184289 -0.216789 -0.975550 -0.036131 -0.047445 -0.996335 -0.071167 0.024961 -0.998441 -0.049922 0.076739 -0.978420 0.191847 -0.070928 -0.992988 -0.094570 -0.039583 -0.989566 0.138539
0.000000 -0.354654 -0.934998 0.297402 -0.892205 -0.339887 0.000000 -0.976900 -0.213697 -0.216789 -0.975550 -0.036131 -0.047511 -0.997740 -0.047511 0.024961 -0.998441 -0.049922 0.076739 -0.978420 0.191847 -0.070928 -0.992988 -0.094570 -0.039583 -0.989566 0.138539
0.135926 -0.373795 -0.917497 0.301511 -0.904534 -0.301511 0.000000 -0.982872 -0.184289 -0.216366 -0.973645 -0.072122 -0.023776 -0.998586 -0.047552 0.024961 -0.998441 -0.049922 0.076739 -0.978420 0.191847 -0.070928 -0.992988 -0.094570 -0.039583 -0.989566 0.138539
0.315440 -0.346984 -0.883232 0.259161 -0.950255 -0.172774 0.000000 -0.976900 -0.213697 -0.209020 -0.975426 -0.069673 -0.023776 -0.998586 -0.047552 0.024961 -0.998441 -0.049922 0.057628 -0.979683 0.192095 -0.070928 -0.992988 -0.094570 -0.039467 -0.986671 0.157867
0.424945 -0.311626 -0.849889 0.212430 -0.977176 0.000000 0.000000 -0.976900 -0.213697 -0.209401 -0.977207 -0.034900 -0.023776 -0.998586 -0.047552 0.024961 -0.998441 -0.049922 0.057628 -0.979683 0.192095 -0.070928 -0.992988 -0.094570 -0.019745 -0.987248 0.157960
0.480043 -0.293359 -0.826740 0.171184 -0.984309 0.042796 0.000000 -0.976900 -0.213697 -0.209020 -0.975426 -0.069673 -0.023776 -0.998586 -0.047552 0.024961 -0.998441 -0.049922 0.057628 -0.979683 0.192095 -0.070928 -0.992988 -0.094570 -0.019745 -0.987248 0.157960
0.530558 -0.291807 -0.795837 0.128861 -0.987935 0.085907 0.000000 -0.976900 -0.213697 -0.209020 -0.975426 -0.069673 -0.023776 -0.998586 -0.047552 0.024961 -0.998441 -0.049922 0.057628 -0.979683 0.192095 -0.070928 -0.992988 -0.094570 -0.019745 -0.987248 0.157960
0.559704 -0.254411 -0.788674 0.081312 -0.975739 0.203279 0.000000 -0.976900 -0.213697 -0.209020 -0.975426 -0.069673 -0.023742 -0.997178 -0.071227 0.024961 -0.998441 -0.049922 0.057628 -0.979683 0.192095 -0.070928 -0.992988 -0.094570 -0.019745 -0.987248 0.157960
0.563178 -0.230391 -0.793569 0.077557 -0.969458 0.232670 0.000000 -0.970143 -0.242536 -0.209020 -0.975426 -0.069673 -0.023742 -0.997178 -0.071227 0.024961 -0.998441 -0.049922 0.057628 -0.979683 0.192095 -0.070928 -0.992988 -0.094570 -0.019745 -0.987248 0.157960
0.574783 -0.235138 -0.783795 0.078206 -0.977577 0.195515 0.000000 -0.976900 -0.213697 -0.208389 -0.972480 -0.104194 -0.023742 -0.997178 -0.071227 0.024354 -0.998516 -0.048708 0.057831 -0.983135 0.173494 -0.070928 -0.992988 -0.094570 -0.019745 -0.987248 0.157960
0.578147 -0.210235 -0.788382 0.077557 -0.969458 0.232670 0.000000 -0.976900 -0.213697 -0.209020 -0.975426 -0.069673 -0.023742 -0.997178 -0.071227 0.024354 -0.998516 -0.048708 0.058948 -0.982472 0.176845 -0.070928 -0.992988 -0.094570 -0.019745 -0.987248 0.157960
0.590298 -0.214654 -0.778121 0.077557 -0.969458 0.232670 0.000000 -0.976900 -0.213697 -0.175358 -0.982003 -0.070143 0.000000 -0.997459 -0.071247 0.024354 -0.998516 -0.048708 0.058948 -0.982472 0.176845 -0.070928 -0.992988 -0.094570 -0.019745 -0.987248 0.157960
0.590298 -0.214654 -0.778121 0.077557 -0.969458 0.232670 0.000000 -0.976900 -0.213697 -0.175358 -0.982003 -0.070143 0.000000 -0.997459 -0.071247 0.024354 -0.998516 -0.048708 0.058948 -0.982472 0.176845 -0.070928 -0.992988 -0.094570 -0.019680 -0.983993 0.177119
0.602796 -0.219199 -0.767195 0.078750 -0.984374 0.157500 0.000000 -0.976900 -0.213697 -0.175358 -0.982003 -0.070143 0.000000 -0.997459 -0.071247 0.048665 -0.997629 -0.048665 0.039337 -0.983422 0.177016 -0.070928 -0.992988 -0.094570 -0.019680 -0.983993 0.177119
0.602796 -0.219199 -0.767195 0.078750 -0.984374 0.157500 0.000000 -0.976900 -0.213697 -0.175358 -0.982003 -0.070143 0.000000 -0.997459 -0.071247 0.048665 -0.997629 -0.048665 0.039337 -0.983422 0.177016 -0.070928 -0.992988 -0.094570 -0.019680 -0.983993 0.177119
0.602796 -0.219199 -0.767195 0.078750 -0.984374 0.157500 0.000000 -0.970143 -0.242536 -0.175358 -0.982003 -0.070143 0.000000 -0.997459 -0.071247 0.048665 -0.997629 -0.048665 0.039337 -0.983422 0.177016 -0.070928 -0.992988 -0.094570 -0.019680 -0.983993 0.177119
0.602796 -0.219199 -0.767195 0.078750 -0.984374 0.157500 0.030303 -0.969697 -0.242424 -0.175358 -0.982003 -0.070143 0.000000 -0.997459 -0.071247 0.048665 -0.997629 -0.048665 0.039337 -0.983422 0.177016 -0.070928 -0.992988 -0.094570 -0.019680 -0.983993 0.177119
0.588348 -0.196116 -0.784465 0.078750 -0.984374 0.157500 0.030303 -0.969697 -0.242424 -0.175358 -0.982003 -0.070143 0.000000 -0.997459 -0.071247 0.048665 -0.997629 -0.048665 0.039337 -0.983422 0.177016 -0.070928 -0.992988 -0.094570 -0.019680 -0.983993 0.177119
0.588348 -0.196116 -0.784465 0.078750 -0.984374 0.157500 0.030303 -0.969697 -0.242424 -0.175358 -0.982003 -0.070143 0.000000 -0.997459 -0.071247 0.048665 -0.997629 -0.048665 0.039337 -0.983422 0.177016 -0.047351 -0.994379 -0.094703 -0.039337 -0.983422 0.177016
