-0.550163
0.810358
-0.132856
-0.557560
0.053691
-0.780632
0.017433
-0.962344
-0.265551
-0.114489
-0.981825
-0.121013
-0.031556
-0.997176
-0.015949
0.072326
-0.992845
-0.039903
0.086223
-0.972189
0.205008
-0.092306
-0.990307
-0.065900
0.002801
-0.990612
0.123372
0.612893
-0.136734
-0.748969
0.256366
-0.942048
0.004228
0.038658
-0.965303
-0.252563
-0.188789
-0.977895
-0.063120
-0.006807
-0.996992
-0.059152
0.077738
-0.991983
-0.045053
0.053811
-0.978878
0.185878
-0.089195
-0.990431
-0.070704
-0.036174
-0.983039
0.170863
0.698979
0.830079
0.393714
