-0.632717 0.747757 -0.201319 -0.381000 -0.254000 -0.889001 0.031220 -0.967805 -0.249756 -0.118771 -0.989759 -0.079181 0.000000 -1.000000 0.000000 0.088540 -0.996073 0.000000 0.042904 -0.965345 0.257425 -0.022195 -0.998768 0.044390 -0.045679 -0.982104 0.182717
-0.669840 0.669840 -0.320358 -0.390935 -0.304061 -0.868744 0.000000 -0.963993 -0.265929 -0.114291 -0.990521 -0.076194 0.000000 -1.000000 0.000000 0.086630 -0.996241 0.000000 0.043811 -0.963837 0.262865 -0.022195 -0.998768 0.044390 -0.022858 -0.982873 0.182860
-0.718403 0.545986 -0.431042 -0.414870 -0.373383 -0.829740 0.000000 -0.962651 -0.270746 -0.129339 -0.991600 0.000000 0.000000 -1.000000 0.000000 0.086630 -0.996241 0.000000 0.043811 -0.963837 0.262865 -0.022195 -0.998768 0.044390 -0.022858 -0.982873 0.182860
-0.760941 0.366379 -0.535477 -0.422200 -0.422200 -0.802181 0.000000 -0.964764 -0.263117 -0.129339 -0.991600 0.000000 0.000000 -1.000000 0.000000 0.086630 -0.996241 0.000000 0.043550 -0.958108 0.283077 -0.022195 -0.998768 0.044390 -0.022858 -0.982873 0.182860
-0.775388 0.166155 -0.609234 -0.410651 -0.533846 -0.739171 0.029437 -0.971429 -0.235498 -0.164399 -0.986394 0.000000 0.000000 -0.999717 -0.023803 0.086630 -0.996241 0.000000 0.043550 -0.958108 0.283077 -0.022195 -0.998768 0.044390 -0.022858 -0.982873 0.182860
-0.782356 -0.053956 -0.620490 -0.403567 -0.605351 -0.686064 0.031220 -0.967805 -0.249756 -0.152057 -0.988372 0.000000 0.000000 -0.999717 -0.023803 0.086630 -0.996241 0.000000 0.043550 -0.958108 0.283077 -0.022195 -0.998768 0.044390 -0.022858 -0.982873 0.182860
-0.773402 -0.240021 -0.586719 -0.359712 -0.679457 -0.639489 0.032444 -0.973329 -0.227110 -0.182089 -0.983282 0.000000 0.000000 -0.999717 -0.023803 0.086630 -0.996241 0.000000 0.043550 -0.958108 0.283077 -0.022195 -0.998768 0.044390 -0.022858 -0.982873 0.182860
-0.786084 -0.379489 -0.487914 -0.348481 -0.735683 -0.580802 0.031450 -0.974958 -0.220152 -0.182089 -0.983282 0.000000 0.000000 -0.999717 -0.023803 0.086630 -0.996241 0.000000 0.043550 -0.958108 0.283077 -0.022195 -0.998768 0.044390 -0.022858 -0.982873 0.182860
-0.777178 -0.471858 -0.416346 -0.356313 -0.752217 -0.554265 0.055620 -0.973349 -0.222480 -0.252199 -0.966762 0.042033 0.000000 -0.999717 -0.023803 0.088540 -0.996073 0.000000 0.042660 -0.959840 0.277287 -0.022195 -0.998768 0.044390 -0.045679 -0.982104 0.182717
-0.779887 -0.529209 -0.334237 -0.311400 -0.778499 -0.544949 0.052760 -0.976053 -0.211038 -0.274434 -0.960518 0.045739 0.000000 -0.999717 -0.023803 0.088540 -0.996073 0.000000 0.042660 -0.959840 0.277287 -0.022716 -0.999484 0.022716 -0.044677 -0.982888 0.178707
-0.791327 -0.508710 -0.339140 -0.314027 -0.824322 -0.471041 0.051434 -0.977255 -0.205738 -0.287019 -0.956730 0.047836 0.000000 -0.999717 -0.023803 0.088540 -0.996073 0.000000 0.042660 -0.959840 0.277287 -0.023243 -0.999460 0.023243 -0.044677 -0.982888 0.178707
-0.788006 -0.525338 -0.321040 -0.314027 -0.824322 -0.471041 0.051434 -0.977255 -0.205738 -0.287019 -0.956730 0.047836 0.000000 -0.999717 -0.023803 0.088540 -0.996073 0.000000 0.042660 -0.959840 0.277287 -0.023243 -0.999460 0.023243 -0.044677 -0.982888 0.178707
-0.811869 -0.481108 -0.330762 -0.309298 -0.850569 -0.425285 0.025110 -0.979294 -0.200881 -0.300753 -0.952384 0.050125 0.000000 -0.999717 -0.023803 0.088540 -0.996073 0.000000 0.042660 -0.959840 0.277287 -0.023243 -0.999460 0.023243 -0.044677 -0.982888 0.178707
-0.814822 -0.452679 -0.362143 -0.273722 -0.860268 -0.430134 0.025110 -0.979294 -0.200881 -0.300753 -0.952384 0.050125 0.000000 -0.999717 -0.023803 0.088540 -0.996073 0.000000 0.042660 -0.959840 0.277287 -0.023243 -0.999460 0.023243 -0.066932 -0.981664 0.178484
-0.836431 -0.371747 -0.402726 -0.273722 -0.860268 -0.430134 0.025110 -0.979294 -0.200881 -0.300753 -0.952384 0.050125 0.000000 -0.999717 -0.023803 0.088540 -0.996073 0.000000 0.042660 -0.959840 0.277287 -0.023243 -0.999460 0.023243 -0.066932 -0.981664 0.178484
-0.819689 -0.303588 -0.485741 -0.273722 -0.860268 -0.430134 0.025110 -0.979294 -0.200881 -0.300753 -0.952384 0.050125 0.000000 -0.999717 -0.023803 0.088540 -0.996073 0.000000 0.042660 -0.959840 0.277287 -0.023243 -0.999460 0.023243 -0.066932 -0.981664 0.178484
-0.783573 -0.241100 -0.572611 -0.273722 -0.860268 -0.430134 0.025110 -0.979294 -0.200881 -0.300753 -0.952384 0.050125 0.000000 -0.999717 -0.023803 0.088540 -0.996073 0.000000 0.042660 -0.959840 0.277287 -0.023243 -0.999460 0.023243 -0.066932 -0.981664 0.178484
-0.748691 -0.209633 -0.628900 -0.283190 -0.849569 -0.445012 0.000000 -0.983870 -0.178885 -0.195965 -0.979827 -0.039193 0.000000 -0.999717 -0.023803 0.088540 -0.996073 0.000000 0.042660 -0.959840 0.277287 -0.023243 -0.999460 0.023243 -0.066932 -0.981664 0.178484
-0.706494 -0.206061 -0.677057 -0.254228 -0.847427 -0.466085 0.000000 -0.980581 -0.196116 -0.175682 -0.983820 -0.035136 0.000000 -0.999717 -0.023803 0.088540 -0.996073 0.000000 0.042660 -0.959840 0.277287 -0.074697 -0.995962 -0.049798 -0.066932 -0.981664 0.178484
-0.635780 -0.151376 -0.756881 -0.209611 -0.838444 -0.503066 0.000000 -0.977802 -0.209529 -0.169516 -0.983192 -0.067806 0.000000 -0.999717 -0.023803 0.088540 -0.996073 0.000000 0.042660 -0.959840 0.277287 -0.048708 -0.998516 -0.024354 -0.066932 -0.981664 0.178484
-0.585517 -0.123267 -0.801234 -0.169031 -0.845154 -0.507093 0.000000 -0.976187 -0.216930 -0.164310 -0.985861 -0.032862 0.000000 -0.999717 -0.023803 0.088540 -0.996073 0.000000 0.042660 -0.959840 0.277287 -0.047565 -0.998868 0.000000 -0.066932 -0.981664 0.178484
-0.492185 -0.057904 -0.868562 -0.044677 -0.893534 -0.446767 0.000000 -0.976187 -0.216930 -0.164310 -0.985861 -0.032862 0.000000 -0.999717 -0.023803 0.088540 -0.996073 0.000000 0.042660 -0.959840 0.277287 -0.046449 -0.998651 0.023224 -0.066932 -0.981664 0.178484
-0.381578 -0.063596 -0.922146 0.044677 -0.893534 -0.446767 0.000000 -0.967997 -0.250962 -0.164310 -0.985861 -0.032862 0.000000 -0.999717 -0.023803 0.088540 -0.996073 0.000000 0.042660 -0.959840 0.277287 -0.023243 -0.999460 0.023243 -0.066932 -0.981664 0.178484
-0.241539 -0.090577 -0.966155 0.135526 -0.903508 -0.406579 0.000000 -0.967997 -0.250962 -0.164310 -0.985861 -0.032862 0.000000 -0.999703 -0.024383 0.088540 -0.996073 0.000000 0.042660 -0.959840 0.277287 -0.023243 -0.999460 0.023243 -0.066932 -0.981664 0.178484
-0.089883 -0.119844 -0.988716 0.135526 -0.903508 -0.406579 0.000000 -0.970143 -0.242536 -0.169809 -0.984892 -0.033962 0.000000 -0.999703 -0.024383 0.088540 -0.996073 0.000000 0.042660 -0.959840 0.277287 -0.023243 -0.999460 0.023243 -0.066932 -0.981664 0.178484
0.061633 -0.154083 -0.986134 0.179425 -0.897123 -0.403705 0.000000 -0.970143 -0.242536 -0.169809 -0.984892 -0.033962 0.000000 -0.999703 -0.024383 0.088540 -0.996073 0.000000 0.042660 -0.959840 0.277287 -0.022716 -0.999484 0.022716 -0.066932 -0.981664 0.178484
0.192450 -0.192450 -0.962250 0.222277 -0.889108 -0.400099 0.000000 -0.963993 -0.265929 -0.175682 -0.983820 -0.035136 0.000000 -0.999703 -0.024383 0.088540 -0.996073 0.000000 0.042660 -0.959840 0.277287 -0.022698 -0.998711 0.045396 -0.066932 -0.981664 0.178484
0.355254 -0.177627 -0.917738 0.227744 -0.956524 -0.182195 0.000000 -0.963993 -0.265929 -0.175682 -0.983820 -0.035136 0.000000 -0.999703 -0.024383 0.088540 -0.996073 0.000000 0.042660 -0.959840 0.277287 -0.022698 -0.998711 0.045396 -0.066932 -0.981664 0.178484
0.497851 -0.175712 -0.849276 0.220755 -0.971324 -0.088302 0.000000 -0.963993 -0.265929 -0.175682 -0.983820 -0.035136 0.000000 -0.999703 -0.024383 0.088540 -0.996073 0.000000 0.042660 -0.959840 0.277287 -0.022698 -0.998711 0.045396 -0.066932 -0.981664 0.178484
0.621421 -0.147957 -0.769379 0.212430 -0.977176 0.000000 0.000000 -0.966235 -0.257663 -0.182089 -0.983282 0.000000 0.000000 -0.999703 -0.024383 0.088540 -0.996073 0.000000 0.042660 -0.959840 0.277287 -0.022698 -0.998711 0.045396 -0.066650 -0.977536 0.199951
0.673987 -0.112331 -0.730153 0.163163 -0.978980 0.122373 0.000000 -0.957826 -0.287348 -0.182089 -0.983282 0.000000 0.000000 -0.999703 -0.024383 0.088540 -0.996073 0.000000 0.042660 -0.959840 0.277287 -0.022698 -0.998711 0.045396 -0.066650 -0.977536 0.199951
0.716441 -0.110222 -0.688886 0.162221 -0.973329 0.162221 0.000000 -0.957826 -0.287348 -0.188847 -0.982006 0.000000 0.000000 -0.999703 -0.024383 0.088540 -0.996073 0.000000 0.042660 -0.959840 0.277287 -0.022698 -0.998711 0.045396 -0.066650 -0.977536 0.199951
0.729463 -0.108069 -0.675429 0.161034 -0.966204 0.201292 0.031911 -0.957338 -0.287202 -0.188847 -0.982006 0.000000 0.000000 -0.998812 -0.048723 0.088540 -0.996073 0.000000 0.042660 -0.959840 0.277287 -0.022698 -0.998711 0.045396 -0.066650 -0.977536 0.199951
0.741738 -0.105963 -0.662266 0.159617 -0.957704 0.239426 0.031911 -0.957338 -0.287202 -0.188847 -0.982006 0.000000 0.000000 -0.998812 -0.048723 0.088540 -0.996073 0.000000 0.042660 -0.959840 0.277287 -0.023224 -0.998651 0.046449 -0.066650 -0.977536 0.199951
0.743567 -0.079668 -0.663899 0.159617 -0.957704 0.239426 0.032191 -0.965734 -0.257529 -0.188713 -0.981307 -0.037743 0.000000 -0.998812 -0.048723 0.088518 -0.995829 0.022130 0.042904 -0.965345 0.257425 -0.023224 -0.998651 0.046449 -0.066650 -0.977536 0.199951
0.718353 -0.082887 -0.690724 0.198107 -0.950915 0.237729 0.032191 -0.965734 -0.257529 -0.188713 -0.981307 -0.037743 0.000000 -0.998812 -0.048723 0.088518 -0.995829 0.022130 0.042904 -0.965345 0.257425 -0.023224 -0.998651 0.046449 -0.066650 -0.977536 0.199951
0.733632 -0.056433 -0.677199 0.201292 -0.966204 0.161034 0.031911 -0.957338 -0.287202 -0.224860 -0.974391 0.000000 0.000000 -0.998812 -0.048723 0.086609 -0.996007 0.021652 0.042904 -0.965345 0.257425 -0.023224 -0.998651 0.046449 -0.066340 -0.972985 0.221133
0.733632 -0.056433 -0.677199 0.201292 -0.966204 0.161034 0.031911 -0.957338 -0.287202 -0.224860 -0.974391 0.000000 0.000000 -0.998812 -0.048723 0.086609 -0.996007 0.021652 0.042904 -0.965345 0.257425 -0.023224 -0.998651 0.046449 -0.066340 -0.972985 0.221133
0.720189 -0.057615 -0.691381 0.201292 -0.966204 0.161034 0.031911 -0.957338 -0.287202 -0.224860 -0.974391 0.000000 0.000000 -0.998812 -0.048723 0.086609 -0.996007 0.021652 0.042904 -0.965345 0.257425 -0.023224 -0.998651 0.046449 -0.066340 -0.972985 0.221133
0.720189 -0.057615 -0.691381 0.201292 -0.966204 0.161034 0.031911 -0.957338 -0.287202 -0.224860 -0.974391 0.000000 0.000000 -0.998812 -0.048723 0.086609 -0.996007 0.021652 0.042904 -0.965345 0.257425 -0.023224 -0.998651 0.046449 -0.066340 -0.972985 0.221133
0.721087 -0.028843 -0.692244 0.194772 -0.973862 0.116863 0.031911 -0.957338 -0.287202 -0.224860 -0.974391 0.000000 0.000000 -0.998812 -0.048723 0.088518 -0.995829 0.022130 0.042904 -0.965345 0.257425 -0.023224 -0.998651 0.046449 -0.066340 -0.972985 0.221133
