-0.632599 0.753094 -0.180743 -0.213470 -0.177892 -0.960617 0.033748 -0.978703 -0.202490 -0.202444 -0.971732 -0.121466 0.022698 -0.998711 -0.045396 0.023796 -0.999434 -0.023796 0.036930 -0.960168 0.276972 -0.092623 -0.995701 0.000000 -0.020391 -0.978777 0.203912
-0.656205 0.715860 -0.238620 -0.255604 -0.182574 -0.949386 0.033748 -0.978703 -0.202490 -0.202444 -0.971732 -0.121466 0.022698 -0.998711 -0.045396 0.000000 -0.999717 -0.023803 0.036930 -0.960168 0.276972 -0.118213 -0.992988 0.000000 0.000000 -0.978980 0.203954
-0.662574 0.691381 -0.288076 -0.221615 -0.406294 -0.886460 0.033501 -0.971537 -0.234509 -0.127458 -0.977176 -0.169944 0.000000 -0.999730 -0.023250 0.000000 -0.999717 -0.023803 0.036930 -0.960168 0.276972 -0.118180 -0.992711 -0.023636 0.000000 -0.978980 0.203954
-0.732949 0.597218 -0.325755 -0.228582 -0.495261 -0.838133 0.033501 -0.971537 -0.234509 -0.085358 -0.981616 -0.170716 -0.046461 -0.998920 0.000000 0.000000 -0.999717 -0.023803 0.036930 -0.960168 0.276972 -0.118180 -0.992711 -0.023636 0.000000 -0.978980 0.203954
-0.821594 0.462147 -0.333773 -0.154303 -0.617213 -0.771517 0.031220 -0.967805 -0.249756 -0.140797 -0.985579 -0.093865 -0.046461 -0.998920 0.000000 0.000000 -0.999717 -0.023803 0.037596 -0.958687 0.281967 -0.118180 -0.992711 -0.023636 0.000000 -0.978980 0.203954
-0.873579 0.344137 -0.344137 -0.187647 -0.675528 -0.713057 0.031220 -0.967805 -0.249756 -0.203785 -0.978167 -0.040757 -0.071227 -0.997178 -0.023742 0.000000 -0.999717 -0.023803 0.037596 -0.958687 0.281967 -0.118180 -0.992711 -0.023636 0.000000 -0.978980 0.203954
-0.925550 0.158666 -0.343776 -0.192450 -0.731310 -0.654330 0.030303 -0.969697 -0.242424 -0.293887 -0.955134 0.036736 -0.069523 -0.996503 -0.046349 0.023796 -0.999434 -0.023796 0.038285 -0.957124 0.287137 -0.141382 -0.989675 -0.023564 0.020892 -0.981941 0.188031
-0.942628 -0.027724 -0.332692 -0.161690 -0.808452 -0.565916 0.030303 -0.969697 -0.242424 -0.316033 -0.948098 0.035115 -0.069430 -0.995168 -0.069430 0.023243 -0.999460 -0.023243 0.039739 -0.953726 0.298039 -0.141382 -0.989675 -0.023564 0.020892 -0.981941 0.188031
-0.924241 -0.238514 -0.298142 -0.121070 -0.887848 -0.443924 0.031220 -0.967805 -0.249756 -0.336146 -0.941210 0.033615 -0.069430 -0.995168 -0.069430 0.023243 -0.999460 -0.023243 0.059549 -0.952786 0.297746 -0.141382 -0.989675 -0.023564 0.000000 -0.982155 0.188072
-0.901263 -0.360505 -0.240337 -0.118771 -0.910579 -0.395904 0.029223 -0.964352 -0.263005 -0.326250 -0.942499 0.072500 -0.052396 -0.995529 -0.078594 0.023224 -0.998651 -0.046449 0.059549 -0.952786 0.297746 -0.141382 -0.989675 -0.023564 0.000000 -0.982155 0.188072
-0.901263 -0.360505 -0.240337 -0.116248 -0.929981 -0.348743 0.028421 -0.966315 -0.255789 -0.350059 -0.933492 0.077791 -0.049690 -0.993808 -0.099381 0.023224 -0.998651 -0.046449 0.059549 -0.952786 0.297746 -0.141382 -0.989675 -0.023564 0.000000 -0.982155 0.188072
-0.912058 -0.345953 -0.220152 -0.112194 -0.934947 -0.336581 0.028421 -0.966315 -0.255789 -0.350059 -0.933492 0.077791 -0.049690 -0.993808 -0.099381 0.023224 -0.998651 -0.046449 0.059549 -0.952786 0.297746 -0.141382 -0.989675 -0.023564 0.000000 -0.982155 0.188072
-0.912058 -0.345953 -0.220152 -0.116248 -0.929981 -0.348743 0.028618 -0.973018 -0.228946 -0.327418 -0.941327 0.081855 -0.024318 -0.997039 -0.072954 0.023224 -0.998651 -0.046449 0.059892 -0.958277 0.279497 -0.141382 -0.989675 -0.023564 -0.020892 -0.981941 0.188031
-0.921681 -0.317821 -0.222475 -0.112194 -0.934947 -0.336581 0.000000 -0.973417 -0.229039 -0.328244 -0.943701 0.041030 0.000000 -0.997459 -0.071247 0.023224 -0.998651 -0.046449 0.059892 -0.958277 0.279497 -0.141421 -0.989949 0.000000 -0.020892 -0.981941 0.188031
-0.923548 -0.286618 -0.254772 -0.154189 -0.925132 -0.346925 0.000000 -0.973417 -0.229039 -0.315981 -0.947943 0.039498 0.000000 -0.997334 -0.072976 0.023776 -0.998586 -0.047552 0.059892 -0.958277 0.279497 -0.115501 -0.993307 0.000000 -0.020892 -0.981941 0.188031
-0.912774 -0.195594 -0.358590 -0.116248 -0.929981 -0.348743 0.000000 -0.978234 -0.207504 -0.315981 -0.947943 0.039498 0.000000 -0.997334 -0.072976 0.023776 -0.998586 -0.047552 0.059892 -0.958277 0.279497 -0.115501 -0.993307 0.000000 -0.020472 -0.982666 0.184250
-0.895533 -0.199007 -0.398015 -0.120580 -0.924448 -0.361741 0.000000 -0.976900 -0.213697 -0.269430 -0.962250 0.038490 0.000000 -0.997459 -0.071247 0.023776 -0.998586 -0.047552 0.060217 -0.963475 0.260941 -0.115501 -0.993307 0.000000 -0.020472 -0.982666 0.184250
-0.859518 -0.171904 -0.481330 -0.079493 -0.914168 -0.397464 0.000000 -0.982872 -0.184289 -0.269630 -0.962964 0.000000 0.000000 -0.997199 -0.074790 0.023776 -0.998586 -0.047552 0.039421 -0.965810 0.256235 -0.115470 -0.993042 0.023094 -0.020472 -0.982666 0.184250
-0.830116 -0.223493 -0.510841 0.039841 -0.916342 -0.398410 0.000000 -0.981780 -0.190022 -0.259973 -0.965616 0.000000 0.000000 -0.997334 -0.072976 0.023224 -0.998651 -0.046449 0.039421 -0.965810 0.256235 -0.115470 -0.993042 0.023094 -0.020472 -0.982666 0.184250
-0.722965 -0.295758 -0.624379 0.123195 -0.903432 -0.410651 0.000000 -0.981780 -0.190022 -0.259973 -0.965616 0.000000 0.000000 -0.997459 -0.071247 0.023243 -0.999460 -0.023243 0.039421 -0.965810 0.256235 -0.115470 -0.993042 0.023094 -0.020892 -0.981941 0.188031
-0.597555 -0.345953 -0.723356 0.172452 -0.905374 -0.388018 0.000000 -0.981780 -0.190022 -0.259973 -0.965616 0.000000 0.000000 -0.997459 -0.071247 0.023243 -0.999460 -0.023243 0.039421 -0.965810 0.256235 -0.115470 -0.993042 0.023094 -0.020892 -0.981941 0.188031
-0.493771 -0.401189 -0.771517 0.304061 -0.868744 -0.390935 0.000000 -0.980581 -0.196116 -0.250962 -0.967997 0.000000 0.000000 -0.997459 -0.071247 0.023796 -0.999434 -0.023796 0.038866 -0.971653 0.233197 -0.115470 -0.993042 0.023094 -0.020892 -0.981941 0.188031
-0.376473 -0.439219 -0.815693 0.385518 -0.856706 -0.342682 0.000000 -0.980581 -0.196116 -0.250962 -0.967997 0.000000 0.000000 -0.997575 -0.069598 0.023796 -0.999434 -0.023796 0.038866 -0.971653 0.233197 -0.115470 -0.993042 0.023094 -0.020892 -0.981941 0.188031
-0.221028 -0.473632 -0.852537 0.470757 -0.813125 -0.342368 0.000000 -0.986394 -0.164399 -0.259794 -0.964951 -0.037113 0.000000 -0.997575 -0.069598 0.000000 -0.998868 -0.047565 0.039421 -0.965810 0.256235 -0.115470 -0.993042 0.023094 -0.020892 -0.981941 0.188031
-0.067574 -0.473016 -0.878459 0.503066 -0.796521 -0.335377 0.000000 -0.986394 -0.164399 -0.259794 -0.964951 -0.037113 0.000000 -0.997575 -0.069598 0.000000 -0.998868 -0.047565 0.019722 -0.966374 0.256385 -0.047232 -0.991880 -0.118081 -0.020892 -0.981941 0.188031
0.093980 -0.407245 -0.908471 0.512321 -0.838344 -0.186299 0.000000 -0.980581 -0.196116 -0.259794 -0.964951 -0.037113 0.000000 -0.997575 -0.069598 0.000000 -0.998868 -0.047565 0.019819 -0.971107 0.237822 -0.024507 -0.980286 -0.196057 -0.041757 -0.981299 0.187908
0.244111 -0.396681 -0.884903 0.540621 -0.835504 -0.098295 0.000000 -0.980581 -0.196116 -0.259973 -0.965616 0.000000 0.000000 -0.997575 -0.069598 0.000000 -0.998868 -0.047565 0.019819 -0.971107 0.237822 -0.096645 -0.990616 -0.096645 -0.041757 -0.981299 0.187908
