-0.623663 0.762255 -0.173240 -0.464007 0.000000 -0.885832 0.030686 -0.951260 -0.306858 -0.082761 -0.993127 -0.082761 -0.047552 -0.998586 -0.023776 0.062378 -0.998053 0.000000 0.065638 -0.962683 0.262550 -0.086447 -0.994144 0.064836 -0.022261 -0.979472 0.200347
-0.626128 0.743527 -0.234798 -0.519947 0.000000 -0.854199 0.061839 -0.958508 -0.278277 -0.123091 -0.984732 -0.123091 -0.047552 -0.998586 -0.023776 0.062378 -0.998053 0.000000 0.065638 -0.962683 0.262550 -0.086447 -0.994144 0.064836 0.000000 -0.983870 0.178885
-0.582752 0.719871 -0.377075 -0.523205 -0.224231 -0.822179 0.031607 -0.948209 -0.316070 -0.118771 -0.989759 -0.079181 -0.047552 -0.998586 -0.023776 0.062378 -0.998053 0.000000 0.065638 -0.962683 0.262550 -0.086447 -0.994144 0.064836 0.000000 -0.983870 0.178885
-0.650278 0.537186 -0.537186 -0.428353 -0.471188 -0.771035 0.065724 -0.952999 -0.295758 -0.151620 -0.985527 -0.075810 -0.047552 -0.998586 -0.023776 0.062378 -0.998053 0.000000 0.065638 -0.962683 0.262550 -0.086447 -0.994144 0.064836 0.000000 -0.983870 0.178885
-0.691853 0.333114 -0.640605 -0.352180 -0.616316 -0.704361 0.063119 -0.946792 -0.315597 -0.188713 -0.981307 -0.037743 -0.047565 -0.998868 0.000000 0.062378 -0.998053 0.000000 0.065638 -0.962683 0.262550 -0.086447 -0.994144 0.064836 0.000000 -0.983870 0.178885
-0.747757 0.057520 -0.661477 -0.295015 -0.716465 -0.632175 0.030964 -0.959886 -0.278677 -0.195965 -0.979827 -0.039193 -0.047552 -0.998586 -0.023776 0.062378 -0.998053 0.000000 0.065638 -0.962683 0.262550 -0.086447 -0.994144 0.064836 0.000000 -0.987580 0.157115
-0.751182 -0.260024 -0.606724 -0.246390 -0.780236 -0.574911 0.031220 -0.967805 -0.249756 -0.196116 -0.980581 0.000000 -0.047552 -0.998586 -0.023776 0.062378 -0.998053 0.000000 0.066002 -0.968027 0.242007 -0.086447 -0.994144 0.064836 0.000000 -0.987580 0.157115
-0.709736 -0.409463 -0.573249 -0.232845 -0.853766 -0.465690 0.055258 -0.967013 -0.248661 -0.273576 -0.957518 0.091192 -0.048708 -0.998516 -0.024354 0.062378 -0.998053 0.000000 0.066002 -0.968027 0.242007 -0.086447 -0.994144 0.064836 -0.022439 -0.987332 0.157075
-0.714006 -0.521773 -0.466850 -0.229081 -0.878144 -0.419982 0.053819 -0.968736 -0.242184 -0.369800 -0.924500 0.092450 -0.048708 -0.998516 -0.024354 0.062378 -0.998053 0.000000 0.066002 -0.968027 0.242007 -0.086548 -0.995307 0.043274 -0.022355 -0.983624 0.178841
-0.718403 -0.545986 -0.431042 -0.224860 -0.899438 -0.374766 0.053819 -0.968736 -0.242184 -0.369800 -0.924500 0.092450 -0.048708 -0.998516 -0.024354 0.062378 -0.998053 0.000000 0.066002 -0.968027 0.242007 -0.086447 -0.994144 0.064836 -0.022355 -0.983624 0.178841
-0.720833 -0.554487 -0.415865 -0.227921 -0.911685 -0.341882 0.052450 -0.970330 -0.236026 -0.367840 -0.919601 0.137940 -0.048665 -0.997629 -0.048665 0.063686 -0.997744 -0.021229 0.064282 -0.964237 0.257130 -0.086447 -0.994144 0.064836 -0.044677 -0.982888 0.178707
-0.752910 -0.529826 -0.390398 -0.236067 -0.904923 -0.354100 0.051148 -0.971807 -0.230165 -0.367840 -0.919601 0.137940 -0.048665 -0.997629 -0.048665 0.063686 -0.997744 -0.021229 0.064282 -0.964237 0.257130 -0.086447 -0.994144 0.064836 -0.044677 -0.982888 0.178707
-0.783543 -0.503706 -0.363788 -0.236067 -0.904923 -0.354100 0.052450 -0.970330 -0.236026 -0.352865 -0.926270 0.132324 -0.048665 -0.997629 -0.048665 0.063686 -0.997744 -0.021229 0.064282 -0.964237 0.257130 -0.086548 -0.995307 0.043274 -0.044677 -0.982888 0.178707
-0.796432 -0.398216 -0.455104 -0.201129 -0.925196 -0.321807 0.053037 -0.981187 -0.185630 -0.354594 -0.930809 0.088648 -0.048665 -0.997629 -0.048665 0.063686 -0.997744 -0.021229 0.064282 -0.964237 0.257130 -0.086548 -0.995307 0.043274 -0.044677 -0.982888 0.178707
-0.805609 -0.287718 -0.517892 -0.198419 -0.912727 -0.357154 0.053037 -0.981187 -0.185630 -0.354594 -0.930809 0.088648 -0.048665 -0.997629 -0.048665 0.063686 -0.997744 -0.021229 0.064282 -0.964237 0.257130 -0.086548 -0.995307 0.043274 -0.044677 -0.982888 0.178707
-0.765700 -0.176700 -0.618450 -0.198419 -0.912727 -0.357154 0.051691 -0.982138 -0.180920 -0.369800 -0.924500 0.092450 -0.048665 -0.997629 -0.048665 0.063686 -0.997744 -0.021229 0.064282 -0.964237 0.257130 -0.086548 -0.995307 0.043274 -0.044677 -0.982888 0.178707
-0.742392 -0.148478 -0.653305 -0.205847 -0.905726 -0.370524 0.056232 -0.984063 -0.168696 -0.328244 -0.943701 0.041030 -0.048665 -0.997629 -0.048665 0.063686 -0.997744 -0.021229 0.064282 -0.964237 0.257130 -0.086548 -0.995307 0.043274 -0.044677 -0.982888 0.178707
-0.675886 -0.058773 -0.734659 -0.165948 -0.912714 -0.373383 0.059523 -0.982125 -0.178568 -0.304776 -0.952424 0.000000 -0.048665 -0.997629 -0.048665 0.065064 -0.997645 -0.021688 0.064282 -0.964237 0.257130 -0.086548 -0.995307 0.043274 -0.044677 -0.982888 0.178707
-0.613678 -0.029223 -0.789015 -0.127920 -0.895443 -0.426401 0.059815 -0.986945 -0.149537 -0.304555 -0.951734 -0.038069 -0.048708 -0.998516 -0.024354 0.065064 -0.997645 -0.021688 0.064282 -0.964237 0.257130 -0.086609 -0.996007 0.021652 -0.044488 -0.978745 0.200198
-0.518978 0.000000 -0.854788 -0.127920 -0.895443 -0.426401 0.061633 -0.986134 -0.154083 -0.293887 -0.955134 -0.036736 -0.048708 -0.998516 -0.024354 0.065064 -0.997645 -0.021688 0.064625 -0.969368 0.236957 -0.086609 -0.996007 0.021652 -0.044488 -0.978745 0.200198
-0.393707 -0.032809 -0.918650 -0.043769 -0.875376 -0.481457 0.063214 -0.979816 -0.189642 -0.293887 -0.955134 -0.036736 -0.048708 -0.998516 -0.024354 0.065064 -0.997645 -0.021688 0.064625 -0.969368 0.236957 -0.086609 -0.996007 0.021652 -0.044488 -0.978745 0.200198
-0.334255 -0.030387 -0.941993 0.092748 -0.881104 -0.463739 0.063214 -0.979816 -0.189642 -0.259794 -0.964951 -0.037113 -0.024376 -0.999406 -0.024376 0.065064 -0.997645 -0.021688 0.064625 -0.969368 0.236957 -0.086609 -0.996007 0.021652 -0.044488 -0.978745 0.200198
-0.169516 -0.067806 -0.983192 0.138380 -0.876405 -0.461266 0.064786 -0.971795 -0.226752 -0.250801 -0.967375 -0.035829 -0.024376 -0.999406 -0.024376 0.065064 -0.997645 -0.021688 0.064625 -0.969368 0.236957 -0.086609 -0.996007 0.021652 -0.044488 -0.978745 0.200198
0.000000 -0.114624 -0.993409 0.183147 -0.869950 -0.457869 0.064786 -0.971795 -0.226752 -0.250801 -0.967375 -0.035829 -0.024376 -0.999406 -0.024376 0.065018 -0.996942 -0.043345 0.064282 -0.964237 0.257130 -0.086609 -0.996007 0.021652 -0.044488 -0.978745 0.200198
0.267848 -0.114792 -0.956598 0.172613 -0.863064 -0.474685 0.095346 -0.953463 -0.286039 -0.250801 -0.967375 -0.035829 -0.024376 -0.999406 -0.024376 0.066454 -0.996805 -0.044302 0.062980 -0.965696 0.251921 -0.086609 -0.996007 0.021652 -0.044488 -0.978745 0.200198
0.432731 0.000000 -0.901523 0.198419 -0.912727 -0.357154 0.098321 -0.950437 -0.294963 -0.250801 -0.967375 -0.035829 -0.024376 -0.999406 -0.024376 0.066454 -0.996805 -0.044302 0.062980 -0.965696 0.251921 -0.086609 -0.996007 0.021652 -0.044488 -0.978745 0.200198
0.554437 0.030802 -0.831655 0.199840 -0.959233 -0.199840 0.097333 -0.940884 -0.324443 -0.250801 -0.967375 -0.035829 -0.024376 -0.999406 -0.024376 0.066454 -0.996805 -0.044302 0.062980 -0.965696 0.251921 -0.086609 -0.996007 0.021652 -0.044488 -0.978745 0.200198
0.630634 0.057330 -0.773960 0.195515 -0.977577 -0.078206 0.062470 -0.937043 -0.343582 -0.224702 -0.973708 -0.037450 -0.024376 -0.999406 -0.024376 0.066454 -0.996805 -0.044302 0.062980 -0.965696 0.251921 -0.086609 -0.996007 0.021652 -0.044488 -0.978745 0.200198
0.718353 0.082887 -0.690724 0.195515 -0.977577 -0.078206 0.063119 -0.946792 -0.315597 -0.224702 -0.973708 -0.037450 -0.024376 -0.999406 -0.024376 0.066454 -0.996805 -0.044302 0.062980 -0.965696 0.251921 -0.086609 -0.996007 0.021652 -0.044281 -0.974176 0.221404
0.743567 0.079668 -0.663899 0.195965 -0.979827 -0.039193 0.063119 -0.946792 -0.315597 -0.224702 -0.973708 -0.037450 -0.024376 -0.999406 -0.024376 0.066454 -0.996805 -0.044302 0.063302 -0.970628 0.232107 -0.086609 -0.996007 0.021652 -0.044281 -0.974176 0.221404
0.755096 0.078113 -0.650945 0.196116 -0.980581 0.000000 0.063119 -0.946792 -0.315597 -0.224702 -0.973708 -0.037450 -0.024376 -0.999406 -0.024376 0.066454 -0.996805 -0.044302 0.063302 -0.970628 0.232107 -0.086609 -0.996007 0.021652 -0.044281 -0.974176 0.221404
0.743567 0.079668 -0.663899 0.233373 -0.972387 0.000000 0.063119 -0.946792 -0.315597 -0.224702 -0.973708 -0.037450 -0.024376 -0.999406 -0.024376 0.066454 -0.996805 -0.044302 0.063302 -0.970628 0.232107 -0.086609 -0.996007 0.021652 -0.044281 -0.974176 0.221404
0.756757 0.081081 -0.648649 0.233373 -0.972387 0.000000 0.063119 -0.946792 -0.315597 -0.224702 -0.973708 -0.037450 -0.024376 -0.999406 -0.024376 0.066372 -0.995585 -0.066372 0.063302 -0.970628 0.232107 -0.086609 -0.996007 0.021652 -0.044281 -0.974176 0.221404
0.746266 0.055279 -0.663348 0.242536 -0.970143 0.000000 0.063119 -0.946792 -0.315597 -0.224702 -0.973708 -0.037450 -0.024354 -0.998516 -0.048708 0.066372 -0.995585 -0.066372 0.063302 -0.970628 0.232107 -0.086609 -0.996007 0.021652 -0.044281 -0.974176 0.221404
0.760036 0.056299 -0.647438 0.233373 -0.972387 0.000000 0.063119 -0.946792 -0.315597 -0.224702 -0.973708 -0.037450 -0.024354 -0.998516 -0.048708 0.066372 -0.995585 -0.066372 0.063302 -0.970628 0.232107 -0.086609 -0.996007 0.021652 -0.044281 -0.974176 0.221404
0.760036 0.056299 -0.647438 0.195965 -0.979827 -0.039193 0.063119 -0.946792 -0.315597 -0.224702 -0.973708 -0.037450 -0.024354 -0.998516 -0.048708 0.066372 -0.995585 -0.066372 0.063302 -0.970628 0.232107 -0.086609 -0.996007 0.021652 -0.044281 -0.974176 0.221404
0.733632 0.056433 -0.677199 0.196116 -0.980581 0.000000 0.063119 -0.946792 -0.315597 -0.224702 -0.973708 -0.037450 -0.024354 -0.998516 -0.048708 0.066372 -0.995585 -0.066372 0.063302 -0.970628 0.232107 -0.086609 -0.996007 0.021652 -0.044281 -0.974176 0.221404
0.733632 0.056433 -0.677199 0.196116 -0.980581 0.000000 0.063119 -0.946792 -0.315597 -0.224702 -0.973708 -0.037450 -0.024354 -0.998516 -0.048708 0.066454 -0.996805 -0.044302 0.063600 -0.975198 0.212000 -0.110405 -0.993641 0.022081 -0.043345 -0.975270 0.216727
