-0.603701 0.771395 -0.201234 -0.637962 0.279108 -0.717707 0.029540 -0.945274 -0.324938 -0.111726 -0.968291 -0.223452 0.000000 -0.995701 -0.092623 0.101209 -0.986789 -0.126511 0.167212 -0.982370 0.083606 -0.101209 -0.986789 -0.126511 0.021713 -0.998821 0.043427
-0.625166 0.729360 -0.277851 -0.662226 0.116863 -0.740135 0.029814 -0.954056 -0.298142 -0.111726 -0.968291 -0.223452 -0.064836 -0.994144 -0.086447 0.101209 -0.986789 -0.126511 0.167212 -0.982370 0.083606 -0.101209 -0.986789 -0.126511 0.021729 -0.999528 0.021729
-0.688875 0.648353 -0.324176 -0.643459 -0.113552 -0.757011 0.028989 -0.956622 -0.289886 -0.156055 -0.975343 -0.156055 -0.063472 -0.994389 -0.084629 0.101209 -0.986789 -0.126511 0.167212 -0.982370 0.083606 -0.101209 -0.986789 -0.126511 0.021729 -0.999528 0.021729
-0.759393 0.439648 -0.479616 -0.641223 -0.284988 -0.712470 0.000000 -0.948683 -0.316228 -0.163846 -0.983078 -0.081923 -0.084629 -0.994389 -0.063472 0.100855 -0.983332 -0.151282 0.167212 -0.982370 0.083606 -0.101209 -0.986789 -0.126511 0.021729 -0.999528 0.021729
-0.817889 0.233682 -0.525786 -0.558655 -0.460069 -0.690103 0.000000 -0.957024 -0.290007 -0.171184 -0.984309 -0.042796 -0.084629 -0.994389 -0.063472 0.100855 -0.983332 -0.151282 0.167212 -0.982370 0.083606 -0.101209 -0.986789 -0.126511 0.021729 -0.999528 0.021729
-0.822192 0.000000 -0.569210 -0.477697 -0.605083 -0.636930 0.000000 -0.957024 -0.290007 -0.216789 -0.975550 -0.036131 -0.086306 -0.992523 -0.086306 0.100855 -0.983332 -0.151282 0.163846 -0.983078 0.081923 -0.101209 -0.986789 -0.126511 0.021272 -0.999774 0.000000
-0.812743 -0.338643 -0.474100 -0.451613 -0.677419 -0.580645 0.000000 -0.957024 -0.290007 -0.216789 -0.975550 -0.036131 -0.066259 -0.993884 -0.088345 0.100855 -0.983332 -0.151282 0.163846 -0.983078 0.081923 -0.101209 -0.986789 -0.126511 0.000000 -1.000000 0.000000
-0.784152 -0.461266 -0.415139 -0.393707 -0.754606 -0.524943 0.028989 -0.956622 -0.289886 -0.216789 -0.975550 -0.036131 -0.066259 -0.993884 -0.088345 0.100855 -0.983332 -0.151282 0.163846 -0.983078 0.081923 -0.101209 -0.986789 -0.126511 0.000000 -1.000000 0.000000
-0.732252 -0.549189 -0.402739 -0.390360 -0.780720 -0.487950 0.029814 -0.954056 -0.298142 -0.209401 -0.977207 -0.034900 -0.067746 -0.993605 -0.090328 0.100855 -0.983332 -0.151282 0.163846 -0.983078 0.081923 -0.101209 -0.986789 -0.126511 0.000000 -1.000000 0.000000
-0.749758 -0.545279 -0.374879 -0.329511 -0.823778 -0.461316 0.027462 -0.961161 -0.274618 -0.233197 -0.971653 -0.038866 -0.069135 -0.990931 -0.115225 0.100855 -0.983332 -0.151282 0.160611 -0.983745 0.080306 -0.101209 -0.986789 -0.126511 0.000000 -1.000000 0.000000
-0.726504 -0.561389 -0.396275 -0.334450 -0.836125 -0.434785 0.026755 -0.963173 -0.267548 -0.241747 -0.966988 -0.080582 -0.046151 -0.992249 -0.115378 0.100855 -0.983332 -0.151282 0.160611 -0.983745 0.080306 -0.101209 -0.986789 -0.126511 0.000000 -1.000000 0.000000
-0.750577 -0.554774 -0.358971 -0.334450 -0.836125 -0.434785 0.053452 -0.962140 -0.267261 -0.241747 -0.966988 -0.080582 -0.046151 -0.992249 -0.115378 0.100855 -0.983332 -0.151282 0.160611 -0.983745 0.080306 -0.101209 -0.986789 -0.126511 -0.020404 -0.999792 0.000000
-0.741550 -0.548102 -0.386896 -0.339227 -0.848067 -0.407072 0.053056 -0.955005 -0.291807 -0.251533 -0.964210 -0.083844 -0.046151 -0.992249 -0.115378 0.100855 -0.983332 -0.151282 0.160611 -0.983745 0.080306 -0.098743 -0.987429 -0.123429 -0.021272 -0.999774 0.000000
-0.757054 -0.493731 -0.427900 -0.339227 -0.848067 -0.407072 0.053056 -0.955005 -0.291807 -0.252199 -0.966762 -0.042033 -0.046151 -0.992249 -0.115378 0.100855 -0.983332 -0.151282 0.160611 -0.983745 0.080306 -0.098743 -0.987429 -0.123429 -0.021272 -0.999774 0.000000
-0.746914 -0.410803 -0.522840 -0.379310 -0.827586 -0.413793 0.053056 -0.955005 -0.291807 -0.252199 -0.966762 -0.042033 -0.047232 -0.991880 -0.118081 0.100855 -0.983332 -0.151282 0.160611 -0.983745 0.080306 -0.098743 -0.987429 -0.123429 -0.021267 -0.999548 0.021267
-0.719161 -0.340655 -0.605609 -0.373795 -0.815553 -0.441758 0.051743 -0.957252 -0.284589 -0.262865 -0.963837 -0.043811 -0.023094 -0.993042 -0.115470 0.100855 -0.983332 -0.151282 0.160611 -0.983745 0.080306 -0.098743 -0.987429 -0.123429 -0.021267 -0.999548 0.021267
-0.666667 -0.333333 -0.666667 -0.358057 -0.787726 -0.501280 0.026556 -0.956014 -0.292115 -0.221404 -0.974176 -0.044281 -0.023150 -0.995434 -0.092599 0.100855 -0.983332 -0.151282 0.160611 -0.983745 0.080306 -0.098743 -0.987429 -0.123429 -0.021267 -0.999548 0.021267
-0.596285 -0.298142 -0.745356 -0.296093 -0.777245 -0.555175 0.028618 -0.973018 -0.228946 -0.193746 -0.968730 -0.154997 -0.023150 -0.995434 -0.092599 0.100855 -0.983332 -0.151282 0.160611 -0.983745 0.080306 -0.098743 -0.987429 -0.123429 -0.021267 -0.999548 0.021267
-0.549119 -0.274559 -0.789358 -0.163028 -0.774382 -0.611354 0.029437 -0.971429 -0.235498 -0.192450 -0.962250 -0.192450 -0.023150 -0.995434 -0.092599 0.100855 -0.983332 -0.151282 0.160611 -0.983745 0.080306 -0.098743 -0.987429 -0.123429 -0.021267 -0.999548 0.021267
-0.543600 -0.255812 -0.799412 0.000000 -0.768221 -0.640184 0.030303 -0.969697 -0.242424 -0.186728 -0.970988 -0.149383 -0.023150 -0.995434 -0.092599 0.100855 -0.983332 -0.151282 0.160611 -0.983745 0.080306 -0.098743 -0.987429 -0.123429 -0.021267 -0.999548 0.021267
-0.421924 -0.241100 -0.873986 0.178707 -0.759504 -0.625474 0.030069 -0.962216 -0.270623 -0.186728 -0.970988 -0.149383 -0.046262 -0.994635 -0.092524 0.125709 -0.980531 -0.150851 0.140962 -0.986733 0.080550 -0.098743 -0.987429 -0.123429 -0.021253 -0.998870 0.042505
-0.258544 -0.258544 -0.930758 0.221404 -0.752773 -0.619930 0.031220 -0.967805 -0.249756 -0.179144 -0.967375 -0.179144 -0.046262 -0.994635 -0.092524 0.125709 -0.980531 -0.150851 0.143819 -0.986186 0.082182 -0.098743 -0.987429 -0.123429 -0.021253 -0.998870 0.042505
-0.086675 -0.288916 -0.953423 0.222277 -0.711287 -0.666831 0.000000 -0.960346 -0.278810 -0.145000 -0.978749 -0.145000 -0.046262 -0.994635 -0.092524 0.125709 -0.980531 -0.150851 0.123613 -0.988903 0.082409 -0.098743 -0.987429 -0.123429 -0.021229 -0.997744 0.063686
0.117393 -0.322832 -0.939148 0.222277 -0.711287 -0.666831 0.000000 -0.960346 -0.278810 -0.145000 -0.978749 -0.145000 -0.023150 -0.995434 -0.092599 0.125709 -0.980531 -0.150851 0.123613 -0.988903 0.082409 -0.098743 -0.987429 -0.123429 -0.021688 -0.997645 0.065064
0.225176 -0.262705 -0.938233 0.273576 -0.820729 -0.501557 0.000000 -0.951709 -0.307003 -0.145000 -0.978749 -0.145000 -0.023094 -0.993042 -0.115470 0.125709 -0.980531 -0.150851 0.123613 -0.988903 0.082409 -0.098743 -0.987429 -0.123429 -0.021688 -0.997645 0.065064
0.456013 -0.121604 -0.881626 0.238095 -0.952381 -0.190476 0.000000 -0.951709 -0.307003 -0.145671 -0.983282 -0.109254 -0.023094 -0.993042 -0.115470 0.125709 -0.980531 -0.150851 0.123613 -0.988903 0.082409 -0.098743 -0.987429 -0.123429 -0.021652 -0.996007 0.086609
0.557452 -0.131165 -0.819782 0.365148 -0.912871 -0.182574 0.000000 -0.951709 -0.307003 -0.145671 -0.983282 -0.109254 -0.023094 -0.993042 -0.115470 0.125709 -0.980531 -0.150851 0.103252 -0.991219 0.082602 -0.098743 -0.987429 -0.123429 -0.021652 -0.996007 0.086609
0.635780 -0.151376 -0.756881 0.380952 -0.904762 -0.190476 0.000000 -0.942428 -0.334410 -0.151078 -0.982006 -0.113308 -0.023094 -0.993042 -0.115470 0.125709 -0.980531 -0.150851 0.103252 -0.991219 0.082602 -0.098743 -0.987429 -0.123429 -0.021652 -0.996007 0.086609
0.667894 -0.151794 -0.728612 0.416470 -0.879215 -0.231372 0.000000 -0.942428 -0.334410 -0.151078 -0.982006 -0.113308 -0.023094 -0.993042 -0.115470 0.125709 -0.980531 -0.150851 0.105409 -0.990847 0.084327 -0.098743 -0.987429 -0.123429 -0.021652 -0.996007 0.086609
0.698898 -0.151934 -0.698898 0.436436 -0.872872 -0.218218 0.000000 -0.942428 -0.334410 -0.151620 -0.985527 -0.075810 -0.023094 -0.993042 -0.115470 0.125709 -0.980531 -0.150851 0.105409 -0.990847 0.084327 -0.098743 -0.987429 -0.123429 -0.021607 -0.993912 0.108034
0.698149 -0.158670 -0.698149 0.470757 -0.855921 -0.213980 0.000000 -0.942428 -0.334410 -0.151620 -0.985527 -0.075810 -0.023094 -0.993042 -0.115470 0.125709 -0.980531 -0.150851 0.105409 -0.990847 0.084327 -0.098743 -0.987429 -0.123429 -0.021607 -0.993912 0.108034
0.705774 -0.214801 -0.675088 0.448561 -0.852266 -0.269137 0.000000 -0.951709 -0.307003 -0.151078 -0.982006 -0.113308 -0.023027 -0.990142 -0.138159 0.125709 -0.980531 -0.150851 0.105409 -0.990847 0.084327 -0.098743 -0.987429 -0.123429 -0.021607 -0.993912 0.108034
0.689862 -0.219502 -0.689862 0.448561 -0.852266 -0.269137 0.000000 -0.951709 -0.307003 -0.151620 -0.985527 -0.075810 -0.023027 -0.990142 -0.138159 0.125709 -0.980531 -0.150851 0.105409 -0.990847 0.084327 -0.098743 -0.987429 -0.123429 -0.021607 -0.993912 0.108034
0.689862 -0.219502 -0.689862 0.448561 -0.852266 -0.269137 0.000000 -0.951709 -0.307003 -0.151620 -0.985527 -0.075810 -0.023027 -0.990142 -0.138159 0.125709 -0.980531 -0.150851 0.084497 -0.992835 0.084497 -0.098743 -0.987429 -0.123429 -0.021607 -0.993912 0.108034
0.657858 -0.219286 -0.720511 0.448561 -0.852266 -0.269137 0.000000 -0.951709 -0.307003 -0.151078 -0.982006 -0.113308 -0.023027 -0.990142 -0.138159 0.125709 -0.980531 -0.150851 0.084497 -0.992835 0.084497 -0.098743 -0.987429 -0.123429 -0.021607 -0.993912 0.108034
0.662095 -0.189170 -0.725152 0.431934 -0.863868 -0.259161 0.030686 -0.951260 -0.306858 -0.188311 -0.979217 -0.075324 0.000000 -0.993307 -0.115501 0.125709 -0.980531 -0.150851 0.084497 -0.992835 0.084497 -0.098743 -0.987429 -0.123429 -0.021607 -0.993912 0.108034
0.682848 -0.155193 -0.713886 0.381000 -0.889001 -0.254000 0.030964 -0.959886 -0.278677 -0.187647 -0.975763 -0.112588 0.000000 -0.993307 -0.115501 0.125709 -0.980531 -0.150851 0.084497 -0.992835 0.084497 -0.098743 -0.987429 -0.123429 -0.021552 -0.991370 0.129309
0.681330 -0.162221 -0.713774 0.371787 -0.867502 -0.330477 0.030686 -0.951260 -0.306858 -0.187647 -0.975763 -0.112588 -0.023094 -0.993042 -0.115470 0.100855 -0.983332 -0.151282 0.105409 -0.990847 0.084327 -0.098743 -0.987429 -0.123429 -0.021552 -0.991370 0.129309
0.681330 -0.162221 -0.713774 0.371787 -0.867502 -0.330477 0.030686 -0.951260 -0.306858 -0.187647 -0.975763 -0.112588 -0.023094 -0.993042 -0.115470 0.100855 -0.983332 -0.151282 0.084497 -0.992835 0.084497 -0.098743 -0.987429 -0.123429 -0.021552 -0.991370 0.129309
0.684580 -0.130396 -0.717180 0.323381 -0.889297 -0.323381 0.030686 -0.951260 -0.306858 -0.188311 -0.979217 -0.075324 -0.023094 -0.993042 -0.115470 0.100855 -0.983332 -0.151282 0.084497 -0.992835 0.084497 -0.098743 -0.987429 -0.123429 -0.021552 -0.991370 0.129309
0.684580 -0.130396 -0.717180 0.323381 -0.889297 -0.323381 0.061285 -0.949920 -0.306426 -0.223452 -0.968291 -0.111726 -0.023094 -0.993042 -0.115470 0.100855 -0.983332 -0.151282 0.084497 -0.992835 0.084497 -0.098743 -0.987429 -0.123429 -0.021552 -0.991370 0.129309
0.684580 -0.130396 -0.717180 0.323381 -0.889297 -0.323381 0.061285 -0.949920 -0.306426 -0.223452 -0.968291 -0.111726 -0.023094 -0.993042 -0.115470 0.100855 -0.983332 -0.151282 0.084497 -0.992835 0.084497 -0.098743 -0.987429 -0.123429 -0.021552 -0.991370 0.129309
0.666667 -0.133333 -0.733333 0.358854 -0.877197 -0.318981 0.061285 -0.949920 -0.306426 -0.224231 -0.971666 -0.074744 -0.023150 -0.995434 -0.092599 0.100855 -0.983332 -0.151282 0.084497 -0.992835 0.084497 -0.098743 -0.987429 -0.123429 -0.021552 -0.991370 0.129309
