-0.514286 0.857143 -0.028571 -0.445742 -0.081044 -0.891485 -0.029248 -0.935929 -0.350973 0.000000 -0.975133 -0.221621 -0.045361 -0.997940 -0.045361 0.066259 -0.993884 0.088345 0.083844 -0.964210 0.251533 -0.107958 -0.993217 0.043183 -0.045118 -0.992593 0.112795
-0.527137 0.849276 -0.029285 -0.445742 -0.081044 -0.891485 -0.029248 -0.935929 -0.350973 0.000000 -0.977176 -0.212430 -0.022698 -0.998711 -0.045396 0.066259 -0.993884 0.088345 0.083844 -0.964210 0.251533 -0.105691 -0.993500 0.042277 -0.023094 -0.993042 0.115470
-0.539784 0.839664 -0.059976 -0.477809 -0.130312 -0.868744 -0.029248 -0.935929 -0.350973 0.000000 -0.977176 -0.212430 -0.022698 -0.998711 -0.045396 0.066259 -0.993884 0.088345 0.083844 -0.964210 0.251533 -0.105691 -0.993500 0.042277 -0.023094 -0.993042 0.115470
-0.602749 0.783573 -0.150687 -0.488527 -0.222058 -0.843820 -0.030069 -0.932146 -0.360831 -0.040757 -0.978167 -0.203785 -0.023224 -0.998651 -0.046449 0.066259 -0.993884 0.088345 0.083844 -0.964210 0.251533 -0.105691 -0.993500 0.042277 -0.023094 -0.993042 0.115470
-0.651298 0.710507 -0.266440 -0.487566 -0.354594 -0.797836 0.000000 -0.926467 -0.376377 -0.089087 -0.979958 -0.178174 -0.023224 -0.998651 -0.046449 0.066259 -0.993884 0.088345 0.083844 -0.964210 0.251533 -0.105762 -0.994166 0.021152 -0.023027 -0.990142 0.138159
-0.748686 0.547117 -0.374343 -0.487088 -0.442807 -0.752773 0.000000 -0.939793 -0.341743 -0.133897 -0.981908 -0.133897 -0.047511 -0.997740 -0.047511 0.066259 -0.993884 0.088345 0.083844 -0.964210 0.251533 -0.105762 -0.994166 0.021152 -0.023027 -0.990142 0.138159
-0.814088 0.352771 -0.461317 -0.436436 -0.567367 -0.698297 0.000000 -0.939793 -0.341743 -0.211667 -0.973668 -0.084667 -0.047511 -0.997740 -0.047511 0.066259 -0.993884 0.088345 0.083844 -0.964210 0.251533 -0.105762 -0.994166 0.021152 -0.023027 -0.990142 0.138159
-0.823235 0.106224 -0.557675 -0.426401 -0.639602 -0.639602 0.000000 -0.942428 -0.334410 -0.233197 -0.971653 -0.038866 -0.046349 -0.996503 -0.069523 0.066259 -0.993884 0.088345 0.083844 -0.964210 0.251533 -0.105762 -0.994166 0.021152 -0.023027 -0.990142 0.138159
-0.824210 -0.170526 -0.539999 -0.350150 -0.744070 -0.568995 -0.030686 -0.951260 -0.306858 -0.216789 -0.975550 -0.036131 -0.047445 -0.996335 -0.071167 0.066114 -0.991709 0.110190 0.083844 -0.964210 0.251533 -0.105762 -0.994166 0.021152 -0.046017 -0.989356 0.138050
-0.793999 -0.355931 -0.492827 -0.335377 -0.796521 -0.503066 -0.032582 -0.944871 -0.325818 -0.202490 -0.978703 -0.033748 -0.047445 -0.996335 -0.071167 0.064700 -0.992062 0.107833 0.083844 -0.964210 0.251533 -0.105762 -0.994166 0.021152 -0.046017 -0.989356 0.138050
-0.787250 -0.421741 -0.449857 -0.324443 -0.811107 -0.486664 -0.101477 -0.947114 -0.304430 -0.132092 -0.990687 -0.033023 -0.047445 -0.996335 -0.071167 0.086126 -0.990450 0.107658 0.062980 -0.965696 0.251921 -0.105691 -0.993500 0.042277 -0.068934 -0.988049 0.137867
-0.807114 -0.417473 -0.417473 -0.283190 -0.849569 -0.445012 -0.057904 -0.955419 -0.289521 -0.196116 -0.980581 0.000000 -0.047445 -0.996335 -0.071167 0.086126 -0.990450 0.107658 0.062980 -0.965696 0.251921 -0.105691 -0.993500 0.042277 -0.068934 -0.988049 0.137867
-0.816335 -0.422242 -0.394093 -0.283190 -0.849569 -0.445012 -0.026939 -0.969790 -0.242448 -0.274434 -0.960518 0.045739 -0.047445 -0.996335 -0.071167 0.086126 -0.990450 0.107658 0.062980 -0.965696 0.251921 -0.107958 -0.993217 0.043183 -0.067403 -0.988577 0.134806
-0.816335 -0.422242 -0.394093 -0.288185 -0.864556 -0.411693 -0.026082 -0.965035 -0.260820 -0.286039 -0.953463 0.095346 -0.023742 -0.997178 -0.071227 0.088002 -0.990028 0.110003 0.062980 -0.965696 0.251921 -0.108034 -0.993912 0.021607 -0.089420 -0.983624 0.156486
-0.844581 -0.378605 -0.378605 -0.288185 -0.864556 -0.411693 0.000000 -0.966705 -0.255893 -0.290910 -0.955847 0.041559 -0.023742 -0.997178 -0.071227 0.088195 -0.992191 0.088195 0.064282 -0.964237 0.257130 -0.088518 -0.995829 0.022130 -0.089420 -0.983624 0.156486
-0.860038 -0.296565 -0.415191 -0.278225 -0.874421 -0.397464 -0.030303 -0.969697 -0.242424 -0.269430 -0.962250 0.038490 -0.023742 -0.997178 -0.071227 0.088345 -0.993884 0.066259 0.063917 -0.958750 0.276972 -0.088518 -0.995829 0.022130 -0.089420 -0.983624 0.156486
-0.868481 -0.209633 -0.449215 -0.278225 -0.874421 -0.397464 -0.032444 -0.973329 -0.227110 -0.250962 -0.967997 0.000000 -0.023742 -0.997178 -0.071227 0.088345 -0.993884 0.066259 0.063917 -0.958750 0.276972 -0.088518 -0.995829 0.022130 -0.089420 -0.983624 0.156486
-0.861555 -0.178253 -0.475341 -0.273722 -0.860268 -0.430134 -0.031450 -0.974958 -0.220152 -0.250962 -0.967997 0.000000 -0.023742 -0.997178 -0.071227 0.088345 -0.993884 0.066259 0.063917 -0.958750 0.276972 -0.088518 -0.995829 0.022130 -0.089420 -0.983624 0.156486
-0.835170 -0.119310 -0.536895 -0.273722 -0.860268 -0.430134 -0.032444 -0.973329 -0.227110 -0.242536 -0.970143 0.000000 -0.023742 -0.997178 -0.071227 0.086447 -0.994144 0.064836 0.063917 -0.958750 0.276972 -0.088540 -0.996073 0.000000 -0.089087 -0.979958 0.178174
-0.811869 -0.120277 -0.571316 -0.245358 -0.858754 -0.449823 -0.032444 -0.973329 -0.227110 -0.242536 -0.970143 0.000000 -0.023742 -0.997178 -0.071227 0.086306 -0.992523 0.086306 0.063917 -0.958750 0.276972 -0.088540 -0.996073 0.000000 -0.089087 -0.979958 0.178174
-0.747686 -0.089722 -0.657963 -0.254228 -0.847427 -0.466085 -0.033501 -0.971537 -0.234509 -0.234641 -0.972082 0.000000 -0.023742 -0.997178 -0.071227 0.086447 -0.994144 0.064836 0.063529 -0.952928 0.296466 -0.110432 -0.993884 0.000000 -0.066932 -0.981664 0.178484
-0.640494 -0.091499 -0.762493 -0.254228 -0.847427 -0.466085 0.000000 -0.972082 -0.234641 -0.234509 -0.971537 -0.033501 -0.023742 -0.997178 -0.071227 0.086447 -0.994144 0.064836 0.063529 -0.952928 0.296466 -0.110432 -0.993884 0.000000 -0.066932 -0.981664 0.178484
-0.553372 -0.069171 -0.830057 -0.172613 -0.863064 -0.474685 0.000000 -0.966235 -0.257663 -0.234509 -0.971537 -0.033501 -0.023742 -0.997178 -0.071227 0.086447 -0.994144 0.064836 0.063529 -0.952928 0.296466 -0.110432 -0.993884 0.000000 -0.066932 -0.981664 0.178484
-0.430221 -0.107555 -0.896293 -0.130312 -0.868744 -0.477809 0.000000 -0.966235 -0.257663 -0.242390 -0.969561 -0.034627 -0.023742 -0.997178 -0.071227 0.088345 -0.993884 0.066259 0.042660 -0.959840 0.277287 -0.110432 -0.993884 0.000000 -0.066932 -0.981664 0.178484
-0.303218 -0.134763 -0.943344 -0.043769 -0.875376 -0.481457 0.030964 -0.959886 -0.278677 -0.216789 -0.975550 -0.036131 -0.023742 -0.997178 -0.071227 0.088345 -0.993884 0.066259 0.042660 -0.959840 0.277287 -0.110405 -0.993641 -0.022081 -0.066932 -0.981664 0.178484
-0.186681 -0.186681 -0.964521 0.089087 -0.890871 -0.445435 0.031607 -0.948209 -0.316070 -0.216789 -0.975550 -0.036131 -0.023742 -0.997178 -0.071227 0.088345 -0.993884 0.066259 0.042660 -0.959840 0.277287 -0.112881 -0.993352 -0.022576 -0.065497 -0.982448 0.174658
-0.081529 -0.190234 -0.978348 0.232873 -0.931493 -0.279448 0.031911 -0.957338 -0.287202 -0.216789 -0.975550 -0.036131 -0.023742 -0.997178 -0.071227 0.088345 -0.993884 0.066259 0.042660 -0.959840 0.277287 -0.112881 -0.993352 -0.022576 -0.065497 -0.982448 0.174658
0.077024 -0.205398 -0.975643 0.241402 -0.965609 -0.096561 0.030686 -0.951260 -0.306858 -0.224702 -0.973708 -0.037450 -0.023742 -0.997178 -0.071227 0.088345 -0.993884 0.066259 0.042660 -0.959840 0.277287 -0.112881 -0.993352 -0.022576 -0.065497 -0.982448 0.174658
0.255405 -0.204324 -0.944997 0.195881 -0.979404 0.048970 0.030686 -0.951260 -0.306858 -0.224702 -0.973708 -0.037450 -0.023742 -0.997178 -0.071227 0.088345 -0.993884 0.066259 0.042660 -0.959840 0.277287 -0.112881 -0.993352 -0.022576 -0.065497 -0.982448 0.174658
0.372046 -0.212598 -0.903540 0.231372 -0.971764 0.046274 0.030686 -0.951260 -0.306858 -0.224702 -0.973708 -0.037450 -0.023742 -0.997178 -0.071227 0.088345 -0.993884 0.066259 0.042660 -0.959840 0.277287 -0.112881 -0.993352 -0.022576 -0.065497 -0.982448 0.174658
0.524950 -0.193403 -0.828868 0.186908 -0.981266 0.046727 0.031281 -0.938417 -0.344086 -0.188713 -0.981307 -0.037743 -0.024318 -0.997039 -0.072954 0.088345 -0.993884 0.066259 0.042660 -0.959840 0.277287 -0.110405 -0.993641 -0.022081 -0.066932 -0.981664 0.178484
0.607485 -0.144639 -0.781052 0.178174 -0.979958 0.089087 0.031607 -0.948209 -0.316070 -0.188311 -0.979217 -0.075324 -0.024318 -0.997039 -0.072954 0.088345 -0.993884 0.066259 0.042904 -0.965345 0.257425 -0.110405 -0.993641 -0.022081 -0.066932 -0.981664 0.178484
0.669840 -0.145617 -0.728087 0.178174 -0.979958 0.089087 0.031607 -0.948209 -0.316070 -0.188713 -0.981307 -0.037743 -0.024318 -0.997039 -0.072954 0.088345 -0.993884 0.066259 0.042904 -0.965345 0.257425 -0.110405 -0.993641 -0.022081 -0.066650 -0.977536 0.199951
0.684209 -0.148741 -0.713957 0.178174 -0.979958 0.089087 0.031607 -0.948209 -0.316070 -0.188713 -0.981307 -0.037743 -0.024318 -0.997039 -0.072954 0.088345 -0.993884 0.066259 0.042904 -0.965345 0.257425 -0.132132 -0.990988 -0.022022 -0.066650 -0.977536 0.199951
0.698898 -0.151934 -0.698898 0.178174 -0.979958 0.089087 0.031607 -0.948209 -0.316070 -0.188713 -0.981307 -0.037743 -0.024318 -0.997039 -0.072954 0.088345 -0.993884 0.066259 0.042904 -0.965345 0.257425 -0.132132 -0.990988 -0.022022 -0.066650 -0.977536 0.199951
0.717002 -0.124696 -0.685828 0.178174 -0.979958 0.089087 0.031607 -0.948209 -0.316070 -0.188713 -0.981307 -0.037743 -0.024318 -0.997039 -0.072954 0.086548 -0.995307 0.043274 0.042904 -0.965345 0.257425 -0.132132 -0.990988 -0.022022 -0.066650 -0.977536 0.199951
0.701820 -0.122056 -0.701820 0.177297 -0.975133 0.132973 0.031911 -0.957338 -0.287202 -0.188713 -0.981307 -0.037743 0.000000 -0.997334 -0.072976 0.086548 -0.995307 0.043274 0.042904 -0.965345 0.257425 -0.132132 -0.990988 -0.022022 -0.066650 -0.977536 0.199951
0.685828 -0.124696 -0.717002 0.169944 -0.977176 0.127458 0.030964 -0.959886 -0.278677 -0.188713 -0.981307 -0.037743 0.000000 -0.998812 -0.048723 0.086548 -0.995307 0.043274 0.042904 -0.965345 0.257425 -0.110405 -0.993641 -0.022081 -0.088714 -0.975852 0.199606
0.688172 -0.093842 -0.719453 0.163163 -0.978980 0.122373 0.030964 -0.959886 -0.278677 -0.188713 -0.981307 -0.037743 0.000000 -0.998812 -0.048723 0.086548 -0.995307 0.043274 0.042904 -0.965345 0.257425 -0.110405 -0.993641 -0.022081 -0.088714 -0.975852 0.199606
0.688172 -0.093842 -0.719453 0.123091 -0.984732 0.123091 0.000000 -0.960346 -0.278810 -0.188713 -0.981307 -0.037743 0.000000 -0.998812 -0.048723 0.086548 -0.995307 0.043274 0.042904 -0.965345 0.257425 -0.110405 -0.993641 -0.022081 -0.088714 -0.975852 0.199606
0.688172 -0.093842 -0.719453 0.123613 -0.988903 0.082409 0.000000 -0.968277 -0.249878 -0.188311 -0.979217 -0.075324 0.000000 -0.998812 -0.048723 0.086548 -0.995307 0.043274 0.042904 -0.965345 0.257425 -0.110405 -0.993641 -0.022081 -0.088714 -0.975852 0.199606
0.655610 -0.093659 -0.749269 0.123613 -0.988903 0.082409 0.000000 -0.968277 -0.249878 -0.188713 -0.981307 -0.037743 0.000000 -0.998812 -0.048723 0.086548 -0.995307 0.043274 0.043133 -0.970495 0.237232 -0.110405 -0.993641 -0.022081 -0.088714 -0.975852 0.199606
0.640494 -0.091499 -0.762493 0.123091 -0.984732 0.123091 0.000000 -0.968277 -0.249878 -0.188713 -0.981307 -0.037743 0.000000 -0.998812 -0.048723 0.086548 -0.995307 0.043274 0.043133 -0.970495 0.237232 -0.110405 -0.993641 -0.022081 -0.088714 -0.975852 0.199606
0.640494 -0.091499 -0.762493 0.123091 -0.984732 0.123091 0.000000 -0.968277 -0.249878 -0.188713 -0.981307 -0.037743 0.000000 -0.998812 -0.048723 0.086548 -0.995307 0.043274 0.043133 -0.970495 0.237232 -0.088518 -0.995829 -0.022130 -0.088302 -0.971324 0.220755
0.640494 -0.091499 -0.762493 0.123091 -0.984732 0.123091 0.000000 -0.960346 -0.278810 -0.188713 -0.981307 -0.037743 0.000000 -0.998812 -0.048723 0.086447 -0.994144 0.064836 0.043133 -0.970495 0.237232 -0.088518 -0.995829 -0.022130 -0.088302 -0.971324 0.220755
