-0.325080 0.945687 0.000000 -0.626128 -0.234798 -0.743527 0.030303 -0.969697 -0.242424 -0.150329 -0.977140 -0.150329 -0.045408 -0.998969 0.000000 0.115470 -0.993042 0.023094 0.118102 -0.964500 0.236204 -0.092599 -0.995434 -0.023150 0.000000 -0.992586 0.121541
-0.377075 0.925548 0.034280 -0.624219 -0.039014 -0.780274 0.031220 -0.967805 -0.249756 -0.145000 -0.978749 -0.145000 -0.044401 -0.999014 0.000000 0.115470 -0.993042 0.023094 0.118102 -0.964500 0.236204 -0.092599 -0.995434 -0.023150 0.000000 -0.992586 0.121541
-0.461197 0.883962 -0.076866 -0.599521 0.039968 -0.799361 0.032444 -0.973329 -0.227110 -0.109254 -0.983282 -0.145671 -0.044401 -0.999014 0.000000 0.115470 -0.993042 0.023094 0.118102 -0.964500 0.236204 -0.092599 -0.995434 -0.023150 0.000000 -0.992586 0.121541
-0.592464 0.789953 -0.157991 -0.554700 0.000000 -0.832050 0.032191 -0.965734 -0.257529 -0.113878 -0.986947 -0.113878 -0.044401 -0.999014 0.000000 0.112881 -0.993352 0.022576 0.120386 -0.963087 0.240772 -0.092599 -0.995434 -0.023150 0.000000 -0.992586 0.121541
-0.686498 0.650366 -0.325183 -0.540729 -0.124784 -0.831890 0.000000 -0.973841 -0.227230 -0.113878 -0.986947 -0.113878 -0.044401 -0.999014 0.000000 0.112881 -0.993352 0.022576 0.120386 -0.963087 0.240772 -0.092599 -0.995434 -0.023150 0.000000 -0.992586 0.121541
-0.724947 0.543710 -0.422885 -0.520266 -0.346844 -0.780399 0.000000 -0.973841 -0.227230 -0.113878 -0.986947 -0.113878 -0.045396 -0.998711 -0.022698 0.090513 -0.995638 0.022628 0.120386 -0.963087 0.240772 -0.092599 -0.995434 -0.023150 0.000000 -0.992586 0.121541
-0.786084 0.379489 -0.487914 -0.467345 -0.509831 -0.722261 0.000000 -0.973841 -0.227230 -0.151078 -0.982006 -0.113308 -0.045396 -0.998711 -0.022698 0.090513 -0.995638 0.022628 0.120386 -0.963087 0.240772 -0.092599 -0.995434 -0.023150 0.000000 -0.992586 0.121541
-0.848893 0.159167 -0.504030 -0.413449 -0.578829 -0.702863 0.000000 -0.973841 -0.227230 -0.151078 -0.982006 -0.113308 -0.046411 -0.997844 -0.046411 0.090513 -0.995638 0.022628 0.120386 -0.963087 0.240772 -0.092599 -0.995434 -0.023150 0.000000 -0.992586 0.121541
-0.845331 -0.079250 -0.528332 -0.426241 -0.658737 -0.619987 0.000000 -0.973841 -0.227230 -0.146157 -0.986559 -0.073078 -0.046411 -0.997844 -0.046411 0.090513 -0.995638 0.022628 0.120386 -0.963087 0.240772 -0.092599 -0.995434 -0.023150 0.000000 -0.992586 0.121541
-0.806988 -0.295896 -0.511093 -0.368355 -0.773545 -0.515697 0.000000 -0.973841 -0.227230 -0.146157 -0.986559 -0.073078 -0.046411 -0.997844 -0.046411 0.090513 -0.995638 0.022628 0.120386 -0.963087 0.240772 -0.092599 -0.995434 -0.023150 0.000000 -0.992586 0.121541
-0.755263 -0.503509 -0.419591 -0.344010 -0.825625 -0.447214 0.031450 -0.974958 -0.220152 -0.188311 -0.979217 -0.075324 -0.047511 -0.997740 -0.047511 0.090513 -0.995638 0.022628 0.120386 -0.963087 0.240772 -0.092599 -0.995434 -0.023150 0.000000 -0.992586 0.121541
-0.679094 -0.650799 -0.339547 -0.358590 -0.847576 -0.391189 0.029437 -0.971429 -0.235498 -0.188713 -0.981307 -0.037743 -0.023776 -0.998586 -0.047552 0.090513 -0.995638 0.022628 0.120947 -0.967577 0.221736 -0.092599 -0.995434 -0.023150 -0.020253 -0.992383 0.121516
-0.647766 -0.709458 -0.277614 -0.363054 -0.858128 -0.363054 0.028618 -0.973018 -0.228946 -0.188713 -0.981307 -0.037743 -0.023776 -0.998586 -0.047552 0.090513 -0.995638 0.022628 0.120947 -0.967577 0.221736 -0.092599 -0.995434 -0.023150 -0.020253 -0.992383 0.121516
-0.649570 -0.714527 -0.259828 -0.328089 -0.885841 -0.328089 0.028421 -0.966315 -0.255789 -0.195965 -0.979827 -0.039193 -0.023776 -0.998586 -0.047552 0.090513 -0.995638 0.022628 0.120947 -0.967577 0.221736 -0.092599 -0.995434 -0.023150 -0.020253 -0.992383 0.121516
-0.635455 -0.735790 -0.234115 -0.328089 -0.885841 -0.328089 0.028421 -0.966315 -0.255789 -0.195965 -0.979827 -0.039193 -0.023776 -0.998586 -0.047552 0.090513 -0.995638 0.022628 0.120947 -0.967577 0.221736 -0.092599 -0.995434 -0.023150 -0.020253 -0.992383 0.121516
-0.630900 -0.736050 -0.245350 -0.301511 -0.904534 -0.301511 0.029223 -0.964352 -0.263005 -0.195965 -0.979827 -0.039193 -0.023776 -0.998586 -0.047552 0.090513 -0.995638 0.022628 0.120947 -0.967577 0.221736 -0.092599 -0.995434 -0.023150 -0.040481 -0.991773 0.121442
-0.667592 -0.702728 -0.245955 -0.270604 -0.913289 -0.304430 0.028989 -0.956622 -0.289886 -0.195965 -0.979827 -0.039193 -0.023776 -0.998586 -0.047552 0.090513 -0.995638 0.022628 0.120947 -0.967577 0.221736 -0.092599 -0.995434 -0.023150 -0.040481 -0.991773 0.121442
-0.689246 -0.654783 -0.310160 -0.270604 -0.913289 -0.304430 0.028205 -0.958984 -0.282054 -0.195965 -0.979827 -0.039193 -0.023776 -0.998586 -0.047552 0.090513 -0.995638 0.022628 0.120947 -0.967577 0.221736 -0.092599 -0.995434 -0.023150 -0.040481 -0.991773 0.121442
-0.696733 -0.627060 -0.348367 -0.279202 -0.907406 -0.314102 0.028421 -0.966315 -0.255789 -0.195515 -0.977577 -0.078206 -0.023776 -0.998586 -0.047552 0.090513 -0.995638 0.022628 0.120947 -0.967577 0.221736 -0.092599 -0.995434 -0.023150 -0.040481 -0.991773 0.121442
-0.724138 -0.551724 -0.413793 -0.246564 -0.915811 -0.317011 0.058371 -0.963119 -0.262669 -0.188311 -0.979217 -0.075324 -0.023796 -0.999434 -0.023796 0.135079 -0.990579 0.022513 0.101015 -0.969746 0.222234 -0.092599 -0.995434 -0.023150 -0.040481 -0.991773 0.121442
-0.703526 -0.502519 -0.502519 -0.220267 -0.917779 -0.330400 0.058371 -0.963119 -0.262669 -0.188311 -0.979217 -0.075324 0.000000 -0.999717 -0.023803 0.138159 -0.990142 0.023027 0.099073 -0.970916 0.217961 -0.092599 -0.995434 -0.023150 -0.040481 -0.991773 0.121442
-0.706742 -0.449745 -0.546119 -0.198419 -0.912727 -0.357154 0.060523 -0.968364 -0.242091 -0.188311 -0.979217 -0.075324 0.000000 -0.999717 -0.023803 0.138159 -0.990142 0.023027 0.099484 -0.974943 0.198968 -0.092599 -0.995434 -0.023150 -0.040481 -0.991773 0.121442
-0.689098 -0.401974 -0.602961 0.000000 -0.919145 -0.393919 0.060523 -0.968364 -0.242091 -0.188713 -0.981307 -0.037743 0.000000 -0.999717 -0.023803 0.115470 -0.993042 0.023094 0.079729 -0.976685 0.199323 -0.092599 -0.995434 -0.023150 -0.040481 -0.991773 0.121442
-0.691669 -0.345834 -0.634029 0.135526 -0.903508 -0.406579 0.060523 -0.968364 -0.242091 -0.188713 -0.981307 -0.037743 0.000000 -0.999717 -0.023803 0.115501 -0.993307 0.000000 0.079399 -0.972636 0.218347 -0.092599 -0.995434 -0.023150 -0.040481 -0.991773 0.121442
-0.603847 -0.332116 -0.724616 0.213785 -0.897895 -0.384812 0.030514 -0.976445 -0.213597 -0.151620 -0.985527 -0.075810 0.000000 -0.999717 -0.023803 0.115501 -0.993307 0.000000 0.079399 -0.972636 0.218347 -0.092599 -0.995434 -0.023150 -0.040481 -0.991773 0.121442
-0.481108 -0.330762 -0.811869 0.263880 -0.879599 -0.395820 0.030303 -0.969697 -0.242424 -0.151620 -0.985527 -0.075810 0.000000 -0.999730 -0.023250 0.115501 -0.993307 0.000000 0.079399 -0.972636 0.218347 -0.092599 -0.995434 -0.023150 -0.040481 -0.991773 0.121442
-0.356887 -0.324443 -0.875996 0.348155 -0.870388 -0.348155 0.031220 -0.967805 -0.249756 -0.146157 -0.986559 -0.073078 0.000000 -0.999730 -0.023250 0.115501 -0.993307 0.000000 0.079399 -0.972636 0.218347 -0.092599 -0.995434 -0.023150 -0.040481 -0.991773 0.121442
-0.163956 -0.360704 -0.918156 0.379642 -0.843649 -0.379642 0.031450 -0.974958 -0.220152 -0.145671 -0.983282 -0.109254 0.000000 -0.999730 -0.023250 0.115501 -0.993307 0.000000 0.079399 -0.972636 0.218347 -0.092599 -0.995434 -0.023150 -0.040481 -0.991773 0.121442
0.000000 -0.365652 -0.930751 0.385518 -0.856706 -0.342682 0.032444 -0.973329 -0.227110 -0.145671 -0.983282 -0.109254 0.000000 -0.999717 -0.023803 0.115501 -0.993307 0.000000 0.079399 -0.972636 0.218347 -0.092599 -0.995434 -0.023150 -0.040373 -0.989142 0.141306
0.249756 -0.343415 -0.905366 0.305215 -0.915644 -0.261612 0.032444 -0.973329 -0.227110 -0.145671 -0.983282 -0.109254 0.000000 -0.999717 -0.023803 0.138196 -0.990405 0.000000 0.079399 -0.972636 0.218347 -0.092524 -0.994635 -0.046262 -0.040250 -0.986133 0.161001
0.440887 -0.275554 -0.854218 0.220755 -0.971324 -0.088302 0.032444 -0.973329 -0.227110 -0.146157 -0.986559 -0.073078 0.000000 -0.999717 -0.023803 0.138196 -0.990405 0.000000 0.079399 -0.972636 0.218347 -0.092524 -0.994635 -0.046262 -0.020137 -0.986733 0.161099
0.582794 -0.264906 -0.768229 0.171341 -0.985212 0.000000 0.032444 -0.973329 -0.227110 -0.109764 -0.987878 -0.109764 0.000000 -0.999717 -0.023803 0.138196 -0.990405 0.000000 0.079399 -0.972636 0.218347 -0.092524 -0.994635 -0.046262 -0.020137 -0.986733 0.161099
0.628109 -0.261712 -0.732793 0.171184 -0.984309 0.042796 0.064786 -0.971795 -0.226752 -0.109764 -0.987878 -0.109764 0.000000 -0.999717 -0.023803 0.138196 -0.990405 0.000000 0.079399 -0.972636 0.218347 -0.092524 -0.994635 -0.046262 -0.020137 -0.986733 0.161099
0.628547 -0.245953 -0.737859 0.169944 -0.977176 0.127458 0.064786 -0.971795 -0.226752 -0.109764 -0.987878 -0.109764 0.000000 -0.999717 -0.023803 0.138196 -0.990405 0.000000 0.079729 -0.976685 0.199323 -0.092524 -0.994635 -0.046262 -0.020137 -0.986733 0.161099
0.649331 -0.240493 -0.721479 0.127114 -0.932170 0.338971 0.064786 -0.971795 -0.226752 -0.109764 -0.987878 -0.109764 0.000000 -0.999717 -0.023803 0.138196 -0.990405 0.000000 0.079729 -0.976685 0.199323 -0.092524 -0.994635 -0.046262 -0.020068 -0.983349 0.180615
0.655628 -0.262251 -0.708079 0.172774 -0.950255 0.259161 0.064786 -0.971795 -0.226752 -0.109764 -0.987878 -0.109764 0.000000 -0.999717 -0.023803 0.138196 -0.990405 0.000000 0.079729 -0.976685 0.199323 -0.092524 -0.994635 -0.046262 -0.020068 -0.983349 0.180615
0.662964 -0.291704 -0.689483 0.180151 -0.945792 0.270226 0.064786 -0.971795 -0.226752 -0.109764 -0.987878 -0.109764 0.000000 -0.999717 -0.023803 0.138196 -0.990405 0.000000 0.079729 -0.976685 0.199323 -0.092599 -0.995434 -0.023150 -0.020137 -0.986733 0.161099
0.691381 -0.288076 -0.662574 0.229416 -0.963546 0.137649 0.064786 -0.971795 -0.226752 -0.109764 -0.987878 -0.109764 0.000000 -0.999703 -0.024383 0.138196 -0.990405 0.000000 0.059880 -0.978046 0.199601 -0.092599 -0.995434 -0.023150 -0.020137 -0.986733 0.161099
0.651981 -0.325991 -0.684580 0.355995 -0.934488 0.000000 0.066890 -0.969905 -0.234115 -0.105934 -0.988714 -0.105934 0.000000 -0.999703 -0.024383 0.138196 -0.990405 0.000000 0.059880 -0.978046 0.199601 -0.092599 -0.995434 -0.023150 -0.020137 -0.986733 0.161099
0.647518 -0.340799 -0.681598 0.393543 -0.918266 -0.043727 0.067382 -0.977035 -0.202145 -0.105934 -0.988714 -0.105934 0.000000 -0.999703 -0.024383 0.138196 -0.990405 0.000000 0.059880 -0.978046 0.199601 -0.092599 -0.995434 -0.023150 -0.020137 -0.986733 0.161099
0.612637 -0.324337 -0.720750 0.393543 -0.918266 -0.043727 0.067382 -0.977035 -0.202145 -0.105934 -0.988714 -0.105934 0.000000 -0.999703 -0.024383 0.138196 -0.990405 0.000000 0.059880 -0.978046 0.199601 -0.092599 -0.995434 -0.023150 -0.020137 -0.986733 0.161099
0.596951 -0.316033 -0.737410 0.429537 -0.902027 -0.042954 0.066890 -0.969905 -0.234115 -0.105934 -0.988714 -0.105934 0.000000 -0.999703 -0.024383 0.141421 -0.989949 0.000000 0.059880 -0.978046 0.199601 -0.092599 -0.995434 -0.023150 -0.020137 -0.986733 0.161099
0.618853 -0.309426 -0.721995 0.428353 -0.899541 -0.085671 0.066890 -0.969905 -0.234115 -0.105934 -0.988714 -0.105934 0.000000 -0.998812 -0.048723 0.141421 -0.989949 0.000000 0.059880 -0.978046 0.199601 -0.092599 -0.995434 -0.023150 -0.020137 -0.986733 0.161099
0.581728 -0.307974 -0.752825 0.392419 -0.915644 -0.087204 0.066890 -0.969905 -0.234115 -0.105934 -0.988714 -0.105934 0.000000 -0.998812 -0.048723 0.141421 -0.989949 0.000000 0.059880 -0.978046 0.199601 -0.092599 -0.995434 -0.023150 -0.020137 -0.986733 0.161099
0.581728 -0.307974 -0.752825 0.392419 -0.915644 -0.087204 0.066890 -0.969905 -0.234115 -0.105934 -0.988714 -0.105934 0.000000 -0.998812 -0.048723 0.138196 -0.990405 0.000000 0.059880 -0.978046 0.199601 -0.092599 -0.995434 -0.023150 -0.020137 -0.986733 0.161099
