-0.613960 0.781404 -0.111629 -0.506408 -0.272681 -0.818044 0.027842 -0.974481 -0.222738 -0.187112 -0.982339 0.000000 0.000000 -0.999703 -0.024383 0.083028 -0.996331 0.020757 0.067437 -0.966597 0.247269 -0.144518 -0.982725 -0.115615 0.000000 -0.983130 0.182908
-0.596120 0.794826 -0.113547 -0.540262 -0.290910 -0.789613 0.027842 -0.974481 -0.222738 -0.187112 -0.982339 0.000000 -0.024376 -0.999406 -0.024376 0.083045 -0.996546 0.000000 0.067049 -0.961029 0.268194 -0.148152 -0.977805 -0.148152 0.000000 -0.983130 0.182908
-0.609785 0.784010 -0.116150 -0.509831 -0.297402 -0.807233 0.027661 -0.968122 -0.248946 -0.178707 -0.982888 0.044677 -0.023803 -0.999717 0.000000 0.083045 -0.996546 0.000000 0.067049 -0.961029 0.268194 -0.148152 -0.977805 -0.148152 0.000000 -0.983130 0.182908
-0.605228 0.786796 -0.121046 -0.509831 -0.297402 -0.807233 0.027661 -0.968122 -0.248946 -0.178707 -0.982888 0.044677 -0.023803 -0.999717 0.000000 0.083045 -0.996546 0.000000 0.067049 -0.961029 0.268194 -0.148152 -0.977805 -0.148152 0.000000 -0.983130 0.182908
-0.602749 0.783573 -0.150687 -0.520266 -0.346844 -0.780399 0.027661 -0.968122 -0.248946 -0.178707 -0.982888 0.044677 -0.023803 -0.999717 0.000000 0.083045 -0.996546 0.000000 0.067049 -0.961029 0.268194 -0.144518 -0.982725 -0.115615 0.000000 -0.983130 0.182908
-0.657858 0.720511 -0.219286 -0.512148 -0.384111 -0.768221 0.027842 -0.974481 -0.222738 -0.221404 -0.974176 0.044281 -0.023803 -0.999717 0.000000 0.083045 -0.996546 0.000000 0.067049 -0.961029 0.268194 -0.144518 -0.982725 -0.115615 0.000000 -0.987007 0.160676
-0.717137 0.597614 -0.358569 -0.481919 -0.525730 -0.700973 0.028618 -0.973018 -0.228946 -0.171184 -0.984309 0.042796 -0.023803 -0.999717 0.000000 0.083045 -0.996546 0.000000 0.067049 -0.961029 0.268194 -0.144518 -0.982725 -0.115615 0.000000 -0.987007 0.160676
-0.766439 0.454186 -0.454186 -0.426401 -0.639602 -0.639602 0.030303 -0.969697 -0.242424 -0.157867 -0.986671 0.039467 -0.023803 -0.999717 0.000000 0.083045 -0.996546 0.000000 0.065638 -0.962683 0.262550 -0.144943 -0.985611 -0.086966 0.000000 -0.987007 0.160676
-0.814766 0.174593 -0.552877 -0.389833 -0.693037 -0.606407 0.030514 -0.976445 -0.213597 -0.157867 -0.986671 0.039467 -0.023803 -0.999717 0.000000 0.083045 -0.996546 0.000000 0.065638 -0.962683 0.262550 -0.140915 -0.986405 -0.084549 0.000000 -0.987007 0.160676
-0.805276 -0.143799 -0.575197 -0.375653 -0.751305 -0.542610 0.031450 -0.974958 -0.220152 -0.151947 -0.987658 0.037987 -0.023803 -0.999717 0.000000 0.083045 -0.996546 0.000000 0.065638 -0.962683 0.262550 -0.140525 -0.983674 -0.112420 0.000000 -0.983130 0.182908
-0.766907 -0.410843 -0.493012 -0.360000 -0.800000 -0.480000 0.032444 -0.973329 -0.227110 -0.146450 -0.988540 0.036613 -0.023803 -0.999717 0.000000 0.083045 -0.996546 0.000000 0.065638 -0.962683 0.262550 -0.140525 -0.983674 -0.112420 0.000000 -0.983130 0.182908
-0.749422 -0.555127 -0.360833 -0.338002 -0.826227 -0.450669 0.029437 -0.971429 -0.235498 -0.163846 -0.983078 0.081923 -0.023803 -0.999717 0.000000 0.083045 -0.996546 0.000000 0.065638 -0.962683 0.262550 -0.140525 -0.983674 -0.112420 0.000000 -0.983130 0.182908
-0.714006 -0.631620 -0.302079 -0.290000 -0.869999 -0.398750 0.028618 -0.973018 -0.228946 -0.170716 -0.981616 0.085358 -0.023803 -0.999717 0.000000 0.084800 -0.996398 0.000000 0.064282 -0.964237 0.257130 -0.140525 -0.983674 -0.112420 0.000000 -0.983130 0.182908
-0.693109 -0.665384 -0.277243 -0.303895 -0.873698 -0.379869 0.055620 -0.973349 -0.222480 -0.220755 -0.971324 0.088302 -0.023803 -0.999717 0.000000 0.084800 -0.996398 0.000000 0.064282 -0.964237 0.257130 -0.136743 -0.984548 -0.109394 -0.022858 -0.982873 0.182860
-0.696897 -0.667860 -0.261337 -0.294086 -0.882258 -0.367607 0.055620 -0.973349 -0.222480 -0.220755 -0.971324 0.088302 -0.023803 -0.999717 0.000000 0.084800 -0.996398 0.000000 0.063917 -0.958750 0.276972 -0.136743 -0.984548 -0.109394 -0.022858 -0.982873 0.182860
-0.701946 -0.672699 -0.233982 -0.294086 -0.882258 -0.367607 0.054153 -0.974755 -0.216612 -0.220755 -0.971324 0.088302 -0.023803 -0.999717 0.000000 0.084800 -0.996398 0.000000 0.065248 -0.956974 0.282742 -0.136743 -0.984548 -0.109394 -0.022858 -0.982873 0.182860
-0.729959 -0.638714 -0.243320 -0.294086 -0.882258 -0.367607 0.054153 -0.974755 -0.216612 -0.220755 -0.971324 0.088302 -0.023803 -0.999717 0.000000 0.084800 -0.996398 0.000000 0.065248 -0.956974 0.282742 -0.136743 -0.984548 -0.109394 -0.022858 -0.982873 0.182860
-0.766261 -0.574696 -0.287348 -0.288300 -0.900937 -0.324337 0.054153 -0.974755 -0.216612 -0.221404 -0.974176 0.044281 -0.023803 -0.999717 0.000000 0.084800 -0.996398 0.000000 0.065248 -0.956974 0.282742 -0.136743 -0.984548 -0.109394 -0.022858 -0.982873 0.182860
-0.777087 -0.528419 -0.341918 -0.297936 -0.893807 -0.335178 0.028006 -0.980196 -0.196039 -0.212238 -0.976296 0.042448 -0.023803 -0.999717 0.000000 0.063686 -0.997744 -0.021229 0.086306 -0.949370 0.302072 -0.136743 -0.984548 -0.109394 -0.022858 -0.982873 0.182860
-0.804295 -0.464016 -0.371213 -0.297936 -0.893807 -0.335178 0.028006 -0.980196 -0.196039 -0.212238 -0.976296 0.042448 -0.024383 -0.999703 0.000000 0.063686 -0.997744 -0.021229 0.086306 -0.949370 0.302072 -0.140525 -0.983674 -0.112420 -0.022355 -0.983624 0.178841
-0.816497 -0.408248 -0.408248 -0.297936 -0.893807 -0.335178 0.028006 -0.980196 -0.196039 -0.212238 -0.976296 0.042448 -0.024376 -0.999406 -0.024376 0.063686 -0.997744 -0.021229 0.086306 -0.949370 0.302072 -0.140525 -0.983674 -0.112420 -0.022355 -0.983624 0.178841
-0.805838 -0.402919 -0.433913 -0.308148 -0.885927 -0.346667 0.027842 -0.974481 -0.222738 -0.221404 -0.974176 0.044281 -0.024376 -0.999406 -0.024376 0.063686 -0.997744 -0.021229 0.086306 -0.949370 0.302072 -0.140525 -0.983674 -0.112420 -0.022355 -0.983624 0.178841
-0.804295 -0.371213 -0.464016 -0.272681 -0.895953 -0.350590 0.027842 -0.974481 -0.222738 -0.221404 -0.974176 0.044281 0.000000 -0.999703 -0.024383 0.063686 -0.997744 -0.021229 0.086306 -0.949370 0.302072 -0.140525 -0.983674 -0.112420 -0.022355 -0.983624 0.178841
-0.780742 -0.360342 -0.510485 -0.282497 -0.887848 -0.363210 0.027842 -0.974481 -0.222738 -0.221404 -0.974176 0.044281 0.000000 -0.999703 -0.024383 0.063686 -0.997744 -0.021229 0.086306 -0.949370 0.302072 -0.140525 -0.983674 -0.112420 -0.044677 -0.982888 0.178707
-0.764045 -0.323250 -0.558341 -0.205847 -0.905726 -0.370524 0.027842 -0.974481 -0.222738 -0.221404 -0.974176 0.044281 0.000000 -0.999703 -0.024383 0.063686 -0.997744 -0.021229 0.086306 -0.949370 0.302072 -0.140525 -0.983674 -0.112420 -0.044677 -0.982888 0.178707
-0.704664 -0.293610 -0.645942 -0.208878 -0.919063 -0.334205 0.027842 -0.974481 -0.222738 -0.221404 -0.974176 0.044281 0.000000 -0.999703 -0.024383 0.063686 -0.997744 -0.021229 0.086306 -0.949370 0.302072 -0.140525 -0.983674 -0.112420 -0.044677 -0.982888 0.178707
-0.651298 -0.266440 -0.710507 -0.088648 -0.930809 -0.354594 0.028796 -0.979051 -0.201569 -0.212430 -0.977176 0.000000 0.000000 -0.999703 -0.024383 0.063686 -0.997744 -0.021229 0.086306 -0.949370 0.302072 -0.140525 -0.983674 -0.112420 -0.044677 -0.982888 0.178707
-0.566139 -0.226455 -0.792594 0.045739 -0.960518 -0.274434 0.029630 -0.977805 -0.207413 -0.203785 -0.978167 0.040757 0.000000 -0.999703 -0.024383 0.063686 -0.997744 -0.021229 0.086306 -0.949370 0.302072 -0.112822 -0.987189 -0.112822 -0.044677 -0.982888 0.178707
-0.484848 -0.212121 -0.848485 0.089984 -0.944835 -0.314945 0.000000 -0.978234 -0.207504 -0.164260 -0.985562 0.041065 0.000000 -0.999703 -0.024383 0.063686 -0.997744 -0.021229 0.086306 -0.949370 0.302072 -0.112822 -0.987189 -0.112822 -0.044677 -0.982888 0.178707
-0.336280 -0.213996 -0.917127 0.134298 -0.940089 -0.313363 0.000000 -0.982872 -0.184289 -0.157991 -0.987441 0.000000 0.000000 -0.999703 -0.024383 0.063686 -0.997744 -0.021229 0.086306 -0.949370 0.302072 -0.112822 -0.987189 -0.112822 -0.044488 -0.978745 0.200198
-0.149873 -0.239796 -0.959185 0.185496 -0.927478 -0.324617 0.000000 -0.981780 -0.190022 -0.157991 -0.987441 0.000000 0.000000 -0.999703 -0.024383 0.063686 -0.997744 -0.021229 0.086306 -0.949370 0.302072 -0.112822 -0.987189 -0.112822 -0.044488 -0.978745 0.200198
-0.048450 -0.242251 -0.969003 0.220326 -0.925371 -0.308457 0.000000 -0.975441 -0.220261 -0.157991 -0.987441 0.000000 0.000000 -0.999703 -0.024383 0.063686 -0.997744 -0.021229 0.086306 -0.949370 0.302072 -0.112822 -0.987189 -0.112822 -0.044488 -0.978745 0.200198
0.041803 -0.271719 -0.961468 0.240008 -0.960031 -0.144005 0.000000 -0.973841 -0.227230 -0.188847 -0.982006 0.000000 0.000000 -0.999703 -0.024383 0.063686 -0.997744 -0.021229 0.086306 -0.949370 0.302072 -0.084853 -0.989949 -0.113137 -0.044488 -0.978745 0.200198
0.269579 -0.245072 -0.931272 0.231372 -0.971764 -0.046274 0.000000 -0.973841 -0.227230 -0.188847 -0.982006 0.000000 0.000000 -0.999703 -0.024383 0.063686 -0.997744 -0.021229 0.086306 -0.949370 0.302072 -0.084853 -0.989949 -0.113137 -0.044488 -0.978745 0.200198
0.452249 -0.266029 -0.851293 0.231621 -0.972806 0.000000 0.000000 -0.973841 -0.227230 -0.188713 -0.981307 -0.037743 0.000000 -0.999703 -0.024383 0.063686 -0.997744 -0.021229 0.064836 -0.950921 0.302566 -0.084853 -0.989949 -0.113137 -0.044488 -0.978745 0.200198
0.607142 -0.275974 -0.745129 0.231372 -0.971764 0.046274 0.032444 -0.973329 -0.227110 -0.188847 -0.982006 0.000000 0.000000 -0.999703 -0.024383 0.065064 -0.997645 -0.021688 0.063917 -0.958750 0.276972 -0.084853 -0.989949 -0.113137 -0.044281 -0.974176 0.221404
0.732467 -0.281718 -0.619780 0.242536 -0.970143 0.000000 0.032444 -0.973329 -0.227110 -0.188847 -0.982006 0.000000 0.000000 -0.999703 -0.024383 0.065064 -0.997645 -0.021688 0.063917 -0.958750 0.276972 -0.084853 -0.989949 -0.113137 -0.044281 -0.974176 0.221404
0.738053 -0.255480 -0.624506 0.231372 -0.971764 0.046274 0.032191 -0.965734 -0.257529 -0.188847 -0.982006 0.000000 0.000000 -0.999703 -0.024383 0.065064 -0.997645 -0.021688 0.063917 -0.958750 0.276972 -0.084853 -0.989949 -0.113137 -0.044281 -0.974176 0.221404
0.756569 -0.232790 -0.611075 0.221404 -0.974176 0.044281 0.000000 -0.966235 -0.257663 -0.152057 -0.988372 0.000000 0.000000 -0.999703 -0.024383 0.065064 -0.997645 -0.021688 0.063917 -0.958750 0.276972 -0.056682 -0.991935 -0.113364 -0.044281 -0.974176 0.221404
0.775170 -0.208700 -0.596285 0.212238 -0.976296 0.042448 0.000000 -0.973841 -0.227230 -0.151947 -0.987658 -0.037987 0.000000 -0.999703 -0.024383 0.065064 -0.997645 -0.021688 0.063917 -0.958750 0.276972 -0.025624 -0.999343 0.025624 -0.044281 -0.974176 0.221404
0.779688 -0.179928 -0.599760 0.212238 -0.976296 0.042448 0.000000 -0.963993 -0.265929 -0.146549 -0.989203 0.000000 0.000000 -0.999703 -0.024383 0.065064 -0.997645 -0.021688 0.063917 -0.958750 0.276972 -0.027007 -0.999270 -0.027007 -0.044281 -0.974176 0.221404
0.756881 -0.151376 -0.635780 0.203785 -0.978167 0.040757 0.000000 -0.963993 -0.265929 -0.146549 -0.989203 0.000000 0.000000 -0.999703 -0.024383 0.065064 -0.997645 -0.021688 0.063917 -0.958750 0.276972 -0.026270 -0.998273 0.052541 -0.044281 -0.974176 0.221404
0.728612 -0.151794 -0.667894 0.203785 -0.978167 0.040757 0.000000 -0.963993 -0.265929 -0.146549 -0.989203 0.000000 0.000000 -0.999703 -0.024383 0.065064 -0.997645 -0.021688 0.063917 -0.958750 0.276972 -0.027017 -0.999635 0.000000 -0.044281 -0.974176 0.221404
0.731653 -0.121942 -0.670682 0.195965 -0.979827 0.039193 0.000000 -0.972082 -0.234641 -0.146450 -0.988540 -0.036613 0.000000 -0.999703 -0.024383 0.065064 -0.997645 -0.021688 0.063917 -0.958750 0.276972 -0.028513 -0.997965 -0.057027 -0.044281 -0.974176 0.221404
0.704118 -0.091842 -0.704118 0.151620 -0.985527 0.075810 0.000000 -0.972082 -0.234641 -0.146549 -0.989203 0.000000 0.000000 -0.999703 -0.024383 0.065064 -0.997645 -0.021688 0.042904 -0.965345 0.257425 -0.028456 -0.995943 -0.085367 -0.044281 -0.974176 0.221404
0.704118 -0.091842 -0.704118 0.151620 -0.985527 0.075810 0.000000 -0.963993 -0.265929 -0.146549 -0.989203 0.000000 0.000000 -0.999703 -0.024383 0.065064 -0.997645 -0.021688 0.042904 -0.965345 0.257425 -0.028375 -0.993133 -0.113501 -0.044281 -0.974176 0.221404
0.719066 -0.089883 -0.689105 0.114541 -0.992685 0.038180 0.000000 -0.966235 -0.257663 -0.146549 -0.989203 0.000000 0.000000 -0.999703 -0.024383 0.065064 -0.997645 -0.021688 0.042904 -0.965345 0.257425 -0.029198 -0.992727 -0.116791 -0.044055 -0.969201 0.242300
0.704118 -0.091842 -0.704118 0.114541 -0.992685 0.038180 0.031220 -0.967805 -0.249756 -0.152057 -0.988372 0.000000 0.024376 -0.999406 -0.024376 0.065079 -0.997880 0.000000 0.042904 -0.965345 0.257425 -0.029198 -0.992727 -0.116791 -0.044055 -0.969201 0.242300
0.704118 -0.091842 -0.704118 0.114541 -0.992685 0.038180 0.031450 -0.974958 -0.220152 -0.151947 -0.987658 -0.037987 0.024376 -0.999406 -0.024376 0.065079 -0.997880 0.000000 0.042904 -0.965345 0.257425 -0.029198 -0.992727 -0.116791 -0.045015 -0.967821 0.247582
0.704118 -0.091842 -0.704118 0.114541 -0.992685 0.038180 0.031220 -0.967805 -0.249756 -0.151947 -0.987658 -0.037987 0.024376 -0.999406 -0.024376 0.065079 -0.997880 0.000000 0.042904 -0.965345 0.257425 -0.029086 -0.988941 -0.145432 -0.045015 -0.967821 0.247582
0.704118 -0.091842 -0.704118 0.114541 -0.992685 0.038180 0.031220 -0.967805 -0.249756 -0.151947 -0.987658 -0.037987 0.024376 -0.999406 -0.024376 0.065064 -0.997645 -0.021688 0.042904 -0.965345 0.257425 -0.029086 -0.988941 -0.145432 -0.045015 -0.967821 0.247582
0.701820 -0.122056 -0.701820 0.114541 -0.992685 0.038180 0.031220 -0.967805 -0.249756 -0.151947 -0.987658 -0.037987 0.023796 -0.999434 -0.023796 0.065064 -0.997645 -0.021688 0.042904 -0.965345 0.257425 -0.029086 -0.988941 -0.145432 -0.045015 -0.967821 0.247582
