-0.637962 0.717707 -0.279108 -0.657706 0.475010 -0.584627 0.000000 -0.936329 -0.351123 -0.075059 -0.938233 -0.337764 -0.092009 -0.989094 -0.115011 0.047338 -0.970431 -0.236691 0.140962 -0.986733 0.080550 -0.149953 -0.949703 -0.274914 0.019604 -0.999808 0.000000
-0.613121 0.728082 -0.306561 -0.657706 0.475010 -0.584627 0.000000 -0.936329 -0.351123 -0.075059 -0.938233 -0.337764 -0.094150 -0.988577 -0.117688 0.047338 -0.970431 -0.236691 0.138215 -0.987248 0.078980 -0.149953 -0.949703 -0.274914 0.019600 -0.999616 -0.019600
-0.613121 0.728082 -0.306561 -0.657706 0.475010 -0.584627 0.000000 -0.936329 -0.351123 -0.113552 -0.946264 -0.302804 -0.092009 -0.989094 -0.115011 0.047338 -0.970431 -0.236691 0.138215 -0.987248 0.078980 -0.149953 -0.949703 -0.274914 0.019600 -0.999616 -0.019600
-0.651558 0.694996 -0.304061 -0.657706 0.475010 -0.584627 0.000000 -0.936329 -0.351123 -0.113552 -0.946264 -0.302804 -0.092009 -0.989094 -0.115011 0.047338 -0.970431 -0.236691 0.138215 -0.987248 0.078980 -0.149953 -0.949703 -0.274914 0.019600 -0.999616 -0.019600
-0.688062 0.638915 -0.344031 -0.657706 0.475010 -0.584627 0.000000 -0.932568 -0.360994 -0.114792 -0.956598 -0.267848 -0.092009 -0.989094 -0.115011 0.047338 -0.970431 -0.236691 0.138215 -0.987248 0.078980 -0.149953 -0.949703 -0.274914 0.019600 -0.999616 -0.019600
-0.653682 0.653682 -0.381314 -0.677708 0.463695 -0.570701 0.000000 -0.942428 -0.334410 -0.076810 -0.960119 -0.268833 -0.114407 -0.983902 -0.137289 0.047338 -0.970431 -0.236691 0.140962 -0.986733 0.080550 -0.149953 -0.949703 -0.274914 0.019600 -0.999616 -0.019600
-0.729004 0.560772 -0.392541 -0.688749 0.435000 -0.580000 0.000000 -0.951709 -0.307003 -0.075974 -0.949671 -0.303895 -0.111525 -0.981419 -0.156135 0.047338 -0.970431 -0.236691 0.140962 -0.986733 0.080550 -0.149953 -0.949703 -0.274914 0.019604 -0.999808 0.000000
-0.767467 0.562809 -0.306987 -0.736210 0.257674 -0.625779 0.000000 -0.948683 -0.316228 -0.109618 -0.950019 -0.292314 -0.133465 -0.978745 -0.155709 0.047338 -0.970431 -0.236691 0.121144 -0.989344 0.080763 -0.149953 -0.949703 -0.274914 0.019604 -0.999808 0.000000
-0.812291 0.477818 -0.334473 -0.759737 0.075974 -0.645777 -0.061780 -0.926703 -0.370681 -0.132973 -0.975133 -0.177297 -0.130158 -0.976187 -0.173544 0.047338 -0.970431 -0.236691 0.121144 -0.989344 0.080763 -0.149953 -0.949703 -0.274914 0.019604 -0.999808 0.000000
-0.853579 0.426790 -0.298753 -0.690111 -0.217930 -0.690111 -0.060057 -0.930885 -0.360342 -0.138972 -0.972806 -0.185296 -0.132973 -0.975133 -0.177297 0.047338 -0.970431 -0.236691 0.121144 -0.989344 0.080763 -0.149953 -0.949703 -0.274914 0.019604 -0.999808 0.000000
-0.907738 0.276268 -0.315735 -0.654395 -0.378860 -0.654395 -0.060057 -0.930885 -0.360342 -0.159617 -0.957704 -0.239426 -0.132421 -0.971087 -0.198631 0.047338 -0.970431 -0.236691 0.121144 -0.989344 0.080763 -0.149953 -0.949703 -0.274914 0.019604 -0.999808 0.000000
-0.920390 0.035400 -0.389396 -0.650167 -0.444851 -0.615947 -0.029248 -0.935929 -0.350973 -0.196116 -0.941357 -0.274563 -0.161572 -0.969432 -0.184654 0.047338 -0.970431 -0.236691 0.121144 -0.989344 0.080763 -0.150946 -0.955994 -0.251577 0.019589 -0.999040 -0.039178
-0.984428 0.000000 -0.175791 -0.532152 -0.598671 -0.598671 -0.029248 -0.935929 -0.350973 -0.189117 -0.945587 -0.264764 -0.116153 -0.975689 -0.185846 0.047338 -0.970431 -0.236691 0.120923 -0.987534 0.100769 -0.147397 -0.958083 -0.245662 0.019570 -0.998083 -0.058711
-0.967822 -0.069130 -0.241955 -0.486921 -0.649227 -0.584305 -0.028467 -0.939413 -0.341605 -0.190901 -0.954504 -0.229081 -0.118279 -0.969888 -0.212902 0.047338 -0.970431 -0.236691 0.120923 -0.987534 0.100769 -0.147397 -0.958083 -0.245662 0.000000 -0.998274 -0.058722
-0.959264 -0.068519 -0.274075 -0.460069 -0.690103 -0.558655 -0.028467 -0.939413 -0.341605 -0.182574 -0.949386 -0.255604 -0.121054 -0.968435 -0.217898 0.047338 -0.970431 -0.236691 0.120923 -0.987534 0.100769 -0.146472 -0.952069 -0.268532 0.000000 -0.998274 -0.058722
-0.949671 -0.075974 -0.303895 -0.433574 -0.700389 -0.566982 0.000000 -0.942990 -0.332820 -0.190901 -0.954504 -0.229081 -0.121054 -0.968435 -0.217898 0.047338 -0.970431 -0.236691 0.120923 -0.987534 0.100769 -0.146472 -0.952069 -0.268532 0.000000 -0.998274 -0.058722
-0.956943 -0.079745 -0.279108 -0.443813 -0.682789 -0.580370 0.000000 -0.939793 -0.341743 -0.185567 -0.964951 -0.185567 -0.121054 -0.968435 -0.217898 0.047338 -0.970431 -0.236691 0.120653 -0.985335 0.120653 -0.146472 -0.952069 -0.268532 0.000000 -0.996938 -0.078191
-0.940887 0.000000 -0.338719 -0.443813 -0.682789 -0.580370 0.000000 -0.948683 -0.316228 -0.190901 -0.954504 -0.229081 -0.121054 -0.968435 -0.217898 0.047338 -0.970431 -0.236691 0.123091 -0.984732 0.123091 -0.146472 -0.952069 -0.268532 0.000000 -0.996938 -0.078191
-0.933346 0.000000 -0.358979 -0.425864 -0.674285 -0.603307 0.000000 -0.948683 -0.316228 -0.192450 -0.962250 -0.192450 -0.121054 -0.968435 -0.217898 0.047338 -0.970431 -0.236691 0.123091 -0.984732 0.123091 -0.146472 -0.952069 -0.268532 0.000000 -0.996938 -0.078191
-0.920390 0.035400 -0.389396 -0.332877 -0.702740 -0.628768 0.000000 -0.945687 -0.325080 -0.192450 -0.962250 -0.192450 -0.121054 -0.968435 -0.217898 0.047338 -0.970431 -0.236691 0.123091 -0.984732 0.123091 -0.146472 -0.952069 -0.268532 0.000000 -0.996938 -0.078191
-0.888218 0.000000 -0.459423 -0.131181 -0.743358 -0.655904 0.000000 -0.954480 -0.298275 -0.192450 -0.962250 -0.192450 -0.121054 -0.968435 -0.217898 0.047338 -0.970431 -0.236691 0.123091 -0.984732 0.123091 -0.146472 -0.952069 -0.268532 0.000000 -0.996938 -0.078191
-0.836536 -0.032174 -0.546966 0.000000 -0.771930 -0.635707 0.000000 -0.954480 -0.298275 -0.192450 -0.962250 -0.192450 -0.118279 -0.969888 -0.212902 0.047338 -0.970431 -0.236691 0.123091 -0.984732 0.123091 -0.146472 -0.952069 -0.268532 0.000000 -0.998274 -0.058722
-0.756376 -0.034381 -0.653233 0.090443 -0.768767 -0.633102 0.000000 -0.945687 -0.325080 -0.192450 -0.962250 -0.192450 -0.118846 -0.974535 -0.190153 0.047338 -0.970431 -0.236691 0.123091 -0.984732 0.123091 -0.146472 -0.952069 -0.268532 0.000000 -0.998274 -0.058722
-0.587775 -0.036736 -0.808190 0.134976 -0.764866 -0.629890 0.000000 -0.948683 -0.316228 -0.192450 -0.962250 -0.192450 -0.118846 -0.974535 -0.190153 0.047338 -0.970431 -0.236691 0.123091 -0.984732 0.123091 -0.146472 -0.952069 -0.268532 0.000000 -0.998205 -0.059892
-0.446767 -0.044677 -0.893534 0.197952 -0.712627 -0.673036 0.000000 -0.948683 -0.316228 -0.192450 -0.962250 -0.192450 -0.116153 -0.975689 -0.185846 0.047338 -0.970431 -0.236691 0.123091 -0.984732 0.123091 -0.149953 -0.949703 -0.274914 0.000000 -0.999232 -0.039186
-0.263117 0.000000 -0.964764 0.264764 -0.718646 -0.642999 0.000000 -0.948683 -0.316228 -0.192450 -0.962250 -0.192450 -0.116153 -0.975689 -0.185846 0.047338 -0.970431 -0.236691 0.123377 -0.987019 0.102815 -0.149953 -0.949703 -0.274914 0.000000 -0.999808 -0.019604
0.000000 0.086630 -0.996241 0.251773 -0.719350 -0.647415 0.000000 -0.945687 -0.325080 -0.185567 -0.964951 -0.185567 -0.115624 -0.971244 -0.208124 0.047338 -0.970431 -0.236691 0.103054 -0.989323 0.103054 -0.149953 -0.949703 -0.274914 0.000000 -1.000000 0.000000
0.169944 0.127458 -0.977176 0.284988 -0.712470 -0.641223 0.000000 -0.945687 -0.325080 -0.185567 -0.964951 -0.185567 -0.115624 -0.971244 -0.208124 0.047338 -0.970431 -0.236691 0.103054 -0.989323 0.103054 -0.175384 -0.952085 -0.250549 -0.019600 -0.999616 0.019600
0.241955 0.069130 -0.967822 0.284356 -0.771822 -0.568711 0.000000 -0.954480 -0.298275 -0.185567 -0.964951 -0.185567 -0.092723 -0.973590 -0.208626 0.048450 -0.969003 -0.242251 0.101181 -0.991570 0.080944 -0.175384 -0.952085 -0.250549 -0.019600 -0.999616 0.019600
0.264616 0.099231 -0.959235 0.328244 -0.779579 -0.533396 0.000000 -0.951709 -0.307003 -0.185567 -0.964951 -0.185567 -0.092723 -0.973590 -0.208626 0.048450 -0.969003 -0.242251 0.101181 -0.991570 0.080944 -0.175384 -0.952085 -0.250549 -0.019600 -0.999616 0.019600
0.324443 0.097333 -0.940884 0.297402 -0.807233 -0.509831 0.000000 -0.951709 -0.307003 -0.192450 -0.962250 -0.192450 -0.092723 -0.973590 -0.208626 0.048450 -0.969003 -0.242251 0.101181 -0.991570 0.080944 -0.175384 -0.952085 -0.250549 -0.019589 -0.999040 0.039178
0.362462 0.131804 -0.922631 0.307860 -0.791639 -0.527759 0.000000 -0.960346 -0.278810 -0.192450 -0.962250 -0.192450 -0.092723 -0.973590 -0.208626 0.048450 -0.969003 -0.242251 0.101181 -0.991570 0.080944 -0.176439 -0.957814 -0.226851 -0.019589 -0.999040 0.039178
0.333333 0.133333 -0.933333 0.346844 -0.780399 -0.520266 0.000000 -0.960346 -0.278810 -0.154997 -0.968730 -0.193746 -0.092723 -0.973590 -0.208626 0.048450 -0.969003 -0.242251 0.101181 -0.991570 0.080944 -0.175384 -0.952085 -0.250549 -0.019589 -0.999040 0.039178
0.344010 0.137604 -0.928828 0.346844 -0.780399 -0.520266 -0.030686 -0.951260 -0.306858 -0.154997 -0.968730 -0.193746 -0.093149 -0.978068 -0.186299 0.048450 -0.969003 -0.242251 0.101181 -0.991570 0.080944 -0.175384 -0.952085 -0.250549 -0.019589 -0.999040 0.039178
0.313150 0.139178 -0.939450 0.375653 -0.751305 -0.542610 -0.029814 -0.954056 -0.298142 -0.154997 -0.968730 -0.193746 -0.093149 -0.978068 -0.186299 0.048450 -0.969003 -0.242251 0.101181 -0.991570 0.080944 -0.175384 -0.952085 -0.250549 -0.019589 -0.999040 0.039178
0.281265 0.140633 -0.949269 0.375653 -0.751305 -0.542610 -0.029814 -0.954056 -0.298142 -0.154997 -0.968730 -0.193746 -0.069995 -0.979929 -0.186653 0.048450 -0.969003 -0.242251 0.081094 -0.993402 0.081094 -0.175384 -0.952085 -0.250549 -0.019589 -0.999040 0.039178
0.325183 0.108394 -0.939418 0.338971 -0.762684 -0.550828 -0.030069 -0.962216 -0.270623 -0.153732 -0.960828 -0.230599 -0.069995 -0.979929 -0.186653 0.048450 -0.969003 -0.242251 0.081094 -0.993402 0.081094 -0.175384 -0.952085 -0.250549 -0.019589 -0.999040 0.039178
0.314485 0.104828 -0.943456 0.346844 -0.780399 -0.520266 -0.030069 -0.962216 -0.270623 -0.154997 -0.968730 -0.193746 -0.069995 -0.979929 -0.186653 0.048450 -0.969003 -0.242251 0.081211 -0.994834 0.060908 -0.175384 -0.952085 -0.250549 -0.019589 -0.999040 0.039178
0.282490 0.105934 -0.953403 0.346844 -0.780399 -0.520266 -0.030069 -0.962216 -0.270623 -0.154997 -0.968730 -0.193746 -0.071632 -0.978969 -0.191018 0.048450 -0.969003 -0.242251 0.081211 -0.994834 0.060908 -0.175384 -0.952085 -0.250549 -0.019589 -0.999040 0.039178
0.282490 0.105934 -0.953403 0.346844 -0.780399 -0.520266 -0.029814 -0.954056 -0.298142 -0.154997 -0.968730 -0.193746 -0.071632 -0.978969 -0.191018 0.048450 -0.969003 -0.242251 0.081211 -0.994834 0.060908 -0.175384 -0.952085 -0.250549 -0.019589 -0.999040 0.039178
0.282490 0.105934 -0.953403 0.346844 -0.780399 -0.520266 -0.029814 -0.954056 -0.298142 -0.154997 -0.968730 -0.193746 -0.071632 -0.978969 -0.191018 0.048450 -0.969003 -0.242251 0.081211 -0.994834 0.060908 -0.175384 -0.952085 -0.250549 -0.019589 -0.999040 0.039178
0.282490 0.105934 -0.953403 0.346844 -0.780399 -0.520266 -0.029814 -0.954056 -0.298142 -0.154997 -0.968730 -0.193746 -0.071632 -0.978969 -0.191018 0.048450 -0.969003 -0.242251 0.081211 -0.994834 0.060908 -0.175384 -0.952085 -0.250549 -0.019589 -0.999040 0.039178
0.314485 0.104828 -0.943456 0.307860 -0.791639 -0.527759 -0.029814 -0.954056 -0.298142 -0.154997 -0.968730 -0.193746 -0.071632 -0.978969 -0.191018 0.048450 -0.969003 -0.242251 0.081211 -0.994834 0.060908 -0.175384 -0.952085 -0.250549 -0.019589 -0.999040 0.039178
0.304430 0.101477 -0.947114 0.307860 -0.791639 -0.527759 -0.029814 -0.954056 -0.298142 -0.154997 -0.968730 -0.193746 -0.071632 -0.978969 -0.191018 0.048450 -0.969003 -0.242251 0.081211 -0.994834 0.060908 -0.175384 -0.952085 -0.250549 -0.019589 -0.999040 0.039178
0.295758 0.065724 -0.952999 0.326732 -0.793492 -0.513436 -0.029814 -0.954056 -0.298142 -0.154997 -0.968730 -0.193746 -0.071632 -0.978969 -0.191018 0.048450 -0.969003 -0.242251 0.081211 -0.994834 0.060908 -0.175384 -0.952085 -0.250549 -0.019589 -0.999040 0.039178
