-0.456387 0.880175 -0.130396 -0.622799 -0.077850 -0.778499 0.030861 -0.987541 -0.154303 -0.078206 -0.977577 -0.195515 0.000000 -1.000000 0.000000 0.048593 -0.996156 -0.072889 0.057406 -0.975909 0.210490 -0.047351 -0.994379 -0.094703 0.000000 -0.990342 0.138648
-0.513036 0.845000 -0.150893 -0.565916 -0.161690 -0.808452 0.029801 -0.983433 -0.178806 -0.078206 -0.977577 -0.195515 0.000000 -1.000000 0.000000 0.048593 -0.996156 -0.072889 0.057406 -0.975909 0.210490 -0.047351 -0.994379 -0.094703 0.000000 -0.990342 0.138648
-0.576552 0.788966 -0.212414 -0.569181 -0.121967 -0.813116 0.029801 -0.983433 -0.178806 -0.078206 -0.977577 -0.195515 -0.023250 -0.999730 0.000000 0.048593 -0.996156 -0.072889 0.057406 -0.975909 0.210490 -0.047351 -0.994379 -0.094703 0.000000 -0.990342 0.138648
-0.653363 0.691796 -0.307465 -0.653620 0.000000 -0.756823 0.029801 -0.983433 -0.178806 -0.139262 -0.974835 -0.174078 -0.023250 -0.999730 0.000000 0.048593 -0.996156 -0.072889 0.057406 -0.975909 0.210490 -0.047351 -0.994379 -0.094703 0.019803 -0.990148 0.138621
-0.773479 0.527372 -0.351581 -0.629740 -0.104957 -0.769683 0.029801 -0.983433 -0.178806 -0.180187 -0.973012 -0.144150 -0.023243 -0.999460 -0.023243 0.048593 -0.996156 -0.072889 0.057406 -0.975909 0.210490 -0.047351 -0.994379 -0.094703 0.019803 -0.990148 0.138621
-0.825625 0.344010 -0.447214 -0.614868 -0.239115 -0.751506 0.029801 -0.983433 -0.178806 -0.174078 -0.974835 -0.139262 -0.023243 -0.999460 -0.023243 0.048593 -0.996156 -0.072889 0.057406 -0.975909 0.210490 -0.047351 -0.994379 -0.094703 0.019803 -0.990148 0.138621
-0.853310 0.147122 -0.500216 -0.532330 -0.461353 -0.709773 0.029630 -0.977805 -0.207413 -0.174821 -0.978997 -0.104893 -0.023776 -0.998586 -0.047552 0.048593 -0.996156 -0.072889 0.057406 -0.975909 0.210490 -0.047351 -0.994379 -0.094703 0.019803 -0.990148 0.138621
-0.859455 -0.110897 -0.499038 -0.426241 -0.658737 -0.619987 0.030514 -0.976445 -0.213597 -0.169031 -0.980379 -0.101419 -0.023776 -0.998586 -0.047552 0.048593 -0.996156 -0.072889 0.057406 -0.975909 0.210490 -0.047351 -0.994379 -0.094703 0.000000 -0.990342 0.138648
-0.837227 -0.297080 -0.459124 -0.308148 -0.808890 -0.500741 0.030514 -0.976445 -0.213597 -0.169031 -0.980379 -0.101419 -0.023776 -0.998586 -0.047552 0.048593 -0.996156 -0.072889 0.057406 -0.975909 0.210490 -0.047351 -0.994379 -0.094703 0.000000 -0.990342 0.138648
-0.796391 -0.466850 -0.384465 -0.294684 -0.847216 -0.442026 0.055945 -0.979045 -0.195809 -0.224231 -0.971666 -0.074744 -0.023742 -0.997178 -0.071227 0.048593 -0.996156 -0.072889 0.057406 -0.975909 0.210490 -0.047351 -0.994379 -0.094703 0.000000 -0.990342 0.138648
-0.786939 -0.533994 -0.309155 -0.256288 -0.878702 -0.402739 0.054153 -0.974755 -0.216612 -0.233197 -0.971653 -0.038866 -0.023742 -0.997178 -0.071227 0.048593 -0.996156 -0.072889 0.057406 -0.975909 0.210490 -0.047351 -0.994379 -0.094703 -0.019803 -0.990148 0.138621
-0.776195 -0.574960 -0.258732 -0.251610 -0.898606 -0.359443 0.052760 -0.976053 -0.211038 -0.242338 -0.969351 -0.040390 -0.023742 -0.997178 -0.071227 0.048593 -0.996156 -0.072889 0.057406 -0.975909 0.210490 -0.047351 -0.994379 -0.094703 -0.019803 -0.990148 0.138621
-0.763370 -0.593732 -0.254457 -0.257674 -0.920263 -0.294484 0.052760 -0.976053 -0.211038 -0.242338 -0.969351 -0.040390 -0.023742 -0.997178 -0.071227 0.048593 -0.996156 -0.072889 0.057406 -0.975909 0.210490 -0.047351 -0.994379 -0.094703 -0.019803 -0.990148 0.138621
-0.761420 -0.614993 -0.204998 -0.291536 -0.911051 -0.291536 0.026407 -0.977073 -0.211259 -0.242338 -0.969351 -0.040390 -0.023742 -0.997178 -0.071227 0.048593 -0.996156 -0.072889 0.076444 -0.974661 0.210221 -0.047351 -0.994379 -0.094703 -0.019803 -0.990148 0.138621
-0.791044 -0.585959 -0.175788 -0.291536 -0.911051 -0.291536 0.026547 -0.982224 -0.185826 -0.203785 -0.978167 -0.040757 -0.023742 -0.997178 -0.071227 0.048593 -0.996156 -0.072889 0.076444 -0.974661 0.210221 -0.047351 -0.994379 -0.094703 -0.019803 -0.990148 0.138621
-0.817889 -0.525786 -0.233682 -0.301511 -0.904534 -0.301511 0.026547 -0.982224 -0.185826 -0.203785 -0.978167 -0.040757 -0.024318 -0.997039 -0.072954 0.048593 -0.996156 -0.072889 0.076444 -0.974661 0.210221 -0.047351 -0.994379 -0.094703 -0.039583 -0.989566 0.138539
-0.840799 -0.450428 -0.300285 -0.312110 -0.897315 -0.312110 0.026547 -0.982224 -0.185826 -0.212238 -0.976296 -0.042448 -0.024318 -0.997039 -0.072954 0.048593 -0.996156 -0.072889 0.076444 -0.974661 0.210221 -0.047351 -0.994379 -0.094703 -0.039583 -0.989566 0.138539
-0.845385 -0.362308 -0.392500 -0.312110 -0.897315 -0.312110 0.027257 -0.981251 -0.190799 -0.212238 -0.976296 -0.042448 -0.024318 -0.997039 -0.072954 0.048593 -0.996156 -0.072889 0.076444 -0.974661 0.210221 -0.047351 -0.994379 -0.094703 -0.039583 -0.989566 0.138539
-0.809345 -0.311286 -0.498058 -0.318981 -0.877197 -0.358854 0.027257 -0.981251 -0.190799 -0.212238 -0.976296 -0.042448 -0.024318 -0.997039 -0.072954 0.048593 -0.996156 -0.072889 0.076444 -0.974661 0.210221 -0.047351 -0.994379 -0.094703 -0.039583 -0.989566 0.138539
-0.765816 -0.233075 -0.599334 -0.318981 -0.877197 -0.358854 0.027257 -0.981251 -0.190799 -0.212430 -0.977176 0.000000 -0.024318 -0.997039 -0.072954 0.048593 -0.996156 -0.072889 0.076444 -0.974661 0.210221 -0.047351 -0.994379 -0.094703 -0.039583 -0.989566 0.138539
-0.713774 -0.162221 -0.681330 -0.244745 -0.897399 -0.367118 0.057831 -0.983135 -0.173494 -0.233197 -0.971653 -0.038866 -0.024318 -0.997039 -0.072954 0.048593 -0.996156 -0.072889 0.076444 -0.974661 0.210221 -0.047351 -0.994379 -0.094703 -0.039583 -0.989566 0.138539
-0.650557 -0.154895 -0.743494 -0.085671 -0.899541 -0.428353 0.059815 -0.986945 -0.149537 -0.224231 -0.971666 -0.074744 -0.024318 -0.997039 -0.072954 0.048593 -0.996156 -0.072889 0.076444 -0.974661 0.210221 -0.047351 -0.994379 -0.094703 -0.039583 -0.989566 0.138539
-0.552345 -0.092057 -0.828517 -0.042954 -0.902027 -0.429537 0.061633 -0.986134 -0.154083 -0.216366 -0.973645 -0.072122 -0.024318 -0.997039 -0.072954 0.048593 -0.996156 -0.072889 0.076444 -0.974661 0.210221 -0.047351 -0.994379 -0.094703 -0.039583 -0.989566 0.138539
-0.458094 -0.098163 -0.883467 0.042954 -0.902027 -0.429537 0.061314 -0.981023 -0.183942 -0.216366 -0.973645 -0.072122 -0.024354 -0.998516 -0.048708 0.048593 -0.996156 -0.072889 0.076444 -0.974661 0.210221 -0.047351 -0.994379 -0.094703 -0.039583 -0.989566 0.138539
-0.387458 -0.105670 -0.915811 0.084066 -0.882696 -0.462364 0.063564 -0.985245 -0.158910 -0.208389 -0.972480 -0.104194 -0.024354 -0.998516 -0.048708 0.048593 -0.996156 -0.072889 0.076444 -0.974661 0.210221 -0.047351 -0.994379 -0.094703 -0.039583 -0.989566 0.138539
-0.273275 -0.102478 -0.956462 0.249783 -0.874241 -0.416305 0.063564 -0.985245 -0.158910 -0.208389 -0.972480 -0.104194 -0.024354 -0.998516 -0.048708 0.048593 -0.996156 -0.072889 0.057406 -0.975909 0.210490 -0.047351 -0.994379 -0.094703 -0.039583 -0.989566 0.138539
-0.198006 -0.154004 -0.968027 0.431934 -0.863868 -0.259161 0.061314 -0.981023 -0.183942 -0.208389 -0.972480 -0.104194 -0.024354 -0.998516 -0.048708 0.048593 -0.996156 -0.072889 0.057406 -0.975909 0.210490 -0.047351 -0.994379 -0.094703 -0.039583 -0.989566 0.138539
0.000000 -0.160071 -0.987105 0.354594 -0.930809 -0.088648 0.060943 -0.975084 -0.213300 -0.208389 -0.972480 -0.104194 -0.024354 -0.998516 -0.048708 0.048593 -0.996156 -0.072889 0.057406 -0.975909 0.210490 -0.047351 -0.994379 -0.094703 -0.039467 -0.986671 0.157867
0.233471 -0.155647 -0.959826 0.302920 -0.952033 0.043274 0.060943 -0.975084 -0.213300 -0.208389 -0.972480 -0.104194 -0.024354 -0.998516 -0.048708 0.048593 -0.996156 -0.072889 0.057406 -0.975909 0.210490 -0.047351 -0.994379 -0.094703 -0.039467 -0.986671 0.157867
0.441745 -0.155910 -0.883489 0.262865 -0.963837 0.043811 0.060943 -0.975084 -0.213300 -0.208389 -0.972480 -0.104194 0.000000 -0.998812 -0.048723 0.048593 -0.996156 -0.072889 0.057406 -0.975909 0.210490 -0.047351 -0.994379 -0.094703 -0.039467 -0.986671 0.157867
0.611820 -0.139050 -0.778680 0.262865 -0.963837 0.043811 0.060523 -0.968364 -0.242091 -0.208389 -0.972480 -0.104194 0.000000 -0.998812 -0.048723 0.048593 -0.996156 -0.072889 0.057406 -0.975909 0.210490 -0.047351 -0.994379 -0.094703 -0.019745 -0.987248 0.157960
0.625262 -0.142105 -0.767368 0.262111 -0.961074 0.087370 0.060523 -0.968364 -0.242091 -0.209020 -0.975426 -0.069673 0.000000 -0.998812 -0.048723 0.048593 -0.996156 -0.072889 0.057406 -0.975909 0.210490 -0.047351 -0.994379 -0.094703 -0.019745 -0.987248 0.157960
0.699557 -0.145741 -0.699557 0.262111 -0.961074 0.087370 0.060523 -0.968364 -0.242091 -0.209020 -0.975426 -0.069673 0.000000 -0.998812 -0.048723 0.048593 -0.996156 -0.072889 0.057628 -0.979683 0.192095 -0.047351 -0.994379 -0.094703 -0.019745 -0.987248 0.157960
0.717002 -0.124696 -0.685828 0.302920 -0.952033 0.043274 0.060523 -0.968364 -0.242091 -0.209020 -0.975426 -0.069673 0.000000 -0.998812 -0.048723 0.048593 -0.996156 -0.072889 0.057628 -0.979683 0.192095 -0.047351 -0.994379 -0.094703 -0.019680 -0.983993 0.177119
0.701334 -0.127515 -0.701334 0.290159 -0.953381 0.082903 0.030303 -0.969697 -0.242424 -0.175358 -0.982003 -0.070143 0.000000 -0.998812 -0.048723 0.048593 -0.996156 -0.072889 0.057628 -0.979683 0.192095 -0.047351 -0.994379 -0.094703 -0.019680 -0.983993 0.177119
0.719453 -0.093842 -0.688172 0.210725 -0.969334 0.126435 0.030303 -0.969697 -0.242424 -0.175358 -0.982003 -0.070143 0.000000 -0.998812 -0.048723 0.048665 -0.997629 -0.048665 0.057628 -0.979683 0.192095 -0.047351 -0.994379 -0.094703 -0.019680 -0.983993 0.177119
0.705774 -0.061372 -0.705774 0.162221 -0.973329 0.162221 0.030303 -0.969697 -0.242424 -0.175358 -0.982003 -0.070143 0.000000 -0.998812 -0.048723 0.048665 -0.997629 -0.048665 0.057628 -0.979683 0.192095 -0.047351 -0.994379 -0.094703 -0.019680 -0.983993 0.177119
0.690656 -0.060057 -0.720685 0.161034 -0.966204 0.201292 0.030303 -0.969697 -0.242424 -0.175358 -0.982003 -0.070143 0.000000 -0.998812 -0.048723 0.048665 -0.997629 -0.048665 0.057628 -0.979683 0.192095 -0.047351 -0.994379 -0.094703 -0.019680 -0.983993 0.177119
