-0.529999 0.847998 0.000000 -0.640126 0.202145 -0.741199 0.064282 -0.964237 -0.257130 -0.150329 -0.977140 -0.150329 -0.066503 -0.997540 0.022168 0.092623 -0.995701 0.000000 0.118632 -0.968826 0.217492 -0.094703 -0.994379 -0.047351 0.000000 -0.992586 0.121541
-0.431455 0.902134 0.000000 -0.639529 0.223835 -0.735459 0.064786 -0.971795 -0.226752 -0.156055 -0.975343 -0.156055 -0.066454 -0.996805 0.044302 0.092623 -0.995701 0.000000 0.118632 -0.968826 0.217492 -0.094703 -0.994379 -0.047351 0.000000 -0.994834 0.101514
-0.537431 0.824061 -0.179144 -0.629198 0.000000 -0.777245 0.064282 -0.964237 -0.257130 -0.174821 -0.978997 -0.104893 -0.066454 -0.996805 0.044302 0.092623 -0.995701 0.000000 0.118632 -0.968826 0.217492 -0.094703 -0.994379 -0.047351 0.000000 -0.994834 0.101514
-0.625779 0.736210 -0.257674 -0.617213 -0.154303 -0.771517 0.064282 -0.964237 -0.257130 -0.174821 -0.978997 -0.104893 -0.066503 -0.997540 0.022168 0.092623 -0.995701 0.000000 0.118632 -0.968826 0.217492 -0.094703 -0.994379 -0.047351 0.000000 -0.994834 0.101514
-0.721995 0.618853 -0.309426 -0.602595 -0.263635 -0.753244 0.064282 -0.964237 -0.257130 -0.181608 -0.980684 -0.072643 -0.068024 -0.997684 0.000000 0.092623 -0.995701 0.000000 0.118632 -0.968826 0.217492 -0.094703 -0.994379 -0.047351 0.000000 -0.994834 0.101514
-0.768221 0.512148 -0.384111 -0.588968 -0.404916 -0.699400 0.064282 -0.964237 -0.257130 -0.181608 -0.980684 -0.072643 -0.046449 -0.998651 -0.023224 0.092623 -0.995701 0.000000 0.118632 -0.968826 0.217492 -0.094703 -0.994379 -0.047351 0.000000 -0.994834 0.101514
-0.786084 0.379489 -0.487914 -0.536481 -0.651441 -0.536481 0.033223 -0.963460 -0.265782 -0.202145 -0.977035 -0.067382 -0.046411 -0.997844 -0.046411 0.092623 -0.995701 0.000000 0.118632 -0.968826 0.217492 -0.094703 -0.994379 -0.047351 0.000000 -0.994834 0.101514
-0.832684 0.134304 -0.537215 -0.505259 -0.699590 -0.505259 0.032191 -0.965734 -0.257529 -0.202145 -0.977035 -0.067382 -0.023776 -0.998586 -0.047552 0.092623 -0.995701 0.000000 0.118632 -0.968826 0.217492 -0.094703 -0.994379 -0.047351 0.000000 -0.994834 0.101514
-0.852198 -0.133156 -0.505992 -0.418763 -0.761387 -0.494902 0.066336 -0.961869 -0.265343 -0.195698 -0.978492 -0.065233 -0.023776 -0.998586 -0.047552 0.092623 -0.995701 0.000000 0.118632 -0.968826 0.217492 -0.094703 -0.994379 -0.047351 0.000000 -0.994834 0.101514
-0.805535 -0.363790 -0.467730 -0.413990 -0.790345 -0.451626 0.066890 -0.969905 -0.234115 -0.195180 -0.975900 -0.097590 -0.023776 -0.998586 -0.047552 0.092623 -0.995701 0.000000 0.116401 -0.970006 0.213401 -0.094703 -0.994379 -0.047351 0.000000 -0.995037 0.099504
-0.736601 -0.558801 -0.381000 -0.420903 -0.803543 -0.420903 0.062348 -0.966394 -0.249392 -0.209020 -0.975426 -0.069673 -0.023776 -0.998586 -0.047552 0.092599 -0.995434 -0.023150 0.116401 -0.970006 0.213401 -0.094703 -0.994379 -0.047351 -0.019897 -0.994840 0.099484
-0.675183 -0.675183 -0.297080 -0.408248 -0.816497 -0.408248 0.060057 -0.960913 -0.270257 -0.216789 -0.975550 -0.036131 -0.023776 -0.998586 -0.047552 0.092599 -0.995434 -0.023150 0.116401 -0.970006 0.213401 -0.094703 -0.994379 -0.047351 -0.019897 -0.994840 0.099484
-0.652714 -0.707107 -0.271964 -0.365148 -0.839841 -0.401663 0.028205 -0.958984 -0.282054 -0.181969 -0.982631 -0.036394 -0.024354 -0.998516 -0.048708 0.092599 -0.995434 -0.023150 0.116863 -0.973862 0.194772 -0.094703 -0.994379 -0.047351 -0.019897 -0.994840 0.099484
-0.659440 -0.689414 -0.299745 -0.358979 -0.861550 -0.358979 0.026755 -0.963173 -0.267548 -0.188713 -0.981307 -0.037743 -0.024354 -0.998516 -0.048708 0.092599 -0.995434 -0.023150 0.116863 -0.973862 0.194772 -0.094703 -0.994379 -0.047351 -0.039770 -0.994250 0.099425
-0.629317 -0.723714 -0.283193 -0.358979 -0.861550 -0.358979 0.025898 -0.958215 -0.284875 -0.188713 -0.981307 -0.037743 -0.024354 -0.998516 -0.048708 0.092599 -0.995434 -0.023150 0.116863 -0.973862 0.194772 -0.092524 -0.994635 -0.046262 -0.040572 -0.994015 0.101430
-0.643823 -0.708205 -0.289720 -0.348155 -0.870388 -0.348155 0.025898 -0.958215 -0.284875 -0.188713 -0.981307 -0.037743 -0.024354 -0.998516 -0.048708 0.092599 -0.995434 -0.023150 0.116863 -0.973862 0.194772 -0.094703 -0.994379 -0.047351 -0.039770 -0.994250 0.099425
-0.639401 -0.706706 -0.302874 -0.378188 -0.859518 -0.343807 0.025270 -0.960258 -0.277969 -0.188713 -0.981307 -0.037743 -0.024376 -0.999406 -0.024376 0.115470 -0.993042 -0.023094 0.116863 -0.973862 0.194772 -0.094703 -0.994379 -0.047351 -0.039770 -0.994250 0.099425
-0.654783 -0.689246 -0.310160 -0.389640 -0.850124 -0.354218 0.025270 -0.960258 -0.277969 -0.188713 -0.981307 -0.037743 -0.024376 -0.999406 -0.024376 0.115470 -0.993042 -0.023094 0.116863 -0.973862 0.194772 -0.094703 -0.994379 -0.047351 -0.039770 -0.994250 0.099425
-0.678139 -0.642448 -0.356915 -0.389640 -0.850124 -0.354218 0.026082 -0.965035 -0.260820 -0.181969 -0.982631 -0.036394 -0.024376 -0.999406 -0.024376 0.115470 -0.993042 -0.023094 0.116863 -0.973862 0.194772 -0.094703 -0.994379 -0.047351 -0.039770 -0.994250 0.099425
-0.721218 -0.540914 -0.432731 -0.389640 -0.850124 -0.354218 0.026755 -0.963173 -0.267548 -0.188713 -0.981307 -0.037743 -0.024383 -0.999703 0.000000 0.115470 -0.993042 -0.023094 0.116863 -0.973862 0.194772 -0.094703 -0.994379 -0.047351 -0.039770 -0.994250 0.099425
-0.739693 -0.493129 -0.457905 -0.358979 -0.861550 -0.358979 0.027462 -0.961161 -0.274618 -0.188713 -0.981307 -0.037743 0.000000 -1.000000 0.000000 0.115470 -0.993042 -0.023094 0.116863 -0.973862 0.194772 -0.094703 -0.994379 -0.047351 -0.039770 -0.994250 0.099425
-0.732098 -0.413795 -0.541116 -0.276268 -0.907738 -0.315735 0.027842 -0.974481 -0.222738 -0.188311 -0.979217 -0.075324 0.000000 -1.000000 0.000000 0.115470 -0.993042 -0.023094 0.116863 -0.973862 0.194772 -0.094703 -0.994379 -0.047351 -0.039770 -0.994250 0.099425
-0.721662 -0.390900 -0.571316 -0.208878 -0.919063 -0.334205 0.029437 -0.971429 -0.235498 -0.188311 -0.979217 -0.075324 0.000000 -1.000000 0.000000 0.115470 -0.993042 -0.023094 0.116863 -0.973862 0.194772 -0.094703 -0.994379 -0.047351 -0.039770 -0.994250 0.099425
-0.663084 -0.347330 -0.663084 -0.208878 -0.919063 -0.334205 0.029437 -0.971429 -0.235498 -0.188311 -0.979217 -0.075324 0.000000 -1.000000 0.000000 0.115470 -0.993042 -0.023094 0.116863 -0.973862 0.194772 -0.094703 -0.994379 -0.047351 -0.039770 -0.994250 0.099425
-0.654477 -0.256100 -0.711388 0.000000 -0.952926 -0.303204 0.030303 -0.969697 -0.242424 -0.188311 -0.979217 -0.075324 0.000000 -1.000000 0.000000 0.115470 -0.993042 -0.023094 0.116863 -0.973862 0.194772 -0.094703 -0.994379 -0.047351 -0.039770 -0.994250 0.099425
-0.584915 -0.222825 -0.779887 0.172774 -0.950255 -0.259161 0.030303 -0.969697 -0.242424 -0.188311 -0.979217 -0.075324 0.000000 -1.000000 0.000000 0.115470 -0.993042 -0.023094 0.116863 -0.973862 0.194772 -0.094703 -0.994379 -0.047351 -0.039770 -0.994250 0.099425
-0.525786 -0.233682 -0.817889 0.264906 -0.927173 -0.264906 0.062807 -0.973515 -0.219826 -0.181012 -0.977466 -0.108607 0.000000 -1.000000 0.000000 0.115470 -0.993042 -0.023094 0.116863 -0.973862 0.194772 -0.094703 -0.994379 -0.047351 -0.039770 -0.994250 0.099425
-0.403604 -0.269069 -0.874475 0.301511 -0.904534 -0.301511 0.062807 -0.973515 -0.219826 -0.181012 -0.977466 -0.108607 0.000000 -1.000000 0.000000 0.115470 -0.993042 -0.023094 0.097590 -0.975900 0.195180 -0.094703 -0.994379 -0.047351 -0.039684 -0.992095 0.119051
-0.195594 -0.260793 -0.945373 0.339887 -0.892205 -0.297402 0.062348 -0.966394 -0.249392 -0.181608 -0.980684 -0.072643 0.000000 -1.000000 0.000000 0.115470 -0.993042 -0.023094 0.097945 -0.979451 0.176301 -0.094703 -0.994379 -0.047351 -0.040481 -0.991773 0.121442
-0.033981 -0.305832 -0.951479 0.339887 -0.892205 -0.297402 0.031220 -0.967805 -0.249756 -0.146157 -0.986559 -0.073078 0.000000 -1.000000 0.000000 0.115470 -0.993042 -0.023094 0.097945 -0.979451 0.176301 -0.094703 -0.994379 -0.047351 -0.040481 -0.991773 0.121442
0.169031 -0.371868 -0.912767 0.353209 -0.883022 -0.309058 0.032191 -0.965734 -0.257529 -0.140633 -0.984428 -0.105474 0.000000 -1.000000 0.000000 0.115470 -0.993042 -0.023094 0.097945 -0.979451 0.176301 -0.094703 -0.994379 -0.047351 -0.040481 -0.991773 0.121442
0.370505 -0.339629 -0.864511 0.267793 -0.937276 -0.223161 0.032191 -0.965734 -0.257529 -0.140633 -0.984428 -0.105474 0.000000 -1.000000 0.000000 0.115470 -0.993042 -0.023094 0.097945 -0.979451 0.176301 -0.094703 -0.994379 -0.047351 -0.040373 -0.989142 0.141306
0.497511 -0.331674 -0.801545 0.231372 -0.971764 -0.046274 0.032191 -0.965734 -0.257529 -0.140633 -0.984428 -0.105474 0.000000 -1.000000 0.000000 0.115470 -0.993042 -0.023094 0.097945 -0.979451 0.176301 -0.094703 -0.994379 -0.047351 -0.020199 -0.989748 0.141393
0.585471 -0.319348 -0.745145 0.171341 -0.985212 0.000000 0.032191 -0.965734 -0.257529 -0.140633 -0.984428 -0.105474 0.000000 -1.000000 0.000000 0.115470 -0.993042 -0.023094 0.097945 -0.979451 0.176301 -0.094703 -0.994379 -0.047351 -0.020199 -0.989748 0.141393
0.626213 -0.326720 -0.707893 0.171184 -0.984309 0.042796 0.032444 -0.973329 -0.227110 -0.145671 -0.983282 -0.109254 0.000000 -1.000000 0.000000 0.115470 -0.993042 -0.023094 0.097945 -0.979451 0.176301 -0.094703 -0.994379 -0.047351 -0.020199 -0.989748 0.141393
0.630488 -0.315244 -0.709299 0.169944 -0.977176 0.127458 0.031220 -0.967805 -0.249756 -0.109764 -0.987878 -0.109764 0.000000 -1.000000 0.000000 0.115470 -0.993042 -0.023094 0.097945 -0.979451 0.176301 -0.094703 -0.994379 -0.047351 -0.020199 -0.989748 0.141393
0.635553 -0.291295 -0.714997 0.168880 -0.971061 0.168880 0.031220 -0.967805 -0.249756 -0.109764 -0.987878 -0.109764 0.000000 -1.000000 0.000000 0.115501 -0.993307 0.000000 0.097945 -0.979451 0.176301 -0.094703 -0.994379 -0.047351 -0.020199 -0.989748 0.141393
0.635553 -0.291295 -0.714997 0.167542 -0.963364 0.209427 0.062348 -0.966394 -0.249392 -0.109764 -0.987878 -0.109764 0.000000 -1.000000 0.000000 0.115501 -0.993307 0.000000 0.097945 -0.979451 0.176301 -0.094703 -0.994379 -0.047351 -0.020137 -0.986733 0.161099
0.631620 -0.302079 -0.714006 0.167542 -0.963364 0.209427 0.062348 -0.966394 -0.249392 -0.109764 -0.987878 -0.109764 0.000000 -1.000000 0.000000 0.115501 -0.993307 0.000000 0.099860 -0.978631 0.179749 -0.094703 -0.994379 -0.047351 -0.020137 -0.986733 0.161099
0.619780 -0.281718 -0.732467 0.207793 -0.955847 0.207793 0.060523 -0.968364 -0.242091 -0.109764 -0.987878 -0.109764 0.000000 -1.000000 0.000000 0.115501 -0.993307 0.000000 0.099860 -0.978631 0.179749 -0.094703 -0.994379 -0.047351 -0.020137 -0.986733 0.161099
0.596841 -0.312631 -0.738947 0.216371 -0.952033 0.216371 0.060523 -0.968364 -0.242091 -0.109764 -0.987878 -0.109764 0.000000 -1.000000 0.000000 0.115501 -0.993307 0.000000 0.080032 -0.980392 0.180072 -0.094703 -0.994379 -0.047351 -0.020137 -0.986733 0.161099
0.596841 -0.312631 -0.738947 0.216371 -0.952033 0.216371 0.060523 -0.968364 -0.242091 -0.146157 -0.986559 -0.073078 0.000000 -0.999703 -0.024383 0.115501 -0.993307 0.000000 0.080032 -0.980392 0.180072 -0.094703 -0.994379 -0.047351 -0.020137 -0.986733 0.161099
0.590796 -0.324938 -0.738495 0.219687 -0.966625 0.131812 0.060943 -0.975084 -0.213300 -0.145671 -0.983282 -0.109254 0.000000 -0.999703 -0.024383 0.115501 -0.993307 0.000000 0.080032 -0.980392 0.180072 -0.094703 -0.994379 -0.047351 -0.020137 -0.986733 0.161099
0.583212 -0.291606 -0.758175 0.219687 -0.966625 0.131812 0.060943 -0.975084 -0.213300 -0.145671 -0.983282 -0.109254 0.000000 -0.999703 -0.024383 0.115501 -0.993307 0.000000 0.080032 -0.980392 0.180072 -0.094703 -0.994379 -0.047351 -0.020137 -0.986733 0.161099
0.583212 -0.291606 -0.758175 0.219687 -0.966625 0.131812 0.060523 -0.968364 -0.242091 -0.145671 -0.983282 -0.109254 0.000000 -0.999703 -0.024383 0.115501 -0.993307 0.000000 0.080032 -0.980392 0.180072 -0.094703 -0.994379 -0.047351 -0.020137 -0.986733 0.161099
