-0.519656 0.844441 -0.129914 -0.470757 -0.342368 -0.813125 0.030686 -0.951260 -0.306858 -0.114541 -0.992685 -0.038180 -0.023796 -0.999434 -0.023796 0.044390 -0.998768 -0.022195 0.042400 -0.953998 0.296799 -0.108034 -0.993912 0.021607 -0.021953 -0.987878 0.153670
-0.550533 0.825800 -0.122341 -0.444994 -0.400495 -0.800989 0.031607 -0.948209 -0.316070 -0.110357 -0.993211 -0.036786 -0.023796 -0.999434 -0.023796 0.044390 -0.998768 -0.022195 0.042400 -0.953998 0.296799 -0.108034 -0.993912 0.021607 -0.021953 -0.987878 0.153670
-0.620066 0.738173 -0.265742 -0.415139 -0.461266 -0.784152 0.032582 -0.944871 -0.325818 -0.106466 -0.993683 -0.035489 -0.023796 -0.999434 -0.023796 0.043427 -0.998821 -0.021713 0.063529 -0.952928 0.296466 -0.108034 -0.993912 0.021607 -0.021953 -0.987878 0.153670
-0.661477 0.632717 -0.402638 -0.410365 -0.547153 -0.729537 0.000000 -0.955064 -0.296399 -0.102839 -0.994107 -0.034280 -0.023796 -0.999434 -0.023796 0.044401 -0.999014 0.000000 0.063917 -0.958750 0.276972 -0.108034 -0.993912 0.021607 -0.021953 -0.987878 0.153670
-0.714006 0.466850 -0.521773 -0.363261 -0.635707 -0.681115 0.000000 -0.960346 -0.278810 -0.110357 -0.993211 -0.036786 -0.023796 -0.999434 -0.023796 0.044401 -0.999014 0.000000 0.063917 -0.958750 0.276972 -0.108034 -0.993912 0.021607 -0.021953 -0.987878 0.153670
-0.773402 0.240021 -0.586719 -0.312737 -0.714827 -0.625474 0.000000 -0.960346 -0.278810 -0.146450 -0.988540 -0.036613 -0.023796 -0.999434 -0.023796 0.044401 -0.999014 0.000000 0.063917 -0.958750 0.276972 -0.108034 -0.993912 0.021607 -0.022439 -0.987332 0.157075
-0.770091 -0.082510 -0.632575 -0.310881 -0.754997 -0.577350 0.000000 -0.960346 -0.278810 -0.181969 -0.982631 -0.036394 -0.023796 -0.999434 -0.023796 0.044401 -0.999014 0.000000 0.063917 -0.958750 0.276972 -0.115378 -0.992249 -0.046151 -0.022439 -0.987332 0.157075
-0.745145 -0.319348 -0.585471 -0.290910 -0.789613 -0.540262 0.031220 -0.967805 -0.249756 -0.209529 -0.977802 0.000000 -0.024376 -0.999406 -0.024376 0.044401 -0.999014 0.000000 0.063917 -0.958750 0.276972 -0.115378 -0.992249 -0.046151 -0.022439 -0.987332 0.157075
-0.718024 -0.478683 -0.505276 -0.290910 -0.789613 -0.540262 0.027106 -0.975828 -0.216851 -0.252422 -0.967617 0.000000 -0.024376 -0.999406 -0.024376 0.044401 -0.999014 0.000000 0.063917 -0.958750 0.276972 -0.112795 -0.992593 -0.045118 -0.044845 -0.986587 0.156957
-0.686465 -0.584767 -0.432219 -0.287456 -0.821302 -0.492781 0.026407 -0.977073 -0.211259 -0.263117 -0.964764 0.000000 -0.024376 -0.999406 -0.024376 0.044401 -0.999014 0.000000 0.063917 -0.958750 0.276972 -0.110432 -0.993884 0.000000 -0.044845 -0.986587 0.156957
-0.673221 -0.619364 -0.403933 -0.314027 -0.824322 -0.471041 0.026407 -0.977073 -0.211259 -0.274721 -0.961524 0.000000 -0.024376 -0.999406 -0.024376 0.044401 -0.999014 0.000000 0.063917 -0.958750 0.276972 -0.110432 -0.993884 0.000000 -0.044845 -0.986587 0.156957
-0.680414 -0.625981 -0.381032 -0.304114 -0.836315 -0.456172 0.027106 -0.975828 -0.216851 -0.263117 -0.964764 0.000000 -0.024376 -0.999406 -0.024376 0.044401 -0.999014 0.000000 0.063917 -0.958750 0.276972 -0.110405 -0.993641 0.022081 -0.044845 -0.986587 0.156957
-0.672398 -0.644382 -0.364216 -0.304114 -0.836315 -0.456172 0.027106 -0.975828 -0.216851 -0.263117 -0.964764 0.000000 -0.024376 -0.999406 -0.024376 0.044401 -0.999014 0.000000 0.063917 -0.958750 0.276972 -0.110405 -0.993641 0.022081 -0.067183 -0.985349 0.156760
-0.689098 -0.602961 -0.401974 -0.299392 -0.860753 -0.411665 0.000000 -0.974859 -0.222825 -0.252422 -0.967617 0.000000 -0.024376 -0.999406 -0.024376 0.044390 -0.998768 -0.022195 0.063529 -0.952928 0.296466 -0.110405 -0.993641 0.022081 -0.067183 -0.985349 0.156760
-0.750375 -0.510255 -0.420210 -0.299392 -0.860753 -0.411665 0.000000 -0.974859 -0.222825 -0.252422 -0.967617 0.000000 -0.024376 -0.999406 -0.024376 0.044390 -0.998768 -0.022195 0.063529 -0.952928 0.296466 -0.110405 -0.993641 0.022081 -0.065732 -0.985979 0.153375
-0.772991 -0.432875 -0.463794 -0.299392 -0.860753 -0.411665 0.000000 -0.974859 -0.222825 -0.252422 -0.967617 0.000000 -0.024376 -0.999406 -0.024376 0.044390 -0.998768 -0.022195 0.063529 -0.952928 0.296466 -0.110432 -0.993884 0.000000 -0.065497 -0.982448 0.174658
-0.768594 -0.368925 -0.522644 -0.299392 -0.860753 -0.411665 0.000000 -0.974859 -0.222825 -0.252422 -0.967617 0.000000 -0.024376 -0.999406 -0.024376 0.044390 -0.998768 -0.022195 0.063529 -0.952928 0.296466 -0.110432 -0.993884 0.000000 -0.065497 -0.982448 0.174658
-0.771884 -0.308754 -0.555757 -0.299392 -0.860753 -0.411665 0.000000 -0.974859 -0.222825 -0.252199 -0.966762 0.042033 -0.024376 -0.999406 -0.024376 0.044390 -0.998768 -0.022195 0.063529 -0.952928 0.296466 -0.110432 -0.993884 0.000000 -0.065497 -0.982448 0.174658
-0.771069 -0.296565 -0.563473 -0.283190 -0.849569 -0.445012 0.000000 -0.970143 -0.242536 -0.262865 -0.963837 0.043811 -0.024376 -0.999406 -0.024376 0.044390 -0.998768 -0.022195 0.063529 -0.952928 0.296466 -0.110432 -0.993884 0.000000 -0.065497 -0.982448 0.174658
-0.715266 -0.248788 -0.653069 -0.283190 -0.849569 -0.445012 0.000000 -0.970143 -0.242536 -0.262865 -0.963837 0.043811 -0.024376 -0.999406 -0.024376 0.044390 -0.998768 -0.022195 0.063529 -0.952928 0.296466 -0.088540 -0.996073 0.000000 -0.065497 -0.982448 0.174658
-0.677057 -0.206061 -0.706494 -0.249783 -0.874241 -0.416305 0.029437 -0.971429 -0.235498 -0.233373 -0.972387 0.000000 -0.024376 -0.999406 -0.024376 0.044390 -0.998768 -0.022195 0.063529 -0.952928 0.296466 -0.088540 -0.996073 0.000000 -0.065497 -0.982448 0.174658
-0.610278 -0.213597 -0.762848 -0.176090 -0.880451 -0.440225 0.030514 -0.976445 -0.213597 -0.233197 -0.971653 -0.038866 -0.024376 -0.999406 -0.024376 0.044390 -0.998768 -0.022195 0.063529 -0.952928 0.296466 -0.088540 -0.996073 0.000000 -0.065497 -0.982448 0.174658
-0.552877 -0.174593 -0.814766 -0.132973 -0.886484 -0.443242 0.031450 -0.974958 -0.220152 -0.224702 -0.973708 -0.037450 -0.024376 -0.999406 -0.024376 0.044390 -0.998768 -0.022195 0.063529 -0.952928 0.296466 -0.088540 -0.996073 0.000000 -0.065497 -0.982448 0.174658
-0.471677 -0.194220 -0.860116 -0.046524 -0.883960 -0.465242 0.031220 -0.967805 -0.249756 -0.224702 -0.973708 -0.037450 -0.024376 -0.999406 -0.024376 0.044390 -0.998768 -0.022195 0.063529 -0.952928 0.296466 -0.088540 -0.996073 0.000000 -0.065497 -0.982448 0.174658
-0.368878 -0.198627 -0.908007 0.047511 -0.902717 -0.427603 0.032191 -0.965734 -0.257529 -0.216789 -0.975550 -0.036131 -0.024376 -0.999406 -0.024376 0.044390 -0.998768 -0.022195 0.063529 -0.952928 0.296466 -0.088540 -0.996073 0.000000 -0.065497 -0.982448 0.174658
-0.215105 -0.215105 -0.952607 0.047511 -0.902717 -0.427603 0.032444 -0.973329 -0.227110 -0.216366 -0.973645 -0.072122 -0.024376 -0.999406 -0.024376 0.044390 -0.998768 -0.022195 0.063529 -0.952928 0.296466 -0.088540 -0.996073 0.000000 -0.065233 -0.978492 0.195698
-0.121212 -0.212121 -0.969697 0.135526 -0.903508 -0.406579 0.032191 -0.965734 -0.257529 -0.216366 -0.973645 -0.072122 -0.024376 -0.999406 -0.024376 0.044390 -0.998768 -0.022195 0.063529 -0.952928 0.296466 -0.088540 -0.996073 0.000000 -0.065233 -0.978492 0.195698
0.096926 -0.226160 -0.969256 0.135526 -0.903508 -0.406579 0.032191 -0.965734 -0.257529 -0.216366 -0.973645 -0.072122 -0.024376 -0.999406 -0.024376 0.044390 -0.998768 -0.022195 0.042400 -0.953998 0.296799 -0.088540 -0.996073 0.000000 -0.065233 -0.978492 0.195698
0.314102 -0.279202 -0.907406 0.176090 -0.880451 -0.440225 0.032191 -0.965734 -0.257529 -0.181608 -0.980684 -0.072643 -0.024376 -0.999406 -0.024376 0.044390 -0.998768 -0.022195 0.042400 -0.953998 0.296799 -0.088540 -0.996073 0.000000 -0.065233 -0.978492 0.195698
0.449215 -0.209633 -0.868481 0.176090 -0.968496 -0.176090 0.032191 -0.965734 -0.257529 -0.181608 -0.980684 -0.072643 -0.024376 -0.999406 -0.024376 0.044390 -0.998768 -0.022195 0.042400 -0.953998 0.296799 -0.088540 -0.996073 0.000000 -0.065233 -0.978492 0.195698
0.591373 -0.168964 -0.788498 0.128861 -0.987935 -0.085907 0.031911 -0.957338 -0.287202 -0.181608 -0.980684 -0.072643 -0.024376 -0.999406 -0.024376 0.044390 -0.998768 -0.022195 0.042400 -0.953998 0.296799 -0.088540 -0.996073 0.000000 -0.065233 -0.978492 0.195698
0.671608 -0.139918 -0.727575 0.157867 -0.986671 -0.039467 0.031911 -0.957338 -0.287202 -0.181608 -0.980684 -0.072643 -0.024376 -0.999406 -0.024376 0.044390 -0.998768 -0.022195 0.042400 -0.953998 0.296799 -0.088540 -0.996073 0.000000 -0.064942 -0.974126 0.216473
0.727079 -0.134644 -0.673221 0.157991 -0.987441 0.000000 0.031911 -0.957338 -0.287202 -0.181969 -0.982631 -0.036394 -0.024376 -0.999406 -0.024376 0.044390 -0.998768 -0.022195 0.042400 -0.953998 0.296799 -0.088540 -0.996073 0.000000 -0.064942 -0.974126 0.216473
0.752373 -0.134352 -0.644891 0.157991 -0.987441 0.000000 0.031911 -0.957338 -0.287202 -0.181969 -0.982631 -0.036394 -0.024376 -0.999406 -0.024376 0.044390 -0.998768 -0.022195 0.042400 -0.953998 0.296799 -0.088540 -0.996073 0.000000 -0.064942 -0.974126 0.216473
0.765473 -0.136692 -0.628782 0.196116 -0.980581 0.000000 0.031911 -0.957338 -0.287202 -0.181969 -0.982631 -0.036394 -0.024376 -0.999406 -0.024376 0.044390 -0.998768 -0.022195 0.042400 -0.953998 0.296799 -0.088540 -0.996073 0.000000 -0.064942 -0.974126 0.216473
0.765473 -0.136692 -0.628782 0.195965 -0.979827 0.039193 0.031911 -0.957338 -0.287202 -0.181969 -0.982631 -0.036394 -0.024376 -0.999406 -0.024376 0.044401 -0.999014 0.000000 0.042660 -0.959840 0.277287 -0.088540 -0.996073 0.000000 -0.064942 -0.974126 0.216473
0.756448 -0.112066 -0.644382 0.233197 -0.971653 0.038866 0.030964 -0.959886 -0.278677 -0.188713 -0.981307 -0.037743 -0.024376 -0.999406 -0.024376 0.044401 -0.999014 0.000000 0.042660 -0.959840 0.277287 -0.110432 -0.993884 0.000000 -0.064942 -0.974126 0.216473
0.756448 -0.112066 -0.644382 0.233373 -0.972387 0.000000 0.030964 -0.959886 -0.278677 -0.188713 -0.981307 -0.037743 0.000000 -0.999703 -0.024383 0.044401 -0.999014 0.000000 0.042660 -0.959840 0.277287 -0.110432 -0.993884 0.000000 -0.064942 -0.974126 0.216473
0.744073 -0.114473 -0.658218 0.233373 -0.972387 0.000000 0.030964 -0.959886 -0.278677 -0.188713 -0.981307 -0.037743 0.000000 -0.999703 -0.024383 0.044401 -0.999014 0.000000 0.042904 -0.965345 0.257425 -0.110432 -0.993884 0.000000 -0.064942 -0.974126 0.216473
0.746215 -0.086102 -0.660113 0.233373 -0.972387 0.000000 0.030964 -0.959886 -0.278677 -0.188847 -0.982006 0.000000 0.000000 -0.999703 -0.024383 0.044401 -0.999014 0.000000 0.042904 -0.965345 0.257425 -0.110405 -0.993641 0.022081 -0.065233 -0.978492 0.195698
0.733078 -0.087969 -0.674432 0.233373 -0.972387 0.000000 0.031220 -0.967805 -0.249756 -0.188713 -0.981307 -0.037743 0.000000 -0.999703 -0.024383 0.044401 -0.999014 0.000000 0.042904 -0.965345 0.257425 -0.110405 -0.993641 0.022081 -0.065233 -0.978492 0.195698
0.733078 -0.087969 -0.674432 0.233373 -0.972387 0.000000 0.031220 -0.967805 -0.249756 -0.224702 -0.973708 -0.037450 0.000000 -0.999703 -0.024383 0.044401 -0.999014 0.000000 0.042904 -0.965345 0.257425 -0.110405 -0.993641 0.022081 -0.065233 -0.978492 0.195698
0.733078 -0.087969 -0.674432 0.233373 -0.972387 0.000000 0.031220 -0.967805 -0.249756 -0.224702 -0.973708 -0.037450 0.000000 -0.999703 -0.024383 0.044401 -0.999014 0.000000 0.042904 -0.965345 0.257425 -0.110405 -0.993641 0.022081 -0.065233 -0.978492 0.195698
0.733078 -0.087969 -0.674432 0.233373 -0.972387 0.000000 0.031220 -0.967805 -0.249756 -0.224702 -0.973708 -0.037450 0.000000 -0.999703 -0.024383 0.044401 -0.999014 0.000000 0.042904 -0.965345 0.257425 -0.110405 -0.993641 0.022081 -0.065233 -0.978492 0.195698
0.733078 -0.087969 -0.674432 0.233373 -0.972387 0.000000 0.030964 -0.959886 -0.278677 -0.224702 -0.973708 -0.037450 0.000000 -0.999703 -0.024383 0.066519 -0.997785 0.000000 0.021467 -0.966012 0.257603 -0.110405 -0.993641 0.022081 -0.065233 -0.978492 0.195698
