-0.548230 0.822346 -0.152286 -0.445435 -0.089087 -0.890871 0.000000 -0.968277 -0.249878 -0.123613 -0.988903 -0.082409 -0.023776 -0.998586 -0.047552 0.086548 -0.995307 0.043274 0.064625 -0.969368 0.236957 -0.086548 -0.995307 -0.043274 -0.022439 -0.987332 0.157075
-0.590586 0.777087 -0.217584 -0.443242 -0.132973 -0.886484 -0.030303 -0.969697 -0.242424 -0.082761 -0.993127 -0.082761 -0.023224 -0.998651 -0.046449 0.086548 -0.995307 0.043274 0.064625 -0.969368 0.236957 -0.086548 -0.995307 -0.043274 -0.022439 -0.987332 0.157075
-0.629317 0.723714 -0.283193 -0.440225 -0.176090 -0.880451 -0.030303 -0.969697 -0.242424 -0.082409 -0.988903 -0.123613 -0.023243 -0.999460 -0.023243 0.086548 -0.995307 0.043274 0.064625 -0.969368 0.236957 -0.086548 -0.995307 -0.043274 0.000000 -0.987580 0.157115
-0.676178 0.646779 -0.352789 -0.390935 -0.304061 -0.868744 0.000000 -0.971850 -0.235600 -0.170716 -0.981616 -0.085358 -0.023243 -0.999460 -0.023243 0.086548 -0.995307 0.043274 0.064282 -0.964237 0.257130 -0.086548 -0.995307 -0.043274 0.000000 -0.987580 0.157115
-0.668142 0.580993 -0.464794 -0.447955 -0.447955 -0.773740 0.000000 -0.964764 -0.263117 -0.178707 -0.982888 -0.044677 -0.023224 -0.998651 -0.046449 0.086548 -0.995307 0.043274 0.064282 -0.964237 0.257130 -0.086548 -0.995307 -0.043274 0.000000 -0.987580 0.157115
-0.715455 0.400655 -0.572364 -0.462223 -0.500741 -0.731853 0.000000 -0.959366 -0.282166 -0.231372 -0.971764 -0.046274 -0.046411 -0.997844 -0.046411 0.086548 -0.995307 0.043274 0.064282 -0.964237 0.257130 -0.086548 -0.995307 -0.043274 0.000000 -0.987580 0.157115
-0.742869 0.110055 -0.660328 -0.414870 -0.622305 -0.663792 0.000000 -0.959366 -0.282166 -0.231372 -0.971764 -0.046274 -0.047511 -0.997740 -0.047511 0.086548 -0.995307 0.043274 0.064282 -0.964237 0.257130 -0.086548 -0.995307 -0.043274 0.000000 -0.987580 0.157115
-0.745938 -0.186484 -0.639375 -0.393750 -0.669374 -0.629999 -0.029814 -0.954056 -0.298142 -0.164260 -0.985562 -0.041065 -0.047511 -0.997740 -0.047511 0.086548 -0.995307 0.043274 0.064282 -0.964237 0.257130 -0.086548 -0.995307 -0.043274 0.000000 -0.987580 0.157115
-0.714997 -0.423702 -0.556108 -0.392534 -0.706562 -0.588802 0.000000 -0.961524 -0.274721 -0.231621 -0.972806 0.000000 -0.047511 -0.997740 -0.047511 0.086548 -0.995307 0.043274 0.064282 -0.964237 0.257130 -0.086548 -0.995307 -0.043274 -0.022439 -0.987332 0.157075
-0.703732 -0.541332 -0.460132 -0.348481 -0.735683 -0.580802 0.000000 -0.956352 -0.292219 -0.242251 -0.969003 0.048450 -0.047511 -0.997740 -0.047511 0.086548 -0.995307 0.043274 0.064282 -0.964237 0.257130 -0.086548 -0.995307 -0.043274 -0.022439 -0.987332 0.157075
-0.707107 -0.565685 -0.424264 -0.345898 -0.768662 -0.538064 0.000000 -0.956352 -0.292219 -0.287019 -0.956730 0.047836 -0.047511 -0.997740 -0.047511 0.086548 -0.995307 0.043274 0.064282 -0.964237 0.257130 -0.086548 -0.995307 -0.043274 -0.022439 -0.987332 0.157075
-0.713011 -0.564467 -0.415923 -0.335877 -0.783713 -0.522475 0.000000 -0.956352 -0.292219 -0.287019 -0.956730 0.047836 -0.047552 -0.998586 -0.023776 0.086548 -0.995307 0.043274 0.064282 -0.964237 0.257130 -0.086548 -0.995307 -0.043274 -0.022439 -0.987332 0.157075
-0.734045 -0.550533 -0.397607 -0.326250 -0.797499 -0.507500 0.000000 -0.965363 -0.260909 -0.242251 -0.969003 0.048450 -0.047552 -0.998586 -0.023776 0.086548 -0.995307 0.043274 0.064282 -0.964237 0.257130 -0.086548 -0.995307 -0.043274 -0.022439 -0.987332 0.157075
-0.736807 -0.521905 -0.429804 -0.338002 -0.826227 -0.450669 0.026082 -0.965035 -0.260820 -0.287019 -0.956730 0.047836 -0.047552 -0.998586 -0.023776 0.086548 -0.995307 0.043274 0.064282 -0.964237 0.257130 -0.086548 -0.995307 -0.043274 -0.044845 -0.986587 0.156957
-0.760088 -0.443384 -0.475055 -0.338002 -0.826227 -0.450669 0.026082 -0.965035 -0.260820 -0.287019 -0.956730 0.047836 -0.047552 -0.998586 -0.023776 0.086548 -0.995307 0.043274 0.064282 -0.964237 0.257130 -0.086548 -0.995307 -0.043274 -0.044845 -0.986587 0.156957
-0.764316 -0.350311 -0.541390 -0.338002 -0.826227 -0.450669 0.026252 -0.971333 -0.236270 -0.287019 -0.956730 0.047836 -0.048708 -0.998516 -0.024354 0.086548 -0.995307 0.043274 0.064282 -0.964237 0.257130 -0.107958 -0.993217 -0.043183 -0.044845 -0.986587 0.156957
-0.745284 -0.310535 -0.590017 -0.348743 -0.813733 -0.464991 0.026407 -0.977073 -0.211259 -0.287348 -0.957826 0.000000 -0.048708 -0.998516 -0.024354 0.086548 -0.995307 0.043274 0.064282 -0.964237 0.257130 -0.107958 -0.993217 -0.043183 -0.044845 -0.986587 0.156957
-0.757576 -0.242424 -0.606061 -0.287456 -0.821302 -0.492781 0.026407 -0.977073 -0.211259 -0.287348 -0.957826 0.000000 -0.048708 -0.998516 -0.024354 0.086609 -0.996007 0.021652 0.063917 -0.958750 0.276972 -0.107958 -0.993217 -0.043183 -0.044845 -0.986587 0.156957
-0.720787 -0.201820 -0.663124 -0.263625 -0.834812 -0.483312 0.029801 -0.983433 -0.178806 -0.242338 -0.969351 -0.040390 -0.024376 -0.999406 -0.024376 0.086609 -0.996007 0.021652 0.063917 -0.958750 0.276972 -0.107958 -0.993217 -0.043183 -0.044845 -0.986587 0.156957
-0.669840 -0.145617 -0.728087 -0.222058 -0.843820 -0.488527 0.061633 -0.986134 -0.154083 -0.259259 -0.962963 -0.074074 -0.024376 -0.999406 -0.024376 0.086630 -0.996241 0.000000 0.063917 -0.958750 0.276972 -0.107958 -0.993217 -0.043183 -0.044845 -0.986587 0.156957
-0.639092 -0.145248 -0.755291 -0.181818 -0.818182 -0.545455 0.063855 -0.989754 -0.127710 -0.215666 -0.970495 -0.107833 -0.024376 -0.999406 -0.024376 0.086609 -0.996007 0.021652 0.063917 -0.958750 0.276972 -0.107958 -0.993217 -0.043183 -0.044845 -0.986587 0.156957
-0.592869 -0.088930 -0.800373 -0.092057 -0.828517 -0.552345 0.065618 -0.984268 -0.164045 -0.208389 -0.972480 -0.104194 -0.024376 -0.999406 -0.024376 0.086609 -0.996007 0.021652 0.063917 -0.958750 0.276972 -0.107958 -0.993217 -0.043183 -0.044845 -0.986587 0.156957
-0.491157 -0.086675 -0.866748 0.000000 -0.853282 -0.521450 0.067382 -0.977035 -0.202145 -0.202145 -0.977035 -0.067382 -0.024376 -0.999406 -0.024376 0.086609 -0.996007 0.021652 0.064282 -0.964237 0.257130 -0.107958 -0.993217 -0.043183 -0.044845 -0.986587 0.156957
-0.365220 -0.084282 -0.927098 0.096674 -0.870063 -0.483368 0.066890 -0.969905 -0.234115 -0.209020 -0.975426 -0.069673 -0.024376 -0.999406 -0.024376 0.086609 -0.996007 0.021652 0.064282 -0.964237 0.257130 -0.107958 -0.993217 -0.043183 -0.044845 -0.986587 0.156957
-0.281161 -0.084348 -0.955947 0.138380 -0.876405 -0.461266 0.033223 -0.963460 -0.265782 -0.175358 -0.982003 -0.070143 -0.024376 -0.999406 -0.024376 0.086609 -0.996007 0.021652 0.064282 -0.964237 0.257130 -0.107958 -0.993217 -0.043183 -0.044845 -0.986587 0.156957
-0.229267 -0.101896 -0.968015 0.183147 -0.869950 -0.457869 0.064282 -0.964237 -0.257130 -0.181608 -0.980684 -0.072643 -0.024376 -0.999406 -0.024376 0.086609 -0.996007 0.021652 0.064282 -0.964237 0.257130 -0.107958 -0.993217 -0.043183 -0.044677 -0.982888 0.178707
-0.056478 -0.141196 -0.988369 0.231372 -0.879215 -0.416470 0.063725 -0.955879 -0.286764 -0.181608 -0.980684 -0.072643 -0.024376 -0.999406 -0.024376 0.086609 -0.996007 0.021652 0.064282 -0.964237 0.257130 -0.107958 -0.993217 -0.043183 -0.044677 -0.982888 0.178707
0.171219 -0.171219 -0.970241 0.243396 -0.924906 -0.292075 0.063725 -0.955879 -0.286764 -0.181969 -0.982631 -0.036394 -0.024376 -0.999406 -0.024376 0.086609 -0.996007 0.021652 0.064282 -0.964237 0.257130 -0.107958 -0.993217 -0.043183 -0.044677 -0.982888 0.178707
0.395944 -0.091372 -0.913717 0.216371 -0.952033 -0.216371 0.063119 -0.946792 -0.315597 -0.181969 -0.982631 -0.036394 -0.024354 -0.998516 -0.048708 0.086548 -0.995307 0.043274 0.064282 -0.964237 0.257130 -0.105691 -0.993500 -0.042277 -0.044677 -0.982888 0.178707
0.573132 -0.090495 -0.814451 0.210725 -0.969334 -0.126435 0.063725 -0.955879 -0.286764 -0.188311 -0.979217 -0.075324 -0.024354 -0.998516 -0.048708 0.086548 -0.995307 0.043274 0.064282 -0.964237 0.257130 -0.105691 -0.993500 -0.042277 -0.044488 -0.978745 0.200198
0.621970 -0.093296 -0.777463 0.211667 -0.973668 -0.084667 0.094444 -0.944443 -0.314814 -0.188311 -0.979217 -0.075324 0.000000 -0.998812 -0.048723 0.086548 -0.995307 0.043274 0.064282 -0.964237 0.257130 -0.105691 -0.993500 -0.042277 -0.044488 -0.978745 0.200198
0.690656 -0.060057 -0.720685 0.202444 -0.971732 -0.121466 0.063119 -0.946792 -0.315597 -0.151620 -0.985527 -0.075810 0.000000 -0.998812 -0.048723 0.086548 -0.995307 0.043274 0.064282 -0.964237 0.257130 -0.105691 -0.993500 -0.042277 -0.044488 -0.978745 0.200198
0.690656 -0.060057 -0.720685 0.203279 -0.975739 -0.081312 0.063119 -0.946792 -0.315597 -0.151620 -0.985527 -0.075810 0.000000 -0.998812 -0.048723 0.086548 -0.995307 0.043274 0.064282 -0.964237 0.257130 -0.105691 -0.993500 -0.042277 -0.044488 -0.978745 0.200198
0.706773 -0.030729 -0.706773 0.195515 -0.977577 -0.078206 0.063119 -0.946792 -0.315597 -0.188311 -0.979217 -0.075324 0.000000 -0.999703 -0.024383 0.086609 -0.996007 0.021652 0.064282 -0.964237 0.257130 -0.105691 -0.993500 -0.042277 -0.044488 -0.978745 0.200198
0.691592 -0.030069 -0.721662 0.195965 -0.979827 -0.039193 0.063119 -0.946792 -0.315597 -0.188311 -0.979217 -0.075324 0.000000 -0.999703 -0.024383 0.086609 -0.996007 0.021652 0.064282 -0.964237 0.257130 -0.105691 -0.993500 -0.042277 -0.044281 -0.974176 0.221404
0.691592 -0.030069 -0.721662 0.157867 -0.986671 -0.039467 0.063119 -0.946792 -0.315597 -0.188713 -0.981307 -0.037743 0.000000 -0.999703 -0.024383 0.086609 -0.996007 0.021652 0.064282 -0.964237 0.257130 -0.105691 -0.993500 -0.042277 -0.044281 -0.974176 0.221404
0.677057 0.000000 -0.735931 0.157500 -0.984374 -0.078750 0.063119 -0.946792 -0.315597 -0.188713 -0.981307 -0.037743 0.000000 -0.999703 -0.024383 0.086609 -0.996007 0.021652 0.064282 -0.964237 0.257130 -0.105691 -0.993500 -0.042277 -0.044281 -0.974176 0.221404
0.660628 0.000000 -0.750714 0.157500 -0.984374 -0.078750 0.063725 -0.955879 -0.286764 -0.188713 -0.981307 -0.037743 0.000000 -0.999703 -0.024383 0.086609 -0.996007 0.021652 0.064282 -0.964237 0.257130 -0.105691 -0.993500 -0.042277 -0.044281 -0.974176 0.221404
0.660628 0.000000 -0.750714 0.157500 -0.984374 -0.078750 0.063725 -0.955879 -0.286764 -0.188713 -0.981307 -0.037743 0.000000 -0.999703 -0.024383 0.086609 -0.996007 0.021652 0.064282 -0.964237 0.257130 -0.105691 -0.993500 -0.042277 -0.044281 -0.974176 0.221404
0.660628 0.000000 -0.750714 0.157500 -0.984374 -0.078750 0.061839 -0.958508 -0.278277 -0.195965 -0.979827 -0.039193 0.000000 -0.999703 -0.024383 0.086609 -0.996007 0.021652 0.064282 -0.964237 0.257130 -0.105691 -0.993500 -0.042277 -0.044281 -0.974176 0.221404
0.642891 -0.030614 -0.765346 0.163846 -0.983078 -0.081923 0.061839 -0.958508 -0.278277 -0.195965 -0.979827 -0.039193 0.000000 -0.999703 -0.024383 0.086609 -0.996007 0.021652 0.064282 -0.964237 0.257130 -0.107958 -0.993217 -0.043183 -0.044281 -0.974176 0.221404
0.628056 -0.029907 -0.777593 0.163846 -0.983078 -0.081923 0.061839 -0.958508 -0.278277 -0.195965 -0.979827 -0.039193 0.000000 -0.999703 -0.024383 0.086609 -0.996007 0.021652 0.042904 -0.965345 0.257425 -0.107958 -0.993217 -0.043183 -0.044281 -0.974176 0.221404
0.628056 -0.029907 -0.777593 0.163846 -0.983078 -0.081923 0.061839 -0.958508 -0.278277 -0.195965 -0.979827 -0.039193 0.000000 -0.999703 -0.024383 0.086609 -0.996007 0.021652 0.042904 -0.965345 0.257425 -0.107958 -0.993217 -0.043183 -0.044281 -0.974176 0.221404
0.628056 -0.029907 -0.777593 0.163846 -0.983078 -0.081923 0.060523 -0.968364 -0.242091 -0.195965 -0.979827 -0.039193 0.000000 -0.999703 -0.024383 0.086609 -0.996007 0.021652 0.042904 -0.965345 0.257425 -0.107958 -0.993217 -0.043183 -0.044281 -0.974176 0.221404
0.628056 -0.029907 -0.777593 0.163846 -0.983078 -0.081923 0.030303 -0.969697 -0.242424 -0.195965 -0.979827 -0.039193 0.000000 -0.999703 -0.024383 0.086609 -0.996007 0.021652 0.042904 -0.965345 0.257425 -0.107958 -0.993217 -0.043183 -0.044281 -0.974176 0.221404
