-0.555470 0.818587 -0.146176 -0.420331 -0.210166 -0.882696 0.029540 -0.945274 -0.324938 -0.123613 -0.988903 -0.082409 0.000000 -0.999717 -0.023803 0.103517 -0.993765 0.041407 0.066634 -0.955084 0.288746 -0.088540 -0.996073 0.000000 -0.044845 -0.986587 0.156957
-0.550533 0.825800 -0.122341 -0.420331 -0.210166 -0.882696 0.030686 -0.951260 -0.306858 -0.118308 -0.985904 -0.118308 -0.023796 -0.999434 -0.023796 0.103517 -0.993765 0.041407 0.066194 -0.948786 0.308907 -0.088540 -0.996073 0.000000 -0.022439 -0.987332 0.157075
-0.525786 0.817889 -0.233682 -0.470757 -0.342368 -0.813125 0.000000 -0.960346 -0.278810 -0.118308 -0.985904 -0.118308 -0.023796 -0.999434 -0.023796 0.103517 -0.993765 0.041407 0.066194 -0.948786 0.308907 -0.088540 -0.996073 0.000000 -0.022439 -0.987332 0.157075
-0.558341 0.764045 -0.323250 -0.509831 -0.467345 -0.722261 0.000000 -0.951709 -0.307003 -0.118771 -0.989759 -0.079181 -0.023796 -0.999434 -0.023796 0.105691 -0.993500 0.042277 0.066194 -0.948786 0.308907 -0.108059 -0.994144 0.000000 0.000000 -0.987007 0.160676
-0.628828 0.628828 -0.457330 -0.514496 -0.514496 -0.685994 0.000000 -0.961524 -0.274721 -0.134976 -0.989827 -0.044992 -0.023796 -0.999434 -0.023796 0.105691 -0.993500 0.042277 0.066194 -0.948786 0.308907 -0.108059 -0.994144 0.000000 0.000000 -0.987007 0.160676
-0.735938 0.436111 -0.517882 -0.436436 -0.567367 -0.698297 -0.027462 -0.961161 -0.274618 -0.178707 -0.982888 -0.044677 -0.023796 -0.999434 -0.023796 0.105691 -0.993500 0.042277 0.066194 -0.948786 0.308907 -0.108059 -0.994144 0.000000 0.000000 -0.987007 0.160676
-0.773402 0.240021 -0.586719 -0.401690 -0.624851 -0.669483 -0.030069 -0.962216 -0.270623 -0.157867 -0.986671 -0.039467 -0.023796 -0.999434 -0.023796 0.105691 -0.993500 0.042277 0.066194 -0.948786 0.308907 -0.108059 -0.994144 0.000000 0.000000 -0.987007 0.160676
-0.810658 -0.086856 -0.579042 -0.390567 -0.650945 -0.650945 -0.030964 -0.959886 -0.278677 -0.152057 -0.988372 0.000000 -0.023796 -0.999434 -0.023796 0.086548 -0.995307 0.043274 0.064836 -0.950921 0.302566 -0.108059 -0.994144 0.000000 -0.022948 -0.986747 0.160633
-0.779887 -0.334237 -0.529209 -0.341432 -0.725542 -0.597505 -0.031911 -0.957338 -0.287202 -0.182089 -0.983282 0.000000 -0.023796 -0.999434 -0.023796 0.086548 -0.995307 0.043274 0.064836 -0.950921 0.302566 -0.108059 -0.994144 0.000000 -0.022948 -0.986747 0.160633
-0.768061 -0.466323 -0.438892 -0.300676 -0.773166 -0.558398 -0.032915 -0.954547 -0.296239 -0.175791 -0.984428 0.000000 -0.023796 -0.999434 -0.023796 0.086548 -0.995307 0.043274 0.064836 -0.950921 0.302566 -0.108059 -0.994144 0.000000 -0.022948 -0.986747 0.160633
-0.774916 -0.487910 -0.401808 -0.287456 -0.821302 -0.492781 -0.028421 -0.966315 -0.255789 -0.212430 -0.977176 0.000000 -0.023796 -0.999434 -0.023796 0.086447 -0.994144 0.064836 0.064836 -0.950921 0.302566 -0.108059 -0.994144 0.000000 -0.045859 -0.985969 0.160507
-0.777087 -0.528419 -0.341918 -0.287456 -0.821302 -0.492781 0.000000 -0.970143 -0.242536 -0.274721 -0.961524 0.000000 -0.023776 -0.998586 -0.047552 0.086447 -0.994144 0.064836 0.064836 -0.950921 0.302566 -0.108059 -0.994144 0.000000 -0.045859 -0.985969 0.160507
-0.800022 -0.503718 -0.325935 -0.245358 -0.858754 -0.449823 0.000000 -0.971668 -0.236352 -0.287348 -0.957826 0.000000 -0.023776 -0.998586 -0.047552 0.086447 -0.994144 0.064836 0.064836 -0.950921 0.302566 -0.108059 -0.994144 0.000000 -0.045679 -0.982104 0.182717
-0.800022 -0.503718 -0.325935 -0.245358 -0.858754 -0.449823 0.000000 -0.973080 -0.230466 -0.300753 -0.952384 0.050125 -0.023776 -0.998586 -0.047552 0.086447 -0.994144 0.064836 0.064836 -0.950921 0.302566 -0.108059 -0.994144 0.000000 -0.045679 -0.982104 0.182717
-0.834830 -0.432875 -0.340116 -0.236986 -0.868948 -0.434474 0.000000 -0.973080 -0.230466 -0.300753 -0.952384 0.050125 0.000000 -0.998868 -0.047565 0.086548 -0.995307 0.043274 0.064836 -0.950921 0.302566 -0.108059 -0.994144 0.000000 -0.068430 -0.980826 0.182479
-0.825800 -0.367022 -0.428193 -0.240966 -0.883541 -0.401610 0.000000 -0.973080 -0.230466 -0.300753 -0.952384 0.050125 0.000000 -0.998868 -0.047565 0.086548 -0.995307 0.043274 0.064836 -0.950921 0.302566 -0.108059 -0.994144 0.000000 -0.068430 -0.980826 0.182479
-0.819689 -0.303588 -0.485741 -0.240966 -0.883541 -0.401610 0.025599 -0.972761 -0.230391 -0.300753 -0.952384 0.050125 0.000000 -0.998868 -0.047565 0.086548 -0.995307 0.043274 0.064836 -0.950921 0.302566 -0.108059 -0.994144 0.000000 -0.068430 -0.980826 0.182479
-0.790789 -0.273735 -0.547469 -0.249783 -0.874241 -0.416305 0.025441 -0.966762 -0.254411 -0.300753 -0.952384 0.050125 0.000000 -0.998868 -0.047565 0.086548 -0.995307 0.043274 0.064836 -0.950921 0.302566 -0.110432 -0.993884 0.000000 -0.066932 -0.981664 0.178484
-0.770054 -0.236940 -0.592349 -0.210166 -0.882696 -0.420331 0.025599 -0.972761 -0.230391 -0.301131 -0.953583 0.000000 0.000000 -0.998868 -0.047565 0.086548 -0.995307 0.043274 0.064836 -0.950921 0.302566 -0.110432 -0.993884 0.000000 -0.066932 -0.981664 0.178484
-0.691280 -0.210390 -0.691280 -0.213980 -0.855921 -0.470757 0.029223 -0.964352 -0.263005 -0.242338 -0.969351 -0.040390 0.000000 -0.998868 -0.047565 0.088453 -0.995098 0.044227 0.063529 -0.952928 0.296466 -0.110432 -0.993884 0.000000 -0.066932 -0.981664 0.178484
-0.632599 -0.180743 -0.753094 -0.213980 -0.855921 -0.470757 0.000000 -0.966235 -0.257663 -0.181608 -0.980684 -0.072643 0.000000 -0.998868 -0.047565 0.088453 -0.995098 0.044227 0.063529 -0.952928 0.296466 -0.110432 -0.993884 0.000000 -0.066932 -0.981664 0.178484
-0.545455 -0.181818 -0.818182 -0.186299 -0.838344 -0.512321 0.033501 -0.971537 -0.234509 -0.174821 -0.978997 -0.104893 0.000000 -0.998868 -0.047565 0.088345 -0.993884 0.066259 0.063529 -0.952928 0.296466 -0.110432 -0.993884 0.000000 -0.066932 -0.981664 0.178484
-0.454220 -0.162221 -0.875996 -0.094386 -0.849473 -0.519122 0.034320 -0.960958 -0.274559 -0.169031 -0.980379 -0.101419 0.000000 -0.998868 -0.047565 0.088345 -0.993884 0.066259 0.063529 -0.952928 0.296466 -0.110432 -0.993884 0.000000 -0.066932 -0.981664 0.178484
-0.375315 -0.102359 -0.921228 0.000000 -0.884918 -0.465746 0.034320 -0.960958 -0.274559 -0.169031 -0.980379 -0.101419 0.000000 -0.998868 -0.047565 0.088345 -0.993884 0.066259 0.063529 -0.952928 0.296466 -0.110432 -0.993884 0.000000 -0.066932 -0.981664 0.178484
-0.256468 -0.096176 -0.961756 0.046524 -0.883960 -0.465242 0.034320 -0.960958 -0.274559 -0.169031 -0.980379 -0.101419 0.000000 -0.998868 -0.047565 0.088345 -0.993884 0.066259 0.063529 -0.952928 0.296466 -0.110432 -0.993884 0.000000 -0.066932 -0.981664 0.178484
-0.153213 -0.122570 -0.980562 0.138380 -0.876405 -0.461266 0.032915 -0.954547 -0.296239 -0.175358 -0.982003 -0.070143 0.000000 -0.998812 -0.048723 0.088345 -0.993884 0.066259 0.042400 -0.953998 0.296799 -0.110432 -0.993884 0.000000 -0.066932 -0.981664 0.178484
0.000000 -0.127971 -0.991778 0.183147 -0.869950 -0.457869 0.032915 -0.954547 -0.296239 -0.175358 -0.982003 -0.070143 0.000000 -0.998812 -0.048723 0.088345 -0.993884 0.066259 0.042400 -0.953998 0.296799 -0.110432 -0.993884 0.000000 -0.066932 -0.981664 0.178484
0.167506 -0.167506 -0.971537 0.226805 -0.861858 -0.453609 0.032915 -0.954547 -0.296239 -0.175358 -0.982003 -0.070143 0.000000 -0.998812 -0.048723 0.088345 -0.993884 0.066259 0.042400 -0.953998 0.296799 -0.110432 -0.993884 0.000000 -0.066932 -0.981664 0.178484
0.348062 -0.026774 -0.937089 0.205847 -0.905726 -0.370524 0.032915 -0.954547 -0.296239 -0.141069 -0.987484 -0.070535 0.000000 -0.998812 -0.048723 0.088345 -0.993884 0.066259 0.042400 -0.953998 0.296799 -0.110432 -0.993884 0.000000 -0.066932 -0.981664 0.178484
0.421160 -0.090249 -0.902485 0.259161 -0.950255 -0.172774 0.031911 -0.957338 -0.287202 -0.146157 -0.986559 -0.073078 0.000000 -0.998812 -0.048723 0.088345 -0.993884 0.066259 0.042660 -0.959840 0.277287 -0.110432 -0.993884 0.000000 -0.066932 -0.981664 0.178484
0.551318 -0.110264 -0.826977 0.274721 -0.961524 0.000000 0.031911 -0.957338 -0.287202 -0.146157 -0.986559 -0.073078 0.000000 -0.998812 -0.048723 0.088345 -0.993884 0.066259 0.042660 -0.959840 0.277287 -0.110432 -0.993884 0.000000 -0.066932 -0.981664 0.178484
0.619364 -0.080787 -0.780937 0.259161 -0.950255 0.172774 0.031911 -0.957338 -0.287202 -0.146157 -0.986559 -0.073078 0.000000 -0.998812 -0.048723 0.088345 -0.993884 0.066259 0.042660 -0.959840 0.277287 -0.110432 -0.993884 0.000000 -0.066932 -0.981664 0.178484
0.646159 -0.084282 -0.758535 0.259161 -0.950255 0.172774 0.031607 -0.948209 -0.316070 -0.146450 -0.988540 -0.036613 0.000000 -0.998812 -0.048723 0.088345 -0.993884 0.066259 0.042660 -0.959840 0.277287 -0.110432 -0.993884 0.000000 -0.066932 -0.981664 0.178484
0.705978 -0.056478 -0.705978 0.247016 -0.946895 0.205847 0.031607 -0.948209 -0.316070 -0.146450 -0.988540 -0.036613 0.000000 -0.998812 -0.048723 0.088345 -0.993884 0.066259 0.042660 -0.959840 0.277287 -0.110432 -0.993884 0.000000 -0.066932 -0.981664 0.178484
0.719727 -0.055364 -0.692046 0.205847 -0.946895 0.247016 0.000000 -0.948683 -0.316228 -0.181969 -0.982631 -0.036394 0.000000 -0.998812 -0.048723 0.088345 -0.993884 0.066259 0.042660 -0.959840 0.277287 -0.110432 -0.993884 0.000000 -0.066932 -0.981664 0.178484
0.733632 -0.056433 -0.677199 0.205847 -0.946895 0.247016 0.000000 -0.948683 -0.316228 -0.181969 -0.982631 -0.036394 0.000000 -0.998812 -0.048723 0.088345 -0.993884 0.066259 0.042660 -0.959840 0.277287 -0.110405 -0.993641 0.022081 -0.066932 -0.981664 0.178484
0.733632 -0.056433 -0.677199 0.205847 -0.946895 0.247016 0.000000 -0.957826 -0.287348 -0.181969 -0.982631 -0.036394 0.000000 -0.998812 -0.048723 0.088345 -0.993884 0.066259 0.042660 -0.959840 0.277287 -0.110405 -0.993641 0.022081 -0.066932 -0.981664 0.178484
0.734510 -0.028250 -0.678009 0.207793 -0.955847 0.207793 0.000000 -0.957826 -0.287348 -0.181969 -0.982631 -0.036394 0.000000 -0.998812 -0.048723 0.088345 -0.993884 0.066259 0.042904 -0.965345 0.257425 -0.110405 -0.993641 0.022081 -0.066932 -0.981664 0.178484
0.734510 -0.028250 -0.678009 0.207793 -0.955847 0.207793 0.030964 -0.959886 -0.278677 -0.224702 -0.973708 -0.037450 0.000000 -0.998812 -0.048723 0.088345 -0.993884 0.066259 0.042904 -0.965345 0.257425 -0.110405 -0.993641 0.022081 -0.066932 -0.981664 0.178484
0.734510 -0.028250 -0.678009 0.207793 -0.955847 0.207793 0.030964 -0.959886 -0.278677 -0.224702 -0.973708 -0.037450 0.000000 -0.998812 -0.048723 0.088345 -0.993884 0.066259 0.042904 -0.965345 0.257425 -0.110405 -0.993641 0.022081 -0.066650 -0.977536 0.199951
0.720833 0.000000 -0.693109 0.199840 -0.959233 0.199840 0.031220 -0.967805 -0.249756 -0.224860 -0.974391 0.000000 0.000000 -0.998812 -0.048723 0.088345 -0.993884 0.066259 0.042904 -0.965345 0.257425 -0.088518 -0.995829 0.022130 -0.088714 -0.975852 0.199606
0.734803 0.000000 -0.678280 0.201292 -0.966204 0.161034 0.031220 -0.967805 -0.249756 -0.224860 -0.974391 0.000000 0.024354 -0.998516 -0.048708 0.088345 -0.993884 0.066259 0.042904 -0.965345 0.257425 -0.088518 -0.995829 0.022130 -0.088714 -0.975852 0.199606
0.734803 0.000000 -0.678280 0.201292 -0.966204 0.161034 0.031220 -0.967805 -0.249756 -0.224702 -0.973708 -0.037450 0.024354 -0.998516 -0.048708 0.088345 -0.993884 0.066259 0.042904 -0.965345 0.257425 -0.088518 -0.995829 0.022130 -0.088714 -0.975852 0.199606
0.734803 0.000000 -0.678280 0.202444 -0.971732 0.121466 0.031220 -0.967805 -0.249756 -0.224702 -0.973708 -0.037450 0.024354 -0.998516 -0.048708 0.088345 -0.993884 0.066259 0.021467 -0.966012 0.257603 -0.088518 -0.995829 0.022130 -0.088714 -0.975852 0.199606
0.721387 0.000000 -0.692532 0.202444 -0.971732 0.121466 0.031220 -0.967805 -0.249756 -0.224702 -0.973708 -0.037450 0.024354 -0.998516 -0.048708 0.088345 -0.993884 0.066259 0.021467 -0.966012 0.257603 -0.088518 -0.995829 0.022130 -0.088714 -0.975852 0.199606
