-0.515861 0.806032 -0.290172 -0.571548 -0.081650 -0.816497 0.057904 -0.955419 -0.289521 -0.178885 -0.983870 0.000000 -0.067954 -0.996659 0.045303 0.108059 -0.994144 0.000000 0.043811 -0.963837 0.262865 -0.086609 -0.996007 -0.021652 0.000000 -0.987007 0.160676
-0.612240 0.684268 -0.396155 -0.579501 -0.077267 -0.811301 0.029814 -0.954056 -0.298142 -0.164260 -0.985562 0.041065 -0.045361 -0.997940 0.045361 0.108059 -0.994144 0.000000 0.043811 -0.963837 0.262865 -0.065064 -0.997645 -0.021688 0.000000 -0.987007 0.160676
-0.679544 0.550107 -0.485389 -0.568711 -0.284356 -0.771822 0.057401 -0.947119 -0.315706 -0.220755 -0.971324 0.088302 -0.046449 -0.998651 0.023224 0.108059 -0.994144 0.000000 0.043811 -0.963837 0.262865 -0.065064 -0.997645 -0.021688 0.000000 -0.987007 0.160676
-0.747686 0.388797 -0.538334 -0.509510 -0.431124 -0.744669 0.057401 -0.947119 -0.315706 -0.262111 -0.961074 0.087370 -0.023250 -0.999730 0.000000 0.108059 -0.994144 0.000000 0.043811 -0.963837 0.262865 -0.065064 -0.997645 -0.021688 0.000000 -0.987007 0.160676
-0.782356 0.188845 -0.593512 -0.436522 -0.595257 -0.674624 0.061285 -0.949920 -0.306426 -0.242338 -0.969351 0.040390 -0.023803 -0.999717 0.000000 0.108059 -0.994144 0.000000 0.043550 -0.958108 0.283077 -0.065064 -0.997645 -0.021688 0.000000 -0.987007 0.160676
-0.815225 -0.026298 -0.578547 -0.383482 -0.690268 -0.613572 0.031911 -0.957338 -0.287202 -0.195965 -0.979827 0.039193 -0.023796 -0.999434 -0.023796 0.108059 -0.994144 0.000000 0.043550 -0.958108 0.283077 -0.065064 -0.997645 -0.021688 0.000000 -0.987007 0.160676
-0.817373 -0.247689 -0.520146 -0.308148 -0.808890 -0.500741 0.031911 -0.957338 -0.287202 -0.195965 -0.979827 0.039193 -0.023796 -0.999434 -0.023796 0.108059 -0.994144 0.000000 0.043550 -0.958108 0.283077 -0.043427 -0.998821 -0.021713 -0.022948 -0.986747 0.160633
-0.807719 -0.416887 -0.416887 -0.304114 -0.836315 -0.456172 0.084348 -0.955947 -0.281161 -0.340503 -0.936382 0.085126 -0.023796 -0.999434 -0.023796 0.108059 -0.994144 0.000000 0.065248 -0.956974 0.282742 -0.043427 -0.998821 -0.021713 -0.022948 -0.986747 0.160633
-0.783212 -0.513139 -0.351095 -0.299392 -0.860753 -0.411665 0.080036 -0.960427 -0.266785 -0.369800 -0.924500 0.092450 -0.023796 -0.999434 -0.023796 0.108059 -0.994144 0.000000 0.065248 -0.956974 0.282742 -0.043427 -0.998821 -0.021713 -0.045679 -0.982104 0.182717
-0.808682 -0.501940 -0.306741 -0.256288 -0.878702 -0.402739 0.078034 -0.962420 -0.260113 -0.426162 -0.899676 0.094703 -0.023796 -0.999434 -0.023796 0.108059 -0.994144 0.000000 0.065248 -0.956974 0.282742 -0.043427 -0.998821 -0.021713 -0.045679 -0.982104 0.182717
-0.805609 -0.517892 -0.287718 -0.259973 -0.891338 -0.371391 0.078034 -0.962420 -0.260113 -0.426162 -0.899676 0.094703 -0.023796 -0.999434 -0.023796 0.108059 -0.994144 0.000000 0.065248 -0.956974 0.282742 -0.066503 -0.997540 -0.022168 -0.044677 -0.982888 0.178707
-0.829288 -0.473879 -0.296174 -0.251610 -0.898606 -0.359443 0.078034 -0.962420 -0.260113 -0.426162 -0.899676 0.094703 -0.023796 -0.999434 -0.023796 0.108059 -0.994144 0.000000 0.065248 -0.956974 0.282742 -0.066503 -0.997540 -0.022168 -0.044677 -0.982888 0.178707
-0.843338 -0.437287 -0.312348 -0.284808 -0.890024 -0.356009 0.076596 -0.970222 -0.229789 -0.423793 -0.894675 0.141264 -0.023796 -0.999434 -0.023796 0.108059 -0.994144 0.000000 0.065248 -0.956974 0.282742 -0.066503 -0.997540 -0.022168 -0.066932 -0.981664 0.178484
-0.855186 -0.366508 -0.366508 -0.303895 -0.873698 -0.379869 0.076596 -0.970222 -0.229789 -0.423793 -0.894675 0.141264 -0.023796 -0.999434 -0.023796 0.108059 -0.994144 0.000000 0.065248 -0.956974 0.282742 -0.066503 -0.997540 -0.022168 -0.066932 -0.981664 0.178484
-0.844939 -0.262222 -0.466173 -0.272681 -0.895953 -0.350590 0.076596 -0.970222 -0.229789 -0.423793 -0.894675 0.141264 -0.023796 -0.999434 -0.023796 0.108059 -0.994144 0.000000 0.065248 -0.956974 0.282742 -0.066503 -0.997540 -0.022168 -0.066932 -0.981664 0.178484
-0.844581 -0.203864 -0.495099 -0.272681 -0.895953 -0.350590 0.057166 -0.971825 -0.228665 -0.327418 -0.941327 0.081855 -0.023796 -0.999434 -0.023796 0.108059 -0.994144 0.000000 0.065248 -0.956974 0.282742 -0.066503 -0.997540 -0.022168 -0.066932 -0.981664 0.178484
-0.801638 -0.171780 -0.572598 -0.282497 -0.887848 -0.363210 0.031450 -0.974958 -0.220152 -0.259794 -0.964951 0.037113 -0.023796 -0.999434 -0.023796 0.108059 -0.994144 0.000000 0.065248 -0.956974 0.282742 -0.066503 -0.997540 -0.022168 -0.066932 -0.981664 0.178484
-0.791960 -0.141421 -0.593970 -0.282497 -0.887848 -0.363210 0.032444 -0.973329 -0.227110 -0.250801 -0.967375 0.035829 -0.023796 -0.999434 -0.023796 0.108059 -0.994144 0.000000 0.065248 -0.956974 0.282742 -0.066519 -0.997785 0.000000 -0.066932 -0.981664 0.178484
-0.744073 -0.114473 -0.658218 -0.254000 -0.889001 -0.381000 0.032444 -0.973329 -0.227110 -0.250801 -0.967375 0.035829 -0.023796 -0.999434 -0.023796 0.108059 -0.994144 0.000000 0.065248 -0.956974 0.282742 -0.066519 -0.997785 0.000000 -0.066932 -0.981664 0.178484
-0.716630 -0.114661 -0.687964 -0.210166 -0.882696 -0.420331 0.033501 -0.971537 -0.234509 -0.242390 -0.969561 0.034627 -0.023796 -0.999434 -0.023796 0.108059 -0.994144 0.000000 0.043550 -0.958108 0.283077 -0.066519 -0.997785 0.000000 -0.066932 -0.981664 0.178484
-0.672411 -0.116941 -0.730882 -0.176090 -0.880451 -0.440225 0.033501 -0.971537 -0.234509 -0.242390 -0.969561 0.034627 -0.023796 -0.999434 -0.023796 0.108059 -0.994144 0.000000 0.043550 -0.958108 0.283077 -0.066519 -0.997785 0.000000 -0.066932 -0.981664 0.178484
-0.641533 -0.116642 -0.758175 -0.132973 -0.886484 -0.443242 0.033748 -0.978703 -0.202490 -0.242536 -0.970143 0.000000 -0.023796 -0.999434 -0.023796 0.108059 -0.994144 0.000000 0.043550 -0.958108 0.283077 -0.066519 -0.997785 0.000000 -0.066932 -0.981664 0.178484
-0.579042 -0.086856 -0.810658 -0.087287 -0.872872 -0.480079 0.033748 -0.978703 -0.202490 -0.242536 -0.970143 0.000000 -0.024376 -0.999406 -0.024376 0.108059 -0.994144 0.000000 0.043550 -0.958108 0.283077 -0.066519 -0.997785 0.000000 -0.066932 -0.981664 0.178484
-0.459504 -0.114876 -0.880716 -0.044677 -0.893534 -0.446767 0.032444 -0.973329 -0.227110 -0.250962 -0.967997 0.000000 -0.024376 -0.999406 -0.024376 0.108059 -0.994144 0.000000 0.043550 -0.958108 0.283077 -0.066503 -0.997540 -0.022168 -0.066932 -0.981664 0.178484
-0.373795 -0.135926 -0.917497 0.089087 -0.890871 -0.445435 0.064282 -0.964237 -0.257130 -0.250962 -0.967997 0.000000 -0.024376 -0.999406 -0.024376 0.108059 -0.994144 0.000000 0.043550 -0.958108 0.283077 -0.066503 -0.997540 -0.022168 -0.066932 -0.981664 0.178484
-0.232559 -0.132891 -0.963460 0.135526 -0.903508 -0.406579 0.063725 -0.955879 -0.286764 -0.250801 -0.967375 0.035829 -0.024376 -0.999406 -0.024376 0.108059 -0.994144 0.000000 0.043550 -0.958108 0.283077 -0.066503 -0.997540 -0.022168 -0.066932 -0.981664 0.178484
-0.092231 -0.153719 -0.983801 0.182574 -0.912871 -0.365148 0.063725 -0.955879 -0.286764 -0.250801 -0.967375 0.035829 -0.024376 -0.999406 -0.024376 0.110432 -0.993884 0.000000 0.042660 -0.959840 0.277287 -0.066503 -0.997540 -0.022168 -0.066932 -0.981664 0.178484
0.030861 -0.154303 -0.987541 0.175243 -0.920027 -0.350486 0.030686 -0.951260 -0.306858 -0.224702 -0.973708 0.037450 -0.024376 -0.999406 -0.024376 0.110432 -0.993884 0.000000 0.042660 -0.959840 0.277287 -0.044390 -0.998768 -0.022195 -0.066932 -0.981664 0.178484
0.215105 -0.215105 -0.952607 0.175243 -0.920027 -0.350486 0.030964 -0.959886 -0.278677 -0.224860 -0.974391 0.000000 -0.024376 -0.999406 -0.024376 0.110432 -0.993884 0.000000 0.042660 -0.959840 0.277287 -0.044390 -0.998768 -0.022195 -0.066650 -0.977536 0.199951
0.343982 -0.200656 -0.917286 0.186299 -0.978068 -0.093149 0.030964 -0.959886 -0.278677 -0.224860 -0.974391 0.000000 -0.024376 -0.999406 -0.024376 0.110432 -0.993884 0.000000 0.042904 -0.965345 0.257425 -0.044390 -0.998768 -0.022195 -0.066650 -0.977536 0.199951
0.504497 -0.196193 -0.840828 0.129339 -0.991600 0.000000 0.031607 -0.948209 -0.316070 -0.224860 -0.974391 0.000000 -0.024376 -0.999406 -0.024376 0.110432 -0.993884 0.000000 0.042904 -0.965345 0.257425 -0.044390 -0.998768 -0.022195 -0.066650 -0.977536 0.199951
0.649500 -0.197674 -0.734217 0.163846 -0.983078 0.081923 0.031607 -0.948209 -0.316070 -0.224860 -0.974391 0.000000 0.000000 -0.999703 -0.024383 0.110432 -0.993884 0.000000 0.042904 -0.965345 0.257425 -0.044390 -0.998768 -0.022195 -0.066650 -0.977536 0.199951
0.706494 -0.206061 -0.677057 0.163163 -0.978980 0.122373 0.031607 -0.948209 -0.316070 -0.224702 -0.973708 0.037450 0.000000 -0.999703 -0.024383 0.110432 -0.993884 0.000000 0.042904 -0.965345 0.257425 -0.044390 -0.998768 -0.022195 -0.066650 -0.977536 0.199951
0.720787 -0.201820 -0.663124 0.162221 -0.973329 0.162221 0.031607 -0.948209 -0.316070 -0.224702 -0.973708 0.037450 0.000000 -0.999703 -0.024383 0.110432 -0.993884 0.000000 0.042904 -0.965345 0.257425 -0.044390 -0.998768 -0.022195 -0.066650 -0.977536 0.199951
0.742392 -0.148478 -0.653305 0.149383 -0.970988 0.186728 0.031911 -0.957338 -0.287202 -0.224860 -0.974391 0.000000 0.000000 -0.999703 -0.024383 0.110432 -0.993884 0.000000 0.042904 -0.965345 0.257425 -0.044390 -0.998768 -0.022195 -0.066650 -0.977536 0.199951
0.765700 -0.176700 -0.618450 0.153732 -0.960828 0.230599 0.030964 -0.959886 -0.278677 -0.224860 -0.974391 0.000000 0.000000 -0.999703 -0.024383 0.110432 -0.993884 0.000000 0.042904 -0.965345 0.257425 -0.044401 -0.999014 0.000000 -0.066340 -0.972985 0.221133
0.753094 -0.180743 -0.632599 0.152277 -0.951734 0.266485 0.030964 -0.959886 -0.278677 -0.224860 -0.974391 0.000000 0.000000 -0.999703 -0.024383 0.110432 -0.993884 0.000000 0.021467 -0.966012 0.257603 -0.044401 -0.999014 0.000000 -0.066340 -0.972985 0.221133
0.753094 -0.180743 -0.632599 0.114792 -0.956598 0.267848 0.030964 -0.959886 -0.278677 -0.224860 -0.974391 0.000000 0.000000 -0.999703 -0.024383 0.110432 -0.993884 0.000000 0.021467 -0.966012 0.257603 -0.044401 -0.999014 0.000000 -0.066340 -0.972985 0.221133
0.751809 -0.173494 -0.636146 0.077557 -0.969458 0.232670 0.030964 -0.959886 -0.278677 -0.224860 -0.974391 0.000000 0.000000 -0.999703 -0.024383 0.110432 -0.993884 0.000000 0.021467 -0.966012 0.257603 -0.045408 -0.998969 0.000000 -0.066340 -0.972985 0.221133
0.755291 -0.145248 -0.639092 0.077557 -0.969458 0.232670 0.030964 -0.959886 -0.278677 -0.224702 -0.973708 0.037450 0.000000 -0.999703 -0.024383 0.110432 -0.993884 0.000000 0.021467 -0.966012 0.257603 -0.045408 -0.998969 0.000000 -0.066340 -0.972985 0.221133
0.742392 -0.148478 -0.653305 0.077557 -0.969458 0.232670 0.030964 -0.959886 -0.278677 -0.224702 -0.973708 0.037450 0.000000 -0.999703 -0.024383 0.110432 -0.993884 0.000000 0.021582 -0.971173 0.237398 -0.045408 -0.998969 0.000000 -0.066340 -0.972985 0.221133
0.742392 -0.148478 -0.653305 0.077557 -0.969458 0.232670 0.030964 -0.959886 -0.278677 -0.224702 -0.973708 0.037450 0.000000 -0.999703 -0.024383 0.088540 -0.996073 0.000000 0.021582 -0.971173 0.237398 -0.045408 -0.998969 0.000000 -0.066340 -0.972985 0.221133
0.728087 -0.145617 -0.669840 0.077557 -0.969458 0.232670 0.031220 -0.967805 -0.249756 -0.224860 -0.974391 0.000000 0.000000 -0.999703 -0.024383 0.088540 -0.996073 0.000000 0.021582 -0.971173 0.237398 -0.045408 -0.998969 0.000000 -0.066340 -0.972985 0.221133
0.728087 -0.145617 -0.669840 0.078206 -0.977577 0.195515 0.031220 -0.967805 -0.249756 -0.224860 -0.974391 0.000000 0.000000 -0.999703 -0.024383 0.088540 -0.996073 0.000000 0.021582 -0.971173 0.237398 -0.045408 -0.998969 0.000000 -0.066340 -0.972985 0.221133
0.728087 -0.145617 -0.669840 0.078206 -0.977577 0.195515 0.031220 -0.967805 -0.249756 -0.224860 -0.974391 0.000000 0.000000 -0.999703 -0.024383 0.088540 -0.996073 0.000000 0.021582 -0.971173 0.237398 -0.045408 -0.998969 0.000000 -0.066340 -0.972985 0.221133
0.742392 -0.148478 -0.653305 0.078750 -0.984374 0.157500 0.032191 -0.965734 -0.257529 -0.224860 -0.974391 0.000000 0.000000 -0.999703 -0.024383 0.088540 -0.996073 0.000000 0.021582 -0.971173 0.237398 -0.045408 -0.998969 0.000000 -0.066340 -0.972985 0.221133
