-0.554035 0.796425 -0.242390 -0.598671 0.066519 -0.798228 0.028736 -0.948292 -0.316097 -0.163846 -0.983078 -0.081923 -0.044227 -0.995098 -0.088453 0.126148 -0.983958 -0.126148 0.105199 -0.988871 0.105199 -0.099015 -0.990148 -0.099015 0.000000 -0.997969 0.063700
-0.577350 0.781121 -0.237732 -0.569841 0.167600 -0.804482 0.028736 -0.948292 -0.316097 -0.163846 -0.983078 -0.081923 -0.063571 -0.995950 -0.063571 0.126148 -0.983958 -0.126148 0.105199 -0.988871 0.105199 -0.099015 -0.990148 -0.099015 0.000000 -0.999056 0.043437
-0.562310 0.793849 -0.231539 -0.597688 0.210949 -0.773479 0.028736 -0.948292 -0.316097 -0.123091 -0.984732 -0.123091 -0.043396 -0.998115 -0.043396 0.126148 -0.983958 -0.126148 0.105199 -0.988871 0.105199 -0.099015 -0.990148 -0.099015 0.000000 -0.999056 0.043437
-0.594412 0.759527 -0.264183 -0.555175 0.296093 -0.777245 0.028989 -0.956622 -0.289886 -0.123091 -0.984732 -0.123091 -0.021713 -0.998821 -0.043427 0.126148 -0.983958 -0.126148 0.125933 -0.986472 0.104944 -0.098743 -0.987429 -0.123429 0.000000 -0.997880 0.065079
-0.594412 0.759527 -0.264183 -0.571454 0.304776 -0.761939 0.029814 -0.954056 -0.298142 -0.118308 -0.985904 -0.118308 -0.022195 -0.998768 -0.044390 0.126148 -0.983958 -0.126148 0.125933 -0.986472 0.104944 -0.098743 -0.987429 -0.123429 0.000000 -0.997880 0.065079
-0.615148 0.744652 -0.259010 -0.544949 0.311400 -0.778499 0.000000 -0.945687 -0.325080 -0.118771 -0.989759 -0.079181 -0.022195 -0.998768 -0.044390 0.126148 -0.983958 -0.126148 0.125629 -0.984091 0.125629 -0.098743 -0.987429 -0.123429 0.021688 -0.997645 0.065064
-0.609557 0.745014 -0.270914 -0.561801 0.321029 -0.762444 0.000000 -0.945687 -0.325080 -0.118771 -0.989759 -0.079181 -0.022195 -0.998768 -0.044390 0.126148 -0.983958 -0.126148 0.125629 -0.984091 0.125629 -0.101209 -0.986789 -0.126511 0.021688 -0.997645 0.065064
-0.609557 0.745014 -0.270914 -0.555175 0.296093 -0.777245 0.000000 -0.954480 -0.298275 -0.118308 -0.985904 -0.118308 -0.062365 -0.997837 -0.020788 0.126148 -0.983958 -0.126148 0.125629 -0.984091 0.125629 -0.101209 -0.986789 -0.126511 0.021688 -0.997645 0.065064
-0.587606 0.760431 -0.276520 -0.580000 0.290000 -0.761249 0.000000 -0.954480 -0.298275 -0.123091 -0.984732 -0.123091 -0.081345 -0.996478 -0.020336 0.126148 -0.983958 -0.126148 0.125629 -0.984091 0.125629 -0.101209 -0.986789 -0.126511 0.021688 -0.997645 0.065064
-0.605216 0.712019 -0.356009 -0.609088 0.250801 -0.752403 0.000000 -0.945687 -0.325080 -0.082761 -0.993127 -0.082761 -0.099484 -0.994840 -0.019897 0.126148 -0.983958 -0.126148 0.125629 -0.984091 0.125629 -0.101209 -0.986789 -0.126511 0.021688 -0.997645 0.065064
-0.646762 0.646762 -0.404226 -0.625355 0.110357 -0.772497 0.000000 -0.954480 -0.298275 -0.082409 -0.988903 -0.123613 -0.099484 -0.994840 -0.019897 0.126148 -0.983958 -0.126148 0.146151 -0.981299 0.125272 -0.101209 -0.986789 -0.126511 0.021713 -0.998821 0.043427
-0.715542 0.447214 -0.536656 -0.609872 -0.071750 -0.789246 0.000000 -0.954480 -0.298275 -0.082409 -0.988903 -0.123613 -0.081295 -0.995861 -0.040647 0.126148 -0.983958 -0.126148 0.146151 -0.981299 0.125272 -0.101209 -0.986789 -0.126511 0.021713 -0.998821 0.043427
-0.714827 0.312737 -0.625474 -0.594412 -0.264183 -0.759527 0.029814 -0.954056 -0.298142 -0.123091 -0.984732 -0.123091 -0.063571 -0.995950 -0.063571 0.126148 -0.983958 -0.126148 0.146151 -0.981299 0.125272 -0.101209 -0.986789 -0.126511 0.021713 -0.998821 0.043427
-0.780274 0.039014 -0.624219 -0.553890 -0.423563 -0.716799 0.029540 -0.945274 -0.324938 -0.123613 -0.988903 -0.082409 -0.043274 -0.995307 -0.086548 0.126148 -0.983958 -0.126148 0.146151 -0.981299 0.125272 -0.101209 -0.986789 -0.126511 0.021713 -0.998821 0.043427
-0.796117 -0.159223 -0.583819 -0.496156 -0.562310 -0.661541 0.029814 -0.954056 -0.298142 -0.151620 -0.985527 -0.075810 -0.043274 -0.995307 -0.086548 0.126148 -0.983958 -0.126148 0.146151 -0.981299 0.125272 -0.101209 -0.986789 -0.126511 0.021253 -0.998870 0.042505
-0.735215 -0.441129 -0.514650 -0.407307 -0.678844 -0.610960 0.029814 -0.954056 -0.298142 -0.146157 -0.986559 -0.073078 -0.022081 -0.993641 -0.110405 0.126148 -0.983958 -0.126148 0.143215 -0.982049 0.122756 -0.101209 -0.986789 -0.126511 0.021253 -0.998870 0.042505
-0.713609 -0.543702 -0.441758 -0.381816 -0.763631 -0.520658 0.029814 -0.954056 -0.298142 -0.146157 -0.986559 -0.073078 -0.045118 -0.992593 -0.112795 0.126148 -0.983958 -0.126148 0.143215 -0.982049 0.122756 -0.101209 -0.986789 -0.126511 0.000000 -0.999133 0.041631
-0.690882 -0.596671 -0.408248 -0.353996 -0.814191 -0.460195 0.027247 -0.953640 -0.299715 -0.163846 -0.983078 -0.081923 -0.045118 -0.992593 -0.112795 0.126148 -0.983958 -0.126148 0.143215 -0.982049 0.122756 -0.101209 -0.986789 -0.126511 0.000000 -0.999133 0.041631
-0.697932 -0.576552 -0.424828 -0.322666 -0.860442 -0.394369 0.053056 -0.955005 -0.291807 -0.211667 -0.973668 -0.084667 -0.022576 -0.993352 -0.112881 0.126148 -0.983958 -0.126148 0.143215 -0.982049 0.122756 -0.101209 -0.986789 -0.126511 0.000000 -0.999133 0.041631
-0.727162 -0.552643 -0.407211 -0.268833 -0.883310 -0.384048 0.052632 -0.947368 -0.315789 -0.221621 -0.975133 0.000000 -0.023094 -0.993042 -0.115470 0.126148 -0.983958 -0.126148 0.159968 -0.979804 0.119976 -0.101209 -0.986789 -0.126511 0.000000 -0.999133 0.041631
-0.747686 -0.538334 -0.388797 -0.268833 -0.883310 -0.384048 0.053056 -0.955005 -0.291807 -0.221621 -0.975133 0.000000 -0.023094 -0.993042 -0.115470 0.126148 -0.983958 -0.126148 0.159968 -0.979804 0.119976 -0.101209 -0.986789 -0.126511 0.000000 -0.999133 0.041631
-0.763057 -0.498922 -0.410877 -0.240966 -0.883541 -0.401610 0.051743 -0.957252 -0.284589 -0.274721 -0.961524 0.000000 -0.023094 -0.993042 -0.115470 0.126148 -0.983958 -0.126148 0.159968 -0.979804 0.119976 -0.101209 -0.986789 -0.126511 -0.020811 -0.998917 0.041622
-0.771517 -0.401189 -0.493771 -0.240966 -0.883541 -0.401610 0.051743 -0.957252 -0.284589 -0.274721 -0.961524 0.000000 -0.023094 -0.993042 -0.115470 0.126148 -0.983958 -0.126148 0.159968 -0.979804 0.119976 -0.101209 -0.986789 -0.126511 -0.020811 -0.998917 0.041622
-0.745284 -0.310535 -0.590017 -0.240966 -0.883541 -0.401610 0.026755 -0.963173 -0.267548 -0.274434 -0.960518 -0.045739 -0.023094 -0.993042 -0.115470 0.126148 -0.983958 -0.126148 0.159968 -0.979804 0.119976 -0.101209 -0.986789 -0.126511 -0.020811 -0.998917 0.041622
-0.679258 -0.277878 -0.679258 -0.259161 -0.863868 -0.431934 0.000000 -0.973417 -0.229039 -0.203279 -0.975739 -0.081312 -0.023150 -0.995434 -0.092599 0.126148 -0.983958 -0.126148 0.159968 -0.979804 0.119976 -0.101209 -0.986789 -0.126511 -0.020811 -0.998917 0.041622
-0.634681 -0.253872 -0.729883 -0.222058 -0.843820 -0.488527 0.000000 -0.980581 -0.196116 -0.174078 -0.974835 -0.139262 -0.023150 -0.995434 -0.092599 0.126148 -0.983958 -0.126148 0.160321 -0.981966 0.100201 -0.101209 -0.986789 -0.126511 -0.020811 -0.998917 0.041622
-0.547817 -0.225572 -0.805614 -0.217186 -0.825307 -0.521247 0.000000 -0.980581 -0.196116 -0.168359 -0.976481 -0.134687 -0.023150 -0.995434 -0.092599 0.126148 -0.983958 -0.126148 0.140705 -0.984937 0.100504 -0.101209 -0.986789 -0.126511 -0.020811 -0.998917 0.041622
-0.569780 -0.221581 -0.791361 -0.084440 -0.802181 -0.591080 0.000000 -0.979260 -0.202606 -0.162995 -0.977972 -0.130396 -0.023150 -0.995434 -0.092599 0.126148 -0.983958 -0.126148 0.140705 -0.984937 0.100504 -0.101209 -0.986789 -0.126511 -0.020811 -0.998917 0.041622
-0.528367 -0.198137 -0.825573 0.082339 -0.782218 -0.617540 0.000000 -0.972082 -0.234641 -0.163605 -0.981630 -0.098163 -0.023150 -0.995434 -0.092599 0.126148 -0.983958 -0.126148 0.140705 -0.984937 0.100504 -0.101209 -0.986789 -0.126511 -0.020811 -0.998917 0.041622
-0.388797 -0.209352 -0.897223 0.219687 -0.790875 -0.571187 0.000000 -0.972082 -0.234641 -0.163605 -0.981630 -0.098163 -0.023150 -0.995434 -0.092599 0.126148 -0.983958 -0.126148 0.140705 -0.984937 0.100504 -0.101209 -0.986789 -0.126511 -0.020788 -0.997837 0.062365
-0.235702 -0.235702 -0.942809 0.293455 -0.754599 -0.586911 0.000000 -0.972082 -0.234641 -0.163605 -0.981630 -0.098163 -0.023150 -0.995434 -0.092599 0.126148 -0.983958 -0.126148 0.143546 -0.984318 0.102533 -0.101209 -0.986789 -0.126511 -0.020788 -0.997837 0.062365
0.057831 -0.173494 -0.983135 0.226108 -0.904431 -0.361773 0.000000 -0.963993 -0.265929 -0.169516 -0.983192 -0.067806 -0.023150 -0.995434 -0.092599 0.126148 -0.983958 -0.126148 0.143546 -0.984318 0.102533 -0.101209 -0.986789 -0.126511 -0.021229 -0.997744 0.063686
0.240772 -0.120386 -0.963087 0.180151 -0.945792 -0.270226 0.000000 -0.957826 -0.287348 -0.175358 -0.982003 -0.070143 -0.023150 -0.995434 -0.092599 0.126148 -0.983958 -0.126148 0.123377 -0.987019 0.102815 -0.101209 -0.986789 -0.126511 -0.021229 -0.997744 0.063686
0.413532 -0.103383 -0.904601 0.094703 -0.994379 0.047351 0.000000 -0.948683 -0.316228 -0.175682 -0.983820 -0.035136 -0.023150 -0.995434 -0.092599 0.126148 -0.983958 -0.126148 0.125933 -0.986472 0.104944 -0.101209 -0.986789 -0.126511 -0.021195 -0.996174 0.084781
0.503453 -0.157329 -0.849578 0.380952 -0.904762 -0.190476 0.031607 -0.948209 -0.316070 -0.175682 -0.983820 -0.035136 -0.023150 -0.995434 -0.092599 0.126148 -0.983958 -0.126148 0.125933 -0.986472 0.104944 -0.101209 -0.986789 -0.126511 -0.021195 -0.996174 0.084781
0.554774 -0.163169 -0.815844 0.416470 -0.879215 -0.231372 0.031281 -0.938417 -0.344086 -0.175682 -0.983820 -0.035136 -0.023150 -0.995434 -0.092599 0.126148 -0.983958 -0.126148 0.126183 -0.988434 0.084122 -0.101209 -0.986789 -0.126511 -0.021195 -0.996174 0.084781
0.647150 -0.184900 -0.739600 0.466252 -0.839254 -0.279751 0.030686 -0.951260 -0.306858 -0.181608 -0.980684 -0.072643 -0.023150 -0.995434 -0.092599 0.126148 -0.983958 -0.126148 0.126183 -0.988434 0.084122 -0.101209 -0.986789 -0.126511 -0.021195 -0.996174 0.084781
0.662095 -0.189170 -0.725152 0.459800 -0.827641 -0.321860 0.030686 -0.951260 -0.306858 -0.181608 -0.980684 -0.072643 -0.023150 -0.995434 -0.092599 0.126148 -0.983958 -0.126148 0.126183 -0.988434 0.084122 -0.101209 -0.986789 -0.126511 -0.021195 -0.996174 0.084781
0.657858 -0.219286 -0.720511 0.505247 -0.780836 -0.367452 0.030387 -0.941993 -0.334255 -0.181969 -0.982631 -0.036394 -0.023150 -0.995434 -0.092599 0.126148 -0.983958 -0.126148 0.105409 -0.990847 0.084327 -0.101209 -0.986789 -0.126511 0.000000 -0.996398 0.084800
0.675088 -0.214801 -0.705774 0.487566 -0.797836 -0.354594 0.030387 -0.941993 -0.334255 -0.181969 -0.982631 -0.036394 0.000000 -0.995701 -0.092623 0.126148 -0.983958 -0.126148 0.105409 -0.990847 0.084327 -0.101209 -0.986789 -0.126511 0.000000 -0.996398 0.084800
0.639529 -0.223835 -0.735459 0.520266 -0.780399 -0.346844 0.030387 -0.941993 -0.334255 -0.181969 -0.982631 -0.036394 0.000000 -0.995701 -0.092623 0.126148 -0.983958 -0.126148 0.105409 -0.990847 0.084327 -0.101209 -0.986789 -0.126511 0.000000 -0.994389 0.105786
0.619876 -0.123975 -0.774845 0.449823 -0.858754 -0.245358 0.000000 -0.951709 -0.307003 -0.151620 -0.985527 -0.075810 -0.023150 -0.995434 -0.092599 0.126148 -0.983958 -0.126148 0.105409 -0.990847 0.084327 -0.101209 -0.986789 -0.126511 0.000000 -0.994389 0.105786
0.619876 -0.123975 -0.774845 0.445012 -0.849569 -0.283190 0.000000 -0.951709 -0.307003 -0.151620 -0.985527 -0.075810 -0.023094 -0.993042 -0.115470 0.126148 -0.983958 -0.126148 0.105409 -0.990847 0.084327 -0.101209 -0.986789 -0.126511 -0.021152 -0.994166 0.105762
0.600233 -0.126365 -0.789780 0.445012 -0.849569 -0.283190 0.000000 -0.945687 -0.325080 -0.157867 -0.986671 -0.039467 -0.023094 -0.993042 -0.115470 0.126148 -0.983958 -0.126148 0.105409 -0.990847 0.084327 -0.101209 -0.986789 -0.126511 -0.021152 -0.994166 0.105762
0.605228 -0.121046 -0.786796 0.416305 -0.874241 -0.249783 0.000000 -0.945687 -0.325080 -0.157867 -0.986671 -0.039467 -0.022576 -0.993352 -0.112881 0.126148 -0.983958 -0.126148 0.105409 -0.990847 0.084327 -0.101209 -0.986789 -0.126511 -0.021152 -0.994166 0.105762
0.605228 -0.121046 -0.786796 0.416305 -0.874241 -0.249783 0.000000 -0.954480 -0.298275 -0.157500 -0.984374 -0.078750 -0.022576 -0.993352 -0.112881 0.125709 -0.980531 -0.150851 0.084327 -0.990847 0.105409 -0.101209 -0.986789 -0.126511 -0.021152 -0.994166 0.105762
0.585517 -0.123267 -0.801234 0.416305 -0.874241 -0.249783 0.029814 -0.954056 -0.298142 -0.157500 -0.984374 -0.078750 -0.022576 -0.993352 -0.112881 0.125709 -0.980531 -0.150851 0.084327 -0.990847 0.105409 -0.101209 -0.986789 -0.126511 -0.021152 -0.994166 0.105762
0.585517 -0.123267 -0.801234 0.416305 -0.874241 -0.249783 0.029814 -0.954056 -0.298142 -0.157500 -0.984374 -0.078750 -0.022576 -0.993352 -0.112881 0.125709 -0.980531 -0.150851 0.084327 -0.990847 0.105409 -0.101209 -0.986789 -0.126511 -0.021152 -0.994166 0.105762
0.587473 -0.092759 -0.803910 0.367118 -0.897399 -0.244745 0.029540 -0.945274 -0.324938 -0.157500 -0.984374 -0.078750 -0.022576 -0.993352 -0.112881 0.125709 -0.980531 -0.150851 0.084327 -0.990847 0.105409 -0.101209 -0.986789 -0.126511 -0.021152 -0.994166 0.105762
0.602340 -0.095106 -0.792553 0.363210 -0.887848 -0.282497 0.029540 -0.945274 -0.324938 -0.157500 -0.984374 -0.078750 -0.022576 -0.993352 -0.112881 0.125709 -0.980531 -0.150851 0.084327 -0.990847 0.105409 -0.101209 -0.986789 -0.126511 -0.021152 -0.994166 0.105762
0.602340 -0.095106 -0.792553 0.363210 -0.887848 -0.282497 0.029540 -0.945274 -0.324938 -0.157500 -0.984374 -0.078750 0.000000 -0.993605 -0.112910 0.125709 -0.980531 -0.150851 0.084327 -0.990847 0.105409 -0.101209 -0.986789 -0.126511 -0.021152 -0.994166 0.105762
0.602340 -0.095106 -0.792553 0.363210 -0.887848 -0.282497 0.029540 -0.945274 -0.324938 -0.157500 -0.984374 -0.078750 0.000000 -0.993605 -0.112910 0.125709 -0.980531 -0.150851 0.084327 -0.990847 0.105409 -0.101209 -0.986789 -0.126511 -0.021152 -0.994166 0.105762
0.602340 -0.095106 -0.792553 0.363210 -0.887848 -0.282497 0.029540 -0.945274 -0.324938 -0.157500 -0.984374 -0.078750 0.000000 -0.993605 -0.112910 0.125709 -0.980531 -0.150851 0.084327 -0.990847 0.105409 -0.101209 -0.986789 -0.126511 -0.021152 -0.994166 0.105762
0.602340 -0.095106 -0.792553 0.363210 -0.887848 -0.282497 0.029540 -0.945274 -0.324938 -0.157500 -0.984374 -0.078750 -0.022576 -0.993352 -0.112881 0.125709 -0.980531 -0.150851 0.084327 -0.990847 0.105409 -0.101209 -0.986789 -0.126511 -0.021101 -0.991729 0.126604
0.602340 -0.095106 -0.792553 0.363210 -0.887848 -0.282497 0.029540 -0.945274 -0.324938 -0.157500 -0.984374 -0.078750 -0.022576 -0.993352 -0.112881 0.128885 -0.979525 -0.154662 0.082602 -0.991219 0.103252 -0.101209 -0.986789 -0.126511 -0.021101 -0.991729 0.126604
