-0.618693 0.764268 -0.181969 -0.696311 0.452602 -0.557048 -0.029801 -0.983433 -0.178806 -0.073324 -0.953206 -0.293294 -0.123429 -0.987429 -0.098743 0.089757 -0.964892 -0.246833 0.099015 -0.990148 0.099015 -0.095319 -0.977022 -0.190638 0.058711 -0.998083 -0.019570
-0.636209 0.748481 -0.187120 -0.696311 0.452602 -0.557048 -0.029801 -0.983433 -0.178806 -0.073324 -0.953206 -0.293294 -0.123429 -0.987429 -0.098743 0.089757 -0.964892 -0.246833 0.099015 -0.990148 0.099015 -0.095319 -0.977022 -0.190638 0.058711 -0.998083 -0.019570
-0.613121 0.766402 -0.191600 -0.677708 0.463695 -0.570701 -0.029630 -0.977805 -0.207413 -0.073324 -0.953206 -0.293294 -0.123429 -0.987429 -0.098743 0.089757 -0.964892 -0.246833 0.099015 -0.990148 0.099015 -0.095319 -0.977022 -0.190638 0.058711 -0.998083 -0.019570
-0.550828 0.762684 -0.338971 -0.677708 0.463695 -0.570701 -0.029630 -0.977805 -0.207413 -0.073324 -0.953206 -0.293294 -0.123429 -0.987429 -0.098743 0.089757 -0.964892 -0.246833 0.099015 -0.990148 0.099015 -0.095319 -0.977022 -0.190638 0.058711 -0.998083 -0.019570
-0.568995 0.744070 -0.350150 -0.677708 0.463695 -0.570701 -0.029630 -0.977805 -0.207413 -0.073324 -0.953206 -0.293294 -0.123429 -0.987429 -0.098743 0.089757 -0.964892 -0.246833 0.099015 -0.990148 0.099015 -0.095319 -0.977022 -0.190638 0.058711 -0.998083 -0.019570
-0.601445 0.761831 -0.240578 -0.677708 0.463695 -0.570701 -0.029630 -0.977805 -0.207413 -0.073324 -0.953206 -0.293294 -0.123429 -0.987429 -0.098743 0.089757 -0.964892 -0.246833 0.099015 -0.990148 0.099015 -0.095319 -0.977022 -0.190638 0.058711 -0.998083 -0.019570
-0.606835 0.768658 -0.202278 -0.677708 0.463695 -0.570701 -0.029437 -0.971429 -0.235498 -0.036736 -0.955134 -0.293887 -0.099015 -0.990148 -0.099015 0.089757 -0.964892 -0.246833 0.099015 -0.990148 0.099015 -0.095319 -0.977022 -0.190638 0.058711 -0.998083 -0.019570
-0.659269 0.741677 -0.123613 -0.677708 0.463695 -0.570701 -0.029437 -0.971429 -0.235498 -0.036322 -0.944363 -0.326895 -0.096645 -0.990616 -0.096645 0.089757 -0.964892 -0.246833 0.099015 -0.990148 0.099015 -0.095319 -0.977022 -0.190638 0.058711 -0.998083 -0.019570
-0.704934 0.704934 -0.078326 -0.688749 0.435000 -0.580000 -0.029437 -0.971429 -0.235498 -0.036736 -0.955134 -0.293887 -0.096645 -0.990616 -0.096645 0.089757 -0.964892 -0.246833 0.099015 -0.990148 0.099015 -0.095319 -0.977022 -0.190638 0.058711 -0.998083 -0.019570
-0.725423 0.687243 -0.038180 -0.753244 0.263635 -0.602595 -0.029437 -0.971429 -0.235498 -0.036736 -0.955134 -0.293887 -0.096645 -0.990616 -0.096645 0.089757 -0.964892 -0.246833 0.099015 -0.990148 0.099015 -0.095319 -0.977022 -0.190638 0.058711 -0.998083 -0.019570
-0.822210 0.562565 -0.086548 -0.781539 0.186081 -0.595458 -0.032669 -0.980057 -0.196011 -0.073324 -0.953206 -0.293294 -0.120491 -0.988024 -0.096393 0.089757 -0.964892 -0.246833 0.099015 -0.990148 0.099015 -0.095319 -0.977022 -0.190638 0.058722 -0.998274 0.000000
-0.896293 0.430221 -0.107555 -0.776713 -0.036986 -0.628768 -0.030514 -0.976445 -0.213597 -0.086306 -0.949370 -0.302072 -0.123091 -0.984732 -0.123091 0.089757 -0.964892 -0.246833 0.099015 -0.990148 0.099015 -0.095319 -0.977022 -0.190638 0.058722 -0.998274 0.000000
-0.955879 0.286764 -0.063725 -0.789754 -0.215387 -0.574367 -0.084989 -0.963208 -0.254967 -0.191460 -0.919007 -0.344628 -0.150329 -0.977140 -0.150329 0.089757 -0.964892 -0.246833 0.099015 -0.990148 0.099015 -0.095319 -0.977022 -0.190638 0.039186 -0.999232 0.000000
-0.973862 0.194772 -0.116863 -0.696311 -0.452602 -0.557048 -0.056773 -0.965146 -0.255480 -0.230769 -0.923077 -0.307692 -0.122206 -0.977647 -0.171088 0.091742 -0.963293 -0.252291 0.079352 -0.991900 0.099190 -0.095319 -0.977022 -0.190638 0.039178 -0.999040 0.019589
-0.987658 0.037987 -0.151947 -0.574705 -0.642317 -0.507093 -0.058371 -0.963119 -0.262669 -0.229081 -0.954504 -0.190901 -0.118846 -0.974535 -0.190153 0.093813 -0.961583 -0.257986 0.080763 -0.989344 0.121144 -0.097590 -0.975900 -0.195180 0.019992 -0.999600 0.019992
-0.984309 -0.042796 -0.171184 -0.526932 -0.691598 -0.493999 -0.031220 -0.967805 -0.249756 -0.222375 -0.963624 -0.148250 -0.118846 -0.974535 -0.190153 0.093225 -0.955558 -0.279675 0.082182 -0.986186 0.143819 -0.099969 -0.974695 -0.199938 0.019992 -0.999600 0.019992
-0.982006 0.000000 -0.188847 -0.418040 -0.766406 -0.487713 -0.031220 -0.967805 -0.249756 -0.222375 -0.963624 -0.148250 -0.090675 -0.974759 -0.204019 0.095346 -0.953463 -0.286039 0.061728 -0.987646 0.144032 -0.102463 -0.973399 -0.204926 0.019992 -0.999600 0.019992
-0.981307 0.037743 -0.188713 -0.384371 -0.803685 -0.454257 -0.030303 -0.969697 -0.242424 -0.114792 -0.956598 -0.267848 -0.097100 -0.971000 -0.218475 0.095346 -0.953463 -0.286039 0.060314 -0.985136 0.160839 -0.124611 -0.971967 -0.199378 0.039968 -0.999201 0.000000
-0.976187 0.000000 -0.216930 -0.395387 -0.790774 -0.467275 0.000000 -0.971850 -0.235600 -0.153732 -0.960828 -0.230599 -0.099969 -0.974695 -0.199938 0.095346 -0.953463 -0.286039 0.059143 -0.985712 0.157714 -0.124611 -0.971967 -0.199378 0.039186 -0.999232 0.000000
-0.974391 0.000000 -0.224860 -0.395387 -0.790774 -0.467275 0.000000 -0.971850 -0.235600 -0.148250 -0.963624 -0.222375 -0.102463 -0.973399 -0.204926 0.095975 -0.959754 -0.263932 0.078750 -0.984374 0.157500 -0.124611 -0.971967 -0.199378 0.038426 -0.999077 -0.019213
-0.969351 0.040390 -0.242338 -0.406850 -0.776713 -0.480822 0.000000 -0.962651 -0.270746 -0.149383 -0.970988 -0.186728 -0.102463 -0.973399 -0.204926 0.119660 -0.957278 -0.263251 0.077252 -0.984967 0.154505 -0.121662 -0.973297 -0.194659 0.039178 -0.999040 -0.019589
-0.971653 -0.038866 -0.233197 -0.367118 -0.734235 -0.571072 0.000000 -0.962651 -0.270746 -0.149383 -0.970988 -0.186728 -0.102463 -0.973399 -0.204926 0.116977 -0.959212 -0.257350 0.078750 -0.984374 0.157500 -0.121662 -0.973297 -0.194659 0.039178 -0.999040 -0.019589
-0.964951 -0.037113 -0.259794 -0.341432 -0.725542 -0.597505 0.000000 -0.960346 -0.278810 -0.186728 -0.970988 -0.149383 -0.105081 -0.972003 -0.210163 0.117655 -0.964773 -0.235310 0.078750 -0.984374 0.157500 -0.121662 -0.973297 -0.194659 0.038426 -0.999077 -0.019213
-0.914702 -0.036588 -0.402469 -0.312737 -0.714827 -0.625474 0.000000 -0.960346 -0.278810 -0.186728 -0.970988 -0.149383 -0.105081 -0.972003 -0.210163 0.117655 -0.964773 -0.235310 0.078750 -0.984374 0.157500 -0.121662 -0.973297 -0.194659 0.038426 -0.999077 -0.019213
-0.850265 0.000000 -0.526355 -0.256307 -0.683486 -0.683486 0.000000 -0.960346 -0.278810 -0.186728 -0.970988 -0.149383 -0.105081 -0.972003 -0.210163 0.117655 -0.964773 -0.235310 0.078750 -0.984374 0.157500 -0.097590 -0.975900 -0.195180 0.019224 -0.999630 -0.019224
-0.776713 0.036986 -0.628768 0.000000 -0.771930 -0.635707 0.000000 -0.960346 -0.278810 -0.186728 -0.970988 -0.149383 -0.105081 -0.972003 -0.210163 0.117655 -0.964773 -0.235310 0.078750 -0.984374 0.157500 -0.097590 -0.975900 -0.195180 0.019224 -0.999630 -0.019224
-0.707107 0.000000 -0.707107 0.131181 -0.743358 -0.655904 0.000000 -0.951709 -0.307003 -0.186728 -0.970988 -0.149383 -0.105081 -0.972003 -0.210163 0.117655 -0.964773 -0.235310 0.077252 -0.984967 0.154505 -0.097590 -0.975900 -0.195180 0.019224 -0.999630 -0.019224
-0.688297 0.036226 -0.724524 0.295015 -0.716465 -0.632175 0.000000 -0.951709 -0.307003 -0.186728 -0.970988 -0.149383 -0.102463 -0.973399 -0.204926 0.117655 -0.964773 -0.235310 0.077469 -0.987734 0.135571 -0.095319 -0.977022 -0.190638 0.019600 -0.999616 0.019600
-0.576686 0.067845 -0.814144 0.392534 -0.706562 -0.588802 0.000000 -0.960346 -0.278810 -0.185567 -0.964951 -0.185567 -0.102463 -0.973399 -0.204926 0.117655 -0.964773 -0.235310 0.058178 -0.989034 0.135750 -0.095319 -0.977022 -0.190638 0.000000 -0.999232 0.039186
-0.335578 0.067116 -0.939618 0.446844 -0.690578 -0.568711 0.000000 -0.960346 -0.278810 -0.185567 -0.964951 -0.185567 -0.099442 -0.969561 -0.223745 0.117655 -0.964773 -0.235310 0.058321 -0.991460 0.116642 -0.095319 -0.977022 -0.190638 0.000000 -0.999232 0.039186
-0.073821 0.036911 -0.996588 0.401610 -0.722897 -0.562254 0.000000 -0.960346 -0.278810 -0.184177 -0.957722 -0.221013 -0.099442 -0.969561 -0.223745 0.116977 -0.959212 -0.257350 0.058178 -0.989034 0.135750 -0.095319 -0.977022 -0.190638 0.000000 -0.998274 0.058722
0.099504 0.000000 -0.995037 0.415139 -0.784152 -0.461266 0.000000 -0.962651 -0.270746 -0.184177 -0.957722 -0.221013 -0.099442 -0.969561 -0.223745 0.116977 -0.959212 -0.257350 0.058321 -0.991460 0.116642 -0.095319 -0.977022 -0.190638 0.000000 -0.998274 0.058722
0.227230 0.000000 -0.973841 0.423793 -0.800499 -0.423793 0.000000 -0.962651 -0.270746 -0.184177 -0.957722 -0.221013 -0.099442 -0.969561 -0.223745 0.116977 -0.959212 -0.257350 0.058321 -0.991460 0.116642 -0.095319 -0.977022 -0.190638 0.000000 -0.998274 0.058722
0.257663 0.000000 -0.966235 0.362143 -0.814822 -0.452679 0.000000 -0.962651 -0.270746 -0.185567 -0.964951 -0.185567 -0.099442 -0.969561 -0.223745 0.116977 -0.959212 -0.257350 0.058321 -0.991460 0.116642 -0.095319 -0.977022 -0.190638 0.000000 -0.996938 0.078191
0.296239 0.032915 -0.954547 0.303774 -0.824530 -0.477359 0.000000 -0.962651 -0.270746 -0.185567 -0.964951 -0.185567 -0.099442 -0.969561 -0.223745 0.093225 -0.955558 -0.279675 0.038999 -0.994471 0.097497 -0.093149 -0.978068 -0.186299 0.000000 -0.996938 0.078191
0.305832 0.033981 -0.951479 0.342368 -0.813125 -0.470757 0.000000 -0.962651 -0.270746 -0.185567 -0.964951 -0.185567 -0.099442 -0.969561 -0.223745 0.093225 -0.955558 -0.279675 0.038999 -0.994471 0.097497 -0.093149 -0.978068 -0.186299 0.000000 -0.996938 0.078191
0.283909 0.035489 -0.958194 0.303774 -0.824530 -0.477359 0.000000 -0.964764 -0.263117 -0.192450 -0.962250 -0.192450 -0.101896 -0.968015 -0.229267 0.091192 -0.957518 -0.273576 0.038999 -0.994471 0.097497 -0.093149 -0.978068 -0.186299 0.000000 -0.996938 0.078191
0.283375 0.070844 -0.956389 0.293198 -0.837708 -0.460739 0.000000 -0.971850 -0.235600 -0.190901 -0.954504 -0.229081 -0.076596 -0.970222 -0.229789 0.091192 -0.957518 -0.273576 0.038999 -0.994471 0.097497 -0.093149 -0.978068 -0.186299 0.000000 -0.996938 0.078191
0.250319 0.071520 -0.965518 0.287456 -0.821302 -0.492781 0.000000 -0.971850 -0.235600 -0.190901 -0.954504 -0.229081 -0.076596 -0.970222 -0.229789 0.091192 -0.957518 -0.273576 0.038999 -0.994471 0.097497 -0.093149 -0.978068 -0.186299 0.000000 -0.996938 0.078191
0.259259 0.074074 -0.962963 0.287456 -0.821302 -0.492781 0.000000 -0.964764 -0.263117 -0.190901 -0.954504 -0.229081 -0.076596 -0.970222 -0.229789 0.091192 -0.957518 -0.273576 0.039066 -0.996177 0.078132 -0.093149 -0.978068 -0.186299 0.000000 -0.996938 0.078191
0.224231 0.074744 -0.971666 0.287456 -0.821302 -0.492781 0.000000 -0.971850 -0.235600 -0.189117 -0.945587 -0.264764 -0.076596 -0.970222 -0.229789 0.091192 -0.957518 -0.273576 0.039066 -0.996177 0.078132 -0.093149 -0.978068 -0.186299 -0.019544 -0.996748 0.078176
0.216366 0.072122 -0.973645 0.278006 -0.834017 -0.476581 0.000000 -0.971850 -0.235600 -0.189117 -0.945587 -0.264764 -0.076596 -0.970222 -0.229789 0.091192 -0.957518 -0.273576 0.039066 -0.996177 0.078132 -0.093149 -0.978068 -0.186299 -0.019544 -0.996748 0.078176
0.216789 0.036131 -0.975550 0.287456 -0.821302 -0.492781 0.000000 -0.971850 -0.235600 -0.190901 -0.954504 -0.229081 -0.076596 -0.970222 -0.229789 0.091192 -0.957518 -0.273576 0.019544 -0.996748 0.078176 -0.095319 -0.977022 -0.190638 -0.019544 -0.996748 0.078176
0.216789 0.036131 -0.975550 0.281581 -0.804518 -0.522937 0.000000 -0.964764 -0.263117 -0.190901 -0.954504 -0.229081 -0.076596 -0.970222 -0.229789 0.091192 -0.957518 -0.273576 0.019544 -0.996748 0.078176 -0.095319 -0.977022 -0.190638 -0.019544 -0.996748 0.078176
0.216789 0.036131 -0.975550 0.281581 -0.804518 -0.522937 0.000000 -0.964764 -0.263117 -0.227266 -0.946943 -0.227266 -0.076596 -0.970222 -0.229789 0.091192 -0.957518 -0.273576 0.019544 -0.996748 0.078176 -0.095319 -0.977022 -0.190638 -0.019544 -0.996748 0.078176
0.216789 0.036131 -0.975550 0.281581 -0.804518 -0.522937 0.000000 -0.964764 -0.263117 -0.227266 -0.946943 -0.227266 -0.076596 -0.970222 -0.229789 0.091192 -0.957518 -0.273576 0.019544 -0.996748 0.078176 -0.095319 -0.977022 -0.190638 -0.019171 -0.996871 0.076682
0.216789 0.036131 -0.975550 0.243935 -0.813116 -0.528525 0.000000 -0.964764 -0.263117 -0.227266 -0.946943 -0.227266 -0.076596 -0.970222 -0.229789 0.091192 -0.957518 -0.273576 0.019544 -0.996748 0.078176 -0.095319 -0.977022 -0.190638 -0.019171 -0.996871 0.076682
0.216789 0.036131 -0.975550 0.243935 -0.813116 -0.528525 0.000000 -0.964764 -0.263117 -0.227266 -0.946943 -0.227266 -0.077024 -0.975643 -0.205398 0.091192 -0.957518 -0.273576 0.019544 -0.996748 0.078176 -0.095319 -0.977022 -0.190638 -0.019171 -0.996871 0.076682
0.216789 0.036131 -0.975550 0.243935 -0.813116 -0.528525 0.000000 -0.964764 -0.263117 -0.227266 -0.946943 -0.227266 -0.079002 -0.974359 -0.210672 0.091192 -0.957518 -0.273576 0.019544 -0.996748 0.078176 -0.095319 -0.977022 -0.190638 -0.019171 -0.996871 0.076682
