-0.506979 0.823842 -0.253490 -0.682863 -0.085358 -0.725542 0.057904 -0.955419 -0.289521 -0.044677 -0.982888 -0.178707 -0.046449 -0.998651 -0.023224 -0.023776 -0.998586 -0.047552 0.062980 -0.965696 0.251921 -0.066503 -0.997540 -0.022168 -0.043716 -0.983621 0.174866
-0.494006 0.833635 -0.247003 -0.675521 -0.168880 -0.717741 0.056773 -0.965146 -0.255480 -0.044677 -0.982888 -0.178707 -0.046449 -0.998651 -0.023224 0.023250 -0.999730 0.000000 0.062980 -0.965696 0.251921 -0.066503 -0.997540 -0.022168 -0.021874 -0.984327 0.174991
-0.584305 0.779073 -0.227230 -0.611354 -0.163028 -0.774382 0.028421 -0.966315 -0.255789 -0.044677 -0.982888 -0.178707 -0.046449 -0.998651 -0.023224 0.022716 -0.999484 0.022716 0.062980 -0.965696 0.251921 -0.066503 -0.997540 -0.022168 -0.021874 -0.984327 0.174991
-0.670495 0.670495 -0.317603 -0.592464 -0.157991 -0.789953 0.028421 -0.966315 -0.255789 -0.171184 -0.984309 -0.042796 -0.046449 -0.998651 -0.023224 0.044357 -0.998031 0.044357 0.064282 -0.964237 0.257130 -0.066503 -0.997540 -0.022168 -0.021874 -0.984327 0.174991
-0.735215 0.514650 -0.441129 -0.583432 -0.233373 -0.777910 0.028421 -0.966315 -0.255789 -0.171184 -0.984309 -0.042796 -0.047552 -0.998586 -0.023776 0.043396 -0.998115 0.043396 0.064282 -0.964237 0.257130 -0.066503 -0.997540 -0.022168 -0.021874 -0.984327 0.174991
-0.777332 0.388666 -0.494666 -0.534692 -0.392108 -0.748569 0.029437 -0.971429 -0.235498 -0.164260 -0.985562 -0.041065 -0.047552 -0.998586 -0.023776 0.043396 -0.998115 0.043396 0.064282 -0.964237 0.257130 -0.066503 -0.997540 -0.022168 -0.021874 -0.984327 0.174991
-0.838002 0.100560 -0.536321 -0.514496 -0.514496 -0.685994 0.030069 -0.962216 -0.270623 -0.195965 -0.979827 0.039193 -0.023796 -0.999434 -0.023796 0.064942 -0.995774 0.064942 0.064282 -0.964237 0.257130 -0.066503 -0.997540 -0.022168 -0.021874 -0.984327 0.174991
-0.835170 -0.119310 -0.536895 -0.415775 -0.692959 -0.589015 0.000000 -0.960346 -0.278810 -0.151947 -0.987658 0.037987 -0.023776 -0.998586 -0.047552 0.064942 -0.995774 0.064942 0.064282 -0.964237 0.257130 -0.066503 -0.997540 -0.022168 -0.021874 -0.984327 0.174991
-0.826886 -0.285133 -0.484726 -0.332196 -0.812035 -0.479839 0.000000 -0.960346 -0.278810 -0.151947 -0.987658 0.037987 -0.023776 -0.998586 -0.047552 0.064942 -0.995774 0.064942 0.064282 -0.964237 0.257130 -0.066503 -0.997540 -0.022168 -0.021874 -0.984327 0.174991
-0.825210 -0.369922 -0.426833 -0.264764 -0.869940 -0.416058 0.000000 -0.968277 -0.249878 -0.146450 -0.988540 0.036613 -0.023776 -0.998586 -0.047552 0.064942 -0.995774 0.064942 0.085573 -0.962691 0.256718 -0.066503 -0.997540 -0.022168 -0.021874 -0.984327 0.174991
-0.843482 -0.365509 -0.393625 -0.224860 -0.899438 -0.374766 0.000000 -0.968277 -0.249878 -0.146450 -0.988540 0.036613 -0.024354 -0.998516 -0.048708 0.064942 -0.995774 0.064942 0.085573 -0.962691 0.256718 -0.066503 -0.997540 -0.022168 -0.043716 -0.983621 0.174866
-0.852631 -0.369473 -0.369473 -0.191460 -0.919007 -0.344628 0.000000 -0.968277 -0.249878 -0.146450 -0.988540 0.036613 0.000000 -0.998812 -0.048723 0.064942 -0.995774 0.064942 0.085573 -0.962691 0.256718 -0.066503 -0.997540 -0.022168 -0.043716 -0.983621 0.174866
-0.875154 -0.328183 -0.355531 -0.198419 -0.912727 -0.357154 0.000000 -0.966235 -0.257663 -0.141333 -0.989331 0.035333 0.000000 -0.998812 -0.048723 0.064942 -0.995774 0.064942 0.085087 -0.957230 0.276533 -0.066503 -0.997540 -0.022168 -0.044677 -0.982888 0.178707
-0.895497 -0.271363 -0.352771 -0.201129 -0.925196 -0.321807 0.000000 -0.973841 -0.227230 -0.141421 -0.989949 0.000000 0.000000 -0.998812 -0.048723 0.043345 -0.996942 0.065018 0.085087 -0.957230 0.276533 -0.066503 -0.997540 -0.022168 -0.044677 -0.982888 0.178707
-0.888204 -0.194295 -0.416346 -0.208878 -0.919063 -0.334205 0.000000 -0.973841 -0.227230 -0.141421 -0.989949 0.000000 0.000000 -0.998812 -0.048723 0.043345 -0.996942 0.065018 0.085087 -0.957230 0.276533 -0.088518 -0.995829 -0.022130 -0.044677 -0.982888 0.178707
-0.868174 -0.140028 -0.476095 -0.217186 -0.912182 -0.347498 0.032444 -0.973329 -0.227110 -0.175682 -0.983820 0.035136 0.000000 -0.998868 -0.047565 0.043345 -0.996942 0.065018 0.085087 -0.957230 0.276533 -0.088518 -0.995829 -0.022130 -0.044677 -0.982888 0.178707
-0.835073 -0.057591 -0.547117 -0.213785 -0.897895 -0.384812 0.032444 -0.973329 -0.227110 -0.175791 -0.984428 0.000000 0.000000 -0.998868 -0.047565 0.043345 -0.996942 0.065018 0.085087 -0.957230 0.276533 -0.088518 -0.995829 -0.022130 -0.044677 -0.982888 0.178707
-0.763057 -0.029348 -0.645664 -0.210166 -0.882696 -0.420331 0.032444 -0.973329 -0.227110 -0.175791 -0.984428 0.000000 0.000000 -0.998868 -0.047565 0.043345 -0.996942 0.065018 0.085087 -0.957230 0.276533 -0.088518 -0.995829 -0.022130 -0.044677 -0.982888 0.178707
-0.690656 -0.060057 -0.720685 -0.132973 -0.886484 -0.443242 0.032444 -0.973329 -0.227110 -0.175791 -0.984428 0.000000 0.000000 -0.998868 -0.047565 0.023250 -0.999730 0.000000 0.085087 -0.957230 0.276533 -0.088518 -0.995829 -0.022130 -0.044488 -0.978745 0.200198
-0.625821 -0.089403 -0.774826 -0.094703 -0.899676 -0.426162 0.031450 -0.974958 -0.220152 -0.182089 -0.983282 0.000000 0.000000 -0.998868 -0.047565 0.022698 -0.998711 0.045396 0.085087 -0.957230 0.276533 -0.088518 -0.995829 -0.022130 -0.044488 -0.978745 0.200198
-0.536895 -0.119310 -0.835170 0.000000 -0.884918 -0.465746 0.030303 -0.969697 -0.242424 -0.188847 -0.982006 0.000000 0.000000 -0.998868 -0.047565 0.022168 -0.997540 0.066503 0.063917 -0.958750 0.276972 -0.088518 -0.995829 -0.022130 -0.044488 -0.978745 0.200198
-0.393038 -0.151169 -0.907011 0.094703 -0.899676 -0.426162 0.030303 -0.969697 -0.242424 -0.188847 -0.982006 0.000000 0.000000 -0.998868 -0.047565 0.043396 -0.998115 0.043396 0.063917 -0.958750 0.276972 -0.088518 -0.995829 -0.022130 -0.044488 -0.978745 0.200198
-0.245602 -0.184202 -0.951709 0.141264 -0.894675 -0.423793 0.030303 -0.969697 -0.242424 -0.188713 -0.981307 -0.037743 0.023776 -0.998586 -0.047552 0.063686 -0.997744 0.021229 0.064282 -0.964237 0.257130 -0.088518 -0.995829 -0.022130 -0.044488 -0.978745 0.200198
-0.124878 -0.218537 -0.967805 0.183147 -0.869950 -0.457869 0.030303 -0.969697 -0.242424 -0.188847 -0.982006 0.000000 0.023776 -0.998586 -0.047552 0.063700 -0.997969 0.000000 0.063917 -0.958750 0.276972 -0.088518 -0.995829 -0.022130 -0.044488 -0.978745 0.200198
0.096176 -0.256468 -0.961756 0.231372 -0.879215 -0.416470 0.060523 -0.968364 -0.242091 -0.188713 -0.981307 -0.037743 0.023742 -0.997178 -0.071227 0.063686 -0.997744 0.021229 0.063917 -0.958750 0.276972 -0.088518 -0.995829 -0.022130 -0.044488 -0.978745 0.200198
0.279202 -0.314102 -0.907406 0.226805 -0.861858 -0.453609 0.060523 -0.968364 -0.242091 -0.188847 -0.982006 0.000000 0.023742 -0.997178 -0.071227 0.063686 -0.997744 0.021229 0.063917 -0.958750 0.276972 -0.088518 -0.995829 -0.022130 -0.066340 -0.972985 0.221133
0.490029 -0.196011 -0.849383 0.214176 -0.942376 -0.257012 0.030069 -0.962216 -0.270623 -0.188847 -0.982006 0.000000 0.023776 -0.998586 -0.047552 0.065064 -0.997645 0.021688 0.063917 -0.958750 0.276972 -0.088518 -0.995829 -0.022130 -0.066340 -0.972985 0.221133
0.621421 -0.147957 -0.769379 0.202444 -0.971732 -0.121466 0.030069 -0.962216 -0.270623 -0.188713 -0.981307 -0.037743 0.047511 -0.997740 -0.047511 0.065064 -0.997645 0.021688 0.042660 -0.959840 0.277287 -0.088540 -0.996073 0.000000 -0.066650 -0.977536 0.199951
0.672411 -0.116941 -0.730882 0.233373 -0.972387 0.000000 0.061839 -0.958508 -0.278277 -0.188847 -0.982006 0.000000 0.023776 -0.998586 -0.047552 0.065064 -0.997645 0.021688 0.042660 -0.959840 0.277287 -0.088540 -0.996073 0.000000 -0.066650 -0.977536 0.199951
0.688886 -0.110222 -0.716441 0.231800 -0.965834 0.115900 0.061839 -0.958508 -0.278277 -0.188713 -0.981307 -0.037743 0.023776 -0.998586 -0.047552 0.043427 -0.998821 0.021713 0.042660 -0.959840 0.277287 -0.066519 -0.997785 0.000000 -0.066340 -0.972985 0.221133
0.744845 -0.082761 -0.662085 0.267848 -0.956598 0.114792 0.061285 -0.949920 -0.306426 -0.188713 -0.981307 -0.037743 0.023776 -0.998586 -0.047552 0.043427 -0.998821 0.021713 0.043811 -0.963837 0.262865 -0.066519 -0.997785 0.000000 -0.066340 -0.972985 0.221133
0.744845 -0.082761 -0.662085 0.266485 -0.951734 0.152277 0.061839 -0.958508 -0.278277 -0.188713 -0.981307 -0.037743 0.023776 -0.998586 -0.047552 0.043427 -0.998821 0.021713 0.043811 -0.963837 0.262865 -0.066519 -0.997785 0.000000 -0.066340 -0.972985 0.221133
0.772375 -0.085819 -0.629343 0.267848 -0.956598 0.114792 0.061839 -0.958508 -0.278277 -0.188713 -0.981307 -0.037743 0.023776 -0.998586 -0.047552 0.043427 -0.998821 0.021713 0.043811 -0.963837 0.262865 -0.066519 -0.997785 0.000000 -0.066340 -0.972985 0.221133
0.758535 -0.084282 -0.646159 0.257151 -0.955134 0.146944 0.092538 -0.956226 -0.277614 -0.188713 -0.981307 -0.037743 0.023776 -0.998586 -0.047552 0.043427 -0.998821 0.021713 0.043811 -0.963837 0.262865 -0.066519 -0.997785 0.000000 -0.066340 -0.972985 0.221133
0.758175 -0.116642 -0.641533 0.266485 -0.951734 0.152277 0.092538 -0.956226 -0.277614 -0.224231 -0.971666 -0.074744 0.024354 -0.998516 -0.048708 0.043427 -0.998821 0.021713 0.021921 -0.964532 0.263054 -0.066519 -0.997785 0.000000 -0.066340 -0.972985 0.221133
0.758175 -0.116642 -0.641533 0.266485 -0.951734 0.152277 0.092538 -0.956226 -0.277614 -0.224231 -0.971666 -0.074744 0.024354 -0.998516 -0.048708 0.043427 -0.998821 0.021713 0.021921 -0.964532 0.263054 -0.066503 -0.997540 0.022168 -0.066002 -0.968027 0.242007
0.745356 -0.119257 -0.655913 0.266485 -0.951734 0.152277 0.092538 -0.956226 -0.277614 -0.224702 -0.973708 -0.037450 0.024354 -0.998516 -0.048708 0.043427 -0.998821 0.021713 0.021921 -0.964532 0.263054 -0.066503 -0.997540 0.022168 -0.066002 -0.968027 0.242007
0.730882 -0.116941 -0.672411 0.266485 -0.951734 0.152277 0.092538 -0.956226 -0.277614 -0.224702 -0.973708 -0.037450 0.048665 -0.997629 -0.048665 0.043396 -0.998115 0.043396 0.021921 -0.964532 0.263054 -0.066503 -0.997540 0.022168 -0.066002 -0.968027 0.242007
0.716817 -0.119470 -0.686950 0.267848 -0.956598 0.114792 0.092538 -0.956226 -0.277614 -0.224702 -0.973708 -0.037450 0.048665 -0.997629 -0.048665 0.043427 -0.998821 0.021713 0.021921 -0.964532 0.263054 -0.066519 -0.997785 0.000000 -0.087854 -0.966391 0.241598
0.730882 -0.116941 -0.672411 0.231800 -0.965834 0.115900 0.062348 -0.966394 -0.249392 -0.188311 -0.979217 -0.075324 0.048665 -0.997629 -0.048665 0.043427 -0.998821 0.021713 0.021921 -0.964532 0.263054 -0.066519 -0.997785 0.000000 -0.087854 -0.966391 0.241598
0.730882 -0.116941 -0.672411 0.231800 -0.965834 0.115900 0.060523 -0.968364 -0.242091 -0.188311 -0.979217 -0.075324 0.048665 -0.997629 -0.048665 0.043427 -0.998821 0.021713 0.021921 -0.964532 0.263054 -0.066519 -0.997785 0.000000 -0.087854 -0.966391 0.241598
