-0.586911 0.754599 -0.293455 -0.646162 0.502571 -0.574367 0.000000 -0.948683 -0.316228 -0.111726 -0.968291 -0.223452 -0.063873 -0.979389 -0.191620 0.071652 -0.955364 -0.286609 0.082602 -0.991219 0.103252 -0.151234 -0.932608 -0.327673 0.039960 -0.999001 0.019980
-0.565916 0.808452 -0.161690 -0.603307 0.425864 -0.674285 0.000000 -0.948683 -0.316228 -0.111726 -0.968291 -0.223452 -0.066650 -0.977536 -0.199951 0.071652 -0.955364 -0.286609 0.082602 -0.991219 0.103252 -0.151234 -0.932608 -0.327673 0.039960 -0.999001 0.019980
-0.569181 0.813116 -0.121967 -0.597319 0.386501 -0.702728 0.000000 -0.948683 -0.316228 -0.111726 -0.968291 -0.223452 -0.063873 -0.979389 -0.191620 0.071652 -0.955364 -0.286609 0.082602 -0.991219 0.103252 -0.151234 -0.932608 -0.327673 0.039960 -0.999001 0.019980
-0.569181 0.813116 -0.121967 -0.597319 0.386501 -0.702728 0.000000 -0.957826 -0.287348 -0.111726 -0.968291 -0.223452 -0.062568 -0.980231 -0.187704 0.048450 -0.969003 -0.242251 0.082602 -0.991219 0.103252 -0.151234 -0.932608 -0.327673 0.039960 -0.999001 0.019980
-0.561754 0.823906 -0.074901 -0.555175 0.296093 -0.777245 0.000000 -0.957826 -0.287348 -0.115900 -0.965834 -0.231800 -0.062568 -0.980231 -0.187704 0.024383 -0.975320 -0.219447 0.082602 -0.991219 0.103252 -0.151234 -0.932608 -0.327673 0.039960 -0.999001 0.019980
-0.561754 0.823906 -0.074901 -0.571454 0.304776 -0.761939 0.000000 -0.957826 -0.287348 -0.111726 -0.968291 -0.223452 -0.062801 -0.983875 -0.167468 0.049296 -0.961280 -0.271130 0.080944 -0.991570 0.101181 -0.151234 -0.932608 -0.327673 0.039960 -0.999001 0.019980
-0.535303 0.841191 -0.076472 -0.596285 0.298142 -0.745356 0.000000 -0.948683 -0.316228 -0.035875 -0.932745 -0.358748 -0.022157 -0.974893 -0.221567 0.073833 -0.959823 -0.270719 0.080944 -0.991570 0.101181 -0.151234 -0.932608 -0.327673 0.039960 -0.999001 0.019980
-0.535303 0.841191 -0.076472 -0.602595 0.263635 -0.753244 0.000000 -0.948683 -0.316228 -0.036588 -0.914702 -0.402469 -0.045859 -0.985969 -0.160507 0.071652 -0.955364 -0.286609 0.080944 -0.991570 0.101181 -0.151234 -0.932608 -0.327673 0.039960 -0.999001 0.019980
-0.598089 0.797452 -0.079745 -0.602595 0.263635 -0.753244 0.000000 -0.948683 -0.316228 -0.036037 -0.900937 -0.432450 -0.047232 -0.991880 -0.118081 0.047836 -0.956730 -0.287019 0.100995 -0.989748 0.100995 -0.152449 -0.940104 -0.304899 0.039186 -0.999232 0.000000
-0.639489 0.759393 -0.119904 -0.608229 0.228086 -0.760286 0.029386 -0.910977 -0.411409 -0.039498 -0.947943 -0.315981 -0.069135 -0.990931 -0.115225 0.070052 -0.957380 -0.280209 0.100995 -0.989748 0.100995 -0.152449 -0.940104 -0.304899 0.039186 -0.999232 0.000000
-0.711287 0.666831 -0.222277 -0.675528 0.187647 -0.713057 0.029386 -0.910977 -0.411409 -0.039498 -0.947943 -0.315981 -0.112197 -0.987332 -0.112197 0.093225 -0.955558 -0.279675 0.080944 -0.991570 0.101181 -0.152449 -0.940104 -0.304899 0.058722 -0.998274 0.000000
-0.716465 0.632175 -0.295015 -0.702740 -0.110959 -0.702740 -0.028736 -0.948292 -0.316097 0.000000 -0.877896 -0.478852 -0.133897 -0.981908 -0.133897 0.093225 -0.955558 -0.279675 0.080944 -0.991570 0.101181 -0.152449 -0.940104 -0.304899 0.058722 -0.998274 0.000000
-0.847216 0.442026 -0.294684 -0.613572 -0.383482 -0.690268 -0.027247 -0.953640 -0.299715 -0.118771 -0.910579 -0.395904 -0.133897 -0.981908 -0.133897 0.092599 -0.949135 -0.300945 0.080944 -0.991570 0.101181 -0.152449 -0.940104 -0.304899 0.058722 -0.998274 0.000000
-0.900937 0.288300 -0.324337 -0.525411 -0.562940 -0.637999 -0.054861 -0.960076 -0.274307 -0.154189 -0.925132 -0.346925 -0.158033 -0.970776 -0.180609 0.092599 -0.949135 -0.300945 0.082602 -0.991219 0.103252 -0.152449 -0.940104 -0.304899 0.058722 -0.998274 0.000000
-0.939418 0.108394 -0.325183 -0.492214 -0.632846 -0.597688 -0.054861 -0.960076 -0.274307 -0.184932 -0.924658 -0.332877 -0.154004 -0.968027 -0.198006 0.092599 -0.949135 -0.300945 0.062044 -0.992702 0.103406 -0.152449 -0.940104 -0.304899 0.039186 -0.999232 0.000000
-0.948098 0.035115 -0.316033 -0.402739 -0.732252 -0.549189 -0.054861 -0.960076 -0.274307 -0.187120 -0.935601 -0.299392 -0.129641 -0.972306 -0.194461 0.092599 -0.949135 -0.300945 0.063189 -0.989967 0.126379 -0.152449 -0.940104 -0.304899 0.039968 -0.999201 0.000000
-0.941742 0.000000 -0.336336 -0.354218 -0.743858 -0.566749 -0.055258 -0.967013 -0.248661 -0.187120 -0.935601 -0.299392 -0.129641 -0.972306 -0.194461 0.092599 -0.949135 -0.300945 0.063189 -0.989967 0.126379 -0.152449 -0.940104 -0.304899 0.039968 -0.999201 0.000000
-0.945373 0.000000 -0.325991 -0.345033 -0.759072 -0.552052 -0.055945 -0.979045 -0.195809 -0.225176 -0.938233 -0.262705 -0.131812 -0.966625 -0.219687 0.095346 -0.953463 -0.286039 0.042944 -0.987707 0.150303 -0.152449 -0.940104 -0.304899 0.020404 -0.999792 0.000000
-0.941210 -0.033615 -0.336146 -0.345033 -0.759072 -0.552052 -0.057166 -0.971825 -0.228665 -0.190901 -0.954504 -0.229081 -0.108312 -0.974812 -0.194962 0.095346 -0.953463 -0.286039 0.042944 -0.987707 0.150303 -0.127495 -0.943460 -0.305987 0.020404 -0.999792 0.000000
-0.925548 -0.034280 -0.377075 -0.363696 -0.727393 -0.581914 -0.058798 -0.970169 -0.235192 -0.184177 -0.957722 -0.221013 -0.108312 -0.974812 -0.194962 0.095346 -0.953463 -0.286039 0.042944 -0.987707 0.150303 -0.127495 -0.943460 -0.305987 0.020824 -0.999566 -0.020824
-0.926092 0.000000 -0.377297 -0.363696 -0.727393 -0.581914 -0.056773 -0.965146 -0.255480 -0.148250 -0.963624 -0.222375 -0.108312 -0.974812 -0.194962 0.095346 -0.953463 -0.286039 0.043874 -0.987165 0.153559 -0.127495 -0.943460 -0.305987 0.020824 -0.999566 -0.020824
-0.918650 -0.032809 -0.393707 -0.208696 -0.751305 -0.626088 -0.028421 -0.966315 -0.255789 -0.190901 -0.954504 -0.229081 -0.108312 -0.974812 -0.194962 0.095346 -0.953463 -0.286039 0.021874 -0.984327 0.174991 -0.127495 -0.943460 -0.305987 0.020824 -0.999566 -0.020824
-0.923548 -0.031846 -0.382158 -0.131181 -0.743358 -0.655904 -0.029223 -0.964352 -0.263005 -0.184177 -0.957722 -0.221013 -0.085029 -0.977838 -0.191316 0.095346 -0.953463 -0.286039 0.021874 -0.984327 0.174991 -0.127495 -0.943460 -0.305987 0.021272 -0.999774 0.000000
-0.887801 -0.030614 -0.459208 -0.139724 -0.745194 -0.652045 -0.028989 -0.956622 -0.289886 -0.185567 -0.964951 -0.185567 -0.085029 -0.977838 -0.191316 0.095346 -0.953463 -0.286039 0.021953 -0.987878 0.153670 -0.127495 -0.943460 -0.305987 0.021272 -0.999774 0.000000
-0.836536 -0.032174 -0.546966 -0.093659 -0.749269 -0.655610 -0.028989 -0.956622 -0.289886 -0.185567 -0.964951 -0.185567 -0.085029 -0.977838 -0.191316 0.095346 -0.953463 -0.286039 0.022439 -0.987332 0.157075 -0.127495 -0.943460 -0.305987 0.021272 -0.999774 0.000000
-0.811534 0.000000 -0.584305 -0.044065 -0.749110 -0.660979 -0.028989 -0.956622 -0.289886 -0.185567 -0.964951 -0.185567 -0.085029 -0.977838 -0.191316 0.095346 -0.953463 -0.286039 0.022439 -0.987332 0.157075 -0.127495 -0.943460 -0.305987 0.021272 -0.999774 0.000000
-0.722965 -0.032862 -0.690103 0.000000 -0.749838 -0.661622 0.000000 -0.957024 -0.290007 -0.185567 -0.964951 -0.185567 -0.063873 -0.979389 -0.191620 0.095346 -0.953463 -0.286039 0.022439 -0.987332 0.157075 -0.127495 -0.943460 -0.305987 0.021272 -0.999774 0.000000
-0.600000 0.000000 -0.800000 0.000000 -0.747409 -0.664364 0.000000 -0.957024 -0.290007 -0.185567 -0.964951 -0.185567 -0.065233 -0.978492 -0.195698 0.095346 -0.953463 -0.286039 0.022439 -0.987332 0.157075 -0.127495 -0.943460 -0.305987 0.021272 -0.999774 0.000000
-0.496139 0.000000 -0.868243 0.078206 -0.742959 -0.664753 0.000000 -0.957024 -0.290007 -0.185567 -0.964951 -0.185567 -0.066650 -0.977536 -0.199951 0.094676 -0.946762 -0.307698 0.021101 -0.991729 0.126604 -0.152449 -0.940104 -0.304899 0.019992 -0.999600 0.019992
-0.413449 -0.041345 -0.909588 0.192450 -0.731310 -0.654330 0.000000 -0.948683 -0.316228 -0.185567 -0.964951 -0.185567 -0.068129 -0.976516 -0.204387 0.094676 -0.946762 -0.307698 0.020717 -0.994405 0.103584 -0.152449 -0.940104 -0.304899 0.019589 -0.999040 0.039178
-0.170716 -0.085358 -0.981616 0.234798 -0.743527 -0.626128 0.000000 -0.948683 -0.316228 -0.185567 -0.964951 -0.185567 -0.068129 -0.976516 -0.204387 0.094676 -0.946762 -0.307698 0.020299 -0.994629 0.101493 -0.152449 -0.940104 -0.304899 0.000000 -0.999232 0.039186
0.090443 -0.045222 -0.994874 0.263635 -0.753244 -0.602595 0.000000 -0.948683 -0.316228 -0.185567 -0.964951 -0.185567 -0.068129 -0.976516 -0.204387 0.118048 -0.944384 -0.306925 0.020299 -0.994629 0.101493 -0.152449 -0.940104 -0.304899 0.000000 -0.999261 0.038433
0.221404 0.044281 -0.974176 0.261785 -0.785355 -0.560968 -0.030700 -0.982409 -0.184202 -0.193746 -0.968730 -0.154997 -0.068129 -0.976516 -0.204387 0.120736 -0.941743 -0.313914 0.019511 -0.995039 0.097553 -0.152449 -0.940104 -0.304899 0.000000 -0.999261 0.038433
0.224702 -0.037450 -0.973708 0.303774 -0.824530 -0.477359 -0.031654 -0.981288 -0.189927 -0.193746 -0.968730 -0.154997 -0.069673 -0.975426 -0.209020 0.120736 -0.941743 -0.313914 0.019511 -0.995039 0.097553 -0.151234 -0.932608 -0.327673 0.000000 -0.999261 0.038433
0.259794 -0.037113 -0.964951 0.303774 -0.824530 -0.477359 -0.032669 -0.980057 -0.196011 -0.186728 -0.970988 -0.149383 -0.069673 -0.975426 -0.209020 0.120736 -0.941743 -0.313914 0.019544 -0.996748 0.078176 -0.151234 -0.932608 -0.327673 0.000000 -0.999261 0.038433
0.274721 0.000000 -0.961524 0.315906 -0.857458 -0.406164 -0.032444 -0.973329 -0.227110 -0.186728 -0.970988 -0.149383 -0.069673 -0.975426 -0.209020 0.120736 -0.941743 -0.313914 0.019544 -0.996748 0.078176 -0.151234 -0.932608 -0.327673 0.000000 -0.998340 0.057597
0.265782 -0.033223 -0.963460 0.334855 -0.861057 -0.382692 -0.031220 -0.967805 -0.249756 -0.186728 -0.970988 -0.149383 -0.069673 -0.975426 -0.209020 0.120736 -0.941743 -0.313914 0.019544 -0.996748 0.078176 -0.151234 -0.932608 -0.327673 0.000000 -0.998340 0.057597
0.234641 0.000000 -0.972082 0.340755 -0.876226 -0.340755 -0.031220 -0.967805 -0.249756 -0.185567 -0.964951 -0.185567 -0.069673 -0.975426 -0.209020 0.120736 -0.941743 -0.313914 0.019544 -0.996748 0.078176 -0.152449 -0.940104 -0.304899 0.000000 -0.999261 0.038433
0.234641 0.000000 -0.972082 0.334855 -0.861057 -0.382692 -0.031220 -0.967805 -0.249756 -0.192450 -0.962250 -0.192450 -0.069673 -0.975426 -0.209020 0.120736 -0.941743 -0.313914 0.019544 -0.996748 0.078176 -0.152449 -0.940104 -0.304899 0.000000 -0.999261 0.038433
0.196011 0.032669 -0.980057 0.296681 -0.890043 -0.346128 -0.030303 -0.969697 -0.242424 -0.190901 -0.954504 -0.229081 -0.069673 -0.975426 -0.209020 0.120736 -0.941743 -0.313914 0.019544 -0.996748 0.078176 -0.152449 -0.940104 -0.304899 0.000000 -0.999261 0.038433
0.196011 0.032669 -0.980057 0.296681 -0.890043 -0.346128 -0.030069 -0.962216 -0.270623 -0.190901 -0.954504 -0.229081 -0.069673 -0.975426 -0.209020 0.120736 -0.941743 -0.313914 0.019544 -0.996748 0.078176 -0.148888 -0.942954 -0.297775 0.000000 -0.999232 0.039186
0.202490 0.033748 -0.978703 0.291386 -0.874157 -0.388514 0.000000 -0.970143 -0.242536 -0.189117 -0.945587 -0.264764 -0.069673 -0.975426 -0.209020 0.120736 -0.941743 -0.313914 0.019932 -0.996617 0.079729 -0.148888 -0.942954 -0.297775 0.000000 -0.999232 0.039186
