-0.554877 0.807093 -0.201773 -0.684830 0.249029 -0.684830 0.000000 -0.962651 -0.270746 0.000000 -0.983282 -0.182089 -0.022716 -0.999484 0.022716 0.047552 -0.998586 -0.023776 0.077557 -0.969458 0.232670 -0.090536 -0.995893 0.000000 0.000000 -0.989533 0.144307
-0.547176 0.820763 -0.164153 -0.681500 0.266674 -0.681500 0.029814 -0.954056 -0.298142 0.000000 -0.989203 -0.146549 -0.022716 -0.999484 0.022716 0.047552 -0.998586 -0.023776 0.096332 -0.963321 0.250464 -0.112910 -0.993605 0.000000 0.000000 -0.989533 0.144307
-0.628109 0.732793 -0.261712 -0.688247 0.229416 -0.688247 0.028989 -0.956622 -0.289886 0.000000 -0.988372 -0.152057 -0.022716 -0.999484 0.022716 0.047552 -0.998586 -0.023776 0.096332 -0.963321 0.250464 -0.112910 -0.993605 0.000000 0.020611 -0.989323 0.144276
-0.662226 0.662226 -0.350590 -0.689105 0.089883 -0.719066 0.026556 -0.956014 -0.292115 -0.043073 -0.990680 -0.129219 0.000000 -1.000000 0.000000 0.047565 -0.998868 0.000000 0.096782 -0.967823 0.232277 -0.112910 -0.993605 0.000000 0.020668 -0.992066 0.124008
-0.737865 0.527046 -0.421637 -0.671163 -0.095880 -0.735083 0.027247 -0.953640 -0.299715 -0.045222 -0.994874 -0.090443 0.000000 -0.998920 -0.046461 0.047565 -0.998868 0.000000 0.096782 -0.967823 0.232277 -0.112910 -0.993605 0.000000 0.020668 -0.992066 0.124008
-0.780222 0.407072 -0.474917 -0.623480 -0.311740 -0.717002 0.028205 -0.958984 -0.282054 -0.043274 -0.995307 -0.086548 -0.023224 -0.998651 -0.046449 0.047565 -0.998868 0.000000 0.096782 -0.967823 0.232277 -0.112881 -0.993352 -0.022576 0.020668 -0.992066 0.124008
-0.818517 0.094444 -0.566666 -0.539054 -0.505363 -0.673817 0.028989 -0.956622 -0.289886 -0.073671 -0.994558 -0.073671 -0.023193 -0.997307 -0.069580 0.047565 -0.998868 0.000000 0.096782 -0.967823 0.232277 -0.112881 -0.993352 -0.022576 0.020668 -0.992066 0.124008
-0.827837 -0.177394 -0.532181 -0.435028 -0.669274 -0.602347 0.030069 -0.962216 -0.270623 -0.068640 -0.995277 -0.068640 -0.023193 -0.997307 -0.069580 0.047565 -0.998868 0.000000 0.096782 -0.967823 0.232277 -0.112881 -0.993352 -0.022576 0.020668 -0.992066 0.124008
-0.768061 -0.438892 -0.466323 -0.371868 -0.777542 -0.507093 0.000000 -0.957826 -0.287348 -0.102658 -0.992360 -0.068439 -0.023742 -0.997178 -0.071227 0.047565 -0.998868 0.000000 0.096782 -0.967823 0.232277 -0.112881 -0.993352 -0.022576 0.020668 -0.992066 0.124008
-0.749422 -0.555127 -0.360833 -0.304256 -0.845154 -0.439480 0.030964 -0.959886 -0.278677 -0.141069 -0.987484 -0.070535 -0.023742 -0.997178 -0.071227 0.047565 -0.998868 0.000000 0.115900 -0.965834 0.231800 -0.112881 -0.993352 -0.022576 0.020253 -0.992383 0.121516
-0.714006 -0.631620 -0.302079 -0.264616 -0.893081 -0.363848 0.030964 -0.959886 -0.278677 -0.141069 -0.987484 -0.070535 -0.023776 -0.998586 -0.047552 0.071247 -0.997459 0.000000 0.096782 -0.967823 0.232277 -0.112881 -0.993352 -0.022576 0.000000 -0.992586 0.121541
-0.686644 -0.686644 -0.238833 -0.259828 -0.909398 -0.324785 0.030069 -0.962216 -0.270623 -0.141069 -0.987484 -0.070535 -0.023776 -0.998586 -0.047552 0.071247 -0.997459 0.000000 0.096782 -0.967823 0.232277 -0.112910 -0.993605 0.000000 0.000000 -0.992586 0.121541
-0.691280 -0.691280 -0.210390 -0.262471 -0.918650 -0.295280 0.029223 -0.964352 -0.263005 -0.146157 -0.986559 -0.073078 -0.023776 -0.998586 -0.047552 0.071247 -0.997459 0.000000 0.096782 -0.967823 0.232277 -0.112910 -0.993605 0.000000 0.000000 -0.992586 0.121541
-0.694314 -0.694314 -0.189358 -0.270604 -0.913289 -0.304430 0.028205 -0.958984 -0.282054 -0.146450 -0.988540 -0.036613 -0.023776 -0.998586 -0.047552 0.072976 -0.997334 0.000000 0.095001 -0.969015 0.228003 -0.112910 -0.993605 0.000000 0.000000 -0.992586 0.121541
-0.704925 -0.672883 -0.224294 -0.273275 -0.922302 -0.273275 0.026755 -0.963173 -0.267548 -0.151947 -0.987658 -0.037987 -0.023776 -0.998586 -0.047552 0.097100 -0.995275 0.000000 0.095001 -0.969015 0.228003 -0.112881 -0.993352 -0.022576 -0.020253 -0.992383 0.121516
-0.745014 -0.609557 -0.270914 -0.275698 -0.930481 -0.241236 0.026755 -0.963173 -0.267548 -0.151947 -0.987658 -0.037987 -0.023776 -0.998586 -0.047552 0.097100 -0.995275 0.000000 0.095001 -0.969015 0.228003 -0.112881 -0.993352 -0.022576 -0.020253 -0.992383 0.121516
-0.735790 -0.568565 -0.367895 -0.284808 -0.925625 -0.249207 0.026755 -0.963173 -0.267548 -0.152057 -0.988372 0.000000 -0.024354 -0.998516 -0.048708 0.097100 -0.995275 0.000000 0.095001 -0.969015 0.228003 -0.112881 -0.993352 -0.022576 -0.020253 -0.992383 0.121516
-0.742464 -0.506225 -0.438729 -0.291536 -0.911051 -0.291536 0.026939 -0.969790 -0.242448 -0.151947 -0.987658 -0.037987 -0.024354 -0.998516 -0.048708 0.097100 -0.995275 0.000000 0.095001 -0.969015 0.228003 -0.112881 -0.993352 -0.022576 -0.020253 -0.992383 0.121516
-0.706742 -0.449745 -0.546119 -0.239236 -0.917070 -0.318981 0.026939 -0.969790 -0.242448 -0.151947 -0.987658 -0.037987 -0.023796 -0.999434 -0.023796 0.097100 -0.995275 0.000000 0.095001 -0.969015 0.228003 -0.112881 -0.993352 -0.022576 -0.020253 -0.992383 0.121516
-0.677967 -0.400617 -0.616334 -0.203616 -0.936632 -0.285062 0.027661 -0.968122 -0.248946 -0.157867 -0.986671 -0.039467 -0.023796 -0.999434 -0.023796 0.097100 -0.995275 0.000000 0.095398 -0.973063 0.209876 -0.112881 -0.993352 -0.022576 -0.020253 -0.992383 0.121516
-0.659736 -0.359856 -0.659736 -0.123823 -0.949312 -0.288921 0.028421 -0.966315 -0.255789 -0.157867 -0.986671 -0.039467 0.000000 -0.999717 -0.023803 0.097100 -0.995275 0.000000 0.095398 -0.973063 0.209876 -0.112881 -0.993352 -0.022576 -0.020253 -0.992383 0.121516
-0.596285 -0.298142 -0.745356 -0.082903 -0.953381 -0.290159 0.029437 -0.971429 -0.235498 -0.151947 -0.987658 -0.037987 0.000000 -0.999717 -0.023803 0.072976 -0.997334 0.000000 0.095398 -0.973063 0.209876 -0.112910 -0.993605 0.000000 -0.020253 -0.992383 0.121516
-0.498058 -0.311286 -0.809345 -0.041559 -0.955847 -0.290910 0.030303 -0.969697 -0.242424 -0.151947 -0.987658 -0.037987 0.000000 -0.999717 -0.023803 0.072976 -0.997334 0.000000 0.095398 -0.973063 0.209876 -0.112910 -0.993605 0.000000 -0.020253 -0.992383 0.121516
-0.437287 -0.312348 -0.843338 0.130435 -0.956522 -0.260870 0.030514 -0.976445 -0.213597 -0.151947 -0.987658 -0.037987 0.000000 -0.999717 -0.023803 0.097071 -0.994982 -0.024268 0.076125 -0.970593 0.228375 -0.112910 -0.993605 0.000000 -0.020253 -0.992383 0.121516
-0.390195 -0.300150 -0.870435 0.257012 -0.942376 -0.214176 0.031450 -0.974958 -0.220152 -0.146450 -0.988540 -0.036613 0.000000 -0.999717 -0.023803 0.097071 -0.994982 -0.024268 0.076125 -0.970593 0.228375 -0.112910 -0.993605 0.000000 -0.020253 -0.992383 0.121516
-0.309938 -0.309938 -0.898820 0.370524 -0.905726 -0.205847 0.031450 -0.974958 -0.220152 -0.146157 -0.986559 -0.073078 0.000000 -0.999717 -0.023803 0.097071 -0.994982 -0.024268 0.076125 -0.970593 0.228375 -0.112910 -0.993605 0.000000 -0.020199 -0.989748 0.141393
-0.127906 -0.351741 -0.927318 0.375653 -0.918262 -0.125218 0.031450 -0.974958 -0.220152 -0.146450 -0.988540 -0.036613 0.000000 -0.999717 -0.023803 0.097071 -0.994982 -0.024268 0.076125 -0.970593 0.228375 -0.112910 -0.993605 0.000000 -0.020199 -0.989748 0.141393
0.063596 -0.381578 -0.922146 0.340503 -0.936382 -0.085126 0.030303 -0.969697 -0.242424 -0.181969 -0.982631 -0.036394 0.000000 -0.999717 -0.023803 0.097071 -0.994982 -0.024268 0.076444 -0.974661 0.210221 -0.112910 -0.993605 0.000000 -0.020611 -0.989323 0.144276
0.244111 -0.396681 -0.884903 0.341432 -0.938937 -0.042679 0.060943 -0.975084 -0.213300 -0.181608 -0.980684 -0.072643 0.000000 -0.999717 -0.023803 0.097071 -0.994982 -0.024268 0.076444 -0.974661 0.210221 -0.112910 -0.993605 0.000000 -0.020546 -0.986186 0.164364
0.407383 -0.349186 -0.843865 0.291162 -0.956674 0.000000 0.060523 -0.968364 -0.242091 -0.181608 -0.980684 -0.072643 0.000000 -0.999717 -0.023803 0.097071 -0.994982 -0.024268 0.076444 -0.974661 0.210221 -0.112881 -0.993352 -0.022576 -0.020546 -0.986186 0.164364
0.501940 -0.306741 -0.808682 0.240772 -0.963087 0.120386 0.060057 -0.960913 -0.270257 -0.181969 -0.982631 -0.036394 0.000000 -0.999717 -0.023803 0.097071 -0.994982 -0.024268 0.077894 -0.973677 0.214209 -0.112881 -0.993352 -0.022576 -0.020546 -0.986186 0.164364
0.576914 -0.274721 -0.769219 0.192450 -0.962250 0.192450 0.060523 -0.968364 -0.242091 -0.181608 -0.980684 -0.072643 0.000000 -0.999717 -0.023803 0.097071 -0.994982 -0.024268 0.077894 -0.973677 0.214209 -0.112881 -0.993352 -0.022576 -0.020546 -0.986186 0.164364
0.628547 -0.245953 -0.737859 0.153732 -0.960828 0.230599 0.061839 -0.958508 -0.278277 -0.146157 -0.986559 -0.073078 0.000000 -0.999717 -0.023803 0.097071 -0.994982 -0.024268 0.058498 -0.974972 0.214494 -0.112881 -0.993352 -0.022576 -0.020546 -0.986186 0.164364
0.648649 -0.216216 -0.729730 0.146944 -0.955134 0.257151 0.061839 -0.958508 -0.278277 -0.146157 -0.986559 -0.073078 0.000000 -0.999717 -0.023803 0.097071 -0.994982 -0.024268 0.058498 -0.974972 0.214494 -0.112881 -0.993352 -0.022576 -0.020472 -0.982666 0.184250
0.689672 -0.220695 -0.689672 0.148250 -0.963624 0.222375 0.062348 -0.966394 -0.249392 -0.145671 -0.983282 -0.109254 0.000000 -0.999717 -0.023803 0.097071 -0.994982 -0.024268 0.058498 -0.974972 0.214494 -0.112881 -0.993352 -0.022576 -0.020472 -0.982666 0.184250
0.693642 -0.194220 -0.693642 0.146944 -0.955134 0.257151 0.062348 -0.966394 -0.249392 -0.145671 -0.983282 -0.109254 0.000000 -0.999717 -0.023803 0.094782 -0.995216 -0.023696 0.059631 -0.973980 0.218649 -0.112910 -0.993605 0.000000 -0.020472 -0.982666 0.184250
0.707630 -0.190516 -0.680414 0.146944 -0.955134 0.257151 0.092538 -0.956226 -0.277614 -0.145671 -0.983282 -0.109254 0.000000 -0.999717 -0.023803 0.094782 -0.995216 -0.023696 0.059631 -0.973980 0.218649 -0.112910 -0.993605 0.000000 -0.020472 -0.982666 0.184250
0.707630 -0.190516 -0.680414 0.111726 -0.968291 0.223452 0.092538 -0.956226 -0.277614 -0.146157 -0.986559 -0.073078 0.000000 -0.999717 -0.023803 0.094782 -0.995216 -0.023696 0.059631 -0.973980 0.218649 -0.112910 -0.993605 0.000000 -0.020472 -0.982666 0.184250
0.707630 -0.190516 -0.680414 0.111726 -0.968291 0.223452 0.092538 -0.956226 -0.277614 -0.146157 -0.986559 -0.073078 0.023776 -0.998586 -0.047552 0.094782 -0.995216 -0.023696 0.059631 -0.973980 0.218649 -0.112910 -0.993605 0.000000 -0.020472 -0.982666 0.184250
0.682380 -0.170595 -0.710813 0.110732 -0.959678 0.258375 0.092538 -0.956226 -0.277614 -0.146157 -0.986559 -0.073078 0.023776 -0.998586 -0.047552 0.094782 -0.995216 -0.023696 0.039794 -0.974943 0.218865 -0.112910 -0.993605 0.000000 -0.020472 -0.982666 0.184250
0.682380 -0.170595 -0.710813 0.110732 -0.959678 0.258375 0.092538 -0.956226 -0.277614 -0.151620 -0.985527 -0.075810 0.023776 -0.998586 -0.047552 0.094782 -0.995216 -0.023696 0.039794 -0.974943 0.218865 -0.112910 -0.993605 0.000000 -0.020472 -0.982666 0.184250
