-0.490653 0.868079 -0.075485 -0.530669 0.379049 -0.758098 -0.030303 -0.969697 -0.242424 -0.127458 -0.977176 -0.169944 0.000000 -0.965363 -0.260909 0.043133 -0.970495 -0.237232 0.101493 -0.994629 0.020299 -0.113083 -0.972512 -0.203549 0.019996 -0.999800 0.000000
-0.443924 0.887848 -0.121070 -0.580000 0.435000 -0.688749 -0.030303 -0.969697 -0.242424 -0.154997 -0.968730 -0.193746 -0.026252 -0.971333 -0.236270 0.043133 -0.970495 -0.237232 0.101493 -0.994629 0.020299 -0.113083 -0.972512 -0.203549 0.019996 -0.999800 0.000000
-0.460336 0.878823 -0.125546 -0.594028 0.454257 -0.663914 -0.030303 -0.969697 -0.242424 -0.154997 -0.968730 -0.193746 -0.026252 -0.971333 -0.236270 0.043133 -0.970495 -0.237232 0.101493 -0.994629 0.020299 -0.113083 -0.972512 -0.203549 0.019996 -0.999800 0.000000
-0.503066 0.838444 -0.209611 -0.597688 0.492214 -0.632846 -0.029437 -0.971429 -0.235498 -0.153732 -0.960828 -0.230599 0.000000 -0.976187 -0.216930 0.043133 -0.970495 -0.237232 0.101493 -0.994629 0.020299 -0.113083 -0.972512 -0.203549 0.019996 -0.999800 0.000000
-0.515889 0.833360 -0.198419 -0.612240 0.396155 -0.684268 -0.029437 -0.971429 -0.235498 -0.153732 -0.960828 -0.230599 0.000000 -0.979457 -0.201653 0.043133 -0.970495 -0.237232 0.101493 -0.994629 0.020299 -0.113083 -0.972512 -0.203549 0.019996 -0.999800 0.000000
-0.591520 0.773527 -0.227508 -0.612637 0.324337 -0.720750 -0.029437 -0.971429 -0.235498 -0.148250 -0.963624 -0.222375 0.000000 -0.984784 -0.173785 0.043133 -0.970495 -0.237232 0.101493 -0.994629 0.020299 -0.113083 -0.972512 -0.203549 0.019996 -0.999800 0.000000
-0.558398 0.773166 -0.300676 -0.647415 0.251773 -0.719350 -0.029437 -0.971429 -0.235498 -0.153732 -0.960828 -0.230599 -0.106525 -0.985354 -0.133156 0.044055 -0.969201 -0.242300 0.099484 -0.994840 0.019897 -0.113083 -0.972512 -0.203549 0.019996 -0.999800 0.000000
-0.704361 0.616316 -0.352180 -0.625355 -0.110357 -0.772497 0.000000 -0.970143 -0.242536 -0.194772 -0.973862 -0.116863 -0.126148 -0.983958 -0.126148 0.044055 -0.969201 -0.242300 0.099484 -0.994840 0.019897 -0.113083 -0.972512 -0.203549 0.019996 -0.999800 0.000000
-0.849045 0.373580 -0.373580 -0.356313 -0.554265 -0.752217 0.000000 -0.970143 -0.242536 -0.194772 -0.973862 -0.116863 -0.151282 -0.983332 -0.100855 0.044055 -0.969201 -0.242300 0.099484 -0.994840 0.019897 -0.113083 -0.972512 -0.203549 0.019996 -0.999800 0.000000
-0.912509 0.157329 -0.377590 -0.147043 -0.735215 -0.661693 -0.029437 -0.971429 -0.235498 -0.156055 -0.975343 -0.156055 -0.155126 -0.982467 -0.103418 0.044055 -0.969201 -0.242300 0.099425 -0.994250 0.039770 -0.112537 -0.967821 -0.225075 0.019600 -0.999616 -0.019600
-0.926703 -0.061780 -0.370681 -0.034648 -0.831551 -0.554367 -0.029437 -0.971429 -0.235498 -0.193746 -0.968730 -0.154997 -0.129358 -0.983124 -0.129358 0.044055 -0.969201 -0.242300 0.099425 -0.994250 0.039770 -0.110136 -0.969201 -0.220273 0.000000 -0.999800 -0.019996
-0.917556 -0.152926 -0.367022 -0.036394 -0.837056 -0.545906 -0.029437 -0.971429 -0.235498 -0.186728 -0.970988 -0.149383 -0.148741 -0.981691 -0.118993 0.043811 -0.963837 -0.262865 0.099190 -0.991900 0.079352 -0.110136 -0.969201 -0.220273 0.000000 -0.999800 -0.019996
-0.905366 -0.124878 -0.405854 -0.035968 -0.863220 -0.503545 0.000000 -0.971850 -0.235600 -0.222375 -0.963624 -0.148250 -0.126365 -0.979327 -0.157956 0.065638 -0.962683 -0.262550 0.079493 -0.993661 0.079493 -0.110136 -0.969201 -0.220273 0.000000 -0.999201 -0.039968
-0.901421 -0.155417 -0.404085 -0.035968 -0.863220 -0.503545 0.000000 -0.966705 -0.255893 -0.231800 -0.965834 -0.115900 -0.134687 -0.976481 -0.168359 0.065638 -0.962683 -0.262550 0.059702 -0.995037 0.079603 -0.110648 -0.973699 -0.199166 -0.019600 -0.999616 -0.019600
-0.901421 -0.155417 -0.404085 -0.037823 -0.869940 -0.491705 0.000000 -0.966705 -0.255893 -0.231800 -0.965834 -0.115900 -0.121942 -0.975537 -0.182913 0.065638 -0.962683 -0.262550 0.058621 -0.996558 0.058621 -0.110648 -0.973699 -0.199166 -0.019604 -0.999808 0.000000
-0.893684 -0.123267 -0.431433 -0.038519 -0.885927 -0.462223 0.000000 -0.966705 -0.255893 -0.231800 -0.965834 -0.115900 -0.091756 -0.978726 -0.183511 0.064282 -0.964237 -0.257130 0.059785 -0.996419 0.059785 -0.110648 -0.973699 -0.199166 -0.019604 -0.999808 0.000000
-0.892841 -0.059523 -0.446421 -0.038519 -0.885927 -0.462223 0.000000 -0.968493 -0.249041 -0.231800 -0.965834 -0.115900 -0.091756 -0.978726 -0.183511 0.064282 -0.964237 -0.257130 0.059845 -0.997410 0.039896 -0.110648 -0.973699 -0.199166 -0.019600 -0.999616 0.019600
-0.881043 -0.031466 -0.471988 -0.039873 -0.877197 -0.478471 0.000000 -0.966705 -0.255893 -0.223452 -0.968291 -0.111726 -0.089087 -0.979958 -0.178174 0.064282 -0.964237 -0.257130 0.059845 -0.997410 0.039896 -0.108312 -0.974812 -0.194962 -0.019992 -0.999600 0.019992
-0.859855 -0.031846 -0.509544 -0.082409 -0.865290 -0.494451 0.000000 -0.966705 -0.255893 -0.231800 -0.965834 -0.115900 -0.089522 -0.984746 -0.149204 0.064282 -0.964237 -0.257130 0.058677 -0.997510 0.039118 -0.108312 -0.974812 -0.194962 -0.039960 -0.999001 0.019980
-0.826927 0.000000 -0.562310 -0.082409 -0.865290 -0.494451 0.000000 -0.966705 -0.255893 -0.194772 -0.973862 -0.116863 -0.086966 -0.985611 -0.144943 0.064282 -0.964237 -0.257130 0.058677 -0.997510 0.039118 -0.108312 -0.974812 -0.194962 -0.039960 -0.999001 0.019980
-0.799556 -0.033315 -0.599667 -0.042835 -0.856706 -0.514024 0.000000 -0.966705 -0.255893 -0.194772 -0.973862 -0.116863 -0.089087 -0.979958 -0.178174 0.064282 -0.964237 -0.257130 0.058677 -0.997510 0.039118 -0.108312 -0.974812 -0.194962 -0.039960 -0.999001 0.019980
-0.672293 -0.033615 -0.739522 0.000000 -0.845489 -0.533993 0.000000 -0.966705 -0.255893 -0.195515 -0.977577 -0.078206 -0.086566 -0.981087 -0.173133 0.064282 -0.964237 -0.257130 0.058677 -0.997510 0.039118 -0.108312 -0.974812 -0.194962 -0.039960 -0.999001 0.019980
-0.575034 -0.101477 -0.811812 0.140797 -0.844782 -0.516256 0.000000 -0.966705 -0.255893 -0.195515 -0.977577 -0.078206 -0.084182 -0.982124 -0.168364 0.064282 -0.964237 -0.257130 0.058677 -0.997510 0.039118 -0.108312 -0.974812 -0.194962 -0.039960 -0.999001 0.019980
-0.383669 -0.174395 -0.906854 0.235965 -0.849473 -0.471929 0.000000 -0.966705 -0.255893 -0.195515 -0.977577 -0.078206 -0.056232 -0.984063 -0.168696 0.064282 -0.964237 -0.257130 0.058677 -0.997510 0.039118 -0.108312 -0.974812 -0.194962 -0.039960 -0.999001 0.019980
-0.184177 -0.221013 -0.957722 0.285714 -0.857143 -0.428571 0.000000 -0.966705 -0.255893 -0.195515 -0.977577 -0.078206 -0.054718 -0.984916 -0.164153 0.064625 -0.969368 -0.236957 0.058677 -0.997510 0.039118 -0.108312 -0.974812 -0.194962 -0.019992 -0.999600 0.019992
0.069673 -0.209020 -0.975426 0.243396 -0.924906 -0.292075 0.000000 -0.966705 -0.255893 -0.194772 -0.973862 -0.116863 -0.054718 -0.984916 -0.164153 0.064625 -0.969368 -0.236957 0.058677 -0.997510 0.039118 -0.108312 -0.974812 -0.194962 -0.019992 -0.999600 0.019992
0.199778 -0.166482 -0.965594 0.190476 -0.952381 -0.238095 0.000000 -0.966705 -0.255893 -0.194772 -0.973862 -0.116863 -0.054718 -0.984916 -0.164153 0.064625 -0.969368 -0.236957 0.058677 -0.997510 0.039118 -0.108312 -0.974812 -0.194962 -0.019992 -0.999600 0.019992
0.312348 -0.156174 -0.937043 0.145521 -0.970143 -0.194029 0.000000 -0.966705 -0.255893 -0.194772 -0.973862 -0.116863 -0.054718 -0.984916 -0.164153 0.064625 -0.969368 -0.236957 0.058677 -0.997510 0.039118 -0.108312 -0.974812 -0.194962 -0.019992 -0.999600 0.019992
0.350134 -0.159152 -0.923080 0.192450 -0.962250 -0.192450 0.000000 -0.966705 -0.255893 -0.194772 -0.973862 -0.116863 -0.054718 -0.984916 -0.164153 0.064625 -0.969368 -0.236957 0.058677 -0.997510 0.039118 -0.108312 -0.974812 -0.194962 -0.019992 -0.999600 0.019992
0.368577 -0.122859 -0.921443 0.183920 -0.965581 -0.183920 0.029223 -0.964352 -0.263005 -0.231800 -0.965834 -0.115900 -0.054718 -0.984916 -0.164153 0.064625 -0.969368 -0.236957 0.058677 -0.997510 0.039118 -0.108312 -0.974812 -0.194962 -0.019992 -0.999600 0.019992
0.369800 -0.092450 -0.924500 0.227744 -0.956524 -0.182195 0.000000 -0.964764 -0.263117 -0.232670 -0.969458 -0.077557 -0.054718 -0.984916 -0.164153 0.064625 -0.969368 -0.236957 0.058677 -0.997510 0.039118 -0.108312 -0.974812 -0.194962 -0.019992 -0.999600 0.019992
0.353007 -0.096275 -0.930654 0.270226 -0.945792 -0.180151 0.000000 -0.964764 -0.263117 -0.232670 -0.969458 -0.077557 -0.054718 -0.984916 -0.164153 0.086026 -0.967798 -0.236573 0.039156 -0.998466 0.039156 -0.108312 -0.974812 -0.194962 -0.019992 -0.999600 0.019992
0.353007 -0.096275 -0.930654 0.229416 -0.963546 -0.137649 0.000000 -0.964764 -0.263117 -0.232670 -0.969458 -0.077557 -0.054718 -0.984916 -0.164153 0.085573 -0.962691 -0.256718 0.039936 -0.998404 0.039936 -0.108312 -0.974812 -0.194962 -0.019992 -0.999600 0.019992
0.324443 -0.097333 -0.940884 0.270226 -0.945792 -0.180151 0.000000 -0.964764 -0.263117 -0.224231 -0.971666 -0.074744 -0.054718 -0.984916 -0.164153 0.085573 -0.962691 -0.256718 0.039936 -0.998404 0.039936 -0.108312 -0.974812 -0.194962 -0.019980 -0.999001 0.039960
0.304430 -0.101477 -0.947114 0.270226 -0.945792 -0.180151 0.000000 -0.964764 -0.263117 -0.224231 -0.971666 -0.074744 -0.054718 -0.984916 -0.164153 0.086026 -0.967798 -0.236573 0.039936 -0.998404 0.039936 -0.108312 -0.974812 -0.194962 -0.019980 -0.999001 0.039960
0.305304 -0.067845 -0.949835 0.270226 -0.945792 -0.180151 0.000000 -0.964764 -0.263117 -0.224231 -0.971666 -0.074744 -0.054718 -0.984916 -0.164153 0.086026 -0.967798 -0.236573 0.039936 -0.998404 0.039936 -0.108312 -0.974812 -0.194962 -0.019980 -0.999001 0.039960
0.305304 -0.067845 -0.949835 0.282216 -0.940721 -0.188144 0.000000 -0.964764 -0.263117 -0.232670 -0.969458 -0.077557 -0.054718 -0.984916 -0.164153 0.086026 -0.967798 -0.236573 0.039960 -0.999001 0.019980 -0.108312 -0.974812 -0.194962 -0.019980 -0.999001 0.039960
0.305304 -0.067845 -0.949835 0.282216 -0.940721 -0.188144 0.000000 -0.964764 -0.263117 -0.232670 -0.969458 -0.077557 -0.054718 -0.984916 -0.164153 0.086026 -0.967798 -0.236573 0.039960 -0.999001 0.019980 -0.088714 -0.975852 -0.199606 -0.039156 -0.998466 0.039156
