-0.566820 0.821889 -0.056682 -0.405220 -0.202610 -0.891485 0.030303 -0.969697 -0.242424 -0.041065 -0.985562 -0.164260 -0.043396 -0.998115 0.043396 0.097071 -0.994982 0.024268 0.058498 -0.974972 0.214494 -0.094386 -0.991051 -0.094386 0.019854 -0.992681 0.119122
-0.625262 0.767368 -0.142105 -0.411693 -0.288185 -0.864556 0.030964 -0.959886 -0.278677 0.000000 -0.992877 -0.119145 -0.065018 -0.996942 0.043345 0.097071 -0.994982 0.024268 0.058498 -0.974972 0.214494 -0.094386 -0.991051 -0.094386 0.039684 -0.992095 0.119051
-0.637748 0.724714 -0.260897 -0.495715 -0.371787 -0.784883 0.000000 -0.968277 -0.249878 0.000000 -0.992877 -0.119145 -0.068006 -0.997427 0.022669 0.097071 -0.994982 0.024268 0.057406 -0.975909 0.210490 -0.094386 -0.991051 -0.094386 0.039770 -0.994250 0.099425
-0.768221 0.512148 -0.384111 -0.525924 -0.364101 -0.768658 0.000000 -0.970143 -0.242536 0.000000 -0.985212 -0.171341 -0.046461 -0.998920 0.000000 0.097071 -0.994982 0.024268 0.057406 -0.975909 0.210490 -0.094386 -0.991051 -0.094386 0.039770 -0.994250 0.099425
-0.790756 0.378188 -0.481330 -0.543305 -0.465690 -0.698535 0.000000 -0.970143 -0.242536 -0.075810 -0.985527 -0.151620 -0.046449 -0.998651 -0.023224 0.097071 -0.994982 0.024268 0.057406 -0.975909 0.210490 -0.094386 -0.991051 -0.094386 0.039770 -0.994250 0.099425
-0.851225 0.091203 -0.516815 -0.498161 -0.613121 -0.613121 0.031220 -0.967805 -0.249756 -0.145000 -0.978749 -0.145000 -0.047552 -0.998586 -0.023776 0.097071 -0.994982 0.024268 0.057406 -0.975909 0.210490 -0.094386 -0.991051 -0.094386 0.039770 -0.994250 0.099425
-0.849276 -0.175712 -0.497851 -0.453234 -0.717620 -0.528773 0.030514 -0.976445 -0.213597 -0.140028 -0.980196 -0.140028 -0.047511 -0.997740 -0.047511 0.097071 -0.994982 0.024268 0.057406 -0.975909 0.210490 -0.094386 -0.991051 -0.094386 0.019511 -0.995039 0.097553
-0.832950 -0.327230 -0.446223 -0.431889 -0.791797 -0.431889 0.030514 -0.976445 -0.213597 -0.140028 -0.980196 -0.140028 -0.047511 -0.997740 -0.047511 0.097071 -0.994982 0.024268 0.057406 -0.975909 0.210490 -0.094386 -0.991051 -0.094386 0.019511 -0.995039 0.097553
-0.802625 -0.487308 -0.343982 -0.365148 -0.839841 -0.401663 0.027842 -0.974481 -0.222738 -0.194772 -0.973862 -0.116863 -0.048665 -0.997629 -0.048665 0.097071 -0.994982 0.024268 0.076444 -0.974661 0.210221 -0.094386 -0.991051 -0.094386 0.019511 -0.995039 0.097553
-0.771517 -0.586353 -0.246885 -0.370370 -0.851852 -0.370370 0.026407 -0.977073 -0.211259 -0.210725 -0.969334 -0.126435 -0.048665 -0.997629 -0.048665 0.097071 -0.994982 0.024268 0.076444 -0.974661 0.210221 -0.094386 -0.991051 -0.094386 0.000000 -0.995229 0.097571
-0.784465 -0.588348 -0.196116 -0.327111 -0.872295 -0.363456 0.026252 -0.971333 -0.236270 -0.212238 -0.976296 -0.042448 -0.024354 -0.998516 -0.048708 0.094782 -0.995216 0.023696 0.076444 -0.974661 0.210221 -0.094386 -0.991051 -0.094386 0.000000 -0.995229 0.097571
-0.760357 -0.628121 -0.165295 -0.331295 -0.883452 -0.331295 0.026252 -0.971333 -0.236270 -0.212238 -0.976296 -0.042448 -0.024354 -0.998516 -0.048708 0.094782 -0.995216 0.023696 0.076444 -0.974661 0.210221 -0.094386 -0.991051 -0.094386 0.000000 -0.995229 0.097571
-0.749758 -0.647518 -0.136320 -0.331295 -0.883452 -0.331295 0.026252 -0.971333 -0.236270 -0.212238 -0.976296 -0.042448 -0.024354 -0.998516 -0.048708 0.094782 -0.995216 0.023696 0.076444 -0.974661 0.210221 -0.094386 -0.991051 -0.094386 -0.019511 -0.995039 0.097553
-0.792162 -0.585511 -0.172209 -0.291536 -0.911051 -0.291536 0.026407 -0.977073 -0.211259 -0.211667 -0.973668 -0.084667 -0.024354 -0.998516 -0.048708 0.094782 -0.995216 0.023696 0.076444 -0.974661 0.210221 -0.094150 -0.988577 -0.117688 -0.019511 -0.995039 0.097553
-0.818303 -0.533676 -0.213470 -0.291536 -0.911051 -0.291536 0.027106 -0.975828 -0.216851 -0.203279 -0.975739 -0.081312 -0.024354 -0.998516 -0.048708 0.118180 -0.992711 0.023636 0.076444 -0.974661 0.210221 -0.094150 -0.988577 -0.117688 -0.019511 -0.995039 0.097553
-0.821744 -0.479351 -0.308154 -0.301511 -0.904534 -0.301511 0.027106 -0.975828 -0.216851 -0.203279 -0.975739 -0.081312 -0.024354 -0.998516 -0.048708 0.118180 -0.992711 0.023636 0.076444 -0.974661 0.210221 -0.094150 -0.988577 -0.117688 -0.019511 -0.995039 0.097553
-0.816497 -0.408248 -0.408248 -0.301511 -0.904534 -0.301511 0.027106 -0.975828 -0.216851 -0.203279 -0.975739 -0.081312 -0.024354 -0.998516 -0.048708 0.118180 -0.992711 0.023636 0.076444 -0.974661 0.210221 -0.094150 -0.988577 -0.117688 -0.019511 -0.995039 0.097553
-0.804778 -0.386294 -0.450676 -0.272681 -0.895953 -0.350590 0.027106 -0.975828 -0.216851 -0.203785 -0.978167 -0.040757 -0.024354 -0.998516 -0.048708 0.118180 -0.992711 0.023636 0.076444 -0.974661 0.210221 -0.094150 -0.988577 -0.117688 -0.019511 -0.995039 0.097553
-0.777087 -0.341918 -0.528419 -0.244745 -0.897399 -0.367118 0.027106 -0.975828 -0.216851 -0.203785 -0.978167 -0.040757 0.000000 -0.998812 -0.048723 0.118180 -0.992711 0.023636 0.076444 -0.974661 0.210221 -0.094150 -0.988577 -0.117688 -0.019511 -0.995039 0.097553
-0.703131 -0.305709 -0.641989 -0.210166 -0.882696 -0.420331 0.027106 -0.975828 -0.216851 -0.203785 -0.978167 -0.040757 0.000000 -0.998812 -0.048723 0.118180 -0.992711 0.023636 0.076444 -0.974661 0.210221 -0.094150 -0.988577 -0.117688 -0.019511 -0.995039 0.097553
-0.659440 -0.299745 -0.689414 -0.085671 -0.899541 -0.428353 0.027842 -0.974481 -0.222738 -0.195965 -0.979827 -0.039193 0.000000 -0.998812 -0.048723 0.118180 -0.992711 0.023636 0.076444 -0.974661 0.210221 -0.094150 -0.988577 -0.117688 -0.019511 -0.995039 0.097553
-0.620066 -0.265742 -0.738173 0.042954 -0.902027 -0.429537 0.028006 -0.980196 -0.196039 -0.195515 -0.977577 -0.078206 0.000000 -0.998812 -0.048723 0.118180 -0.992711 0.023636 0.076444 -0.974661 0.210221 -0.094150 -0.988577 -0.117688 -0.019511 -0.995039 0.097553
-0.555233 -0.263005 -0.789015 0.213785 -0.897895 -0.384812 0.028796 -0.979051 -0.201569 -0.188311 -0.979217 -0.075324 0.000000 -0.998812 -0.048723 0.121019 -0.992355 0.024204 0.076444 -0.974661 0.210221 -0.094150 -0.988577 -0.117688 -0.019511 -0.995039 0.097553
-0.462459 -0.289037 -0.838206 0.297402 -0.892205 -0.339887 0.028618 -0.973018 -0.228946 -0.188311 -0.979217 -0.075324 0.000000 -0.998812 -0.048723 0.120913 -0.991484 0.048365 0.076739 -0.978420 0.191847 -0.094150 -0.988577 -0.117688 -0.019511 -0.995039 0.097553
-0.342717 -0.314158 -0.885353 0.416305 -0.874241 -0.249783 0.030303 -0.969697 -0.242424 -0.181608 -0.980684 -0.072643 0.000000 -0.998812 -0.048723 0.120913 -0.991484 0.048365 0.057628 -0.979683 0.192095 -0.094150 -0.988577 -0.117688 -0.019511 -0.995039 0.097553
-0.203864 -0.378605 -0.902828 0.507093 -0.845154 -0.169031 0.030514 -0.976445 -0.213597 -0.181608 -0.980684 -0.072643 0.000000 -0.998812 -0.048723 0.120913 -0.991484 0.048365 0.057628 -0.979683 0.192095 -0.094150 -0.988577 -0.117688 -0.019470 -0.992962 0.116819
-0.029801 -0.447015 -0.894030 0.510292 -0.850487 -0.127573 0.030514 -0.976445 -0.213597 -0.181608 -0.980684 -0.072643 0.000000 -0.998868 -0.047565 0.120913 -0.991484 0.048365 0.057628 -0.979683 0.192095 -0.094150 -0.988577 -0.117688 -0.019470 -0.992962 0.116819
0.265742 -0.442904 -0.856281 0.393543 -0.918266 -0.043727 0.030303 -0.969697 -0.242424 -0.181608 -0.980684 -0.072643 0.000000 -0.998868 -0.047565 0.120913 -0.991484 0.048365 0.057628 -0.979683 0.192095 -0.094150 -0.988577 -0.117688 -0.019470 -0.992962 0.116819
0.466850 -0.384465 -0.796391 0.302920 -0.952033 0.043274 0.030303 -0.969697 -0.242424 -0.188311 -0.979217 -0.075324 0.000000 -0.998868 -0.047565 0.072976 -0.997334 0.000000 0.057628 -0.979683 0.192095 -0.094150 -0.988577 -0.117688 -0.019470 -0.992962 0.116819
0.511310 -0.332351 -0.792530 0.247016 -0.946895 0.205847 0.030514 -0.976445 -0.213597 -0.188311 -0.979217 -0.075324 0.000000 -0.998868 -0.047565 0.048708 -0.998516 -0.024354 0.057628 -0.979683 0.192095 -0.094150 -0.988577 -0.117688 -0.019470 -0.992962 0.116819
0.614262 -0.320485 -0.721090 0.237729 -0.950915 0.198107 0.062348 -0.966394 -0.249392 -0.181608 -0.980684 -0.072643 0.000000 -0.998868 -0.047565 0.048665 -0.997629 -0.048665 0.057628 -0.979683 0.192095 -0.094150 -0.988577 -0.117688 -0.019470 -0.992962 0.116819
0.669589 -0.321403 -0.669589 0.229081 -0.954504 0.190901 0.062348 -0.966394 -0.249392 -0.181608 -0.980684 -0.072643 0.000000 -0.998868 -0.047565 0.048665 -0.997629 -0.048665 0.057628 -0.979683 0.192095 -0.094150 -0.988577 -0.117688 0.000000 -0.993151 0.116841
0.709299 -0.315244 -0.630488 0.227266 -0.946943 0.227266 0.062348 -0.966394 -0.249392 -0.181608 -0.980684 -0.072643 0.000000 -0.998868 -0.047565 0.097100 -0.995275 0.000000 0.058733 -0.978888 0.195778 -0.094150 -0.988577 -0.117688 0.000000 -0.992877 0.119145
0.763675 -0.311127 -0.565685 0.192450 -0.962250 0.192450 0.062348 -0.966394 -0.249392 -0.181969 -0.982631 -0.036394 0.000000 -0.998868 -0.047565 0.097071 -0.994982 0.024268 0.058733 -0.978888 0.195778 -0.094150 -0.988577 -0.117688 0.000000 -0.990342 0.138648
0.751495 -0.317940 -0.578073 0.162088 -0.932007 0.324176 0.062807 -0.973515 -0.219826 -0.181608 -0.980684 -0.072643 0.000000 -0.998868 -0.047565 0.096986 -0.994104 0.048493 0.058733 -0.978888 0.195778 -0.094150 -0.988577 -0.117688 0.000000 -0.990342 0.138648
0.763675 -0.311127 -0.565685 0.120580 -0.924448 0.361741 0.062807 -0.973515 -0.219826 -0.181608 -0.980684 -0.072643 0.000000 -0.998868 -0.047565 0.120913 -0.991484 0.048365 0.058733 -0.978888 0.195778 -0.094150 -0.988577 -0.117688 0.000000 -0.990342 0.138648
0.776552 -0.328541 -0.537613 0.164122 -0.943701 0.287213 0.062807 -0.973515 -0.219826 -0.181608 -0.980684 -0.072643 0.000000 -0.998868 -0.047565 0.120913 -0.991484 0.048365 0.058948 -0.982472 0.176845 -0.094150 -0.988577 -0.117688 0.000000 -0.990342 0.138648
0.764272 -0.336280 -0.550276 0.207793 -0.955847 0.207793 0.062807 -0.973515 -0.219826 -0.216789 -0.975550 -0.036131 0.000000 -0.998868 -0.047565 0.120913 -0.991484 0.048365 0.058948 -0.982472 0.176845 -0.094150 -0.988577 -0.117688 0.000000 -0.990342 0.138648
0.751391 -0.330612 -0.571057 0.207793 -0.955847 0.207793 0.063214 -0.979816 -0.189642 -0.216366 -0.973645 -0.072122 0.000000 -0.998868 -0.047565 0.120913 -0.991484 0.048365 0.058948 -0.982472 0.176845 -0.094150 -0.988577 -0.117688 0.000000 -0.990342 0.138648
0.729959 -0.364979 -0.577884 0.248922 -0.954201 0.165948 0.062807 -0.973515 -0.219826 -0.216366 -0.973645 -0.072122 0.000000 -0.998868 -0.047565 0.120913 -0.991484 0.048365 0.039337 -0.983422 0.177016 -0.094150 -0.988577 -0.117688 0.000000 -0.990342 0.138648
0.724616 -0.332116 -0.603847 0.239426 -0.957704 0.159617 0.062807 -0.973515 -0.219826 -0.216366 -0.973645 -0.072122 0.000000 -0.998868 -0.047565 0.120913 -0.991484 0.048365 0.039337 -0.983422 0.177016 -0.094150 -0.988577 -0.117688 0.000000 -0.990342 0.138648
0.724616 -0.332116 -0.603847 0.239426 -0.957704 0.159617 0.062807 -0.973515 -0.219826 -0.216366 -0.973645 -0.072122 0.000000 -0.998868 -0.047565 0.120913 -0.991484 0.048365 0.039337 -0.983422 0.177016 -0.094150 -0.988577 -0.117688 0.000000 -0.990342 0.138648
0.711443 -0.326078 -0.622513 0.239426 -0.957704 0.159617 0.063214 -0.979816 -0.189642 -0.215666 -0.970495 -0.107833 -0.023776 -0.998586 -0.047552 0.120913 -0.991484 0.048365 0.039337 -0.983422 0.177016 -0.094150 -0.988577 -0.117688 0.000000 -0.990342 0.138648
0.711443 -0.326078 -0.622513 0.239426 -0.957704 0.159617 0.062807 -0.973515 -0.219826 -0.216366 -0.973645 -0.072122 -0.023796 -0.999434 -0.023796 0.120913 -0.991484 0.048365 0.039337 -0.983422 0.177016 -0.094150 -0.988577 -0.117688 0.000000 -0.990342 0.138648
