-0.515152 0.848485 -0.121212 -0.478852 0.000000 -0.877896 0.030069 -0.962216 -0.270623 -0.163846 -0.983078 -0.081923 0.000000 -0.998920 0.046461 0.065018 -0.996942 0.043345 0.064282 -0.964237 0.257130 -0.086609 -0.996007 0.021652 0.021953 -0.987878 0.153670
-0.513036 0.845000 -0.150893 -0.494451 -0.082409 -0.865290 0.030069 -0.962216 -0.270623 -0.163846 -0.983078 -0.081923 0.000000 -0.998969 0.045408 0.065064 -0.997645 0.021688 0.064282 -0.964237 0.257130 -0.086609 -0.996007 0.021652 0.021953 -0.987878 0.153670
-0.537431 0.824061 -0.179144 -0.545906 -0.036394 -0.837056 0.030069 -0.962216 -0.270623 -0.163846 -0.983078 -0.081923 0.000000 -0.998969 0.045408 0.065064 -0.997645 0.021688 0.064282 -0.964237 0.257130 -0.088518 -0.995829 0.022130 0.021953 -0.987878 0.153670
-0.619514 0.728841 -0.291536 -0.527271 -0.188311 -0.828568 0.029223 -0.964352 -0.263005 -0.170716 -0.981616 -0.085358 -0.023243 -0.999460 0.023243 0.058677 -0.997510 0.039118 0.072127 -0.961694 0.264466 -0.088518 -0.995829 0.022130 0.022439 -0.987332 0.157075
-0.707107 0.565685 -0.424264 -0.494543 -0.342376 -0.798878 0.055258 -0.967013 -0.248661 -0.231372 -0.971764 -0.046274 -0.023803 -0.999717 0.000000 0.058677 -0.997510 0.039118 0.072127 -0.961694 0.264466 -0.088518 -0.995829 0.022130 0.022439 -0.987332 0.157075
-0.780869 0.374817 -0.499756 -0.356313 -0.554265 -0.752217 0.027661 -0.968122 -0.248946 -0.231372 -0.971764 -0.046274 -0.023803 -0.999717 0.000000 0.063686 -0.997744 0.021229 0.065638 -0.962683 0.262550 -0.088518 -0.995829 0.022130 0.022439 -0.987332 0.157075
-0.830474 0.061517 -0.553650 -0.287213 -0.697518 -0.656488 0.028989 -0.956622 -0.289886 -0.252199 -0.966762 -0.042033 -0.023796 -0.999434 -0.023796 0.065064 -0.997645 0.021688 0.064282 -0.964237 0.257130 -0.088518 -0.995829 0.022130 0.000000 -0.987580 0.157115
-0.816497 -0.219826 -0.533863 -0.286251 -0.736075 -0.613396 0.029814 -0.954056 -0.298142 -0.195965 -0.979827 -0.039193 -0.023796 -0.999434 -0.023796 0.065064 -0.997645 0.021688 0.064282 -0.964237 0.257130 -0.088518 -0.995829 0.022130 0.000000 -0.987580 0.157115
-0.783164 -0.407245 -0.469899 -0.243935 -0.813116 -0.528525 0.030069 -0.962216 -0.270623 -0.233197 -0.971653 -0.038866 -0.023776 -0.998586 -0.047552 0.065064 -0.997645 0.021688 0.064282 -0.964237 0.257130 -0.088518 -0.995829 0.022130 0.000000 -0.987580 0.157115
-0.787250 -0.449857 -0.421741 -0.202444 -0.850265 -0.485866 0.054861 -0.960076 -0.274307 -0.303204 -0.952926 0.000000 -0.023776 -0.998586 -0.047552 0.065064 -0.997645 0.021688 0.064282 -0.964237 0.257130 -0.088518 -0.995829 0.022130 0.000000 -0.987580 0.157115
-0.763981 -0.509321 -0.396138 -0.199205 -0.876501 -0.438250 0.052111 -0.964052 -0.260555 -0.330350 -0.943858 0.000000 -0.047511 -0.997740 -0.047511 0.065064 -0.997645 0.021688 0.042904 -0.965345 0.257425 -0.088518 -0.995829 0.022130 -0.022439 -0.987332 0.157075
-0.706063 -0.597438 -0.380188 -0.202610 -0.891485 -0.405220 0.078034 -0.962420 -0.260113 -0.370991 -0.927478 0.046374 -0.047511 -0.997740 -0.047511 0.065064 -0.997645 0.021688 0.042904 -0.965345 0.257425 -0.088518 -0.995829 0.022130 -0.022439 -0.987332 0.157075
-0.752910 -0.529826 -0.390398 -0.195515 -0.899371 -0.391031 0.078034 -0.962420 -0.260113 -0.370991 -0.927478 0.046374 -0.047511 -0.997740 -0.047511 0.065064 -0.997645 0.021688 0.042660 -0.959840 0.277287 -0.088518 -0.995829 0.022130 -0.022439 -0.987332 0.157075
-0.794506 -0.482379 -0.368878 -0.195515 -0.899371 -0.391031 0.078540 -0.968666 -0.235621 -0.370991 -0.927478 0.046374 -0.023776 -0.998586 -0.047552 0.065064 -0.997645 0.021688 0.042660 -0.959840 0.277287 -0.088518 -0.995829 0.022130 -0.044845 -0.986587 0.156957
-0.806612 -0.403306 -0.432113 -0.198419 -0.912727 -0.357154 0.076596 -0.970222 -0.229789 -0.387601 -0.920553 0.048450 -0.023776 -0.998586 -0.047552 0.065064 -0.997645 0.021688 0.042660 -0.959840 0.277287 -0.088518 -0.995829 0.022130 -0.044845 -0.986587 0.156957
-0.817540 -0.291979 -0.496364 -0.198419 -0.912727 -0.357154 0.076596 -0.970222 -0.229789 -0.387601 -0.920553 0.048450 -0.023776 -0.998586 -0.047552 0.065064 -0.997645 0.021688 0.042660 -0.959840 0.277287 -0.088518 -0.995829 0.022130 -0.044845 -0.986587 0.156957
-0.804627 -0.178806 -0.566219 -0.205847 -0.905726 -0.370524 0.059183 -0.976519 -0.207140 -0.280000 -0.960000 0.000000 -0.023776 -0.998586 -0.047552 0.065064 -0.997645 0.021688 0.042660 -0.959840 0.277287 -0.088518 -0.995829 0.022130 -0.044845 -0.986587 0.156957
-0.756881 -0.151376 -0.635780 -0.254000 -0.889001 -0.381000 0.063214 -0.979816 -0.189642 -0.259794 -0.964951 -0.037113 -0.023776 -0.998586 -0.047552 0.065064 -0.997645 0.021688 0.042660 -0.959840 0.277287 -0.088518 -0.995829 0.022130 -0.044845 -0.986587 0.156957
-0.705882 -0.058824 -0.705882 -0.213785 -0.897895 -0.384812 0.000000 -0.980581 -0.196116 -0.216789 -0.975550 -0.036131 -0.024354 -0.998516 -0.048708 0.065064 -0.997645 0.021688 0.042904 -0.965345 0.257425 -0.090513 -0.995638 0.022628 -0.043874 -0.987165 0.153559
-0.678009 -0.028250 -0.734510 -0.130189 -0.911322 -0.390567 0.000000 -0.985460 -0.169907 -0.209401 -0.977207 -0.034900 -0.024354 -0.998516 -0.048708 0.065064 -0.997645 0.021688 0.042904 -0.965345 0.257425 -0.090513 -0.995638 0.022628 -0.043874 -0.987165 0.153559
-0.604159 -0.027462 -0.796391 -0.090815 -0.908153 -0.408669 0.000000 -0.985460 -0.169907 -0.209401 -0.977207 -0.034900 -0.024354 -0.998516 -0.048708 0.065064 -0.997645 0.021688 0.042660 -0.959840 0.277287 -0.090443 -0.994874 0.045222 -0.043874 -0.987165 0.153559
-0.522365 -0.027493 -0.852279 -0.089087 -0.890871 -0.445435 0.000000 -0.979260 -0.202606 -0.209401 -0.977207 -0.034900 -0.024354 -0.998516 -0.048708 0.065079 -0.997880 0.000000 0.042660 -0.959840 0.277287 -0.090443 -0.994874 0.045222 -0.043874 -0.987165 0.153559
-0.447015 -0.029801 -0.894030 0.045549 -0.910975 -0.409939 0.000000 -0.979260 -0.202606 -0.209401 -0.977207 -0.034900 -0.024354 -0.998516 -0.048708 0.065079 -0.997880 0.000000 0.042660 -0.959840 0.277287 -0.090443 -0.994874 0.045222 -0.043874 -0.987165 0.153559
-0.408854 -0.031450 -0.912058 0.176090 -0.880451 -0.440225 0.032444 -0.973329 -0.227110 -0.216930 -0.976187 0.000000 -0.024354 -0.998516 -0.048708 0.065064 -0.997645 0.021688 0.042660 -0.959840 0.277287 -0.090443 -0.994874 0.045222 -0.043874 -0.987165 0.153559
-0.286764 -0.063725 -0.955879 0.213980 -0.855921 -0.470757 0.031911 -0.957338 -0.287202 -0.216930 -0.976187 0.000000 -0.024354 -0.998516 -0.048708 0.065064 -0.997645 0.021688 0.042660 -0.959840 0.277287 -0.088453 -0.995098 0.044227 -0.043874 -0.987165 0.153559
-0.127386 -0.095539 -0.987241 0.213980 -0.855921 -0.470757 0.031607 -0.948209 -0.316070 -0.216930 -0.976187 0.000000 0.000000 -0.998812 -0.048723 0.065064 -0.997645 0.021688 0.043550 -0.958108 0.283077 -0.088453 -0.995098 0.044227 -0.043716 -0.983621 0.174866
0.034139 -0.136558 -0.990044 0.259161 -0.863868 -0.431934 0.030686 -0.951260 -0.306858 -0.224860 -0.974391 0.000000 0.000000 -0.998812 -0.048723 0.065064 -0.997645 0.021688 0.043550 -0.958108 0.283077 -0.088453 -0.995098 0.044227 -0.043716 -0.983621 0.174866
0.263005 -0.029223 -0.964352 0.161034 -0.966204 -0.201292 0.060690 -0.940691 -0.333793 -0.224860 -0.974391 0.000000 0.000000 -0.998812 -0.048723 0.065064 -0.997645 0.021688 0.043550 -0.958108 0.283077 -0.088453 -0.995098 0.044227 -0.043716 -0.983621 0.174866
0.435561 0.000000 -0.900159 0.156055 -0.975343 -0.156055 0.060690 -0.940691 -0.333793 -0.224860 -0.974391 0.000000 0.000000 -0.998812 -0.048723 0.065064 -0.997645 0.021688 0.043550 -0.958108 0.283077 -0.088453 -0.995098 0.044227 -0.043716 -0.983621 0.174866
0.580993 -0.029050 -0.813390 0.156893 -0.980581 -0.117670 0.060690 -0.940691 -0.333793 -0.224860 -0.974391 0.000000 0.000000 -0.998812 -0.048723 0.065064 -0.997645 0.021688 0.043811 -0.963837 0.262865 -0.088453 -0.995098 0.044227 -0.043716 -0.983621 0.174866
0.677199 -0.056433 -0.733632 0.195515 -0.977577 -0.078206 0.061285 -0.949920 -0.306426 -0.224702 -0.973708 -0.037450 0.000000 -0.998812 -0.048723 0.065064 -0.997645 0.021688 0.043811 -0.963837 0.262865 -0.088453 -0.995098 0.044227 -0.043716 -0.983621 0.174866
0.690724 -0.082887 -0.718353 0.196116 -0.980581 0.000000 0.059549 -0.952786 -0.297746 -0.233373 -0.972387 0.000000 0.000000 -0.998812 -0.048723 0.063686 -0.997744 0.021229 0.044755 -0.962231 0.268530 -0.088453 -0.995098 0.044227 -0.043540 -0.979651 0.195930
0.747757 -0.057520 -0.661477 0.188713 -0.981307 0.037743 0.059002 -0.944039 -0.324513 -0.233373 -0.972387 0.000000 0.000000 -0.998812 -0.048723 0.063686 -0.997744 0.021229 0.044755 -0.962231 0.268530 -0.088453 -0.995098 0.044227 -0.043540 -0.979651 0.195930
0.734659 -0.058773 -0.675886 0.187647 -0.975763 0.112588 0.059002 -0.944039 -0.324513 -0.233373 -0.972387 0.000000 0.000000 -0.998812 -0.048723 0.063686 -0.997744 0.021229 0.044755 -0.962231 0.268530 -0.088453 -0.995098 0.044227 -0.043540 -0.979651 0.195930
0.720189 -0.057615 -0.691381 0.150329 -0.977140 0.150329 0.059002 -0.944039 -0.324513 -0.233373 -0.972387 0.000000 0.000000 -0.998812 -0.048723 0.063686 -0.997744 0.021229 0.044755 -0.962231 0.268530 -0.088453 -0.995098 0.044227 -0.043540 -0.979651 0.195930
0.705882 -0.058824 -0.705882 0.154997 -0.968730 0.193746 0.059549 -0.952786 -0.297746 -0.233373 -0.972387 0.000000 0.000000 -0.998812 -0.048723 0.063686 -0.997744 0.021229 0.044755 -0.962231 0.268530 -0.088453 -0.995098 0.044227 -0.043540 -0.979651 0.195930
0.705978 -0.056478 -0.705978 0.115900 -0.965834 0.231800 0.057904 -0.955419 -0.289521 -0.269630 -0.962964 0.000000 0.000000 -0.998812 -0.048723 0.063686 -0.997744 0.021229 0.044755 -0.962231 0.268530 -0.088453 -0.995098 0.044227 -0.043540 -0.979651 0.195930
0.705882 -0.058824 -0.705882 0.156055 -0.975343 0.156055 0.058371 -0.963119 -0.262669 -0.269630 -0.962964 0.000000 0.000000 -0.998812 -0.048723 0.063686 -0.997744 0.021229 0.022394 -0.962955 0.268732 -0.092524 -0.994635 0.046262 -0.043540 -0.979651 0.195930
0.705882 -0.058824 -0.705882 0.156055 -0.975343 0.156055 0.058371 -0.963119 -0.262669 -0.269630 -0.962964 0.000000 0.000000 -0.998812 -0.048723 0.046411 -0.997844 0.046411 0.022394 -0.962955 0.268732 -0.090443 -0.994874 0.045222 -0.044488 -0.978745 0.200198
0.720685 -0.060057 -0.690656 0.156893 -0.980581 0.117670 0.060057 -0.960913 -0.270257 -0.259973 -0.965616 0.000000 0.000000 -0.998812 -0.048723 0.045361 -0.997940 0.045361 0.022394 -0.962955 0.268732 -0.090328 -0.993605 0.067746 -0.044488 -0.978745 0.200198
0.705882 -0.058824 -0.705882 0.156893 -0.980581 0.117670 0.060523 -0.968364 -0.242091 -0.259794 -0.964951 -0.037113 0.000000 -0.998812 -0.048723 0.044390 -0.998768 0.022195 0.022525 -0.968557 0.247770 -0.090328 -0.993605 0.067746 -0.066650 -0.977536 0.199951
0.720685 -0.060057 -0.690656 0.157867 -0.986671 0.039467 0.060523 -0.968364 -0.242091 -0.259973 -0.965616 0.000000 0.000000 -0.998812 -0.048723 0.044390 -0.998768 0.022195 0.022525 -0.968557 0.247770 -0.088345 -0.993884 0.066259 -0.066650 -0.977536 0.199951
0.705882 -0.058824 -0.705882 0.157867 -0.986671 0.039467 0.060523 -0.968364 -0.242091 -0.259973 -0.965616 0.000000 0.000000 -0.998812 -0.048723 0.086609 -0.996007 0.021652 0.000000 -0.968803 0.247833 -0.088345 -0.993884 0.066259 -0.066650 -0.977536 0.199951
0.705882 -0.058824 -0.705882 0.157867 -0.986671 0.039467 0.060523 -0.968364 -0.242091 -0.269630 -0.962964 0.000000 0.000000 -0.999703 -0.024383 0.086609 -0.996007 0.021652 0.000000 -0.968803 0.247833 -0.088345 -0.993884 0.066259 -0.066650 -0.977536 0.199951
0.719066 -0.089883 -0.689105 0.157991 -0.987441 0.000000 0.060523 -0.968364 -0.242091 -0.269630 -0.962964 0.000000 0.000000 -0.999703 -0.024383 0.084781 -0.996174 0.021195 0.000000 -0.968803 0.247833 -0.086447 -0.994144 0.064836 -0.066650 -0.977536 0.199951
0.704361 -0.088045 -0.704361 0.157991 -0.987441 0.000000 0.030303 -0.969697 -0.242424 -0.224860 -0.974391 0.000000 0.000000 -0.999703 -0.024383 0.084781 -0.996174 0.021195 0.000000 -0.968803 0.247833 -0.086447 -0.994144 0.064836 -0.066650 -0.977536 0.199951
0.704361 -0.088045 -0.704361 0.157991 -0.987441 0.000000 0.030303 -0.969697 -0.242424 -0.224860 -0.974391 0.000000 0.000000 -0.999703 -0.024383 0.086609 -0.996007 0.021652 0.000000 -0.968803 0.247833 -0.090167 -0.991837 0.090167 -0.066650 -0.977536 0.199951
