-0.568075 0.820553 -0.063119 -0.413803 0.000000 -0.910366 0.029814 -0.954056 -0.298142 -0.118771 -0.989759 -0.079181 0.000000 -0.999730 0.023250 0.084724 -0.995504 0.042362 0.109580 -0.964300 0.241075 -0.086306 -0.992523 -0.086306 0.000000 -0.988116 0.153707
-0.566666 0.818517 -0.094444 -0.413449 -0.041345 -0.909588 0.030686 -0.951260 -0.306858 -0.118771 -0.989759 -0.079181 0.000000 -0.999730 0.023250 0.084724 -0.995504 0.042362 0.109580 -0.964300 0.241075 -0.086306 -0.992523 -0.086306 0.000000 -0.988116 0.153707
-0.609112 0.769405 -0.192351 -0.412393 -0.082479 -0.907265 0.030686 -0.951260 -0.306858 -0.118771 -0.989759 -0.079181 0.000000 -0.999730 0.023250 0.084629 -0.994389 0.063472 0.109580 -0.964300 0.241075 -0.086306 -0.992523 -0.086306 0.000000 -0.988116 0.153707
-0.635780 0.696331 -0.333028 -0.376638 -0.292941 -0.878823 0.030686 -0.951260 -0.306858 -0.151947 -0.987658 -0.037987 0.000000 -0.999730 0.023250 0.084629 -0.994389 0.063472 0.109580 -0.964300 0.241075 -0.086306 -0.992523 -0.086306 0.000000 -0.988116 0.153707
-0.692532 0.577110 -0.432832 -0.330759 -0.454794 -0.826898 0.031607 -0.948209 -0.316070 -0.146450 -0.988540 -0.036613 0.000000 -0.999730 0.023250 0.084629 -0.994389 0.063472 0.109580 -0.964300 0.241075 -0.086126 -0.990450 -0.107658 0.000000 -0.984563 0.175033
-0.755263 0.419591 -0.503509 -0.317971 -0.516704 -0.794929 0.056344 -0.957841 -0.281718 -0.212430 -0.977176 0.000000 0.000000 -0.999730 0.023250 0.084629 -0.994389 0.063472 0.109580 -0.964300 0.241075 -0.086126 -0.990450 -0.107658 0.000000 -0.984563 0.175033
-0.783795 0.235138 -0.574783 -0.287213 -0.656488 -0.697518 0.055880 -0.949958 -0.307339 -0.252199 -0.966762 0.042033 0.000000 -0.999730 0.023250 0.084629 -0.994389 0.063472 0.109580 -0.964300 0.241075 -0.086126 -0.990450 -0.107658 0.000000 -0.984563 0.175033
-0.786008 -0.028072 -0.617578 -0.286251 -0.736075 -0.613396 0.028736 -0.948292 -0.316097 -0.242338 -0.969351 0.040390 0.000000 -1.000000 0.000000 0.084629 -0.994389 0.063472 0.109580 -0.964300 0.241075 -0.086126 -0.990450 -0.107658 0.000000 -0.984563 0.175033
-0.786939 -0.309155 -0.533994 -0.269630 -0.770371 -0.577778 0.000000 -0.938876 -0.344255 -0.181969 -0.982631 0.036394 -0.023803 -0.999717 0.000000 0.084629 -0.994389 0.063472 0.109580 -0.964300 0.241075 -0.086126 -0.990450 -0.107658 0.000000 -0.984563 0.175033
-0.787250 -0.449857 -0.421741 -0.293294 -0.806559 -0.513265 0.028205 -0.958984 -0.282054 -0.252199 -0.966762 0.042033 -0.023803 -0.999717 0.000000 0.084629 -0.994389 0.063472 0.109580 -0.964300 0.241075 -0.086126 -0.990450 -0.107658 -0.021874 -0.984327 0.174991
-0.760941 -0.535477 -0.366379 -0.304114 -0.836315 -0.456172 0.027247 -0.953640 -0.299715 -0.262111 -0.961074 0.087370 -0.023803 -0.999717 0.000000 0.084724 -0.995504 0.042362 0.109580 -0.964300 0.241075 -0.086126 -0.990450 -0.107658 -0.021874 -0.984327 0.174991
-0.788006 -0.525338 -0.321040 -0.264764 -0.869940 -0.416058 0.053056 -0.955005 -0.291807 -0.314945 -0.944835 0.089984 -0.023803 -0.999717 0.000000 0.084724 -0.995504 0.042362 0.109580 -0.964300 0.241075 -0.086126 -0.990450 -0.107658 -0.021874 -0.984327 0.174991
-0.788006 -0.525338 -0.321040 -0.272681 -0.895953 -0.350590 0.052111 -0.964052 -0.260555 -0.328889 -0.939682 0.093968 -0.023803 -0.999717 0.000000 0.084724 -0.995504 0.042362 0.108979 -0.959018 0.261550 -0.086126 -0.990450 -0.107658 -0.021874 -0.984327 0.174991
-0.811869 -0.481108 -0.330762 -0.263448 -0.903252 -0.338719 0.052111 -0.964052 -0.260555 -0.328889 -0.939682 0.093968 0.000000 -1.000000 0.000000 0.086548 -0.995307 0.043274 0.108979 -0.959018 0.261550 -0.086126 -0.990450 -0.107658 -0.043716 -0.983621 0.174866
-0.854389 -0.396681 -0.335653 -0.263448 -0.903252 -0.338719 0.052111 -0.964052 -0.260555 -0.328889 -0.939682 0.093968 0.000000 -0.999717 -0.023803 0.086548 -0.995307 0.043274 0.108979 -0.959018 0.261550 -0.086126 -0.990450 -0.107658 -0.043716 -0.983621 0.174866
-0.840799 -0.300285 -0.450428 -0.276268 -0.907738 -0.315735 0.052111 -0.964052 -0.260555 -0.328889 -0.939682 0.093968 0.000000 -0.999717 -0.023803 0.086548 -0.995307 0.043274 0.108979 -0.959018 0.261550 -0.086126 -0.990450 -0.107658 -0.043716 -0.983621 0.174866
-0.840799 -0.180171 -0.510485 -0.276268 -0.907738 -0.315735 0.028421 -0.966315 -0.255789 -0.252199 -0.966762 0.042033 0.000000 -0.999717 -0.023803 0.065018 -0.996942 0.043345 0.108979 -0.959018 0.261550 -0.086126 -0.990450 -0.107658 -0.043716 -0.983621 0.174866
-0.800373 -0.088930 -0.592869 -0.236067 -0.904923 -0.354100 0.030303 -0.969697 -0.242424 -0.233197 -0.971653 0.038866 0.000000 -0.999717 -0.023803 0.065018 -0.996942 0.043345 0.108979 -0.959018 0.261550 -0.086126 -0.990450 -0.107658 -0.043716 -0.983621 0.174866
-0.734659 -0.058773 -0.675886 -0.244745 -0.897399 -0.367118 0.032444 -0.973329 -0.227110 -0.216789 -0.975550 0.036131 0.000000 -0.999703 -0.024383 0.086548 -0.995307 0.043274 0.108979 -0.959018 0.261550 -0.086126 -0.990450 -0.107658 -0.043716 -0.983621 0.174866
-0.706800 -0.029450 -0.706800 -0.176090 -0.880451 -0.440225 0.032669 -0.980057 -0.196011 -0.216930 -0.976187 0.000000 0.000000 -0.999703 -0.024383 0.086548 -0.995307 0.043274 0.108979 -0.959018 0.261550 -0.086126 -0.990450 -0.107658 -0.043716 -0.983621 0.174866
-0.678280 0.000000 -0.734803 -0.044677 -0.893534 -0.446767 0.000000 -0.980581 -0.196116 -0.182089 -0.983282 0.000000 0.000000 -0.999703 -0.024383 0.086548 -0.995307 0.043274 0.108979 -0.959018 0.261550 -0.086126 -0.990450 -0.107658 -0.043716 -0.983621 0.174866
-0.617822 0.000000 -0.786318 -0.046524 -0.883960 -0.465242 0.000000 -0.979260 -0.202606 -0.175791 -0.984428 0.000000 0.000000 -0.999703 -0.024383 0.086548 -0.995307 0.043274 0.108979 -0.959018 0.261550 -0.086126 -0.990450 -0.107658 -0.043716 -0.983621 0.174866
-0.527137 0.029285 -0.849276 0.000000 -0.865426 -0.501036 0.000000 -0.972082 -0.234641 -0.175791 -0.984428 0.000000 0.000000 -0.999703 -0.024383 0.086548 -0.995307 0.043274 0.108979 -0.959018 0.261550 -0.086126 -0.990450 -0.107658 -0.043716 -0.983621 0.174866
-0.434540 0.031039 -0.900118 0.000000 -0.845489 -0.533993 0.000000 -0.973841 -0.227230 -0.175791 -0.984428 0.000000 0.000000 -1.000000 0.000000 0.086548 -0.995307 0.043274 0.087370 -0.961074 0.262111 -0.086126 -0.990450 -0.107658 -0.043716 -0.983621 0.174866
-0.316070 0.031607 -0.948209 0.090722 -0.861858 -0.498970 0.031220 -0.967805 -0.249756 -0.181969 -0.982631 0.036394 0.000000 -1.000000 0.000000 0.086609 -0.996007 0.021652 0.086854 -0.955394 0.282275 -0.086126 -0.990450 -0.107658 -0.043716 -0.983621 0.174866
-0.151947 -0.037987 -0.987658 0.132324 -0.838054 -0.529297 0.031220 -0.967805 -0.249756 -0.216930 -0.976187 0.000000 0.000000 -1.000000 0.000000 0.086609 -0.996007 0.021652 0.087370 -0.961074 0.262111 -0.086126 -0.990450 -0.107658 -0.043716 -0.983621 0.174866
0.041487 -0.082974 -0.995688 0.132324 -0.838054 -0.529297 0.030964 -0.959886 -0.278677 -0.216930 -0.976187 0.000000 0.000000 -1.000000 0.000000 0.086609 -0.996007 0.021652 0.087370 -0.961074 0.262111 -0.086126 -0.990450 -0.107658 -0.043540 -0.979651 0.195930
0.300676 -0.128861 -0.944981 0.166378 -0.873485 -0.457540 0.063725 -0.955879 -0.286764 -0.216789 -0.975550 -0.036131 0.000000 -1.000000 0.000000 0.086609 -0.996007 0.021652 0.087370 -0.961074 0.262111 -0.086126 -0.990450 -0.107658 -0.043540 -0.979651 0.195930
0.417620 -0.128499 -0.899490 0.183920 -0.965581 -0.183920 0.061285 -0.949920 -0.306426 -0.224860 -0.974391 0.000000 0.000000 -1.000000 0.000000 0.086609 -0.996007 0.021652 0.087370 -0.961074 0.262111 -0.086126 -0.990450 -0.107658 -0.043540 -0.979651 0.195930
0.512615 -0.085436 -0.854358 0.212238 -0.976296 0.042448 0.061285 -0.949920 -0.306426 -0.224860 -0.974391 0.000000 0.000000 -1.000000 0.000000 0.086609 -0.996007 0.021652 0.087370 -0.961074 0.262111 -0.086126 -0.990450 -0.107658 -0.043540 -0.979651 0.195930
0.602344 -0.082138 -0.793999 0.121466 -0.971732 0.202444 0.061285 -0.949920 -0.306426 -0.224702 -0.973708 -0.037450 0.000000 -1.000000 0.000000 0.084781 -0.996174 0.021195 0.087370 -0.961074 0.262111 -0.086126 -0.990450 -0.107658 -0.043345 -0.975270 0.216727
0.704575 -0.084549 -0.704575 0.114792 -0.956598 0.267848 0.061285 -0.949920 -0.306426 -0.224860 -0.974391 0.000000 0.024383 -0.999703 0.000000 0.084781 -0.996174 0.021195 0.087370 -0.961074 0.262111 -0.086126 -0.990450 -0.107658 -0.043345 -0.975270 0.216727
0.786796 -0.121046 -0.605228 0.039968 -0.959233 0.279776 0.060690 -0.940691 -0.333793 -0.224860 -0.974391 0.000000 0.024383 -0.999703 0.000000 0.084781 -0.996174 0.021195 0.087370 -0.961074 0.262111 -0.086126 -0.990450 -0.107658 -0.043345 -0.975270 0.216727
0.833347 -0.086208 -0.545986 0.038069 -0.951734 0.304555 0.060690 -0.940691 -0.333793 -0.224860 -0.974391 0.000000 0.024383 -0.999703 0.000000 0.084781 -0.996174 0.021195 0.065638 -0.962683 0.262550 -0.086306 -0.992523 -0.086306 -0.043540 -0.979651 0.195930
0.841820 -0.084182 -0.533153 0.038069 -0.951734 0.304555 0.061285 -0.949920 -0.306426 -0.224860 -0.974391 0.000000 0.024383 -0.999703 0.000000 0.084781 -0.996174 0.021195 0.066002 -0.968027 0.242007 -0.086306 -0.992523 -0.086306 -0.043345 -0.975270 0.216727
0.869657 -0.028989 -0.492805 0.000000 -0.965616 0.259973 0.061285 -0.949920 -0.306426 -0.224860 -0.974391 0.000000 0.024383 -0.999703 0.000000 0.084800 -0.996398 0.000000 0.066002 -0.968027 0.242007 -0.086306 -0.992523 -0.086306 -0.043345 -0.975270 0.216727
0.881972 -0.029399 -0.470385 0.074074 -0.962963 0.259259 0.061285 -0.949920 -0.306426 -0.224860 -0.974391 0.000000 0.024383 -0.999703 0.000000 0.084800 -0.996398 0.000000 0.066002 -0.968027 0.242007 -0.086306 -0.992523 -0.086306 -0.043345 -0.975270 0.216727
0.870063 -0.096674 -0.483368 0.199840 -0.959233 0.199840 0.061285 -0.949920 -0.306426 -0.233373 -0.972387 0.000000 0.024383 -0.999703 0.000000 0.084800 -0.996398 0.000000 0.066002 -0.968027 0.242007 -0.086306 -0.992523 -0.086306 -0.043345 -0.975270 0.216727
0.851225 -0.091203 -0.516815 0.198107 -0.950915 0.237729 0.061839 -0.958508 -0.278277 -0.233373 -0.972387 0.000000 0.023803 -0.999717 0.000000 0.084800 -0.996398 0.000000 0.066002 -0.968027 0.242007 -0.064836 -0.994144 -0.086447 -0.064942 -0.974126 0.216473
0.851225 -0.091203 -0.516815 0.198107 -0.950915 0.237729 0.060057 -0.960913 -0.270257 -0.233373 -0.972387 0.000000 0.023803 -0.999717 0.000000 0.084800 -0.996398 0.000000 0.066002 -0.968027 0.242007 -0.064836 -0.994144 -0.086447 -0.088302 -0.971324 0.220755
0.835170 -0.119310 -0.536895 0.207793 -0.955847 0.207793 0.061839 -0.958508 -0.278277 -0.224860 -0.974391 0.000000 0.023803 -0.999717 0.000000 0.084800 -0.996398 0.000000 0.066002 -0.968027 0.242007 -0.064836 -0.994144 -0.086447 -0.088302 -0.971324 0.220755
0.835170 -0.119310 -0.536895 0.207793 -0.955847 0.207793 0.062348 -0.966394 -0.249392 -0.224702 -0.973708 -0.037450 0.023803 -0.999717 0.000000 0.084800 -0.996398 0.000000 0.066002 -0.968027 0.242007 -0.064836 -0.994144 -0.086447 -0.088302 -0.971324 0.220755
0.835170 -0.119310 -0.536895 0.207793 -0.955847 0.207793 0.062348 -0.966394 -0.249392 -0.224702 -0.973708 -0.037450 0.023803 -0.999717 0.000000 0.084800 -0.996398 0.000000 0.066002 -0.968027 0.242007 -0.064836 -0.994144 -0.086447 -0.087854 -0.966391 0.241598
0.839660 -0.124394 -0.528675 0.248922 -0.954201 0.165948 0.062348 -0.966394 -0.249392 -0.224860 -0.974391 0.000000 0.023803 -0.999717 0.000000 0.084800 -0.996398 0.000000 0.066002 -0.968027 0.242007 -0.064836 -0.994144 -0.086447 -0.087854 -0.966391 0.241598
0.833094 -0.096126 -0.544715 0.248922 -0.954201 0.165948 0.062348 -0.966394 -0.249392 -0.224860 -0.974391 0.000000 0.023803 -0.999717 0.000000 0.084800 -0.996398 0.000000 0.066002 -0.968027 0.242007 -0.064836 -0.994144 -0.086447 -0.087854 -0.966391 0.241598
