-0.460921 0.864227 -0.201653 -0.595726 -0.119145 -0.794301 0.025898 -0.958215 -0.284875 -0.103418 -0.982467 -0.155126 -0.090513 -0.995638 0.022628 0.065064 -0.997645 0.021688 0.043133 -0.970495 0.237232 -0.086447 -0.994144 0.064836 -0.022355 -0.983624 0.178841
-0.463428 0.868927 -0.173785 -0.569181 -0.121967 -0.813116 0.000000 -0.942428 -0.334410 -0.041065 -0.985562 -0.164260 -0.088518 -0.995829 0.022130 0.065064 -0.997645 0.021688 0.062980 -0.965696 0.251921 -0.086447 -0.994144 0.064836 -0.022355 -0.983624 0.178841
-0.477665 0.865768 -0.149270 -0.565916 -0.161690 -0.808452 0.000000 -0.932568 -0.360994 -0.041310 -0.991431 -0.123929 -0.088518 -0.995829 0.022130 0.065064 -0.997645 0.021688 0.062980 -0.965696 0.251921 -0.086447 -0.994144 0.064836 -0.022355 -0.983624 0.178841
-0.510485 0.840799 -0.180171 -0.556349 -0.171184 -0.813125 0.000000 -0.928477 -0.371391 0.000000 -0.992877 -0.119145 -0.088518 -0.995829 0.022130 0.065064 -0.997645 0.021688 0.062980 -0.965696 0.251921 -0.086447 -0.994144 0.064836 -0.022439 -0.987332 0.157075
-0.525634 0.803910 -0.278277 -0.551819 -0.212238 -0.806505 0.000000 -0.924017 -0.382352 0.000000 -0.993409 -0.114624 -0.090513 -0.995638 0.022628 0.066454 -0.996805 0.044302 0.062980 -0.965696 0.251921 -0.086447 -0.994144 0.064836 -0.022439 -0.987332 0.157075
-0.597022 0.696526 -0.398015 -0.551819 -0.212238 -0.806505 0.000000 -0.924017 -0.382352 -0.105934 -0.988714 -0.105934 -0.068024 -0.997684 0.000000 0.066454 -0.996805 0.044302 0.062980 -0.965696 0.251921 -0.086447 -0.994144 0.064836 -0.022439 -0.987332 0.157075
-0.685189 0.548151 -0.479632 -0.522937 -0.281581 -0.804518 0.000000 -0.934998 -0.354654 -0.105934 -0.988714 -0.105934 -0.069580 -0.997307 -0.023193 0.065018 -0.996942 0.043345 0.062980 -0.965696 0.251921 -0.086447 -0.994144 0.064836 -0.022439 -0.987332 0.157075
-0.688749 0.435000 -0.580000 -0.534692 -0.392108 -0.748569 0.000000 -0.934998 -0.354654 -0.135926 -0.985460 -0.101944 -0.071227 -0.997178 -0.023742 0.065018 -0.996942 0.043345 0.062980 -0.965696 0.251921 -0.086447 -0.994144 0.064836 -0.022439 -0.987332 0.157075
-0.729694 0.165840 -0.663358 -0.488603 -0.523504 -0.698005 0.000000 -0.938876 -0.344255 -0.141069 -0.987484 -0.070535 -0.071167 -0.996335 -0.047445 0.065018 -0.996942 0.043345 0.062980 -0.965696 0.251921 -0.086447 -0.994144 0.064836 -0.022439 -0.987332 0.157075
-0.758535 -0.084282 -0.646159 -0.358569 -0.717137 -0.597614 -0.031607 -0.948209 -0.316070 -0.175682 -0.983820 -0.035136 -0.047511 -0.997740 -0.047511 0.065018 -0.996942 0.043345 0.064282 -0.964237 0.257130 -0.086447 -0.994144 0.064836 -0.022439 -0.987332 0.157075
-0.790452 -0.218056 -0.572396 -0.236067 -0.826234 -0.511478 -0.031607 -0.948209 -0.316070 -0.175682 -0.983820 -0.035136 -0.047511 -0.997740 -0.047511 0.065064 -0.997645 0.021688 0.063917 -0.958750 0.276972 -0.088453 -0.995098 0.044227 -0.021874 -0.984327 0.174991
-0.837227 -0.297080 -0.459124 -0.160514 -0.882830 -0.441415 0.000000 -0.953994 -0.299827 -0.252422 -0.967617 0.000000 -0.048593 -0.996156 -0.072889 0.065064 -0.997645 0.021688 0.063917 -0.958750 0.276972 -0.088453 -0.995098 0.044227 -0.043716 -0.983621 0.174866
-0.839510 -0.307820 -0.447739 -0.195515 -0.899371 -0.391031 0.000000 -0.967075 -0.254493 -0.316228 -0.948683 0.000000 -0.048593 -0.996156 -0.072889 0.065064 -0.997645 0.021688 0.063917 -0.958750 0.276972 -0.088453 -0.995098 0.044227 -0.043716 -0.983621 0.174866
-0.847488 -0.300722 -0.437413 -0.154189 -0.925132 -0.346925 0.000000 -0.962450 -0.271460 -0.329983 -0.942809 0.047140 -0.048593 -0.996156 -0.072889 0.065064 -0.997645 0.021688 0.063917 -0.958750 0.276972 -0.110324 -0.992916 0.044130 -0.043716 -0.983621 0.174866
-0.867154 -0.307700 -0.391618 -0.159872 -0.919265 -0.359712 0.000000 -0.964205 -0.265156 -0.361961 -0.930758 0.051709 -0.048593 -0.996156 -0.072889 0.066503 -0.997540 0.022168 0.063917 -0.958750 0.276972 -0.110324 -0.992916 0.044130 -0.043716 -0.983621 0.174866
-0.874368 -0.282054 -0.394876 -0.198419 -0.912727 -0.357154 0.000000 -0.964205 -0.265156 -0.361961 -0.930758 0.051709 -0.048593 -0.996156 -0.072889 0.066503 -0.997540 0.022168 0.063917 -0.958750 0.276972 -0.110324 -0.992916 0.044130 -0.043716 -0.983621 0.174866
-0.863868 -0.259161 -0.431934 -0.244745 -0.897399 -0.367118 -0.028618 -0.973018 -0.228946 -0.242536 -0.970143 0.000000 -0.048593 -0.996156 -0.072889 0.066503 -0.997540 0.022168 0.063917 -0.958750 0.276972 -0.110324 -0.992916 0.044130 -0.043716 -0.983621 0.174866
-0.861017 -0.143503 -0.487910 -0.254000 -0.889001 -0.381000 -0.064786 -0.971795 -0.226752 -0.175682 -0.983820 -0.035136 -0.048593 -0.996156 -0.072889 0.066503 -0.997540 0.022168 0.042660 -0.959840 0.277287 -0.110324 -0.992916 0.044130 -0.043716 -0.983621 0.174866
-0.817957 -0.112822 -0.564108 -0.263880 -0.879599 -0.395820 -0.100056 -0.967204 -0.233463 -0.169809 -0.984892 -0.033962 -0.024318 -0.997039 -0.072954 0.066503 -0.997540 0.022168 0.042660 -0.959840 0.277287 -0.110324 -0.992916 0.044130 -0.043716 -0.983621 0.174866
-0.788006 -0.058371 -0.612894 -0.259161 -0.863868 -0.431934 -0.104194 -0.972480 -0.208389 -0.164045 -0.984268 -0.065618 -0.024318 -0.997039 -0.072954 0.044390 -0.998768 0.022195 0.063917 -0.958750 0.276972 -0.110324 -0.992916 0.044130 -0.065497 -0.982448 0.174658
-0.734803 0.000000 -0.678280 -0.254228 -0.847427 -0.466085 -0.069130 -0.967822 -0.241955 -0.164045 -0.984268 -0.065618 -0.024318 -0.997039 -0.072954 0.044390 -0.998768 0.022195 0.063917 -0.958750 0.276972 -0.110324 -0.992916 0.044130 -0.065497 -0.982448 0.174658
-0.658505 0.000000 -0.752577 -0.179244 -0.851410 -0.492922 -0.069130 -0.967822 -0.241955 -0.164045 -0.984268 -0.065618 -0.024318 -0.997039 -0.072954 0.044390 -0.998768 0.022195 0.063917 -0.958750 0.276972 -0.110324 -0.992916 0.044130 -0.065497 -0.982448 0.174658
-0.583997 -0.032444 -0.811107 -0.144171 -0.865025 -0.480569 -0.034320 -0.960958 -0.274559 -0.195698 -0.978492 -0.065233 -0.024318 -0.997039 -0.072954 0.045396 -0.998711 0.022698 0.062636 -0.960420 0.271423 -0.110324 -0.992916 0.044130 -0.065497 -0.982448 0.174658
-0.491705 -0.037823 -0.869940 0.000000 -0.853282 -0.521450 0.000000 -0.961524 -0.274721 -0.195698 -0.978492 -0.065233 -0.024318 -0.997039 -0.072954 0.045396 -0.998711 0.022698 0.062636 -0.960420 0.271423 -0.110324 -0.992916 0.044130 -0.065497 -0.982448 0.174658
-0.353919 -0.064349 -0.933060 0.048507 -0.873128 -0.485071 0.000000 -0.955064 -0.296399 -0.202145 -0.977035 -0.067382 -0.024318 -0.997039 -0.072954 0.045396 -0.998711 0.022698 0.062636 -0.960420 0.271423 -0.110324 -0.992916 0.044130 -0.065497 -0.982448 0.174658
-0.213300 -0.060943 -0.975084 0.144171 -0.865025 -0.480569 0.032582 -0.944871 -0.325818 -0.209020 -0.975426 -0.069673 -0.024318 -0.997039 -0.072954 0.045396 -0.998711 0.022698 0.062636 -0.960420 0.271423 -0.110324 -0.992916 0.044130 -0.065497 -0.982448 0.174658
-0.063855 -0.127710 -0.989754 0.190693 -0.858116 -0.476731 0.031607 -0.948209 -0.316070 -0.216366 -0.973645 -0.072122 -0.024318 -0.997039 -0.072954 0.044401 -0.999014 0.000000 0.062271 -0.954817 0.290597 -0.110324 -0.992916 0.044130 -0.065497 -0.982448 0.174658
0.194461 -0.129641 -0.972306 0.176090 -0.880451 -0.440225 0.031281 -0.938417 -0.344086 -0.216366 -0.973645 -0.072122 -0.024318 -0.997039 -0.072954 0.044401 -0.999014 0.000000 0.062271 -0.954817 0.290597 -0.110324 -0.992916 0.044130 -0.065497 -0.982448 0.174658
0.410877 -0.058697 -0.909799 0.131812 -0.966625 -0.219687 0.031281 -0.938417 -0.344086 -0.216366 -0.973645 -0.072122 -0.024318 -0.997039 -0.072954 0.044401 -0.999014 0.000000 0.062636 -0.960420 0.271423 -0.110405 -0.993641 0.022081 -0.065233 -0.978492 0.195698
0.547117 -0.057591 -0.835073 0.127458 -0.977176 -0.169944 0.031281 -0.938417 -0.344086 -0.216366 -0.973645 -0.072122 -0.024318 -0.997039 -0.072954 0.044401 -0.999014 0.000000 0.062636 -0.960420 0.271423 -0.110405 -0.993641 0.022081 -0.065233 -0.978492 0.195698
0.675855 -0.084482 -0.732177 0.128271 -0.983409 -0.128271 0.062470 -0.937043 -0.343582 -0.216366 -0.973645 -0.072122 0.000000 -0.997334 -0.072976 0.044401 -0.999014 0.000000 0.062636 -0.960420 0.271423 -0.110405 -0.993641 0.022081 -0.065233 -0.978492 0.195698
0.705978 -0.056478 -0.705978 0.123613 -0.988903 -0.082409 0.060690 -0.940691 -0.333793 -0.224231 -0.971666 -0.074744 0.000000 -0.997334 -0.072976 0.044401 -0.999014 0.000000 0.041803 -0.961468 0.271719 -0.110405 -0.993641 0.022081 -0.065233 -0.978492 0.195698
0.744881 -0.053206 -0.665072 0.119145 -0.992877 0.000000 0.060690 -0.940691 -0.333793 -0.188311 -0.979217 -0.075324 0.000000 -0.997334 -0.072976 0.044401 -0.999014 0.000000 0.041803 -0.961468 0.271719 -0.110405 -0.993641 0.022081 -0.065233 -0.978492 0.195698
0.732679 -0.054273 -0.678407 0.157991 -0.987441 0.000000 0.060057 -0.930885 -0.360342 -0.188713 -0.981307 -0.037743 0.000000 -0.997334 -0.072976 0.044401 -0.999014 0.000000 0.042033 -0.966762 0.252199 -0.110405 -0.993641 0.022081 -0.065233 -0.978492 0.195698
0.732679 -0.054273 -0.678407 0.157867 -0.986671 0.039467 0.030387 -0.941993 -0.334255 -0.188713 -0.981307 -0.037743 0.000000 -0.997334 -0.072976 0.044401 -0.999014 0.000000 0.042033 -0.966762 0.252199 -0.110432 -0.993884 0.000000 -0.065233 -0.978492 0.195698
0.719727 -0.055364 -0.692046 0.196116 -0.980581 0.000000 0.030387 -0.941993 -0.334255 -0.188713 -0.981307 -0.037743 0.000000 -0.997334 -0.072976 0.044401 -0.999014 0.000000 0.042904 -0.965345 0.257425 -0.110432 -0.993884 0.000000 -0.065233 -0.978492 0.195698
0.706824 -0.028273 -0.706824 0.196116 -0.980581 0.000000 0.030686 -0.951260 -0.306858 -0.188713 -0.981307 -0.037743 0.000000 -0.997334 -0.072976 0.044401 -0.999014 0.000000 0.042904 -0.965345 0.257425 -0.110432 -0.993884 0.000000 -0.065233 -0.978492 0.195698
0.692244 -0.028843 -0.721087 0.196116 -0.980581 0.000000 0.030686 -0.951260 -0.306858 -0.188713 -0.981307 -0.037743 0.000000 -0.998812 -0.048723 0.044401 -0.999014 0.000000 0.042904 -0.965345 0.257425 -0.110432 -0.993884 0.000000 -0.065233 -0.978492 0.195698
0.692244 -0.028843 -0.721087 0.196116 -0.980581 0.000000 0.000000 -0.960346 -0.278810 -0.188311 -0.979217 -0.075324 0.000000 -0.998812 -0.048723 0.044401 -0.999014 0.000000 0.043133 -0.970495 0.237232 -0.110432 -0.993884 0.000000 -0.065233 -0.978492 0.195698
0.676763 -0.029424 -0.735612 0.196116 -0.980581 0.000000 0.000000 -0.960346 -0.278810 -0.188713 -0.981307 -0.037743 0.000000 -0.998812 -0.048723 0.044401 -0.999014 0.000000 0.043133 -0.970495 0.237232 -0.112910 -0.993605 0.000000 -0.065233 -0.978492 0.195698
0.676763 -0.029424 -0.735612 0.196116 -0.980581 0.000000 0.000000 -0.968277 -0.249878 -0.188713 -0.981307 -0.037743 0.000000 -0.998812 -0.048723 0.044401 -0.999014 0.000000 0.043133 -0.970495 0.237232 -0.112910 -0.993605 0.000000 -0.065233 -0.978492 0.195698
0.676763 -0.029424 -0.735612 0.195965 -0.979827 -0.039193 0.000000 -0.968277 -0.249878 -0.188713 -0.981307 -0.037743 0.000000 -0.998812 -0.048723 0.066519 -0.997785 0.000000 0.021582 -0.971173 0.237398 -0.110432 -0.993884 0.000000 -0.065233 -0.978492 0.195698
