-0.537834 0.840366 -0.067229 -0.478471 -0.039873 -0.877197 0.031220 -0.967805 -0.249756 -0.157500 -0.984374 -0.078750 0.000000 -1.000000 0.000000 0.086609 -0.996007 0.021652 0.064282 -0.964237 0.257130 -0.105691 -0.993500 -0.042277 -0.022261 -0.979472 0.200347
-0.553372 0.830057 -0.069171 -0.495715 -0.041310 -0.867502 0.031220 -0.967805 -0.249756 -0.157500 -0.984374 -0.078750 0.000000 -0.999730 0.023250 0.086609 -0.996007 0.021652 0.064282 -0.964237 0.257130 -0.105762 -0.994166 -0.021152 -0.022261 -0.979472 0.200347
-0.553372 0.830057 -0.069171 -0.495715 -0.041310 -0.867502 0.031220 -0.967805 -0.249756 -0.157500 -0.984374 -0.078750 0.000000 -0.999730 0.023250 0.086609 -0.996007 0.021652 0.062980 -0.965696 0.251921 -0.105762 -0.994166 -0.021152 -0.022261 -0.979472 0.200347
-0.588662 0.796425 -0.138509 -0.495715 -0.041310 -0.867502 0.031220 -0.967805 -0.249756 -0.157500 -0.984374 -0.078750 0.000000 -0.999730 0.023250 0.086609 -0.996007 0.021652 0.062980 -0.965696 0.251921 -0.105762 -0.994166 -0.021152 -0.022261 -0.979472 0.200347
-0.588348 0.784465 -0.196116 -0.494451 -0.082409 -0.865290 0.031220 -0.967805 -0.249756 -0.157500 -0.984374 -0.078750 0.000000 -0.999730 0.023250 0.086609 -0.996007 0.021652 0.062980 -0.965696 0.251921 -0.105762 -0.994166 -0.021152 -0.022261 -0.979472 0.200347
-0.625166 0.729360 -0.277851 -0.502609 -0.154649 -0.850569 0.031911 -0.957338 -0.287202 -0.157867 -0.986671 -0.039467 0.000000 -0.999730 0.023250 0.086609 -0.996007 0.021652 0.062980 -0.965696 0.251921 -0.105762 -0.994166 -0.021152 -0.022261 -0.979472 0.200347
-0.643192 0.612564 -0.459423 -0.455965 -0.414513 -0.787575 0.030964 -0.959886 -0.278677 -0.164260 -0.985562 -0.041065 0.000000 -1.000000 0.000000 0.086609 -0.996007 0.021652 0.062980 -0.965696 0.251921 -0.105762 -0.994166 -0.021152 -0.022261 -0.979472 0.200347
-0.700140 0.476095 -0.532106 -0.413449 -0.578829 -0.702863 0.028421 -0.966315 -0.255789 -0.186908 -0.981266 -0.046727 0.000000 -1.000000 0.000000 0.086609 -0.996007 0.021652 0.062980 -0.965696 0.251921 -0.105762 -0.994166 -0.021152 -0.022261 -0.979472 0.200347
-0.769219 0.274721 -0.576914 -0.368964 -0.614940 -0.696932 0.028421 -0.966315 -0.255789 -0.178707 -0.982888 -0.044677 -0.023243 -0.999460 -0.023243 0.084781 -0.996174 0.021195 0.064282 -0.964237 0.257130 -0.105762 -0.994166 -0.021152 -0.022261 -0.979472 0.200347
-0.788419 0.076299 -0.610389 -0.324176 -0.688875 -0.648353 0.029223 -0.964352 -0.263005 -0.212238 -0.976296 -0.042448 -0.023796 -0.999434 -0.023796 0.084781 -0.996174 0.021195 0.064282 -0.964237 0.257130 -0.105762 -0.994166 -0.021152 -0.022261 -0.979472 0.200347
-0.808452 -0.161690 -0.565916 -0.286251 -0.736075 -0.613396 0.030964 -0.959886 -0.278677 -0.195965 -0.979827 -0.039193 -0.023796 -0.999434 -0.023796 0.084781 -0.996174 0.021195 0.064282 -0.964237 0.257130 -0.105762 -0.994166 -0.021152 -0.022261 -0.979472 0.200347
-0.802829 -0.336670 -0.492056 -0.284356 -0.771822 -0.568711 0.031911 -0.957338 -0.287202 -0.188713 -0.981307 -0.037743 -0.023796 -0.999434 -0.023796 0.084781 -0.996174 0.021195 0.064282 -0.964237 0.257130 -0.105762 -0.994166 -0.021152 -0.022261 -0.979472 0.200347
-0.824690 -0.372441 -0.425646 -0.236067 -0.826234 -0.511478 0.032915 -0.954547 -0.296239 -0.181969 -0.982631 -0.036394 -0.023796 -0.999434 -0.023796 0.084781 -0.996174 0.021195 0.064282 -0.964237 0.257130 -0.105762 -0.994166 -0.021152 -0.022261 -0.979472 0.200347
-0.825410 -0.412705 -0.385191 -0.236986 -0.868948 -0.434474 0.029223 -0.964352 -0.263005 -0.212430 -0.977176 0.000000 -0.023796 -0.999434 -0.023796 0.084781 -0.996174 0.021195 0.063917 -0.958750 0.276972 -0.105762 -0.994166 -0.021152 -0.044488 -0.978745 0.200198
-0.825210 -0.426833 -0.369922 -0.229081 -0.878144 -0.419982 0.055258 -0.967013 -0.248661 -0.274721 -0.961524 0.000000 -0.023776 -0.998586 -0.047552 0.084781 -0.996174 0.021195 0.063917 -0.958750 0.276972 -0.105691 -0.993500 -0.042277 -0.044488 -0.978745 0.200198
-0.835073 -0.403139 -0.374343 -0.240966 -0.883541 -0.401610 0.053819 -0.968736 -0.242184 -0.287348 -0.957826 0.000000 -0.023776 -0.998586 -0.047552 0.084781 -0.996174 0.021195 0.063917 -0.958750 0.276972 -0.105691 -0.993500 -0.042277 -0.044488 -0.978745 0.200198
-0.853680 -0.353247 -0.382684 -0.240966 -0.883541 -0.401610 0.052450 -0.970330 -0.236026 -0.345705 -0.938343 0.000000 -0.023776 -0.998586 -0.047552 0.084781 -0.996174 0.021195 0.063917 -0.958750 0.276972 -0.105691 -0.993500 -0.042277 -0.044488 -0.978745 0.200198
-0.874446 -0.262334 -0.408075 -0.240966 -0.883541 -0.401610 0.060057 -0.960913 -0.270257 -0.280000 -0.960000 0.000000 0.000000 -0.998868 -0.047565 0.084781 -0.996174 0.021195 0.063917 -0.958750 0.276972 -0.105691 -0.993500 -0.042277 -0.044488 -0.978745 0.200198
-0.853310 -0.147122 -0.500216 -0.240966 -0.883541 -0.401610 0.033223 -0.963460 -0.265782 -0.216789 -0.975550 -0.036131 -0.023776 -0.998586 -0.047552 0.084781 -0.996174 0.021195 0.063917 -0.958750 0.276972 -0.105691 -0.993500 -0.042277 -0.044488 -0.978745 0.200198
-0.830474 -0.061517 -0.553650 -0.249783 -0.874241 -0.416305 0.034320 -0.960958 -0.274559 -0.209401 -0.977207 -0.034900 -0.023776 -0.998586 -0.047552 0.086609 -0.996007 0.021652 0.062636 -0.960420 0.271423 -0.105691 -0.993500 -0.042277 -0.044488 -0.978745 0.200198
-0.792624 0.000000 -0.609711 -0.249783 -0.874241 -0.416305 0.035489 -0.958194 -0.283909 -0.202490 -0.978703 -0.033748 -0.023776 -0.998586 -0.047552 0.086609 -0.996007 0.021652 0.062636 -0.960420 0.271423 -0.105691 -0.993500 -0.042277 -0.044488 -0.978745 0.200198
-0.777593 0.029907 -0.628056 -0.213980 -0.855921 -0.470757 0.035489 -0.958194 -0.283909 -0.202606 -0.979260 0.000000 -0.023776 -0.998586 -0.047552 0.086609 -0.996007 0.021652 0.062636 -0.960420 0.271423 -0.105691 -0.993500 -0.042277 -0.044488 -0.978745 0.200198
-0.763057 0.029348 -0.645664 -0.222058 -0.843820 -0.488527 0.035489 -0.958194 -0.283909 -0.202606 -0.979260 0.000000 -0.024354 -0.998516 -0.048708 0.086609 -0.996007 0.021652 0.062636 -0.960420 0.271423 -0.105691 -0.993500 -0.042277 -0.044488 -0.978745 0.200198
-0.747757 0.057520 -0.661477 -0.175243 -0.832405 -0.525730 0.035829 -0.967375 -0.250801 -0.202490 -0.978703 -0.033748 -0.024376 -0.999406 -0.024376 0.086609 -0.996007 0.021652 0.062636 -0.960420 0.271423 -0.105691 -0.993500 -0.042277 -0.044488 -0.978745 0.200198
-0.734659 0.058773 -0.675886 -0.137361 -0.824163 -0.549442 0.034627 -0.969561 -0.242390 -0.209401 -0.977207 -0.034900 -0.024376 -0.999406 -0.024376 0.086609 -0.996007 0.021652 0.062636 -0.960420 0.271423 -0.105691 -0.993500 -0.042277 -0.044488 -0.978745 0.200198
-0.704118 0.091842 -0.704118 -0.181818 -0.818182 -0.545455 0.034627 -0.969561 -0.242390 -0.209401 -0.977207 -0.034900 -0.024376 -0.999406 -0.024376 0.086609 -0.996007 0.021652 0.062636 -0.960420 0.271423 -0.105691 -0.993500 -0.042277 -0.044488 -0.978745 0.200198
-0.653023 0.097953 -0.750977 -0.089712 -0.807410 -0.583130 0.034627 -0.969561 -0.242390 -0.209401 -0.977207 -0.034900 -0.024376 -0.999406 -0.024376 0.086609 -0.996007 0.021652 0.062636 -0.960420 0.271423 -0.105691 -0.993500 -0.042277 -0.044488 -0.978745 0.200198
-0.613082 0.102180 -0.783383 -0.044992 -0.809858 -0.584898 0.032444 -0.973329 -0.227110 -0.216789 -0.975550 -0.036131 -0.024376 -0.999406 -0.024376 0.086609 -0.996007 0.021652 0.062636 -0.960420 0.271423 -0.105691 -0.993500 -0.042277 -0.044281 -0.974176 0.221404
-0.517207 0.161627 -0.840461 0.000000 -0.845489 -0.533993 0.032191 -0.965734 -0.257529 -0.216930 -0.976187 0.000000 -0.024376 -0.999406 -0.024376 0.086609 -0.996007 0.021652 0.063917 -0.958750 0.276972 -0.105762 -0.994166 -0.021152 -0.044281 -0.974176 0.221404
-0.443039 0.136320 -0.886078 0.090722 -0.861858 -0.498970 0.032915 -0.954547 -0.296239 -0.216930 -0.976187 0.000000 -0.024376 -0.999406 -0.024376 0.086609 -0.996007 0.021652 0.063917 -0.958750 0.276972 -0.105762 -0.994166 -0.021152 -0.044281 -0.974176 0.221404
-0.268833 0.076810 -0.960119 0.135388 -0.857458 -0.496423 0.063725 -0.955879 -0.286764 -0.224702 -0.973708 -0.037450 -0.024376 -0.999406 -0.024376 0.086609 -0.996007 0.021652 0.063917 -0.958750 0.276972 -0.105762 -0.994166 -0.021152 -0.044281 -0.974176 0.221404
0.000000 0.086630 -0.996241 0.130312 -0.868744 -0.477809 0.063119 -0.946792 -0.315597 -0.224702 -0.973708 -0.037450 -0.024376 -0.999406 -0.024376 0.086609 -0.996007 0.021652 0.042660 -0.959840 0.277287 -0.105762 -0.994166 -0.021152 -0.044281 -0.974176 0.221404
0.252422 0.000000 -0.967617 0.172613 -0.863064 -0.474685 0.063119 -0.946792 -0.315597 -0.224702 -0.973708 -0.037450 -0.024376 -0.999406 -0.024376 0.086609 -0.996007 0.021652 0.042660 -0.959840 0.277287 -0.105762 -0.994166 -0.021152 -0.044281 -0.974176 0.221404
0.446844 0.040622 -0.893689 0.210166 -0.882696 -0.420331 0.062470 -0.937043 -0.343582 -0.224702 -0.973708 -0.037450 -0.024376 -0.999406 -0.024376 0.086609 -0.996007 0.021652 0.042660 -0.959840 0.277287 -0.105762 -0.994166 -0.021152 -0.044055 -0.969201 0.242300
0.574440 0.060467 -0.816310 0.123929 -0.991431 -0.041310 0.093477 -0.934765 -0.342747 -0.224702 -0.973708 -0.037450 -0.024376 -0.999406 -0.024376 0.086609 -0.996007 0.021652 0.042904 -0.965345 0.257425 -0.105762 -0.994166 -0.021152 -0.044055 -0.969201 0.242300
0.679521 0.052271 -0.731792 0.079181 -0.989759 0.118771 0.094444 -0.944443 -0.314814 -0.224231 -0.971666 -0.074744 -0.024376 -0.999406 -0.024376 0.086609 -0.996007 0.021652 0.042904 -0.965345 0.257425 -0.105762 -0.994166 -0.021152 -0.044055 -0.969201 0.242300
0.767216 0.051148 -0.639346 0.075324 -0.979217 0.188311 0.094444 -0.944443 -0.314814 -0.224231 -0.971666 -0.074744 -0.024376 -0.999406 -0.024376 0.086609 -0.996007 0.021652 0.042904 -0.965345 0.257425 -0.105762 -0.994166 -0.021152 -0.044055 -0.969201 0.242300
0.787070 0.049192 -0.614899 0.037743 -0.981307 0.188713 0.094444 -0.944443 -0.314814 -0.224702 -0.973708 -0.037450 -0.024376 -0.999406 -0.024376 0.086609 -0.996007 0.021652 0.042904 -0.965345 0.257425 -0.105762 -0.994166 -0.021152 -0.044055 -0.969201 0.242300
0.816026 0.048002 -0.576018 0.036131 -0.975550 0.216789 0.094444 -0.944443 -0.314814 -0.224702 -0.973708 -0.037450 -0.024376 -0.999406 -0.024376 0.086609 -0.996007 0.021652 0.042904 -0.965345 0.257425 -0.105762 -0.994166 -0.021152 -0.044055 -0.969201 0.242300
0.819386 0.049660 -0.571087 0.072122 -0.973645 0.216366 0.094444 -0.944443 -0.314814 -0.224702 -0.973708 -0.037450 -0.024376 -0.999406 -0.024376 0.086609 -0.996007 0.021652 0.042904 -0.965345 0.257425 -0.105762 -0.994166 -0.021152 -0.044055 -0.969201 0.242300
0.822951 0.051434 -0.565779 0.072643 -0.980684 0.181608 0.094444 -0.944443 -0.314814 -0.224702 -0.973708 -0.037450 -0.024376 -0.999406 -0.024376 0.086609 -0.996007 0.021652 0.042904 -0.965345 0.257425 -0.105762 -0.994166 -0.021152 -0.044055 -0.969201 0.242300
0.814381 0.052541 -0.577948 0.072643 -0.980684 0.181608 0.091713 -0.947698 -0.305709 -0.233197 -0.971653 -0.038866 -0.024376 -0.999406 -0.024376 0.086609 -0.996007 0.021652 0.042904 -0.965345 0.257425 -0.105762 -0.994166 -0.021152 -0.044055 -0.969201 0.242300
0.805242 0.053683 -0.590511 0.075324 -0.979217 0.188311 0.061839 -0.958508 -0.278277 -0.233197 -0.971653 -0.038866 -0.024376 -0.999406 -0.024376 0.086609 -0.996007 0.021652 0.042904 -0.965345 0.257425 -0.105762 -0.994166 -0.021152 -0.044055 -0.969201 0.242300
0.785081 0.056077 -0.616849 0.116863 -0.973862 0.194772 0.062348 -0.966394 -0.249392 -0.232670 -0.969458 -0.077557 0.000000 -0.999703 -0.024383 0.086609 -0.996007 0.021652 0.042904 -0.965345 0.257425 -0.105762 -0.994166 -0.021152 -0.044055 -0.969201 0.242300
0.785081 0.056077 -0.616849 0.117670 -0.980581 0.156893 0.062807 -0.973515 -0.219826 -0.233197 -0.971653 -0.038866 0.000000 -0.999703 -0.024383 0.086609 -0.996007 0.021652 0.042904 -0.965345 0.257425 -0.105762 -0.994166 -0.021152 -0.044055 -0.969201 0.242300
0.788006 0.058371 -0.612894 0.118308 -0.985904 0.118308 0.062807 -0.973515 -0.219826 -0.233197 -0.971653 -0.038866 0.000000 -0.999703 -0.024383 0.086609 -0.996007 0.021652 0.043133 -0.970495 0.237232 -0.108034 -0.993912 -0.021607 -0.043133 -0.970495 0.237232
0.786334 0.087370 -0.611593 0.118308 -0.985904 0.118308 0.062807 -0.973515 -0.219826 -0.233197 -0.971653 -0.038866 0.000000 -0.999703 -0.024383 0.086609 -0.996007 0.021652 0.021582 -0.971173 0.237398 -0.108034 -0.993912 -0.021607 -0.042904 -0.965345 0.257425
0.786334 0.087370 -0.611593 0.118308 -0.985904 0.118308 0.064786 -0.971795 -0.226752 -0.224702 -0.973708 -0.037450 0.000000 -0.999703 -0.024383 0.086609 -0.996007 0.021652 0.021582 -0.971173 0.237398 -0.108034 -0.993912 -0.021607 -0.042904 -0.965345 0.257425
0.786334 0.087370 -0.611593 0.118308 -0.985904 0.118308 0.064786 -0.971795 -0.226752 -0.259794 -0.964951 -0.037113 0.000000 -0.999703 -0.024383 0.086609 -0.996007 0.021652 0.021582 -0.971173 0.237398 -0.108034 -0.993912 -0.021607 -0.042904 -0.965345 0.257425
0.786334 0.087370 -0.611593 0.118308 -0.985904 0.118308 0.064786 -0.971795 -0.226752 -0.259794 -0.964951 -0.037113 0.000000 -0.999703 -0.024383 0.086609 -0.996007 0.021652 0.021582 -0.971173 0.237398 -0.108034 -0.993912 -0.021607 -0.042904 -0.965345 0.257425
0.772375 0.085819 -0.629343 0.118308 -0.985904 0.118308 0.064282 -0.964237 -0.257130 -0.259794 -0.964951 -0.037113 0.000000 -0.999703 -0.024383 0.086609 -0.996007 0.021652 0.021582 -0.971173 0.237398 -0.108034 -0.993912 -0.021607 -0.042904 -0.965345 0.257425
0.772375 0.085819 -0.629343 0.118771 -0.989759 0.079181 0.064282 -0.964237 -0.257130 -0.259794 -0.964951 -0.037113 0.000000 -0.999717 -0.023803 0.086630 -0.996241 0.000000 0.021467 -0.966012 0.257603 -0.108034 -0.993912 -0.021607 -0.042904 -0.965345 0.257425
