-0.632846 0.773479 -0.035158 -0.579324 0.331042 -0.744845 0.000000 -0.962651 -0.270746 -0.040390 -0.969351 -0.242338 0.045303 -0.996659 -0.067954 0.126148 -0.983958 -0.126148 0.125629 -0.984091 0.125629 -0.098743 -0.987429 -0.123429 0.021713 -0.998821 0.043427
-0.631676 0.772049 -0.070186 -0.579324 0.331042 -0.744845 0.000000 -0.954480 -0.298275 -0.041065 -0.985562 -0.164260 -0.021229 -0.997744 -0.063686 0.126148 -0.983958 -0.126148 0.146151 -0.981299 0.125272 -0.098743 -0.987429 -0.123429 0.021713 -0.998821 0.043427
-0.667180 0.737410 -0.105344 -0.579324 0.331042 -0.744845 0.000000 -0.962651 -0.270746 -0.041065 -0.985562 -0.164260 -0.081295 -0.995861 -0.040647 0.126148 -0.983958 -0.126148 0.146151 -0.981299 0.125272 -0.098743 -0.987429 -0.123429 0.021713 -0.998821 0.043427
-0.647415 0.719350 -0.251773 -0.635943 0.158986 -0.755182 0.000000 -0.962651 -0.270746 -0.081923 -0.983078 -0.163846 -0.099425 -0.994250 -0.039770 0.126148 -0.983958 -0.126148 0.146151 -0.981299 0.125272 -0.098743 -0.987429 -0.123429 0.021713 -0.998821 0.043427
-0.693037 0.606407 -0.389833 -0.647648 0.000000 -0.761939 0.000000 -0.962651 -0.270746 -0.081923 -0.983078 -0.163846 -0.099327 -0.993269 -0.059596 0.126148 -0.983958 -0.126148 0.146151 -0.981299 0.125272 -0.098743 -0.987429 -0.123429 0.021713 -0.998821 0.043427
-0.694117 0.509019 -0.509019 -0.609088 -0.250801 -0.752403 0.000000 -0.962651 -0.270746 -0.081923 -0.983078 -0.163846 -0.103252 -0.991219 -0.082602 0.126148 -0.983958 -0.126148 0.146151 -0.981299 0.125272 -0.098743 -0.987429 -0.123429 0.021713 -0.998821 0.043427
-0.753992 0.277787 -0.595257 -0.580370 -0.443813 -0.682789 0.000000 -0.962651 -0.270746 -0.081923 -0.983078 -0.163846 -0.084327 -0.990847 -0.105409 0.126148 -0.983958 -0.126148 0.146151 -0.981299 0.125272 -0.098743 -0.987429 -0.123429 0.021713 -0.998821 0.043427
-0.826977 0.110264 -0.551318 -0.497245 -0.596694 -0.629844 0.000000 -0.954480 -0.298275 -0.146157 -0.986559 -0.073078 -0.064836 -0.994144 -0.086447 0.126148 -0.983958 -0.126148 0.146151 -0.981299 0.125272 -0.098743 -0.987429 -0.123429 0.000000 -0.999096 0.042515
-0.767467 -0.306987 -0.562809 -0.451613 -0.677419 -0.580645 0.000000 -0.954480 -0.298275 -0.141069 -0.987484 -0.070535 -0.066259 -0.993884 -0.088345 0.126148 -0.983958 -0.126148 0.143215 -0.982049 0.122756 -0.098743 -0.987429 -0.123429 0.000000 -0.999133 0.041631
-0.731853 -0.500741 -0.462223 -0.393707 -0.754606 -0.524943 0.000000 -0.954480 -0.298275 -0.141333 -0.989331 -0.035333 -0.045222 -0.994874 -0.090443 0.126148 -0.983958 -0.126148 0.143215 -0.982049 0.122756 -0.098743 -0.987429 -0.123429 0.000000 -0.999133 0.041631
-0.702728 -0.597319 -0.386501 -0.380617 -0.792952 -0.475771 0.028205 -0.958984 -0.282054 -0.224702 -0.973708 -0.037450 -0.045118 -0.992593 -0.112795 0.126148 -0.983958 -0.126148 0.143215 -0.982049 0.122756 -0.098743 -0.987429 -0.123429 0.000000 -0.999133 0.041631
-0.692959 -0.589015 -0.415775 -0.376288 -0.846649 -0.376288 0.027462 -0.961161 -0.274618 -0.233197 -0.971653 -0.038866 -0.022576 -0.993352 -0.112881 0.126148 -0.983958 -0.126148 0.143546 -0.984318 0.102533 -0.098743 -0.987429 -0.123429 0.000000 -0.999168 0.040782
-0.724138 -0.551724 -0.413793 -0.315440 -0.883232 -0.346984 0.027462 -0.961161 -0.274618 -0.195515 -0.977577 -0.078206 -0.022576 -0.993352 -0.112881 0.126148 -0.983958 -0.126148 0.140705 -0.984937 0.100504 -0.098743 -0.987429 -0.123429 -0.020387 -0.998960 0.040774
-0.749758 -0.545279 -0.374879 -0.324443 -0.875996 -0.356887 0.026556 -0.956014 -0.292115 -0.212238 -0.976296 -0.042448 -0.023094 -0.993042 -0.115470 0.126148 -0.983958 -0.126148 0.140705 -0.984937 0.100504 -0.098743 -0.987429 -0.123429 -0.020811 -0.998917 0.041622
-0.763631 -0.520658 -0.381816 -0.324443 -0.875996 -0.356887 0.026556 -0.956014 -0.292115 -0.212238 -0.976296 -0.042448 -0.023094 -0.993042 -0.115470 0.126148 -0.983958 -0.126148 0.140705 -0.984937 0.100504 -0.098743 -0.987429 -0.123429 -0.020811 -0.998917 0.041622
-0.779280 -0.425062 -0.460484 -0.328089 -0.885841 -0.328089 0.026556 -0.956014 -0.292115 -0.212238 -0.976296 -0.042448 -0.023094 -0.993042 -0.115470 0.126148 -0.983958 -0.126148 0.140705 -0.984937 0.100504 -0.098743 -0.987429 -0.123429 -0.020811 -0.998917 0.041622
-0.798878 -0.342376 -0.494543 -0.333890 -0.868115 -0.367279 0.026556 -0.956014 -0.292115 -0.212430 -0.977176 0.000000 -0.023150 -0.995434 -0.092599 0.126148 -0.983958 -0.126148 0.140705 -0.984937 0.100504 -0.098743 -0.987429 -0.123429 -0.020811 -0.998917 0.041622
-0.761939 -0.304776 -0.571454 -0.343807 -0.859518 -0.378188 0.026556 -0.956014 -0.292115 -0.212430 -0.977176 0.000000 -0.023150 -0.995434 -0.092599 0.126148 -0.983958 -0.126148 0.140705 -0.984937 0.100504 -0.098743 -0.987429 -0.123429 -0.020811 -0.998917 0.041622
-0.718646 -0.264764 -0.642999 -0.317999 -0.847998 -0.423999 0.026556 -0.956014 -0.292115 -0.212430 -0.977176 0.000000 -0.023150 -0.995434 -0.092599 0.126148 -0.983958 -0.126148 0.140705 -0.984937 0.100504 -0.098743 -0.987429 -0.123429 -0.020811 -0.998917 0.041622
-0.619987 -0.271244 -0.736235 -0.298765 -0.821605 -0.485494 0.026755 -0.963173 -0.267548 -0.221404 -0.974176 -0.044281 -0.023150 -0.995434 -0.092599 0.126148 -0.983958 -0.126148 0.140705 -0.984937 0.100504 -0.098743 -0.987429 -0.123429 -0.020811 -0.998917 0.041622
-0.592943 -0.244153 -0.767338 -0.159872 -0.839329 -0.519584 0.027462 -0.961161 -0.274618 -0.212238 -0.976296 -0.042448 -0.023150 -0.995434 -0.092599 0.126148 -0.983958 -0.126148 0.140705 -0.984937 0.100504 -0.101209 -0.986789 -0.126511 -0.020811 -0.998917 0.041622
-0.579741 -0.257663 -0.772988 0.000000 -0.819232 -0.573462 0.028205 -0.958984 -0.282054 -0.203785 -0.978167 -0.040757 -0.023150 -0.995434 -0.092599 0.126148 -0.983958 -0.126148 0.140705 -0.984937 0.100504 -0.101209 -0.986789 -0.126511 -0.020811 -0.998917 0.041622
-0.454337 -0.272602 -0.848096 0.222058 -0.843820 -0.488527 0.028205 -0.958984 -0.282054 -0.203785 -0.978167 -0.040757 -0.023150 -0.995434 -0.092599 0.126148 -0.983958 -0.126148 0.143546 -0.984318 0.102533 -0.101209 -0.986789 -0.126511 -0.020811 -0.998917 0.041622
-0.284179 -0.284179 -0.915688 0.303774 -0.824530 -0.477359 0.029223 -0.964352 -0.263005 -0.195515 -0.977577 -0.078206 -0.023150 -0.995434 -0.092599 0.126148 -0.983958 -0.126148 0.143546 -0.984318 0.102533 -0.101209 -0.986789 -0.126511 -0.020811 -0.998917 0.041622
-0.125491 -0.313728 -0.941184 0.362143 -0.814822 -0.452679 0.029223 -0.964352 -0.263005 -0.195515 -0.977577 -0.078206 -0.023150 -0.995434 -0.092599 0.126148 -0.983958 -0.126148 0.143546 -0.984318 0.102533 -0.101209 -0.986789 -0.126511 -0.020811 -0.998917 0.041622
0.035115 -0.316033 -0.948098 0.361773 -0.859210 -0.361773 0.000000 -0.962651 -0.270746 -0.151620 -0.985527 -0.075810 -0.023150 -0.995434 -0.092599 0.126148 -0.983958 -0.126148 0.123377 -0.987019 0.102815 -0.101209 -0.986789 -0.126511 -0.021229 -0.997744 0.063686
0.281525 -0.312806 -0.907136 0.367452 -0.872699 -0.321521 0.000000 -0.962651 -0.270746 -0.151620 -0.985527 -0.075810 -0.023150 -0.995434 -0.092599 0.126148 -0.983958 -0.126148 0.123377 -0.987019 0.102815 -0.101209 -0.986789 -0.126511 -0.021229 -0.997744 0.063686
0.474105 -0.316070 -0.821781 0.326732 -0.886844 -0.326732 0.000000 -0.962651 -0.270746 -0.151620 -0.985527 -0.075810 -0.023150 -0.995434 -0.092599 0.126148 -0.983958 -0.126148 0.123613 -0.988903 0.082409 -0.101209 -0.986789 -0.126511 -0.021229 -0.997744 0.063686
0.563326 -0.344255 -0.751101 0.367452 -0.872699 -0.321521 0.000000 -0.962651 -0.270746 -0.151947 -0.987658 -0.037987 -0.023150 -0.995434 -0.092599 0.126148 -0.983958 -0.126148 0.123613 -0.988903 0.082409 -0.101209 -0.986789 -0.126511 -0.021229 -0.997744 0.063686
0.663400 -0.346122 -0.663400 0.367452 -0.872699 -0.321521 0.000000 -0.962651 -0.270746 -0.151947 -0.987658 -0.037987 -0.023150 -0.995434 -0.092599 0.126148 -0.983958 -0.126148 0.126183 -0.988434 0.084122 -0.101209 -0.986789 -0.126511 -0.021229 -0.997744 0.063686
0.676178 -0.352789 -0.646779 0.367452 -0.872699 -0.321521 0.000000 -0.954480 -0.298275 -0.151947 -0.987658 -0.037987 -0.023150 -0.995434 -0.092599 0.126148 -0.983958 -0.126148 0.126183 -0.988434 0.084122 -0.101209 -0.986789 -0.126511 -0.021229 -0.997744 0.063686
0.663400 -0.346122 -0.663400 0.406164 -0.857458 -0.315906 0.000000 -0.962651 -0.270746 -0.151620 -0.985527 -0.075810 -0.023150 -0.995434 -0.092599 0.126148 -0.983958 -0.126148 0.105409 -0.990847 0.084327 -0.101209 -0.986789 -0.126511 0.000000 -0.996398 0.084800
0.691669 -0.345834 -0.634029 0.390935 -0.868744 -0.304061 0.000000 -0.960346 -0.278810 -0.146450 -0.988540 -0.036613 -0.046262 -0.994635 -0.092524 0.126148 -0.983958 -0.126148 0.105409 -0.990847 0.084327 -0.101209 -0.986789 -0.126511 0.000000 -0.996398 0.084800
0.683001 -0.326653 -0.653305 0.411693 -0.864556 -0.288185 0.000000 -0.951709 -0.307003 -0.146450 -0.988540 -0.036613 -0.023150 -0.995434 -0.092599 0.126148 -0.983958 -0.126148 0.105409 -0.990847 0.084327 -0.101209 -0.986789 -0.126511 0.000000 -0.996398 0.084800
0.666667 -0.333333 -0.666667 0.411693 -0.864556 -0.288185 0.000000 -0.951709 -0.307003 -0.151947 -0.987658 -0.037987 -0.023150 -0.995434 -0.092599 0.126148 -0.983958 -0.126148 0.105409 -0.990847 0.084327 -0.101209 -0.986789 -0.126511 0.000000 -0.996398 0.084800
0.635780 -0.333028 -0.696331 0.416305 -0.874241 -0.249783 0.000000 -0.951709 -0.307003 -0.151620 -0.985527 -0.075810 -0.023150 -0.995434 -0.092599 0.126148 -0.983958 -0.126148 0.105409 -0.990847 0.084327 -0.101209 -0.986789 -0.126511 0.000000 -0.996398 0.084800
0.635780 -0.333028 -0.696331 0.416305 -0.874241 -0.249783 0.029814 -0.954056 -0.298142 -0.157500 -0.984374 -0.078750 -0.023150 -0.995434 -0.092599 0.126148 -0.983958 -0.126148 0.105409 -0.990847 0.084327 -0.101209 -0.986789 -0.126511 0.000000 -0.996398 0.084800
