-0.495344 0.858596 -0.132092 -0.647179 0.038069 -0.761387 0.029437 -0.971429 -0.235498 0.000000 -0.986394 -0.164399 0.023243 -0.999460 -0.023243 0.024376 -0.999406 -0.024376 0.059631 -0.973980 0.218649 -0.069430 -0.995168 -0.069430 0.041196 -0.988693 0.144184
-0.611354 0.774382 -0.163028 -0.627060 0.139347 -0.766406 0.058798 -0.970169 -0.235192 -0.123091 -0.984732 -0.123091 0.000000 -0.998868 -0.047565 0.024376 -0.999406 -0.024376 0.059631 -0.973980 0.218649 -0.069430 -0.995168 -0.069430 0.041196 -0.988693 0.144184
-0.723364 0.626916 -0.289346 -0.650600 0.130120 -0.748190 0.058798 -0.970169 -0.235192 -0.194772 -0.973862 -0.116863 0.000000 -0.998868 -0.047565 0.024376 -0.999406 -0.024376 0.059631 -0.973980 0.218649 -0.069430 -0.995168 -0.069430 0.041196 -0.988693 0.144184
-0.772460 0.487869 -0.406558 -0.652078 -0.068640 -0.755038 0.058798 -0.970169 -0.235192 -0.194772 -0.973862 -0.116863 -0.023224 -0.998651 -0.046449 0.024376 -0.999406 -0.024376 0.059631 -0.973980 0.218649 -0.069430 -0.995168 -0.069430 0.041196 -0.988693 0.144184
-0.803557 0.357137 -0.476182 -0.522840 -0.410803 -0.746914 0.030303 -0.969697 -0.242424 -0.181012 -0.977466 -0.108607 -0.023193 -0.997307 -0.069580 0.024376 -0.999406 -0.024376 0.059631 -0.973980 0.218649 -0.069430 -0.995168 -0.069430 0.041196 -0.988693 0.144184
-0.852198 0.133156 -0.505992 -0.473118 -0.545906 -0.691481 0.030303 -0.969697 -0.242424 -0.181012 -0.977466 -0.108607 -0.046411 -0.997844 -0.046411 0.024376 -0.999406 -0.024376 0.059631 -0.973980 0.218649 -0.071067 -0.994937 -0.071067 0.020611 -0.989323 0.144276
-0.876370 -0.075117 -0.475744 -0.396155 -0.684268 -0.612240 0.031220 -0.967805 -0.249756 -0.174821 -0.978997 -0.104893 -0.046349 -0.996503 -0.069523 0.024376 -0.999406 -0.024376 0.059631 -0.973980 0.218649 -0.071067 -0.994937 -0.071067 0.020611 -0.989323 0.144276
-0.868376 -0.280945 -0.408648 -0.336146 -0.773137 -0.537834 0.031220 -0.967805 -0.249756 -0.208389 -0.972480 -0.104194 -0.046349 -0.996503 -0.069523 0.024376 -0.999406 -0.024376 0.059631 -0.973980 0.218649 -0.071067 -0.994937 -0.071067 0.020611 -0.989323 0.144276
-0.845876 -0.435754 -0.307591 -0.333148 -0.799556 -0.499722 0.031450 -0.974958 -0.220152 -0.241236 -0.964944 -0.103387 -0.046349 -0.996503 -0.069523 0.024376 -0.999406 -0.024376 0.059631 -0.973980 0.218649 -0.071067 -0.994937 -0.071067 0.020611 -0.989323 0.144276
-0.797595 -0.550065 -0.247529 -0.295758 -0.854413 -0.427207 0.030303 -0.969697 -0.242424 -0.216366 -0.973645 -0.072122 -0.046349 -0.996503 -0.069523 0.024376 -0.999406 -0.024376 0.059631 -0.973980 0.218649 -0.071067 -0.994937 -0.071067 0.000000 -0.989533 0.144307
-0.781706 -0.579042 -0.231617 -0.299833 -0.866186 -0.399778 0.030303 -0.969697 -0.242424 -0.216366 -0.973645 -0.072122 -0.046349 -0.996503 -0.069523 0.024376 -0.999406 -0.024376 0.059631 -0.973980 0.218649 -0.071067 -0.994937 -0.071067 0.000000 -0.989533 0.144307
-0.770054 -0.592349 -0.236940 -0.303735 -0.877457 -0.371232 0.030303 -0.969697 -0.242424 -0.216366 -0.973645 -0.072122 -0.045303 -0.996659 -0.067954 0.024376 -0.999406 -0.024376 0.059631 -0.973980 0.218649 -0.071067 -0.994937 -0.071067 -0.020611 -0.989323 0.144276
-0.777593 -0.568241 -0.269167 -0.307434 -0.888143 -0.341593 0.028618 -0.973018 -0.228946 -0.224702 -0.973708 -0.037450 -0.045303 -0.996659 -0.067954 0.024376 -0.999406 -0.024376 0.059631 -0.973980 0.218649 -0.071067 -0.994937 -0.071067 -0.020611 -0.989323 0.144276
-0.796707 -0.520924 -0.306426 -0.307434 -0.888143 -0.341593 0.028618 -0.973018 -0.228946 -0.224702 -0.973708 -0.037450 -0.022669 -0.997427 -0.068006 0.024376 -0.999406 -0.024376 0.059631 -0.973980 0.218649 -0.071067 -0.994937 -0.071067 -0.020611 -0.989323 0.144276
-0.804934 -0.436006 -0.402467 -0.294086 -0.882258 -0.367607 0.028618 -0.973018 -0.228946 -0.233197 -0.971653 -0.038866 -0.022669 -0.997427 -0.068006 0.024376 -0.999406 -0.024376 0.059631 -0.973980 0.218649 -0.071067 -0.994937 -0.071067 -0.020611 -0.989323 0.144276
-0.759072 -0.345033 -0.552052 -0.303895 -0.873698 -0.379869 0.029437 -0.971429 -0.235498 -0.195965 -0.979827 -0.039193 -0.022669 -0.997427 -0.068006 0.024376 -0.999406 -0.024376 0.059631 -0.973980 0.218649 -0.071067 -0.994937 -0.071067 -0.020668 -0.992066 0.124008
-0.682769 -0.260102 -0.682769 -0.205847 -0.905726 -0.370524 0.029437 -0.971429 -0.235498 -0.195965 -0.979827 -0.039193 -0.023193 -0.997307 -0.069580 0.024383 -0.999703 0.000000 0.059631 -0.973980 0.218649 -0.071067 -0.994937 -0.071067 -0.020668 -0.992066 0.124008
-0.628695 -0.188608 -0.754434 -0.130189 -0.911322 -0.390567 0.029437 -0.971429 -0.235498 -0.195965 -0.979827 -0.039193 -0.023193 -0.997307 -0.069580 0.024383 -0.999703 0.000000 0.059631 -0.973980 0.218649 -0.071067 -0.994937 -0.071067 -0.020668 -0.992066 0.124008
-0.554774 -0.163169 -0.815844 -0.044677 -0.893534 -0.446767 0.029437 -0.971429 -0.235498 -0.195965 -0.979827 -0.039193 -0.023193 -0.997307 -0.069580 0.024383 -0.999703 0.000000 0.059631 -0.973980 0.218649 -0.071067 -0.994937 -0.071067 -0.020668 -0.992066 0.124008
-0.500959 -0.107348 -0.858788 0.089087 -0.890871 -0.445435 0.030303 -0.969697 -0.242424 -0.188713 -0.981307 -0.037743 -0.023193 -0.997307 -0.069580 0.024383 -0.999703 0.000000 0.059631 -0.973980 0.218649 -0.071067 -0.994937 -0.071067 -0.020668 -0.992066 0.124008
-0.428499 -0.116863 -0.895953 0.130312 -0.868744 -0.477809 0.030514 -0.976445 -0.213597 -0.188713 -0.981307 -0.037743 -0.023193 -0.997307 -0.069580 0.024383 -0.999703 0.000000 0.059631 -0.973980 0.218649 -0.071067 -0.994937 -0.071067 -0.020611 -0.989323 0.144276
-0.369107 -0.110732 -0.922767 0.298753 -0.853579 -0.426790 0.031450 -0.974958 -0.220152 -0.181969 -0.982631 -0.036394 -0.023193 -0.997307 -0.069580 0.024383 -0.999703 0.000000 0.059631 -0.973980 0.218649 -0.071067 -0.994937 -0.071067 -0.020611 -0.989323 0.144276
-0.229081 -0.190901 -0.954504 0.309965 -0.841334 -0.442807 0.031450 -0.974958 -0.220152 -0.181969 -0.982631 -0.036394 -0.023193 -0.997307 -0.069580 0.024383 -0.999703 0.000000 0.059880 -0.978046 0.199601 -0.071067 -0.994937 -0.071067 -0.020611 -0.989323 0.144276
-0.037450 -0.224702 -0.973708 0.349149 -0.829228 -0.436436 0.030514 -0.976445 -0.213597 -0.181969 -0.982631 -0.036394 -0.023193 -0.997307 -0.069580 0.024383 -0.999703 0.000000 0.059880 -0.978046 0.199601 -0.071067 -0.994937 -0.071067 -0.020611 -0.989323 0.144276
0.117749 -0.206061 -0.971429 0.373383 -0.829740 -0.414870 0.031450 -0.974958 -0.220152 -0.175791 -0.984428 0.000000 -0.023193 -0.997307 -0.069580 0.024383 -0.999703 0.000000 0.059880 -0.978046 0.199601 -0.071067 -0.994937 -0.071067 -0.020611 -0.989323 0.144276
0.301923 -0.181154 -0.935962 0.308457 -0.925371 -0.220326 0.031654 -0.981288 -0.189927 -0.175682 -0.983820 -0.035136 -0.023193 -0.997307 -0.069580 0.024376 -0.999406 -0.024376 0.059880 -0.978046 0.199601 -0.071067 -0.994937 -0.071067 -0.020546 -0.986186 0.164364
0.465379 -0.103418 -0.879049 0.203785 -0.978167 0.040757 0.030700 -0.982409 -0.184202 -0.175682 -0.983820 -0.035136 -0.023193 -0.997307 -0.069580 0.024376 -0.999406 -0.024376 0.059880 -0.978046 0.199601 -0.071067 -0.994937 -0.071067 -0.020546 -0.986186 0.164364
0.581952 -0.075907 -0.809673 0.156055 -0.975343 0.156055 0.030514 -0.976445 -0.213597 -0.175682 -0.983820 -0.035136 -0.023193 -0.997307 -0.069580 0.024376 -0.999406 -0.024376 0.059880 -0.978046 0.199601 -0.071067 -0.994937 -0.071067 -0.020546 -0.986186 0.164364
0.679474 -0.075497 -0.729805 0.115900 -0.965834 0.231800 0.030700 -0.982409 -0.184202 -0.181969 -0.982631 -0.036394 -0.023193 -0.997307 -0.069580 0.024376 -0.999406 -0.024376 0.059880 -0.978046 0.199601 -0.071067 -0.994937 -0.071067 -0.020546 -0.986186 0.164364
0.706845 -0.027186 -0.706845 0.111726 -0.968291 0.223452 0.030514 -0.976445 -0.213597 -0.181969 -0.982631 -0.036394 -0.023193 -0.997307 -0.069580 0.024376 -0.999406 -0.024376 0.059880 -0.978046 0.199601 -0.071067 -0.994937 -0.071067 -0.020546 -0.986186 0.164364
0.758143 -0.054153 -0.649836 0.110732 -0.959678 0.258375 0.030700 -0.982409 -0.184202 -0.181608 -0.980684 -0.072643 -0.023193 -0.997307 -0.069580 0.024376 -0.999406 -0.024376 0.059880 -0.978046 0.199601 -0.071067 -0.994937 -0.071067 -0.020472 -0.982666 0.184250
0.771552 -0.055111 -0.633775 0.110732 -0.959678 0.258375 0.060943 -0.975084 -0.213300 -0.181969 -0.982631 -0.036394 -0.023193 -0.997307 -0.069580 0.024376 -0.999406 -0.024376 0.060108 -0.981769 0.180325 -0.071067 -0.994937 -0.071067 -0.020892 -0.981941 0.188031
0.771552 -0.055111 -0.633775 0.109618 -0.950019 0.292314 0.060943 -0.975084 -0.213300 -0.181969 -0.982631 -0.036394 -0.023193 -0.997307 -0.069580 0.024376 -0.999406 -0.024376 0.060108 -0.981769 0.180325 -0.071067 -0.994937 -0.071067 -0.020892 -0.981941 0.188031
0.796391 -0.027462 -0.604159 0.074074 -0.962963 0.259259 0.061314 -0.981023 -0.183942 -0.181608 -0.980684 -0.072643 -0.023193 -0.997307 -0.069580 0.024376 -0.999406 -0.024376 0.060108 -0.981769 0.180325 -0.071067 -0.994937 -0.071067 -0.020892 -0.981941 0.188031
0.780488 -0.031220 -0.624391 0.185567 -0.964951 0.185567 0.060943 -0.975084 -0.213300 -0.181969 -0.982631 -0.036394 -0.023193 -0.997307 -0.069580 0.024383 -0.999703 0.000000 0.060108 -0.981769 0.180325 -0.071067 -0.994937 -0.071067 -0.020892 -0.981941 0.188031
0.755038 -0.068640 -0.652078 0.302804 -0.946264 0.113552 0.060943 -0.975084 -0.213300 -0.181969 -0.982631 -0.036394 0.000000 -0.997575 -0.069598 0.024383 -0.999703 0.000000 0.060108 -0.981769 0.180325 -0.071067 -0.994937 -0.071067 -0.020806 -0.977894 0.208063
0.752825 -0.102658 -0.650167 0.348743 -0.929981 0.116248 0.091203 -0.972829 -0.212806 -0.188713 -0.981307 -0.037743 0.000000 -0.997575 -0.069598 0.024383 -0.999703 0.000000 0.060108 -0.981769 0.180325 -0.071067 -0.994937 -0.071067 -0.020806 -0.977894 0.208063
0.766406 -0.139347 -0.627060 0.364101 -0.930480 0.040456 0.091756 -0.978726 -0.183511 -0.188311 -0.979217 -0.075324 0.000000 -0.997575 -0.069598 0.024383 -0.999703 0.000000 0.040112 -0.982756 0.180506 -0.071067 -0.994937 -0.071067 -0.041586 -0.977260 0.207928
0.749758 -0.136320 -0.647518 0.364101 -0.930480 0.040456 0.091203 -0.972829 -0.212806 -0.188311 -0.979217 -0.075324 0.023193 -0.997307 -0.069580 0.024383 -0.999703 0.000000 0.040112 -0.982756 0.180506 -0.071067 -0.994937 -0.071067 -0.041586 -0.977260 0.207928
0.720294 -0.102899 -0.685994 0.398410 -0.916342 0.039841 0.091203 -0.972829 -0.212806 -0.188713 -0.981307 -0.037743 0.023193 -0.997307 -0.069580 0.024383 -0.999703 0.000000 0.040112 -0.982756 0.180506 -0.072782 -0.994689 -0.072782 -0.040757 -0.978167 0.203785
0.720294 -0.102899 -0.685994 0.398410 -0.916342 0.039841 0.091203 -0.972829 -0.212806 -0.188713 -0.981307 -0.037743 0.023193 -0.997307 -0.069580 0.024383 -0.999703 0.000000 0.040112 -0.982756 0.180506 -0.072782 -0.994689 -0.072782 -0.040757 -0.978167 0.203785
0.736202 -0.100391 -0.669274 0.364101 -0.930480 0.040456 0.121212 -0.969697 -0.212121 -0.188713 -0.981307 -0.037743 0.023193 -0.997307 -0.069580 0.024383 -0.999703 0.000000 0.040112 -0.982756 0.180506 -0.072782 -0.994689 -0.072782 -0.040757 -0.978167 0.203785
0.764704 -0.095588 -0.637253 0.290910 -0.955847 0.041559 0.121942 -0.975537 -0.182913 -0.188311 -0.979217 -0.075324 0.023193 -0.997307 -0.069580 0.024383 -0.999703 0.000000 0.040112 -0.982756 0.180506 -0.072782 -0.994689 -0.072782 -0.040757 -0.978167 0.203785
