-0.591148 0.799788 -0.104320 -0.513289 0.342193 -0.787044 0.088007 -0.968079 -0.234686 -0.118308 -0.985904 -0.118308 0.022716 -0.999484 -0.022716 0.090536 -0.995893 0.000000 0.059362 -0.969584 0.237449 -0.068006 -0.997427 0.022669 -0.020970 -0.985604 0.167762
-0.622414 0.768865 -0.146450 -0.539054 0.235836 -0.808581 0.087370 -0.961074 -0.262111 -0.118771 -0.989759 -0.079181 -0.065079 -0.997880 0.000000 0.090536 -0.995893 0.000000 0.059362 -0.969584 0.237449 -0.068006 -0.997427 0.022669 -0.020970 -0.985604 0.167762
-0.642999 0.718646 -0.264764 -0.575034 0.101477 -0.811812 0.060057 -0.960913 -0.270257 -0.079181 -0.989759 -0.118771 -0.086630 -0.996241 0.000000 0.090536 -0.995893 0.000000 0.059362 -0.969584 0.237449 -0.068006 -0.997427 0.022669 -0.021040 -0.988871 0.147279
-0.690268 0.613572 -0.383482 -0.557452 -0.131165 -0.819782 0.058371 -0.963119 -0.262669 -0.082761 -0.993127 -0.082761 -0.110432 -0.993884 0.000000 0.090536 -0.995893 0.000000 0.059362 -0.969584 0.237449 -0.066503 -0.997540 0.022168 -0.021487 -0.988391 0.150407
-0.698005 0.488603 -0.523504 -0.518291 -0.356325 -0.777436 0.030303 -0.969697 -0.242424 -0.082409 -0.988903 -0.123613 -0.112881 -0.993352 -0.022576 0.090536 -0.995893 0.000000 0.059362 -0.969584 0.237449 -0.066503 -0.997540 0.022168 -0.021487 -0.988391 0.150407
-0.779688 0.179928 -0.599760 -0.386501 -0.597319 -0.702728 0.030303 -0.969697 -0.242424 -0.118308 -0.985904 -0.118308 -0.092524 -0.994635 -0.046262 0.090536 -0.995893 0.000000 0.059362 -0.969584 0.237449 -0.066503 -0.997540 0.022168 -0.021487 -0.988391 0.150407
-0.791924 -0.109231 -0.600770 -0.244153 -0.767338 -0.592943 0.029437 -0.971429 -0.235498 -0.151620 -0.985527 -0.075810 -0.094703 -0.994379 -0.047351 0.090536 -0.995893 0.000000 0.059362 -0.969584 0.237449 -0.066503 -0.997540 0.022168 -0.021487 -0.988391 0.150407
-0.767467 -0.306987 -0.562809 -0.208263 -0.867763 -0.451237 0.028421 -0.966315 -0.255789 -0.164399 -0.986394 0.000000 -0.078460 -0.993825 -0.078460 0.090536 -0.995893 0.000000 0.059362 -0.969584 0.237449 -0.066519 -0.997785 0.000000 -0.042796 -0.984309 0.171184
-0.756448 -0.476282 -0.448265 -0.166852 -0.901002 -0.400445 0.028618 -0.973018 -0.228946 -0.171341 -0.985212 0.000000 -0.055279 -0.995022 -0.082918 0.090536 -0.995893 0.000000 0.079042 -0.968258 0.237125 -0.066519 -0.997785 0.000000 -0.042944 -0.987707 0.150303
-0.725502 -0.537409 -0.429927 -0.139178 -0.939450 -0.313150 0.028421 -0.966315 -0.255789 -0.203785 -0.978167 0.040757 -0.027671 -0.996164 -0.083014 0.090536 -0.995893 0.000000 0.079042 -0.968258 0.237125 -0.066519 -0.997785 0.000000 -0.064342 -0.986570 0.150130
-0.731886 -0.534840 -0.422242 -0.136083 -0.952579 -0.272166 0.028618 -0.973018 -0.228946 -0.203785 -0.978167 0.040757 -0.028456 -0.995943 -0.085367 0.090536 -0.995893 0.000000 0.079042 -0.968258 0.237125 -0.066519 -0.997785 0.000000 -0.064342 -0.986570 0.150130
-0.720833 -0.554487 -0.415865 -0.143131 -0.966136 -0.214697 0.027842 -0.974481 -0.222738 -0.203785 -0.978167 0.040757 -0.028456 -0.995943 -0.085367 0.090536 -0.995893 0.000000 0.079042 -0.968258 0.237125 -0.066519 -0.997785 0.000000 -0.064342 -0.986570 0.150130
-0.742857 -0.514286 -0.428571 -0.143131 -0.966136 -0.214697 0.028618 -0.973018 -0.228946 -0.195965 -0.979827 0.039193 -0.028456 -0.995943 -0.085367 0.090536 -0.995893 0.000000 0.079042 -0.968258 0.237125 -0.066519 -0.997785 0.000000 -0.085651 -0.984986 0.149889
-0.715542 -0.447214 -0.536656 -0.190901 -0.954504 -0.229081 0.029437 -0.971429 -0.235498 -0.195965 -0.979827 0.039193 -0.028456 -0.995943 -0.085367 0.090536 -0.995893 0.000000 0.079042 -0.968258 0.237125 -0.068024 -0.997684 0.000000 -0.083881 -0.985604 0.146792
-0.737851 -0.338182 -0.584132 -0.157991 -0.947943 -0.276483 0.029437 -0.971429 -0.235498 -0.195965 -0.979827 0.039193 -0.025599 -0.998360 -0.051198 0.090536 -0.995893 0.000000 0.080582 -0.966988 0.241747 -0.068024 -0.997684 0.000000 -0.083881 -0.985604 0.146792
-0.670370 -0.243771 -0.700842 -0.122271 -0.937410 -0.326056 0.029437 -0.971429 -0.235498 -0.195965 -0.979827 0.039193 -0.024354 -0.998516 -0.048708 0.090536 -0.995893 0.000000 0.080582 -0.966988 0.241747 -0.068024 -0.997684 0.000000 -0.083881 -0.985604 0.146792
-0.573528 -0.191176 -0.796566 -0.085126 -0.936382 -0.340503 0.029630 -0.977805 -0.207413 -0.196116 -0.980581 0.000000 -0.023776 -0.998586 -0.047552 0.090536 -0.995893 0.000000 0.080961 -0.971533 0.222643 -0.068024 -0.997684 0.000000 -0.083881 -0.985604 0.146792
-0.495344 -0.132092 -0.858596 -0.042033 -0.924729 -0.378298 0.029630 -0.977805 -0.207413 -0.195965 -0.979827 0.039193 -0.023796 -0.999434 -0.023796 0.090536 -0.995893 0.000000 0.080961 -0.971533 0.222643 -0.090536 -0.995893 0.000000 -0.063008 -0.987125 0.147019
-0.379284 -0.126428 -0.916602 0.043727 -0.918266 -0.393543 0.030700 -0.982409 -0.184202 -0.188847 -0.982006 0.000000 0.000000 -0.999730 -0.023250 0.090536 -0.995893 0.000000 0.080961 -0.971533 0.222643 -0.090536 -0.995893 0.000000 -0.063008 -0.987125 0.147019
-0.331964 -0.120714 -0.935536 0.213785 -0.897895 -0.384812 0.029801 -0.983433 -0.178806 -0.188847 -0.982006 0.000000 0.000000 -0.999730 -0.023250 0.090536 -0.995893 0.000000 0.080961 -0.971533 0.222643 -0.090536 -0.995893 0.000000 -0.063008 -0.987125 0.147019
-0.233982 -0.116991 -0.965176 0.254000 -0.889001 -0.381000 0.030700 -0.982409 -0.184202 -0.181969 -0.982631 -0.036394 0.000000 -0.999730 -0.023250 0.090536 -0.995893 0.000000 0.080961 -0.971533 0.222643 -0.090513 -0.995638 -0.022628 -0.063008 -0.987125 0.147019
-0.056478 -0.141196 -0.988369 0.330477 -0.867502 -0.371787 0.030514 -0.976445 -0.213597 -0.182089 -0.983282 0.000000 0.000000 -0.998920 -0.046461 0.090536 -0.995893 0.000000 0.080961 -0.971533 0.222643 -0.090513 -0.995638 -0.022628 -0.063008 -0.987125 0.147019
0.122570 -0.153213 -0.980562 0.371787 -0.867502 -0.330477 0.029630 -0.977805 -0.207413 -0.146450 -0.988540 -0.036613 0.000000 -0.998969 -0.045408 0.090536 -0.995893 0.000000 0.081312 -0.975739 0.203279 -0.090513 -0.995638 -0.022628 -0.062801 -0.983875 0.167468
0.275525 -0.153069 -0.949029 0.376638 -0.878823 -0.292941 0.029437 -0.971429 -0.235498 -0.146450 -0.988540 -0.036613 0.000000 -0.998920 -0.046461 0.090536 -0.995893 0.000000 0.061072 -0.977153 0.203574 -0.090513 -0.995638 -0.022628 -0.062801 -0.983875 0.167468
0.475341 -0.178253 -0.861555 0.381000 -0.889001 -0.254000 0.029223 -0.964352 -0.263005 -0.146549 -0.989203 0.000000 0.000000 -0.998920 -0.046461 0.090536 -0.995893 0.000000 0.061072 -0.977153 0.203574 -0.090513 -0.995638 -0.022628 -0.062801 -0.983875 0.167468
0.602749 -0.150687 -0.783573 0.384812 -0.897895 -0.213785 0.030303 -0.969697 -0.242424 -0.146450 -0.988540 -0.036613 0.000000 -0.998920 -0.046461 0.090536 -0.995893 0.000000 0.061072 -0.977153 0.203574 -0.090513 -0.995638 -0.022628 -0.041913 -0.984955 0.167652
0.650557 -0.154895 -0.743494 0.388018 -0.905374 -0.172452 0.030069 -0.962216 -0.270623 -0.146450 -0.988540 -0.036613 0.000000 -0.998920 -0.046461 0.090536 -0.995893 0.000000 0.061072 -0.977153 0.203574 -0.090513 -0.995638 -0.022628 -0.042630 -0.980500 0.191837
0.698149 -0.158670 -0.698149 0.443242 -0.886484 -0.132973 0.030303 -0.969697 -0.242424 -0.151620 -0.985527 -0.075810 0.000000 -0.998920 -0.046461 0.090536 -0.995893 0.000000 0.061072 -0.977153 0.203574 -0.090513 -0.995638 -0.022628 -0.042630 -0.980500 0.191837
0.698149 -0.158670 -0.698149 0.443242 -0.886484 -0.132973 0.030069 -0.962216 -0.270623 -0.151947 -0.987658 -0.037987 0.000000 -0.998920 -0.046461 0.090536 -0.995893 0.000000 0.061072 -0.977153 0.203574 -0.068006 -0.997427 -0.022669 -0.063873 -0.979389 0.191620
0.744652 -0.161881 -0.647524 0.443242 -0.886484 -0.132973 0.060057 -0.960913 -0.270257 -0.151947 -0.987658 -0.037987 0.000000 -0.998920 -0.046461 0.090536 -0.995893 0.000000 0.061072 -0.977153 0.203574 -0.068006 -0.997427 -0.022669 -0.063873 -0.979389 0.191620
0.729149 -0.158511 -0.665745 0.445435 -0.890871 -0.089087 0.060523 -0.968364 -0.242091 -0.151620 -0.985527 -0.075810 0.000000 -0.998920 -0.046461 0.090536 -0.995893 0.000000 0.061072 -0.977153 0.203574 -0.068006 -0.997427 -0.022669 -0.063600 -0.975198 0.212000
0.729694 -0.165840 -0.663358 0.426401 -0.895443 -0.127920 0.060523 -0.968364 -0.242091 -0.151620 -0.985527 -0.075810 0.000000 -0.998920 -0.046461 0.090536 -0.995893 0.000000 0.061072 -0.977153 0.203574 -0.068006 -0.997427 -0.022669 -0.063600 -0.975198 0.212000
