-0.587981 0.764375 -0.264591 -0.413990 -0.451626 -0.790345 0.000000 -0.973841 -0.227230 -0.133897 -0.981908 -0.133897 -0.023243 -0.999460 -0.023243 0.000000 -0.999717 -0.023803 0.038490 -0.962250 0.269430 -0.118213 -0.992988 0.000000 0.000000 -0.981393 0.192012
-0.649500 0.705978 -0.282391 -0.342368 -0.470757 -0.813125 0.000000 -0.973841 -0.227230 -0.133897 -0.981908 -0.133897 -0.023243 -0.999460 -0.023243 0.000000 -0.999717 -0.023803 0.038490 -0.962250 0.269430 -0.118213 -0.992988 0.000000 0.000000 -0.981393 0.192012
-0.649500 0.705978 -0.282391 -0.349149 -0.436436 -0.829228 0.000000 -0.973841 -0.227230 -0.133897 -0.981908 -0.133897 -0.023243 -0.999460 -0.023243 0.000000 -0.999717 -0.023803 0.038490 -0.962250 0.269430 -0.118213 -0.992988 0.000000 0.000000 -0.981393 0.192012
-0.685435 0.656875 -0.314158 -0.355643 -0.400099 -0.844653 0.000000 -0.977802 -0.209529 -0.122373 -0.978980 -0.163163 -0.046449 -0.998651 -0.023224 0.000000 -0.999717 -0.023803 0.038490 -0.962250 0.269430 -0.118213 -0.992988 0.000000 0.021330 -0.981169 0.191968
-0.763195 0.572396 -0.299827 -0.355643 -0.400099 -0.844653 0.000000 -0.977802 -0.209529 -0.151078 -0.982006 -0.113308 -0.045396 -0.998711 -0.022698 0.000000 -0.999717 -0.023803 0.038490 -0.962250 0.269430 -0.118213 -0.992988 0.000000 0.021330 -0.981169 0.191968
-0.830291 0.455321 -0.321403 -0.349149 -0.436436 -0.829228 0.000000 -0.973841 -0.227230 -0.203279 -0.975739 -0.081312 -0.045396 -0.998711 -0.022698 0.000000 -0.999717 -0.023803 0.038490 -0.962250 0.269430 -0.118213 -0.992988 0.000000 0.021330 -0.981169 0.191968
-0.896819 0.326116 -0.298940 -0.328244 -0.533396 -0.779579 0.000000 -0.975441 -0.220261 -0.133897 -0.981908 -0.133897 -0.046411 -0.997844 -0.046411 0.000000 -0.999717 -0.023803 0.038490 -0.962250 0.269430 -0.118213 -0.992988 0.000000 0.021330 -0.981169 0.191968
-0.945905 0.166924 -0.278207 -0.295015 -0.632175 -0.716465 0.000000 -0.973841 -0.227230 -0.133897 -0.981908 -0.133897 -0.046349 -0.996503 -0.069523 0.000000 -0.999717 -0.023803 0.039216 -0.960784 0.274510 -0.118213 -0.992988 0.000000 0.021330 -0.981169 0.191968
-0.966705 0.000000 -0.255893 -0.323117 -0.727013 -0.605844 0.000000 -0.973841 -0.227230 -0.203279 -0.975739 -0.081312 -0.045361 -0.997940 -0.045361 0.000000 -0.999717 -0.023803 0.039968 -0.959233 0.279776 -0.118213 -0.992988 0.000000 0.021330 -0.981169 0.191968
-0.954439 -0.196502 -0.224574 -0.275625 -0.787499 -0.551249 0.000000 -0.972082 -0.234641 -0.224702 -0.973708 -0.037450 -0.045361 -0.997940 -0.045361 0.000000 -0.999717 -0.023803 0.039968 -0.959233 0.279776 -0.118213 -0.992988 0.000000 0.000000 -0.981393 0.192012
-0.926079 -0.318339 -0.202580 -0.249136 -0.830455 -0.498273 0.000000 -0.972082 -0.234641 -0.224702 -0.973708 -0.037450 -0.045361 -0.997940 -0.045361 0.023796 -0.999434 -0.023796 0.039968 -0.959233 0.279776 -0.118213 -0.992988 0.000000 0.000000 -0.981393 0.192012
-0.896022 -0.418143 -0.149337 -0.240772 -0.842701 -0.481543 0.030303 -0.969697 -0.242424 -0.328521 -0.944497 0.000000 -0.045303 -0.996659 -0.067954 0.023796 -0.999434 -0.023796 0.039968 -0.959233 0.279776 -0.118213 -0.992988 0.000000 -0.020892 -0.981941 0.188031
-0.888134 -0.444067 -0.118418 -0.236986 -0.868948 -0.434474 0.028421 -0.966315 -0.255789 -0.355643 -0.933564 0.044455 -0.045303 -0.996659 -0.067954 0.023796 -0.999434 -0.023796 0.039968 -0.959233 0.279776 -0.118213 -0.992988 0.000000 -0.020892 -0.981941 0.188031
-0.888134 -0.444067 -0.118418 -0.192450 -0.885270 -0.423390 0.027661 -0.968122 -0.248946 -0.355643 -0.933564 0.044455 -0.045303 -0.996659 -0.067954 0.023796 -0.999434 -0.023796 0.058767 -0.959862 0.274246 -0.118180 -0.992711 -0.023636 -0.041757 -0.981299 0.187908
-0.881626 -0.456013 -0.121604 -0.199205 -0.876501 -0.438250 0.027661 -0.968122 -0.248946 -0.355643 -0.933564 0.044455 -0.045303 -0.996659 -0.067954 0.023796 -0.999434 -0.023796 0.058767 -0.959862 0.274246 -0.118180 -0.992711 -0.023636 -0.041757 -0.981299 0.187908
-0.883232 -0.441616 -0.157720 -0.202610 -0.891485 -0.405220 0.026939 -0.969790 -0.242448 -0.370991 -0.927478 0.046374 -0.022669 -0.997427 -0.068006 0.023796 -0.999434 -0.023796 0.058767 -0.959862 0.274246 -0.118180 -0.992711 -0.023636 -0.041757 -0.981299 0.187908
-0.907009 -0.388718 -0.161966 -0.202610 -0.891485 -0.405220 0.026939 -0.969790 -0.242448 -0.370991 -0.927478 0.046374 -0.022669 -0.997427 -0.068006 0.023796 -0.999434 -0.023796 0.058767 -0.959862 0.274246 -0.118180 -0.992711 -0.023636 -0.041757 -0.981299 0.187908
-0.912774 -0.358590 -0.195594 -0.202610 -0.891485 -0.405220 0.027106 -0.975828 -0.216851 -0.370991 -0.927478 0.046374 -0.022669 -0.997427 -0.068006 0.023796 -0.999434 -0.023796 0.058767 -0.959862 0.274246 -0.141421 -0.989949 0.000000 -0.020892 -0.981941 0.188031
-0.926158 -0.297694 -0.231539 -0.169485 -0.889799 -0.423714 0.027106 -0.975828 -0.216851 -0.355643 -0.933564 0.044455 -0.023193 -0.997307 -0.069580 0.023796 -0.999434 -0.023796 0.058767 -0.959862 0.274246 -0.115470 -0.993042 0.023094 -0.020892 -0.981941 0.188031
-0.922302 -0.273275 -0.273275 -0.166378 -0.873485 -0.457540 0.027106 -0.975828 -0.216851 -0.355643 -0.933564 0.044455 -0.023193 -0.997307 -0.069580 0.023796 -0.999434 -0.023796 0.058767 -0.959862 0.274246 -0.115470 -0.993042 0.023094 -0.020892 -0.981941 0.188031
-0.905204 -0.243709 -0.348155 -0.160514 -0.882830 -0.441415 0.027106 -0.975828 -0.216851 -0.315906 -0.947717 0.045129 -0.023193 -0.997307 -0.069580 0.023796 -0.999434 -0.023796 0.058767 -0.959862 0.274246 -0.115470 -0.993042 0.023094 -0.020892 -0.981941 0.188031
-0.853984 -0.204956 -0.478231 -0.121070 -0.887848 -0.443924 0.029801 -0.983433 -0.178806 -0.279776 -0.959233 -0.039968 -0.023193 -0.997307 -0.069580 0.023796 -0.999434 -0.023796 0.058767 -0.959862 0.274246 -0.141421 -0.989949 0.000000 -0.020892 -0.981941 0.188031
-0.810524 -0.249392 -0.529958 0.042145 -0.885044 -0.463595 0.030861 -0.987541 -0.154303 -0.268833 -0.960119 -0.076810 -0.023193 -0.997307 -0.069580 0.023796 -0.999434 -0.023796 0.059074 -0.964874 0.255987 -0.141421 -0.989949 0.000000 -0.020892 -0.981941 0.188031
-0.709458 -0.277614 -0.647766 0.130312 -0.868744 -0.477809 0.031830 -0.986741 -0.159152 -0.259259 -0.962963 -0.074074 -0.023193 -0.997307 -0.069580 0.023796 -0.999434 -0.023796 0.059074 -0.964874 0.255987 -0.141421 -0.989949 0.000000 -0.020892 -0.981941 0.188031
-0.623480 -0.311740 -0.717002 0.169031 -0.845154 -0.507093 0.032862 -0.985861 -0.164310 -0.250319 -0.965518 -0.071520 -0.023193 -0.997307 -0.069580 0.023796 -0.999434 -0.023796 0.059074 -0.964874 0.255987 -0.141421 -0.989949 0.000000 -0.020892 -0.981941 0.188031
-0.510841 -0.319275 -0.798189 0.245358 -0.858754 -0.449823 0.032669 -0.980057 -0.196011 -0.250319 -0.965518 -0.071520 -0.023193 -0.997307 -0.069580 0.023796 -0.999434 -0.023796 0.059074 -0.964874 0.255987 -0.141421 -0.989949 0.000000 -0.020892 -0.981941 0.188031
-0.391189 -0.358590 -0.847576 0.324443 -0.811107 -0.486664 0.033962 -0.984892 -0.169809 -0.259259 -0.962963 -0.074074 -0.023193 -0.997307 -0.069580 0.023796 -0.999434 -0.023796 0.039421 -0.965810 0.256235 -0.141421 -0.989949 0.000000 -0.020892 -0.981941 0.188031
-0.261349 -0.392023 -0.882052 0.414513 -0.787575 -0.455965 0.035136 -0.983820 -0.175682 -0.250319 -0.965518 -0.071520 0.000000 -0.997575 -0.069598 0.023796 -0.999434 -0.023796 0.039421 -0.965810 0.256235 -0.141421 -0.989949 0.000000 -0.020892 -0.981941 0.188031
-0.130189 -0.390567 -0.911322 0.428353 -0.771035 -0.471188 0.035136 -0.983820 -0.175682 -0.250319 -0.965518 -0.071520 0.000000 -0.997575 -0.069598 0.023796 -0.999434 -0.023796 0.039614 -0.970535 0.237682 -0.141421 -0.989949 0.000000 -0.020892 -0.981941 0.188031
-0.065512 -0.393073 -0.917170 0.462364 -0.756596 -0.462364 0.035136 -0.983820 -0.175682 -0.250319 -0.965518 -0.071520 0.000000 -0.997575 -0.069598 0.023243 -0.999460 -0.023243 0.040390 -0.969351 0.242338 -0.141421 -0.989949 0.000000 -0.020892 -0.981941 0.188031
0.028940 -0.376219 -0.926079 0.513436 -0.793492 -0.326732 0.034900 -0.977207 -0.209401 -0.250319 -0.965518 -0.071520 0.000000 -0.997575 -0.069598 0.023243 -0.999460 -0.023243 0.040390 -0.969351 0.242338 -0.141421 -0.989949 0.000000 -0.020892 -0.981941 0.188031
0.058421 -0.350524 -0.934730 0.520865 -0.804973 -0.284108 0.034900 -0.977207 -0.209401 -0.250319 -0.965518 -0.071520 0.000000 -0.997575 -0.069598 0.023796 -0.999434 -0.023796 0.039614 -0.970535 0.237682 -0.141421 -0.989949 0.000000 -0.020892 -0.981941 0.188031
0.119470 -0.358409 -0.925889 0.513436 -0.793492 -0.326732 0.034900 -0.977207 -0.209401 -0.250319 -0.965518 -0.071520 0.000000 -0.997575 -0.069598 0.023796 -0.999434 -0.023796 0.019819 -0.971107 0.237822 -0.141421 -0.989949 0.000000 -0.021238 -0.976956 0.212382
0.124214 -0.341589 -0.931605 0.513436 -0.793492 -0.326732 0.034900 -0.977207 -0.209401 -0.250319 -0.965518 -0.071520 0.000000 -0.997575 -0.069598 0.023776 -0.998586 -0.047552 0.019819 -0.971107 0.237822 -0.141421 -0.989949 0.000000 -0.021238 -0.976956 0.212382
0.136083 -0.272166 -0.952579 0.471929 -0.849473 -0.235965 0.034900 -0.977207 -0.209401 -0.250319 -0.965518 -0.071520 0.000000 -0.997575 -0.069598 0.023776 -0.998586 -0.047552 0.019819 -0.971107 0.237822 -0.141421 -0.989949 0.000000 -0.021238 -0.976956 0.212382
