-0.481108 0.872008 -0.090208 -0.373383 -0.165948 -0.912714 0.000000 -0.970143 -0.242536 -0.123929 -0.991431 -0.041310 0.023796 -0.999434 -0.023796 0.043427 -0.998821 0.021713 0.042904 -0.965345 0.257425 -0.088453 -0.995098 0.044227 -0.021874 -0.984327 0.174991
-0.468442 0.881774 -0.055111 -0.373383 -0.165948 -0.912714 0.000000 -0.968277 -0.249878 -0.119145 -0.992877 0.000000 0.023803 -0.999717 0.000000 0.043437 -0.999056 0.000000 0.042033 -0.966762 0.252199 -0.088453 -0.995098 0.044227 0.000000 -0.984563 0.175033
-0.480065 0.875413 -0.056478 -0.375653 -0.125218 -0.918262 0.000000 -0.968277 -0.249878 -0.119051 -0.992095 -0.039684 0.000000 -1.000000 0.000000 0.043437 -0.999056 0.000000 0.042033 -0.966762 0.252199 -0.088453 -0.995098 0.044227 0.000000 -0.984563 0.175033
-0.516815 0.851225 -0.091203 -0.375653 -0.125218 -0.918262 0.000000 -0.968277 -0.249878 -0.119051 -0.992095 -0.039684 0.023803 -0.999717 0.000000 0.043437 -0.999056 0.000000 0.062980 -0.965696 0.251921 -0.066454 -0.996805 0.044302 0.000000 -0.984563 0.175033
-0.617213 0.771517 -0.154303 -0.377300 -0.083844 -0.922288 0.000000 -0.968277 -0.249878 -0.119051 -0.992095 -0.039684 0.023250 -0.999730 0.000000 0.043437 -0.999056 0.000000 0.062980 -0.965696 0.251921 -0.066454 -0.996805 0.044302 0.000000 -0.984563 0.175033
-0.682769 0.682769 -0.260102 -0.412393 -0.082479 -0.907265 -0.030303 -0.969697 -0.242424 -0.082974 -0.995688 -0.041487 0.000000 -1.000000 0.000000 0.043437 -0.999056 0.000000 0.062980 -0.965696 0.251921 -0.066454 -0.996805 0.044302 0.000000 -0.988116 0.153707
-0.688021 0.619219 -0.378412 -0.469596 -0.195665 -0.860927 0.000000 -0.964764 -0.263117 -0.129219 -0.990680 -0.043073 0.000000 -0.999703 -0.024383 0.043437 -0.999056 0.000000 0.062980 -0.965696 0.251921 -0.066454 -0.996805 0.044302 0.000000 -0.988116 0.153707
-0.709773 0.461353 -0.532330 -0.513265 -0.293294 -0.806559 0.000000 -0.966705 -0.255893 -0.134976 -0.989827 -0.044992 0.000000 -0.998812 -0.048723 0.043437 -0.999056 0.000000 0.062980 -0.965696 0.251921 -0.066503 -0.997540 0.022168 0.021874 -0.984327 0.174991
-0.732467 0.281718 -0.619780 -0.378298 -0.588464 -0.714563 0.000000 -0.966705 -0.255893 -0.170716 -0.981616 -0.085358 -0.024354 -0.998516 -0.048708 0.043437 -0.999056 0.000000 0.062980 -0.965696 0.251921 -0.066503 -0.997540 0.022168 0.021874 -0.984327 0.174991
-0.731792 0.052271 -0.679521 -0.331042 -0.744845 -0.579324 0.028205 -0.958984 -0.282054 -0.212238 -0.976296 -0.042448 -0.024354 -0.998516 -0.048708 0.043437 -0.999056 0.000000 0.062980 -0.965696 0.251921 -0.066503 -0.997540 0.022168 0.021874 -0.984327 0.174991
-0.752373 -0.134352 -0.644891 -0.308148 -0.808890 -0.500741 0.000000 -0.951709 -0.307003 -0.188713 -0.981307 -0.037743 -0.024354 -0.998516 -0.048708 0.043437 -0.999056 0.000000 0.062980 -0.965696 0.251921 -0.066503 -0.997540 0.022168 0.000000 -0.988116 0.153707
-0.791924 -0.273077 -0.546155 -0.260513 -0.855971 -0.446594 0.000000 -0.951709 -0.307003 -0.188847 -0.982006 0.000000 -0.024354 -0.998516 -0.048708 0.043437 -0.999056 0.000000 0.062980 -0.965696 0.251921 -0.066503 -0.997540 0.022168 0.000000 -0.988116 0.153707
-0.802625 -0.343982 -0.487308 -0.264764 -0.869940 -0.416058 0.027462 -0.961161 -0.274618 -0.263117 -0.964764 0.000000 -0.024318 -0.997039 -0.072954 0.043437 -0.999056 0.000000 0.062980 -0.965696 0.251921 -0.066503 -0.997540 0.022168 0.000000 -0.988116 0.153707
-0.815803 -0.378766 -0.437037 -0.264764 -0.869940 -0.416058 0.052111 -0.964052 -0.260555 -0.371391 -0.928477 0.000000 -0.024318 -0.997039 -0.072954 0.043437 -0.999056 0.000000 0.062980 -0.965696 0.251921 -0.066503 -0.997540 0.022168 0.000000 -0.988116 0.153707
-0.833691 -0.344976 -0.431220 -0.232670 -0.891902 -0.387783 0.050492 -0.959339 -0.277703 -0.370991 -0.927478 0.046374 -0.024318 -0.997039 -0.072954 0.043437 -0.999056 0.000000 0.062980 -0.965696 0.251921 -0.066503 -0.997540 0.022168 -0.021953 -0.987878 0.153670
-0.852204 -0.323250 -0.411409 -0.232670 -0.891902 -0.387783 0.028205 -0.958984 -0.282054 -0.280000 -0.960000 0.000000 -0.024318 -0.997039 -0.072954 0.043437 -0.999056 0.000000 0.062980 -0.965696 0.251921 -0.066503 -0.997540 0.022168 -0.021953 -0.987878 0.153670
-0.868481 -0.209633 -0.449215 -0.232670 -0.891902 -0.387783 0.029814 -0.954056 -0.298142 -0.259973 -0.965616 0.000000 -0.049798 -0.995962 -0.074697 0.043437 -0.999056 0.000000 0.062980 -0.965696 0.251921 -0.066503 -0.997540 0.022168 -0.021953 -0.987878 0.153670
-0.830949 -0.114614 -0.544415 -0.240966 -0.883541 -0.401610 0.030964 -0.959886 -0.278677 -0.250801 -0.967375 -0.035829 -0.049798 -0.995962 -0.074697 0.043437 -0.999056 0.000000 0.062980 -0.965696 0.251921 -0.066503 -0.997540 0.022168 -0.021953 -0.987878 0.153670
-0.796391 -0.027462 -0.604159 -0.249783 -0.874241 -0.416305 0.031911 -0.957338 -0.287202 -0.242390 -0.969561 -0.034627 -0.048593 -0.996156 -0.072889 0.043437 -0.999056 0.000000 0.062980 -0.965696 0.251921 -0.066503 -0.997540 0.022168 -0.021874 -0.984327 0.174991
-0.771552 0.055111 -0.633775 -0.213980 -0.855921 -0.470757 0.031911 -0.957338 -0.287202 -0.242390 -0.969561 -0.034627 -0.048593 -0.996156 -0.072889 0.043437 -0.999056 0.000000 0.062980 -0.965696 0.251921 -0.066503 -0.997540 0.022168 -0.043716 -0.983621 0.174866
-0.731334 0.081259 -0.677161 -0.179244 -0.851410 -0.492922 0.031911 -0.957338 -0.287202 -0.242536 -0.970143 0.000000 -0.024318 -0.997039 -0.072954 0.043437 -0.999056 0.000000 0.062980 -0.965696 0.251921 -0.066503 -0.997540 0.022168 -0.043716 -0.983621 0.174866
-0.726599 0.129750 -0.674699 -0.088648 -0.842160 -0.531891 0.000000 -0.955064 -0.296399 -0.209529 -0.977802 0.000000 -0.024318 -0.997039 -0.072954 0.043437 -0.999056 0.000000 0.062980 -0.965696 0.251921 -0.066503 -0.997540 0.022168 -0.043716 -0.983621 0.174866
-0.671608 0.139918 -0.727575 -0.092057 -0.828517 -0.552345 0.000000 -0.957826 -0.287348 -0.216930 -0.976187 0.000000 -0.024318 -0.997039 -0.072954 0.043437 -0.999056 0.000000 0.062980 -0.965696 0.251921 -0.066503 -0.997540 0.022168 -0.043716 -0.983621 0.174866
-0.639092 0.145248 -0.755291 -0.044992 -0.809858 -0.584898 0.000000 -0.957826 -0.287348 -0.216930 -0.976187 0.000000 -0.024318 -0.997039 -0.072954 0.043427 -0.998821 -0.021713 0.062980 -0.965696 0.251921 -0.066503 -0.997540 0.022168 -0.043716 -0.983621 0.174866
-0.548230 0.152286 -0.822346 0.000000 -0.810679 -0.585491 0.000000 -0.957826 -0.287348 -0.216930 -0.976187 0.000000 -0.024318 -0.997039 -0.072954 0.043427 -0.998821 -0.021713 0.062980 -0.965696 0.251921 -0.066503 -0.997540 0.022168 -0.043716 -0.983621 0.174866
-0.454129 0.151376 -0.877982 0.000000 -0.810679 -0.585491 -0.030964 -0.959886 -0.278677 -0.224860 -0.974391 0.000000 -0.024318 -0.997039 -0.072954 0.043437 -0.999056 0.000000 0.062980 -0.965696 0.251921 -0.066503 -0.997540 0.022168 -0.043716 -0.983621 0.174866
-0.323254 0.129302 -0.937437 0.044992 -0.809858 -0.584898 0.000000 -0.968277 -0.249878 -0.224702 -0.973708 -0.037450 -0.024318 -0.997039 -0.072954 0.043437 -0.999056 0.000000 0.062980 -0.965696 0.251921 -0.066503 -0.997540 0.022168 -0.043716 -0.983621 0.174866
-0.263609 0.131804 -0.955582 0.127573 -0.850487 -0.510292 0.000000 -0.962651 -0.270746 -0.233373 -0.972387 0.000000 -0.024318 -0.997039 -0.072954 0.043437 -0.999056 0.000000 0.042033 -0.966762 0.252199 -0.066503 -0.997540 0.022168 -0.043716 -0.983621 0.174866
-0.073422 0.110133 -0.991201 0.159872 -0.839329 -0.519584 0.000000 -0.954480 -0.298275 -0.233373 -0.972387 0.000000 -0.024318 -0.997039 -0.072954 0.043437 -0.999056 0.000000 0.042033 -0.966762 0.252199 -0.066503 -0.997540 0.022168 -0.043716 -0.983621 0.174866
0.157500 0.078750 -0.984374 0.198419 -0.833360 -0.515889 0.000000 -0.954480 -0.298275 -0.233373 -0.972387 0.000000 -0.024318 -0.997039 -0.072954 0.043437 -0.999056 0.000000 0.042033 -0.966762 0.252199 -0.066503 -0.997540 0.022168 -0.043716 -0.983621 0.174866
0.367359 0.146944 -0.918398 0.186081 -0.893188 -0.409378 0.000000 -0.945687 -0.325080 -0.233373 -0.972387 0.000000 -0.024318 -0.997039 -0.072954 0.043437 -0.999056 0.000000 0.042033 -0.966762 0.252199 -0.066503 -0.997540 0.022168 -0.043540 -0.979651 0.195930
0.522976 0.065372 -0.849837 0.203616 -0.936632 -0.285062 0.029540 -0.945274 -0.324938 -0.233373 -0.972387 0.000000 -0.024318 -0.997039 -0.072954 0.043437 -0.999056 0.000000 0.042033 -0.966762 0.252199 -0.066503 -0.997540 0.022168 -0.043540 -0.979651 0.195930
0.644831 0.058621 -0.762073 0.163163 -0.978980 -0.122373 0.029540 -0.945274 -0.324938 -0.233197 -0.971653 -0.038866 -0.024318 -0.997039 -0.072954 0.043437 -0.999056 0.000000 0.042033 -0.966762 0.252199 -0.066503 -0.997540 0.022168 -0.043540 -0.979651 0.195930
0.732679 0.054273 -0.678407 0.157991 -0.987441 0.000000 0.030387 -0.941993 -0.334255 -0.233373 -0.972387 0.000000 -0.024318 -0.997039 -0.072954 0.043437 -0.999056 0.000000 0.042904 -0.965345 0.257425 -0.066503 -0.997540 0.022168 -0.043540 -0.979651 0.195930
0.769309 0.053056 -0.636670 0.152057 -0.988372 0.000000 0.030387 -0.941993 -0.334255 -0.233373 -0.972387 0.000000 -0.024354 -0.998516 -0.048708 0.043437 -0.999056 0.000000 0.042904 -0.965345 0.257425 -0.066503 -0.997540 0.022168 -0.043540 -0.979651 0.195930
0.789697 0.050948 -0.611378 0.114541 -0.992685 0.038180 0.030387 -0.941993 -0.334255 -0.233373 -0.972387 0.000000 -0.024354 -0.998516 -0.048708 0.043437 -0.999056 0.000000 0.042904 -0.965345 0.257425 -0.066503 -0.997540 0.022168 -0.043345 -0.975270 0.216727
0.792498 0.052833 -0.607582 0.114291 -0.990521 0.076194 0.030686 -0.951260 -0.306858 -0.233373 -0.972387 0.000000 -0.024354 -0.998516 -0.048708 0.043437 -0.999056 0.000000 0.042904 -0.965345 0.257425 -0.066503 -0.997540 0.022168 -0.043345 -0.975270 0.216727
0.791119 0.079112 -0.606525 0.114291 -0.990521 0.076194 0.030686 -0.951260 -0.306858 -0.233373 -0.972387 0.000000 -0.024354 -0.998516 -0.048708 0.043437 -0.999056 0.000000 0.042904 -0.965345 0.257425 -0.065064 -0.997645 0.021688 -0.044281 -0.974176 0.221404
0.780937 0.080787 -0.619364 0.114291 -0.990521 0.076194 0.030686 -0.951260 -0.306858 -0.233373 -0.972387 0.000000 0.000000 -0.998812 -0.048723 0.043437 -0.999056 0.000000 0.042904 -0.965345 0.257425 -0.065064 -0.997645 0.021688 -0.044281 -0.974176 0.221404
0.780937 0.080787 -0.619364 0.114291 -0.990521 0.076194 0.030964 -0.959886 -0.278677 -0.233373 -0.972387 0.000000 0.000000 -0.998812 -0.048723 0.043437 -0.999056 0.000000 0.043133 -0.970495 0.237232 -0.065064 -0.997645 0.021688 -0.044281 -0.974176 0.221404
0.756757 0.081081 -0.648649 0.114291 -0.990521 0.076194 0.030964 -0.959886 -0.278677 -0.233373 -0.972387 0.000000 0.000000 -0.998812 -0.048723 0.043437 -0.999056 0.000000 0.043133 -0.970495 0.237232 -0.043427 -0.998821 0.021713 -0.066340 -0.972985 0.221133
0.768061 0.109723 -0.630907 0.114624 -0.993409 0.000000 0.030303 -0.969697 -0.242424 -0.233197 -0.971653 -0.038866 0.000000 -0.998812 -0.048723 0.043437 -0.999056 0.000000 0.043133 -0.970495 0.237232 -0.043427 -0.998821 0.021713 -0.066002 -0.968027 0.242007
0.756448 0.112066 -0.644382 0.114624 -0.993409 0.000000 0.030069 -0.962216 -0.270623 -0.233197 -0.971653 -0.038866 0.000000 -0.998812 -0.048723 0.043437 -0.999056 0.000000 0.043133 -0.970495 0.237232 -0.043427 -0.998821 0.021713 -0.066002 -0.968027 0.242007
0.756448 0.112066 -0.644382 0.114624 -0.993409 0.000000 0.030069 -0.962216 -0.270623 -0.269630 -0.962964 0.000000 0.000000 -0.998812 -0.048723 0.043437 -0.999056 0.000000 0.021582 -0.971173 0.237398 -0.043427 -0.998821 0.021713 -0.066002 -0.968027 0.242007
0.756448 0.112066 -0.644382 0.114624 -0.993409 0.000000 0.030069 -0.962216 -0.270623 -0.269630 -0.962964 0.000000 0.000000 -0.998812 -0.048723 0.043437 -0.999056 0.000000 0.021582 -0.971173 0.237398 -0.043427 -0.998821 0.021713 -0.066002 -0.968027 0.242007
0.770172 0.114100 -0.627548 0.114541 -0.992685 -0.038180 0.030303 -0.969697 -0.242424 -0.269430 -0.962250 -0.038490 0.000000 -0.998812 -0.048723 0.043437 -0.999056 0.000000 0.021582 -0.971173 0.237398 -0.043427 -0.998821 0.021713 -0.066002 -0.968027 0.242007
0.744073 0.114473 -0.658218 0.114541 -0.992685 -0.038180 0.031220 -0.967805 -0.249756 -0.259794 -0.964951 -0.037113 0.000000 -0.998812 -0.048723 0.043437 -0.999056 0.000000 0.021582 -0.971173 0.237398 -0.043427 -0.998821 0.021713 -0.066002 -0.968027 0.242007
0.744073 0.114473 -0.658218 0.114541 -0.992685 -0.038180 0.030964 -0.959886 -0.278677 -0.259794 -0.964951 -0.037113 0.000000 -0.998812 -0.048723 0.043437 -0.999056 0.000000 0.021582 -0.971173 0.237398 -0.043427 -0.998821 0.021713 -0.066002 -0.968027 0.242007
0.744073 0.114473 -0.658218 0.114541 -0.992685 -0.038180 0.030964 -0.959886 -0.278677 -0.259794 -0.964951 -0.037113 0.000000 -0.998812 -0.048723 0.043427 -0.998821 -0.021713 0.021582 -0.971173 0.237398 -0.043427 -0.998821 0.021713 -0.066002 -0.968027 0.242007
0.741346 0.142566 -0.655806 0.114541 -0.992685 -0.038180 0.061285 -0.949920 -0.306426 -0.259794 -0.964951 -0.037113 0.000000 -0.998812 -0.048723 0.043427 -0.998821 -0.021713 0.021582 -0.971173 0.237398 -0.043427 -0.998821 0.021713 -0.087854 -0.966391 0.241598
