-0.604777 0.795759 0.031830 -0.666283 -0.039193 -0.744669 -0.028421 -0.966315 -0.255789 -0.135113 -0.990830 0.000000 -0.047552 -0.998586 0.023776 0.086630 -0.996241 0.000000 0.086447 -0.972533 0.216118 -0.062164 -0.994618 -0.082885 0.000000 -0.987007 0.160676
-0.605083 0.796162 0.000000 -0.704673 -0.082903 -0.704673 -0.028421 -0.966315 -0.255789 -0.135113 -0.990830 0.000000 -0.047552 -0.998586 0.023776 0.086630 -0.996241 0.000000 0.086447 -0.972533 0.216118 -0.062164 -0.994618 -0.082885 0.000000 -0.987007 0.160676
-0.689655 0.724138 0.000000 -0.679775 -0.127458 -0.722261 -0.028421 -0.966315 -0.255789 -0.135113 -0.990830 0.000000 -0.047552 -0.998586 0.023776 0.084800 -0.996398 0.000000 0.087854 -0.966391 0.241598 -0.082761 -0.993127 -0.082761 0.022948 -0.986747 0.160633
-0.772049 0.631676 -0.070186 -0.663792 -0.248922 -0.705279 -0.030303 -0.969697 -0.242424 -0.171184 -0.984309 -0.042796 -0.047565 -0.998868 0.000000 0.084800 -0.996398 0.000000 0.066002 -0.968027 0.242007 -0.082761 -0.993127 -0.082761 0.000000 -0.987007 0.160676
-0.830569 0.531564 -0.166114 -0.622305 -0.414870 -0.663792 -0.063725 -0.955879 -0.286764 -0.119051 -0.992095 -0.039684 -0.047565 -0.998868 0.000000 0.084800 -0.996398 0.000000 0.066002 -0.968027 0.242007 -0.082761 -0.993127 -0.082761 0.000000 -0.987007 0.160676
-0.882052 0.392023 -0.261349 -0.590167 -0.550823 -0.590167 -0.065724 -0.952999 -0.295758 -0.114541 -0.992685 -0.038180 -0.047565 -0.998868 0.000000 0.084800 -0.996398 0.000000 0.066002 -0.968027 0.242007 -0.082761 -0.993127 -0.082761 -0.022858 -0.982873 0.182860
-0.922225 0.172917 -0.345834 -0.443924 -0.726421 -0.524637 -0.067845 -0.949835 -0.305304 -0.110357 -0.993211 -0.036786 -0.023803 -0.999717 0.000000 0.084800 -0.996398 0.000000 0.066002 -0.968027 0.242007 -0.082885 -0.994618 -0.062164 -0.022948 -0.986747 0.160633
-0.932091 -0.106525 -0.346205 -0.324443 -0.811107 -0.486664 -0.070100 -0.946350 -0.315450 -0.106466 -0.993683 -0.035489 -0.023803 -0.999717 0.000000 0.084800 -0.996398 0.000000 0.065638 -0.962683 0.262550 -0.082885 -0.994618 -0.062164 -0.022948 -0.986747 0.160633
-0.890587 -0.321601 -0.321601 -0.309298 -0.850569 -0.425285 -0.067116 -0.939618 -0.335578 -0.141069 -0.987484 -0.070535 -0.023803 -0.999717 0.000000 0.086630 -0.996241 0.000000 0.064282 -0.964237 0.257130 -0.082885 -0.994618 -0.062164 -0.045859 -0.985969 0.160507
-0.838201 -0.482600 -0.254000 -0.309298 -0.850569 -0.425285 -0.100391 -0.936984 -0.334637 -0.106265 -0.991811 -0.070844 -0.023803 -0.999717 0.000000 0.086630 -0.996241 0.000000 0.064282 -0.964237 0.257130 -0.084629 -0.994389 -0.063472 -0.044845 -0.986587 0.156957
-0.824163 -0.521970 -0.219777 -0.268833 -0.883310 -0.384048 -0.063119 -0.946792 -0.315597 -0.151620 -0.985527 -0.075810 -0.023803 -0.999717 0.000000 0.065079 -0.997880 0.000000 0.087370 -0.961074 0.262111 -0.084629 -0.994389 -0.063472 -0.044845 -0.986587 0.156957
-0.810319 -0.549859 -0.202580 -0.259973 -0.891338 -0.371391 -0.029814 -0.954056 -0.298142 -0.163846 -0.983078 -0.081923 -0.023803 -0.999717 0.000000 0.065079 -0.997880 0.000000 0.087370 -0.961074 0.262111 -0.084497 -0.992835 -0.084497 -0.067183 -0.985349 0.156760
-0.804627 -0.566219 -0.178806 -0.259973 -0.891338 -0.371391 -0.029814 -0.954056 -0.298142 -0.163846 -0.983078 -0.081923 0.000000 -0.999717 -0.023803 0.065079 -0.997880 0.000000 0.087370 -0.961074 0.262111 -0.084497 -0.992835 -0.084497 -0.067183 -0.985349 0.156760
-0.802760 -0.555757 -0.216128 -0.263448 -0.903252 -0.338719 -0.028989 -0.956622 -0.289886 -0.170716 -0.981616 -0.085358 0.000000 -0.998868 -0.047565 0.065079 -0.997880 0.000000 0.087370 -0.961074 0.262111 -0.084497 -0.992835 -0.084497 -0.067183 -0.985349 0.156760
-0.830116 -0.510841 -0.223493 -0.254756 -0.909843 -0.327544 -0.028989 -0.956622 -0.289886 -0.170716 -0.981616 -0.085358 0.000000 -0.998868 -0.047565 0.065079 -0.997880 0.000000 0.087370 -0.961074 0.262111 -0.105409 -0.990847 -0.084327 -0.044845 -0.986587 0.156957
-0.859608 -0.429804 -0.276303 -0.254756 -0.909843 -0.327544 -0.028989 -0.956622 -0.289886 -0.170716 -0.981616 -0.085358 0.000000 -0.998868 -0.047565 0.065079 -0.997880 0.000000 0.087370 -0.961074 0.262111 -0.105409 -0.990847 -0.084327 -0.044845 -0.986587 0.156957
-0.886969 -0.354787 -0.295656 -0.263448 -0.903252 -0.338719 -0.028205 -0.958984 -0.282054 -0.170716 -0.981616 -0.085358 0.000000 -0.998868 -0.047565 0.065079 -0.997880 0.000000 0.087370 -0.961074 0.262111 -0.105409 -0.990847 -0.084327 -0.044845 -0.986587 0.156957
-0.878938 -0.322277 -0.351575 -0.272681 -0.895953 -0.350590 -0.028205 -0.958984 -0.282054 -0.170716 -0.981616 -0.085358 0.000000 -0.998812 -0.048723 0.065079 -0.997880 0.000000 0.087370 -0.961074 0.262111 -0.105409 -0.990847 -0.084327 -0.044845 -0.986587 0.156957
-0.862867 -0.308167 -0.400617 -0.282497 -0.887848 -0.363210 -0.027462 -0.961161 -0.274618 -0.178707 -0.982888 -0.044677 0.000000 -0.998812 -0.048723 0.065079 -0.997880 0.000000 0.087370 -0.961074 0.262111 -0.105409 -0.990847 -0.084327 -0.067183 -0.985349 0.156760
-0.866578 -0.247594 -0.433289 -0.282497 -0.887848 -0.363210 -0.027462 -0.961161 -0.274618 -0.178707 -0.982888 -0.044677 0.000000 -0.998812 -0.048723 0.065079 -0.997880 0.000000 0.087370 -0.961074 0.262111 -0.105409 -0.990847 -0.084327 -0.067183 -0.985349 0.156760
-0.846233 -0.250736 -0.470129 -0.254000 -0.889001 -0.381000 -0.026755 -0.963173 -0.267548 -0.186908 -0.981266 -0.046727 0.000000 -0.998812 -0.048723 0.065079 -0.997880 0.000000 0.087370 -0.961074 0.262111 -0.105409 -0.990847 -0.084327 -0.067183 -0.985349 0.156760
-0.794805 -0.235498 -0.559308 -0.179425 -0.897123 -0.403705 -0.030069 -0.962216 -0.270623 -0.157500 -0.984374 -0.078750 0.000000 -0.998812 -0.048723 0.065079 -0.997880 0.000000 0.087370 -0.961074 0.262111 -0.105409 -0.990847 -0.084327 -0.067183 -0.985349 0.156760
-0.739600 -0.184900 -0.647150 -0.135526 -0.903508 -0.406579 -0.032191 -0.965734 -0.257529 -0.145671 -0.983282 -0.109254 0.000000 -0.998812 -0.048723 0.065079 -0.997880 0.000000 0.087370 -0.961074 0.262111 -0.105409 -0.990847 -0.084327 -0.067183 -0.985349 0.156760
-0.665745 -0.158511 -0.729149 -0.132973 -0.886484 -0.443242 -0.033223 -0.963460 -0.265782 -0.140633 -0.984428 -0.105474 0.000000 -0.998812 -0.048723 0.065079 -0.997880 0.000000 0.087370 -0.961074 0.262111 -0.105409 -0.990847 -0.084327 -0.067183 -0.985349 0.156760
-0.564710 -0.125491 -0.815693 -0.043727 -0.918266 -0.393543 -0.034320 -0.960958 -0.274559 -0.135926 -0.985460 -0.101944 0.000000 -0.998812 -0.048723 0.065079 -0.997880 0.000000 0.065638 -0.962683 0.262550 -0.105409 -0.990847 -0.084327 -0.067183 -0.985349 0.156760
-0.431433 -0.123267 -0.893684 0.088648 -0.930809 -0.354594 -0.034320 -0.960958 -0.274559 -0.135379 -0.981501 -0.135379 0.024354 -0.998516 -0.048708 0.065079 -0.997880 0.000000 0.065638 -0.962683 0.262550 -0.105409 -0.990847 -0.084327 -0.067183 -0.985349 0.156760
-0.312348 -0.156174 -0.937043 0.088648 -0.930809 -0.354594 0.000000 -0.961524 -0.274721 -0.135379 -0.981501 -0.135379 0.024354 -0.998516 -0.048708 0.065079 -0.997880 0.000000 0.065638 -0.962683 0.262550 -0.105409 -0.990847 -0.084327 -0.067183 -0.985349 0.156760
-0.181237 -0.181237 -0.966595 0.175243 -0.920027 -0.350486 0.000000 -0.961524 -0.274721 -0.135379 -0.981501 -0.135379 0.024354 -0.998516 -0.048708 0.065079 -0.997880 0.000000 0.065638 -0.962683 0.262550 -0.105574 -0.992392 -0.063344 -0.067183 -0.985349 0.156760
-0.031450 -0.220152 -0.974958 0.217186 -0.912182 -0.347498 0.000000 -0.955064 -0.296399 -0.141069 -0.987484 -0.070535 0.024354 -0.998516 -0.048708 0.065079 -0.997880 0.000000 0.065638 -0.962683 0.262550 -0.105574 -0.992392 -0.063344 -0.066932 -0.981664 0.178484
0.170697 -0.238976 -0.955904 0.217186 -0.912182 -0.347498 0.000000 -0.945373 -0.325991 -0.141069 -0.987484 -0.070535 0.024354 -0.998516 -0.048708 0.065079 -0.997880 0.000000 0.065638 -0.962683 0.262550 -0.105574 -0.992392 -0.063344 -0.066932 -0.981664 0.178484
0.276172 -0.276172 -0.920575 0.282216 -0.940721 -0.188144 0.000000 -0.945373 -0.325991 -0.141069 -0.987484 -0.070535 0.024354 -0.998516 -0.048708 0.065079 -0.997880 0.000000 0.066002 -0.968027 0.242007 -0.105574 -0.992392 -0.063344 -0.066932 -0.981664 0.178484
0.367538 -0.275654 -0.888218 0.286039 -0.953463 -0.095346 0.000000 -0.948683 -0.316228 -0.146157 -0.986559 -0.073078 0.024354 -0.998516 -0.048708 0.065079 -0.997880 0.000000 0.066002 -0.968027 0.242007 -0.105574 -0.992392 -0.063344 -0.044677 -0.982888 0.178707
0.442904 -0.265742 -0.856281 0.242251 -0.969003 -0.048450 0.000000 -0.948683 -0.316228 -0.146157 -0.986559 -0.073078 0.024354 -0.998516 -0.048708 0.065079 -0.997880 0.000000 0.066002 -0.968027 0.242007 -0.105574 -0.992392 -0.063344 -0.044677 -0.982888 0.178707
0.481543 -0.240772 -0.842701 0.231621 -0.972806 0.000000 0.000000 -0.948683 -0.316228 -0.146157 -0.986559 -0.073078 0.024354 -0.998516 -0.048708 0.065079 -0.997880 0.000000 0.066002 -0.968027 0.242007 -0.105574 -0.992392 -0.063344 -0.044677 -0.982888 0.178707
0.525786 -0.233682 -0.817889 0.187112 -0.982339 0.000000 0.000000 -0.948683 -0.316228 -0.146157 -0.986559 -0.073078 0.024354 -0.998516 -0.048708 0.065079 -0.997880 0.000000 0.066002 -0.968027 0.242007 -0.105574 -0.992392 -0.063344 -0.044677 -0.982888 0.178707
0.538575 -0.239367 -0.807862 0.187112 -0.982339 0.000000 0.000000 -0.948683 -0.316228 -0.146157 -0.986559 -0.073078 0.024354 -0.998516 -0.048708 0.065079 -0.997880 0.000000 0.066002 -0.968027 0.242007 -0.105574 -0.992392 -0.063344 -0.044677 -0.982888 0.178707
0.529183 -0.205793 -0.823173 0.186908 -0.981266 0.046727 0.000000 -0.948683 -0.316228 -0.146157 -0.986559 -0.073078 0.024354 -0.998516 -0.048708 0.065079 -0.997880 0.000000 0.066340 -0.972985 0.221133 -0.105574 -0.992392 -0.063344 -0.044677 -0.982888 0.178707
0.545455 -0.181818 -0.818182 0.171184 -0.984309 0.042796 0.000000 -0.948683 -0.316228 -0.146157 -0.986559 -0.073078 0.024354 -0.998516 -0.048708 0.065079 -0.997880 0.000000 0.066340 -0.972985 0.221133 -0.105574 -0.992392 -0.063344 -0.044677 -0.982888 0.178707
0.566219 -0.178806 -0.804627 0.129219 -0.990680 0.043073 0.000000 -0.948683 -0.316228 -0.146157 -0.986559 -0.073078 0.024376 -0.999406 -0.024376 0.065079 -0.997880 0.000000 0.066340 -0.972985 0.221133 -0.105574 -0.992392 -0.063344 -0.044677 -0.982888 0.178707
0.545455 -0.181818 -0.818182 0.129219 -0.990680 0.043073 -0.031607 -0.948209 -0.316070 -0.146157 -0.986559 -0.073078 0.024376 -0.999406 -0.024376 0.063700 -0.997969 0.000000 0.066340 -0.972985 0.221133 -0.105574 -0.992392 -0.063344 -0.044677 -0.982888 0.178707
0.548230 -0.152286 -0.822346 0.129339 -0.991600 0.000000 -0.031607 -0.948209 -0.316070 -0.146157 -0.986559 -0.073078 0.024376 -0.999406 -0.024376 0.084800 -0.996398 0.000000 0.066340 -0.972985 0.221133 -0.105574 -0.992392 -0.063344 -0.044677 -0.982888 0.178707
0.548230 -0.152286 -0.822346 0.129339 -0.991600 0.000000 -0.031607 -0.948209 -0.316070 -0.146450 -0.988540 -0.036613 0.024376 -0.999406 -0.024376 0.084800 -0.996398 0.000000 0.066340 -0.972985 0.221133 -0.105574 -0.992392 -0.063344 -0.044677 -0.982888 0.178707
0.548230 -0.152286 -0.822346 0.129339 -0.991600 0.000000 -0.031607 -0.948209 -0.316070 -0.146450 -0.988540 -0.036613 0.024376 -0.999406 -0.024376 0.084800 -0.996398 0.000000 0.066340 -0.972985 0.221133 -0.105574 -0.992392 -0.063344 -0.044677 -0.982888 0.178707
0.548230 -0.152286 -0.822346 0.171341 -0.985212 0.000000 -0.031607 -0.948209 -0.316070 -0.146450 -0.988540 -0.036613 0.024376 -0.999406 -0.024376 0.084781 -0.996174 -0.021195 0.066002 -0.968027 0.242007 -0.105574 -0.992392 -0.063344 -0.044677 -0.982888 0.178707
0.534758 -0.148544 -0.831846 0.171184 -0.984309 0.042796 -0.031607 -0.948209 -0.316070 -0.146450 -0.988540 -0.036613 0.024376 -0.999406 -0.024376 0.084781 -0.996174 -0.021195 0.066002 -0.968027 0.242007 -0.105574 -0.992392 -0.063344 -0.044677 -0.982888 0.178707
0.536895 -0.119310 -0.835170 0.164260 -0.985562 0.041065 -0.031607 -0.948209 -0.316070 -0.146450 -0.988540 -0.036613 0.024376 -0.999406 -0.024376 0.084781 -0.996174 -0.021195 0.066002 -0.968027 0.242007 -0.105574 -0.992392 -0.063344 -0.044677 -0.982888 0.178707
0.536895 -0.119310 -0.835170 0.164260 -0.985562 0.041065 -0.031607 -0.948209 -0.316070 -0.146450 -0.988540 -0.036613 0.000000 -0.999703 -0.024383 0.084781 -0.996174 -0.021195 0.066002 -0.968027 0.242007 -0.105574 -0.992392 -0.063344 -0.044677 -0.982888 0.178707
