-0.566666 0.818517 -0.094444 -0.378633 0.000000 -0.925547 0.031911 -0.957338 -0.287202 -0.151620 -0.985527 -0.075810 -0.022716 -0.999484 0.022716 0.023776 -0.998586 0.047552 0.071632 -0.978969 0.191018 -0.043437 -0.999056 0.000000 -0.022858 -0.982873 0.182860
-0.594331 0.782014 -0.187683 -0.431124 0.039193 -0.901441 0.031607 -0.948209 -0.316070 -0.151947 -0.987658 -0.037987 -0.022716 -0.999484 0.022716 -0.051148 -0.997380 -0.051148 0.071287 -0.974259 0.213862 -0.065079 -0.997880 0.000000 0.000000 -0.983130 0.182908
-0.654783 0.689246 -0.310160 -0.462566 0.000000 -0.886585 0.028205 -0.958984 -0.282054 -0.178707 -0.982888 -0.044677 -0.022716 -0.999484 0.022716 -0.092401 -0.993307 -0.069301 0.099969 -0.974695 0.199938 -0.065079 -0.997880 0.000000 0.000000 -0.983870 0.178885
-0.681863 0.588882 -0.433913 -0.411693 -0.288185 -0.864556 0.028205 -0.958984 -0.282054 -0.187112 -0.982339 0.000000 -0.045408 -0.998969 0.000000 -0.099228 -0.992278 -0.074421 0.099969 -0.974695 0.199938 -0.065079 -0.997880 0.000000 0.000000 -0.987580 0.157115
-0.665640 0.499230 -0.554700 -0.443924 -0.524637 -0.726421 0.028205 -0.958984 -0.282054 -0.186908 -0.981266 0.046727 -0.046461 -0.998920 0.000000 0.020336 -0.996478 0.081345 0.099969 -0.974695 0.199938 -0.065079 -0.997880 0.000000 0.000000 -0.987580 0.157115
-0.710513 0.304506 -0.634387 -0.324176 -0.688875 -0.648353 0.028989 -0.956622 -0.289886 -0.252199 -0.966762 0.042033 -0.046461 -0.998920 0.000000 0.057333 -0.993772 0.095555 0.075141 -0.976833 0.200376 -0.065079 -0.997880 0.000000 0.000000 -0.987580 0.157115
-0.767093 -0.100056 -0.633685 -0.277787 -0.753992 -0.595257 0.029814 -0.954056 -0.298142 -0.242338 -0.969351 0.040390 -0.071227 -0.997178 -0.023742 0.074783 -0.990871 0.112174 0.073345 -0.977940 0.195588 -0.065079 -0.997880 0.000000 0.000000 -0.987580 0.157115
-0.751391 -0.330612 -0.571057 -0.236067 -0.826234 -0.511478 0.000000 -0.957826 -0.287348 -0.216789 -0.975550 0.036131 -0.071227 -0.997178 -0.023742 0.083606 -0.982370 0.167212 0.073345 -0.977940 0.195588 -0.065064 -0.997645 -0.021688 0.000000 -0.983870 0.178885
-0.749135 -0.454832 -0.481586 -0.199205 -0.876501 -0.438250 0.028205 -0.958984 -0.282054 -0.288921 -0.949312 0.123823 -0.071227 -0.997178 -0.023742 0.087183 -0.980814 0.174367 0.073345 -0.977940 0.195588 -0.065064 -0.997645 -0.021688 -0.022439 -0.987332 0.157075
-0.749135 -0.481586 -0.454832 -0.195515 -0.899371 -0.391031 0.027462 -0.961161 -0.274618 -0.300676 -0.944981 0.128861 -0.047552 -0.998586 -0.023776 0.091074 -0.979044 0.182148 0.073345 -0.977940 0.195588 -0.066503 -0.997540 -0.022168 -0.021953 -0.987878 0.153670
-0.756481 -0.513326 -0.405257 -0.202610 -0.891485 -0.405220 0.026556 -0.956014 -0.292115 -0.311188 -0.933564 0.177822 -0.047552 -0.998586 -0.023776 0.091074 -0.979044 0.182148 0.073345 -0.977940 0.195588 -0.066503 -0.997540 -0.022168 -0.043874 -0.987165 0.153559
-0.777178 -0.471858 -0.416346 -0.195515 -0.899371 -0.391031 0.053452 -0.962140 -0.267261 -0.388018 -0.905374 0.172452 -0.047552 -0.998586 -0.023776 0.071632 -0.978969 0.191018 0.071632 -0.978969 0.191018 -0.066503 -0.997540 -0.022168 -0.043716 -0.983621 0.174866
-0.787250 -0.449857 -0.421741 -0.195515 -0.899371 -0.391031 0.053452 -0.962140 -0.267261 -0.388018 -0.905374 0.172452 -0.047552 -0.998586 -0.023776 0.071632 -0.978969 0.191018 0.071632 -0.978969 0.191018 -0.066503 -0.997540 -0.022168 -0.043716 -0.983621 0.174866
-0.796432 -0.398216 -0.455104 -0.232670 -0.891902 -0.387783 0.053452 -0.962140 -0.267261 -0.388018 -0.905374 0.172452 -0.047552 -0.998586 -0.023776 0.071940 -0.983182 0.167860 0.071632 -0.978969 0.191018 -0.066503 -0.997540 -0.022168 -0.065497 -0.982448 0.174658
-0.790789 -0.273735 -0.547469 -0.232670 -0.891902 -0.387783 0.052111 -0.964052 -0.260555 -0.403705 -0.897123 0.179425 -0.023796 -0.999434 -0.023796 0.071940 -0.983182 0.167860 0.071632 -0.978969 0.191018 -0.066503 -0.997540 -0.022168 -0.065497 -0.982448 0.174658
-0.739600 -0.184900 -0.647150 -0.232670 -0.891902 -0.387783 0.028421 -0.966315 -0.255789 -0.361741 -0.924448 0.120580 -0.023796 -0.999434 -0.023796 0.072211 -0.986878 0.144421 0.071287 -0.974259 0.213862 -0.066503 -0.997540 -0.022168 -0.065497 -0.982448 0.174658
-0.684580 -0.130396 -0.717180 -0.249783 -0.874241 -0.416305 0.000000 -0.970143 -0.242536 -0.303895 -0.949671 0.075974 -0.024376 -0.999406 -0.024376 0.072211 -0.986878 0.144421 0.071287 -0.974259 0.213862 -0.066503 -0.997540 -0.022168 -0.065497 -0.982448 0.174658
-0.638877 -0.063888 -0.766652 -0.210166 -0.882696 -0.420331 0.000000 -0.975441 -0.220261 -0.259259 -0.962963 0.074074 -0.024376 -0.999406 -0.024376 0.047088 -0.988851 0.141264 0.071287 -0.974259 0.213862 -0.066503 -0.997540 -0.022168 -0.065497 -0.982448 0.174658
-0.552967 -0.078995 -0.829450 -0.176090 -0.880451 -0.440225 0.000000 -0.975441 -0.220261 -0.259259 -0.962963 0.074074 -0.024376 -0.999406 -0.024376 0.023636 -0.992711 0.118180 0.071287 -0.974259 0.213862 -0.066503 -0.997540 -0.022168 -0.065497 -0.982448 0.174658
-0.485643 0.000000 -0.874157 -0.043727 -0.918266 -0.393543 0.000000 -0.973841 -0.227230 -0.250319 -0.965518 0.071520 -0.024376 -0.999406 -0.024376 0.023636 -0.992711 0.118180 0.071287 -0.974259 0.213862 -0.066503 -0.997540 -0.022168 -0.065497 -0.982448 0.174658
-0.406138 0.000000 -0.913812 0.000000 -0.934488 -0.355995 0.000000 -0.973841 -0.227230 -0.250319 -0.965518 0.071520 -0.024376 -0.999406 -0.024376 0.023636 -0.992711 0.118180 0.071287 -0.974259 0.213862 -0.066503 -0.997540 -0.022168 -0.065497 -0.982448 0.174658
-0.344255 0.000000 -0.938876 0.089984 -0.944835 -0.314945 0.000000 -0.973841 -0.227230 -0.259259 -0.962963 0.074074 -0.024376 -0.999406 -0.024376 0.023636 -0.992711 0.118180 0.071287 -0.974259 0.213862 -0.066503 -0.997540 -0.022168 -0.065497 -0.982448 0.174658
-0.222825 0.000000 -0.974859 0.134298 -0.940089 -0.313363 0.032444 -0.973329 -0.227110 -0.259794 -0.964951 0.037113 -0.024376 -0.999406 -0.024376 0.023636 -0.992711 0.118180 0.071287 -0.974259 0.213862 -0.066503 -0.997540 -0.022168 -0.065497 -0.982448 0.174658
-0.120331 0.000000 -0.992734 0.177822 -0.933564 -0.311188 0.032191 -0.965734 -0.257529 -0.259794 -0.964951 0.037113 -0.024376 -0.999406 -0.024376 0.023636 -0.992711 0.118180 0.071287 -0.974259 0.213862 -0.066503 -0.997540 -0.022168 -0.065497 -0.982448 0.174658
0.032225 -0.032225 -0.998961 0.177822 -0.933564 -0.311188 0.032191 -0.965734 -0.257529 -0.259794 -0.964951 0.037113 -0.024376 -0.999406 -0.024376 0.023636 -0.992711 0.118180 0.071287 -0.974259 0.213862 -0.066503 -0.997540 -0.022168 -0.065497 -0.982448 0.174658
0.183942 -0.061314 -0.981023 0.241402 -0.965609 -0.096561 0.032191 -0.965734 -0.257529 -0.259973 -0.965616 0.000000 -0.024376 -0.999406 -0.024376 0.023636 -0.992711 0.118180 0.071287 -0.974259 0.213862 -0.066503 -0.997540 -0.022168 -0.065497 -0.982448 0.174658
0.371391 0.000000 -0.928477 0.219687 -0.966625 -0.131812 0.032191 -0.965734 -0.257529 -0.259794 -0.964951 0.037113 -0.024376 -0.999406 -0.024376 0.023636 -0.992711 0.118180 0.071287 -0.974259 0.213862 -0.066503 -0.997540 -0.022168 -0.065497 -0.982448 0.174658
0.527363 0.000000 -0.849640 0.203279 -0.975739 -0.081312 0.000000 -0.957826 -0.287348 -0.224702 -0.973708 0.037450 -0.024376 -0.999406 -0.024376 -0.026298 -0.999308 -0.026298 0.071287 -0.974259 0.213862 -0.066503 -0.997540 -0.022168 -0.065233 -0.978492 0.195698
0.648209 -0.028183 -0.760941 0.203954 -0.978980 0.000000 0.031607 -0.948209 -0.316070 -0.224702 -0.973708 0.037450 -0.024376 -0.999406 -0.024376 0.021253 -0.998870 0.042505 0.071287 -0.974259 0.213862 -0.066503 -0.997540 -0.022168 -0.043540 -0.979651 0.195930
0.719297 -0.053281 -0.692656 0.203954 -0.978980 0.000000 0.031911 -0.957338 -0.287202 -0.224860 -0.974391 0.000000 -0.024376 -0.999406 -0.024376 0.000000 -0.998752 -0.049938 0.071287 -0.974259 0.213862 -0.066503 -0.997540 -0.022168 -0.043540 -0.979651 0.195930
0.744881 -0.053206 -0.665072 0.203785 -0.978167 0.040757 0.031911 -0.957338 -0.287202 -0.224860 -0.974391 0.000000 -0.024376 -0.999406 -0.024376 0.024376 -0.999406 0.024376 0.071287 -0.974259 0.213862 -0.066503 -0.997540 -0.022168 -0.043540 -0.979651 0.195930
0.744881 -0.053206 -0.665072 0.241747 -0.966988 0.080582 0.031911 -0.957338 -0.287202 -0.224860 -0.974391 0.000000 -0.024376 -0.999406 -0.024376 0.048593 -0.996156 0.072889 0.071287 -0.974259 0.213862 -0.066503 -0.997540 -0.022168 -0.043540 -0.979651 0.195930
0.783212 -0.027007 -0.621168 0.232670 -0.969458 0.077557 0.031911 -0.957338 -0.287202 -0.224702 -0.973708 0.037450 -0.024383 -0.999703 0.000000 0.048493 -0.994104 0.096986 0.071287 -0.974259 0.213862 -0.066503 -0.997540 -0.022168 -0.043345 -0.975270 0.216727
0.758978 -0.027106 -0.650552 0.232670 -0.969458 0.077557 0.032191 -0.965734 -0.257529 -0.224860 -0.974391 0.000000 -0.024383 -0.999703 0.000000 0.048365 -0.991484 0.120913 0.071287 -0.974259 0.213862 -0.066503 -0.997540 -0.022168 -0.043345 -0.975270 0.216727
0.748997 0.000000 -0.662574 0.231800 -0.965834 0.115900 0.032191 -0.965734 -0.257529 -0.224860 -0.974391 0.000000 -0.024383 -0.999703 0.000000 0.052541 -0.998273 0.026270 0.047823 -0.980368 0.191291 -0.066503 -0.997540 -0.022168 -0.043345 -0.975270 0.216727
0.763386 0.000000 -0.645942 0.194772 -0.973862 0.116863 0.032191 -0.965734 -0.257529 -0.224702 -0.973708 0.037450 -0.024383 -0.999703 0.000000 0.049798 -0.995962 0.074697 0.047823 -0.980368 0.191291 -0.066503 -0.997540 -0.022168 -0.043345 -0.975270 0.216727
0.750714 0.000000 -0.660628 0.194772 -0.973862 0.116863 0.031450 -0.974958 -0.220152 -0.224860 -0.974391 0.000000 -0.024383 -0.999703 0.000000 0.072442 -0.990038 0.120736 0.047823 -0.980368 0.191291 -0.066503 -0.997540 -0.022168 -0.043345 -0.975270 0.216727
0.737154 0.000000 -0.675725 0.193746 -0.968730 0.154997 0.031450 -0.974958 -0.220152 -0.224860 -0.974391 0.000000 -0.024383 -0.999703 0.000000 0.072442 -0.990038 0.120736 0.047823 -0.980368 0.191291 -0.066503 -0.997540 -0.022168 -0.043345 -0.975270 0.216727
0.737154 0.000000 -0.675725 0.193746 -0.968730 0.154997 0.031220 -0.967805 -0.249756 -0.224860 -0.974391 0.000000 -0.024376 -0.999406 -0.024376 0.047088 -0.988851 0.141264 0.023932 -0.981209 0.191456 -0.066503 -0.997540 -0.022168 -0.043345 -0.975270 0.216727
0.721988 0.000000 -0.691905 0.194772 -0.973862 0.116863 0.031220 -0.967805 -0.249756 -0.224702 -0.973708 0.037450 -0.024376 -0.999406 -0.024376 0.052559 -0.998618 0.000000 0.023932 -0.981209 0.191456 -0.066503 -0.997540 -0.022168 -0.043345 -0.975270 0.216727
0.721988 0.000000 -0.691905 0.194772 -0.973862 0.116863 0.031450 -0.974958 -0.220152 -0.224860 -0.974391 0.000000 -0.023796 -0.999434 -0.023796 0.065018 -0.996942 0.043345 0.023932 -0.981209 0.191456 -0.066503 -0.997540 -0.022168 -0.043133 -0.970495 0.237232
0.721988 0.000000 -0.691905 0.194772 -0.973862 0.116863 0.031450 -0.974958 -0.220152 -0.224860 -0.974391 0.000000 -0.023796 -0.999434 -0.023796 0.084724 -0.995504 0.042362 0.023932 -0.981209 0.191456 -0.066503 -0.997540 -0.022168 -0.044055 -0.969201 0.242300
0.721988 0.000000 -0.691905 0.156893 -0.980581 0.117670 0.031450 -0.974958 -0.220152 -0.224860 -0.974391 0.000000 -0.023796 -0.999434 -0.023796 0.082974 -0.995688 0.041487 0.047823 -0.980368 0.191291 -0.066503 -0.997540 -0.022168 -0.066002 -0.968027 0.242007
0.721087 -0.028843 -0.692244 0.156893 -0.980581 0.117670 0.031220 -0.967805 -0.249756 -0.224860 -0.974391 0.000000 -0.023803 -0.999717 0.000000 0.064836 -0.994144 0.086447 0.047823 -0.980368 0.191291 -0.066503 -0.997540 -0.022168 -0.066002 -0.968027 0.242007
0.705978 -0.056478 -0.705978 0.156893 -0.980581 0.117670 0.030964 -0.959886 -0.278677 -0.259794 -0.964951 0.037113 -0.024383 -0.999703 0.000000 0.045118 -0.992593 0.112795 0.047823 -0.980368 0.191291 -0.066503 -0.997540 -0.022168 -0.066002 -0.968027 0.242007
