-0.478852 0.877896 0.000000 -0.604722 0.369552 -0.705509 0.030303 -0.969697 -0.242424 -0.113878 -0.986947 -0.113878 -0.022716 -0.999484 0.022716 0.000000 -0.999730 -0.023250 0.101451 -0.973929 0.202902 -0.069430 -0.995168 -0.069430 0.020253 -0.992383 0.121516
-0.533465 0.844653 0.044455 -0.616334 0.400617 -0.677967 0.030303 -0.969697 -0.242424 -0.113878 -0.986947 -0.113878 -0.044357 -0.998031 0.044357 0.023243 -0.999460 -0.023243 0.081312 -0.975739 0.203279 -0.069430 -0.995168 -0.069430 0.020253 -0.992383 0.121516
-0.543083 0.835512 -0.083551 -0.649570 0.259828 -0.714527 0.030303 -0.969697 -0.242424 -0.113878 -0.986947 -0.113878 -0.066454 -0.996805 0.044302 0.023796 -0.999434 -0.023796 0.081312 -0.975739 0.203279 -0.069430 -0.995168 -0.069430 0.040481 -0.991773 0.121442
-0.626088 0.751305 -0.208696 -0.659380 0.197814 -0.725319 0.030303 -0.969697 -0.242424 -0.113878 -0.986947 -0.113878 -0.110324 -0.992916 0.044130 0.023796 -0.999434 -0.023796 0.081312 -0.975739 0.203279 -0.069430 -0.995168 -0.069430 0.040481 -0.991773 0.121442
-0.724286 0.633750 -0.271607 -0.671163 0.095880 -0.735083 0.000000 -0.970143 -0.242536 -0.181608 -0.980684 -0.072643 -0.110405 -0.993641 0.022081 0.023796 -0.999434 -0.023796 0.081312 -0.975739 0.203279 -0.069430 -0.995168 -0.069430 0.040481 -0.991773 0.121442
-0.813733 0.464991 -0.348743 -0.690882 0.031404 -0.722285 0.000000 -0.970143 -0.242536 -0.216789 -0.975550 -0.036131 -0.112910 -0.993605 0.000000 0.023796 -0.999434 -0.023796 0.081312 -0.975739 0.203279 -0.069430 -0.995168 -0.069430 0.040481 -0.991773 0.121442
-0.825085 0.349074 -0.444277 -0.645646 -0.271851 -0.713609 0.000000 -0.971850 -0.235600 -0.257130 -0.964237 -0.064282 -0.092599 -0.995434 -0.023150 0.023796 -0.999434 -0.023796 0.080961 -0.971533 0.222643 -0.069430 -0.995168 -0.069430 0.040481 -0.991773 0.121442
-0.872964 0.145494 -0.465581 -0.507093 -0.574705 -0.642317 0.000000 -0.968277 -0.249878 -0.219826 -0.973515 -0.062807 -0.092599 -0.995434 -0.023150 0.023796 -0.999434 -0.023796 0.080961 -0.971533 0.222643 -0.069430 -0.995168 -0.069430 0.041310 -0.991431 0.123929
-0.880105 -0.082510 -0.467556 -0.431183 -0.729694 -0.530687 0.000000 -0.966235 -0.257663 -0.189642 -0.979816 -0.063214 -0.092524 -0.994635 -0.046262 0.023796 -0.999434 -0.023796 0.080961 -0.971533 0.222643 -0.069430 -0.995168 -0.069430 0.020668 -0.992066 0.124008
-0.875154 -0.328183 -0.355531 -0.390360 -0.780720 -0.487950 0.000000 -0.973841 -0.227230 -0.195180 -0.975900 -0.097590 -0.092524 -0.994635 -0.046262 0.023796 -0.999434 -0.023796 0.080961 -0.971533 0.222643 -0.069430 -0.995168 -0.069430 0.020253 -0.992383 0.121516
-0.835593 -0.473503 -0.278531 -0.339227 -0.848067 -0.407072 0.029437 -0.971429 -0.235498 -0.250319 -0.965518 -0.071520 -0.092524 -0.994635 -0.046262 0.023796 -0.999434 -0.023796 0.080961 -0.971533 0.222643 -0.069430 -0.995168 -0.069430 0.000000 -0.992586 0.121541
-0.827222 -0.513448 -0.228199 -0.333890 -0.868115 -0.367279 0.028421 -0.966315 -0.255789 -0.224860 -0.974391 0.000000 -0.092401 -0.993307 -0.069301 0.023796 -0.999434 -0.023796 0.080961 -0.971533 0.222643 -0.069430 -0.995168 -0.069430 0.000000 -0.992586 0.121541
-0.832317 -0.516610 -0.200904 -0.307434 -0.888143 -0.341593 0.028421 -0.966315 -0.255789 -0.242536 -0.970143 0.000000 -0.094570 -0.992988 -0.070928 0.023796 -0.999434 -0.023796 0.080961 -0.971533 0.222643 -0.069430 -0.995168 -0.069430 0.000000 -0.992586 0.121541
-0.832317 -0.516610 -0.200904 -0.320815 -0.891154 -0.320815 0.000000 -0.966705 -0.255893 -0.242536 -0.970143 0.000000 -0.071067 -0.994937 -0.071067 0.023796 -0.999434 -0.023796 0.080961 -0.971533 0.222643 -0.069430 -0.995168 -0.069430 -0.020253 -0.992383 0.121516
-0.849276 -0.497851 -0.175712 -0.297936 -0.893807 -0.335178 0.000000 -0.966705 -0.255893 -0.242536 -0.970143 0.000000 -0.071067 -0.994937 -0.071067 0.023796 -0.999434 -0.023796 0.080961 -0.971533 0.222643 -0.069430 -0.995168 -0.069430 -0.020253 -0.992383 0.121516
-0.860826 -0.461157 -0.215206 -0.308148 -0.885927 -0.346667 0.000000 -0.968493 -0.249041 -0.252422 -0.967617 0.000000 -0.047445 -0.996335 -0.071167 0.023796 -0.999434 -0.023796 0.080961 -0.971533 0.222643 -0.069430 -0.995168 -0.069430 -0.020253 -0.992383 0.121516
-0.889889 -0.337544 -0.306858 -0.282497 -0.887848 -0.363210 0.000000 -0.974859 -0.222825 -0.252422 -0.967617 0.000000 -0.047445 -0.996335 -0.071167 0.024376 -0.999406 -0.024376 0.079399 -0.972636 0.218347 -0.069430 -0.995168 -0.069430 -0.020253 -0.992383 0.121516
-0.848096 -0.272602 -0.454337 -0.292941 -0.878823 -0.376638 0.000000 -0.974859 -0.222825 -0.252422 -0.967617 0.000000 -0.047445 -0.996335 -0.071167 0.024376 -0.999406 -0.024376 0.079399 -0.972636 0.218347 -0.069430 -0.995168 -0.069430 -0.020253 -0.992383 0.121516
-0.823173 -0.205793 -0.529183 -0.254000 -0.889001 -0.381000 0.000000 -0.974859 -0.222825 -0.252422 -0.967617 0.000000 -0.047445 -0.996335 -0.071167 0.024376 -0.999406 -0.024376 0.077894 -0.973677 0.214209 -0.069430 -0.995168 -0.069430 -0.020253 -0.992383 0.121516
-0.748691 -0.209633 -0.628900 -0.259161 -0.863868 -0.431934 0.000000 -0.976187 -0.216930 -0.263117 -0.964764 0.000000 -0.047511 -0.997740 -0.047511 0.024376 -0.999406 -0.024376 0.077894 -0.973677 0.214209 -0.069430 -0.995168 -0.069430 -0.020253 -0.992383 0.121516
-0.667894 -0.151794 -0.728612 -0.132973 -0.886484 -0.443242 -0.057166 -0.971825 -0.228665 -0.203954 -0.978980 0.000000 -0.047511 -0.997740 -0.047511 0.024376 -0.999406 -0.024376 0.077894 -0.973677 0.214209 -0.069430 -0.995168 -0.069430 -0.020253 -0.992383 0.121516
-0.607485 -0.144639 -0.781052 0.000000 -0.876216 -0.481919 -0.062807 -0.973515 -0.219826 -0.181969 -0.982631 -0.036394 -0.047511 -0.997740 -0.047511 0.024376 -0.999406 -0.024376 0.077894 -0.973677 0.214209 -0.069430 -0.995168 -0.069430 -0.020253 -0.992383 0.121516
-0.490281 -0.153213 -0.857992 0.087287 -0.872872 -0.480079 -0.062807 -0.973515 -0.219826 -0.175682 -0.983820 -0.035136 -0.047511 -0.997740 -0.047511 0.024376 -0.999406 -0.024376 0.077894 -0.973677 0.214209 -0.069430 -0.995168 -0.069430 -0.020253 -0.992383 0.121516
-0.400445 -0.166852 -0.901002 0.218218 -0.872872 -0.436436 -0.065233 -0.978492 -0.195698 -0.175358 -0.982003 -0.070143 -0.047511 -0.997740 -0.047511 0.024376 -0.999406 -0.024376 0.079399 -0.972636 0.218347 -0.069430 -0.995168 -0.069430 -0.020199 -0.989748 0.141393
-0.260793 -0.195594 -0.945373 0.342682 -0.856706 -0.385518 -0.065233 -0.978492 -0.195698 -0.175358 -0.982003 -0.070143 -0.047511 -0.997740 -0.047511 0.024376 -0.999406 -0.024376 0.079399 -0.972636 0.218347 -0.069430 -0.995168 -0.069430 -0.020611 -0.989323 0.144276
0.123975 -0.247950 -0.960807 0.370524 -0.905726 -0.205847 -0.032669 -0.980057 -0.196011 -0.175682 -0.983820 -0.035136 -0.047511 -0.997740 -0.047511 0.024376 -0.999406 -0.024376 0.059631 -0.973980 0.218649 -0.069430 -0.995168 -0.069430 -0.020611 -0.989323 0.144276
0.237252 -0.207595 -0.949008 0.375653 -0.918262 -0.125218 0.000000 -0.963993 -0.265929 -0.202490 -0.978703 -0.033748 -0.047511 -0.997740 -0.047511 0.024376 -0.999406 -0.024376 0.059631 -0.973980 0.218649 -0.069430 -0.995168 -0.069430 -0.020611 -0.989323 0.144276
0.449680 -0.196735 -0.871254 0.302072 -0.949370 -0.086306 0.031911 -0.957338 -0.287202 -0.202490 -0.978703 -0.033748 -0.047511 -0.997740 -0.047511 0.024376 -0.999406 -0.024376 0.059631 -0.973980 0.218649 -0.069430 -0.995168 -0.069430 -0.020546 -0.986186 0.164364
0.572598 -0.171780 -0.801638 0.302920 -0.952033 -0.043274 0.031607 -0.948209 -0.316070 -0.202490 -0.978703 -0.033748 -0.047511 -0.997740 -0.047511 0.024376 -0.999406 -0.024376 0.059631 -0.973980 0.218649 -0.069430 -0.995168 -0.069430 -0.020546 -0.986186 0.164364
0.671608 -0.139918 -0.727575 0.302920 -0.952033 -0.043274 0.031911 -0.957338 -0.287202 -0.202145 -0.977035 -0.067382 -0.047511 -0.997740 -0.047511 0.024376 -0.999406 -0.024376 0.059631 -0.973980 0.218649 -0.069430 -0.995168 -0.069430 -0.020546 -0.986186 0.164364
0.713994 -0.142799 -0.685435 0.303204 -0.952926 0.000000 0.030686 -0.951260 -0.306858 -0.209401 -0.977207 -0.034900 -0.047511 -0.997740 -0.047511 0.024376 -0.999406 -0.024376 0.059631 -0.973980 0.218649 -0.069430 -0.995168 -0.069430 -0.020546 -0.986186 0.164364
0.746726 -0.124454 -0.653385 0.302920 -0.952033 0.043274 0.030964 -0.959886 -0.278677 -0.209020 -0.975426 -0.069673 -0.047511 -0.997740 -0.047511 0.024376 -0.999406 -0.024376 0.059631 -0.973980 0.218649 -0.069430 -0.995168 -0.069430 -0.020472 -0.982666 0.184250
0.746726 -0.124454 -0.653385 0.315906 -0.947717 0.045129 0.061839 -0.958508 -0.278277 -0.209020 -0.975426 -0.069673 -0.047511 -0.997740 -0.047511 0.024376 -0.999406 -0.024376 0.059880 -0.978046 0.199601 -0.069430 -0.995168 -0.069430 -0.020472 -0.982666 0.184250
0.732469 -0.127386 -0.668776 0.340503 -0.936382 0.085126 0.062348 -0.966394 -0.249392 -0.209020 -0.975426 -0.069673 -0.047511 -0.997740 -0.047511 0.024376 -0.999406 -0.024376 0.059880 -0.978046 0.199601 -0.069430 -0.995168 -0.069430 -0.020472 -0.982666 0.184250
0.748190 -0.130120 -0.650600 0.340503 -0.936382 0.085126 0.062348 -0.966394 -0.249392 -0.209020 -0.975426 -0.069673 -0.047445 -0.996335 -0.071167 0.024376 -0.999406 -0.024376 0.059880 -0.978046 0.199601 -0.069430 -0.995168 -0.069430 -0.020472 -0.982666 0.184250
0.748190 -0.130120 -0.650600 0.340503 -0.936382 0.085126 0.061839 -0.958508 -0.278277 -0.209020 -0.975426 -0.069673 -0.023742 -0.997178 -0.071227 0.024376 -0.999406 -0.024376 0.059880 -0.978046 0.199601 -0.071067 -0.994937 -0.071067 -0.020472 -0.982666 0.184250
0.717180 -0.130396 -0.684580 0.340503 -0.936382 0.085126 0.062348 -0.966394 -0.249392 -0.209020 -0.975426 -0.069673 -0.023742 -0.997178 -0.071227 0.024376 -0.999406 -0.024376 0.059880 -0.978046 0.199601 -0.071067 -0.994937 -0.071067 -0.020472 -0.982666 0.184250
0.717180 -0.130396 -0.684580 0.340503 -0.936382 0.085126 0.062348 -0.966394 -0.249392 -0.216366 -0.973645 -0.072122 -0.023193 -0.997307 -0.069580 0.024376 -0.999406 -0.024376 0.059880 -0.978046 0.199601 -0.071067 -0.994937 -0.071067 -0.020472 -0.982666 0.184250
0.717180 -0.130396 -0.684580 0.340503 -0.936382 0.085126 0.060523 -0.968364 -0.242091 -0.224231 -0.971666 -0.074744 -0.023193 -0.997307 -0.069580 0.024376 -0.999406 -0.024376 0.039960 -0.979021 0.199800 -0.071067 -0.994937 -0.071067 -0.020391 -0.978777 0.203912
0.700779 -0.133482 -0.700779 0.340503 -0.936382 0.085126 0.060057 -0.960913 -0.270257 -0.224231 -0.971666 -0.074744 -0.023193 -0.997307 -0.069580 0.024376 -0.999406 -0.024376 0.039960 -0.979021 0.199800 -0.071067 -0.994937 -0.071067 -0.020391 -0.978777 0.203912
0.700779 -0.133482 -0.700779 0.340503 -0.936382 0.085126 0.062348 -0.966394 -0.249392 -0.223452 -0.968291 -0.111726 0.000000 -0.997575 -0.069598 0.024376 -0.999406 -0.024376 0.039960 -0.979021 0.199800 -0.071067 -0.994937 -0.071067 -0.020391 -0.978777 0.203912
