-0.514286 0.857143 -0.028571 -0.478471 -0.039873 -0.877197 0.000000 -0.966235 -0.257663 0.042448 -0.976296 -0.212238 -0.021734 -0.999764 0.000000 0.118180 -0.992711 0.023636 0.039036 -0.975900 0.214698 -0.094386 -0.991051 -0.094386 0.019854 -0.992681 0.119122
-0.522365 0.852279 -0.027493 -0.477334 -0.079556 -0.875113 0.000000 -0.966235 -0.257663 0.084667 -0.973668 -0.211667 -0.021734 -0.999764 0.000000 0.118180 -0.992711 0.023636 0.039036 -0.975900 0.214698 -0.094386 -0.991051 -0.094386 0.019854 -0.992681 0.119122
-0.513139 0.837227 -0.189051 -0.593732 -0.254457 -0.763370 0.000000 -0.966235 -0.257663 0.084667 -0.973668 -0.211667 -0.043427 -0.998821 0.021713 0.118180 -0.992711 0.023636 0.038306 -0.976804 0.210683 -0.094386 -0.991051 -0.094386 0.019854 -0.992681 0.119122
-0.533994 0.786939 -0.309155 -0.666667 -0.333333 -0.666667 0.030303 -0.969697 -0.242424 0.042448 -0.976296 -0.212238 -0.043427 -0.998821 0.021713 0.118180 -0.992711 0.023636 0.038306 -0.976804 0.210683 -0.094386 -0.991051 -0.094386 0.019854 -0.992681 0.119122
-0.642289 0.672874 -0.367022 -0.657041 -0.369586 -0.657041 0.030303 -0.969697 -0.242424 -0.089087 -0.979958 -0.178174 -0.044401 -0.999014 0.000000 0.118180 -0.992711 0.023636 0.038306 -0.976804 0.210683 -0.094386 -0.991051 -0.094386 0.019854 -0.992681 0.119122
-0.741412 0.474504 -0.474504 -0.627730 -0.460336 -0.627730 0.030069 -0.962216 -0.270623 -0.134568 -0.986835 -0.089712 -0.045396 -0.998711 -0.022698 0.118180 -0.992711 0.023636 0.038306 -0.976804 0.210683 -0.094386 -0.991051 -0.094386 0.019854 -0.992681 0.119122
-0.821559 0.254967 -0.509933 -0.602901 -0.522514 -0.602901 0.030069 -0.962216 -0.270623 -0.187647 -0.975763 -0.112588 -0.046411 -0.997844 -0.046411 0.118180 -0.992711 0.023636 0.038306 -0.976804 0.210683 -0.094386 -0.991051 -0.094386 0.019854 -0.992681 0.119122
-0.870285 -0.054393 -0.489535 -0.563619 -0.563619 -0.603877 0.030069 -0.962216 -0.270623 -0.207514 -0.968400 -0.138343 -0.045361 -0.997940 -0.045361 0.118180 -0.992711 0.023636 0.057406 -0.975909 0.210490 -0.094386 -0.991051 -0.094386 0.019854 -0.992681 0.119122
-0.886725 -0.268705 -0.376186 -0.478471 -0.677834 -0.558217 0.030069 -0.962216 -0.270623 -0.232559 -0.963460 -0.132891 -0.045361 -0.997940 -0.045361 0.118081 -0.991880 0.047232 0.058498 -0.974972 0.214494 -0.094386 -0.991051 -0.094386 0.019854 -0.992681 0.119122
-0.857480 -0.414910 -0.304267 -0.453234 -0.717620 -0.528773 0.030964 -0.959886 -0.278677 -0.218537 -0.967805 -0.124878 -0.046411 -0.997844 -0.046411 0.118081 -0.991880 0.047232 0.057406 -0.975909 0.210490 -0.094386 -0.991051 -0.094386 0.000000 -0.992877 0.119145
-0.794894 -0.575613 -0.191871 -0.437014 -0.764775 -0.473432 0.027661 -0.968122 -0.248946 -0.249523 -0.962446 -0.106938 -0.046349 -0.996503 -0.069523 0.118081 -0.991880 0.047232 0.057406 -0.975909 0.210490 -0.094386 -0.991051 -0.094386 0.000000 -0.993151 0.116841
-0.789330 -0.607177 -0.091077 -0.431889 -0.791797 -0.431889 0.053819 -0.968736 -0.242184 -0.268833 -0.960119 -0.076810 -0.046349 -0.996503 -0.069523 0.118081 -0.991880 0.047232 0.057406 -0.975909 0.210490 -0.094386 -0.991051 -0.094386 -0.019470 -0.992962 0.116819
-0.705978 -0.705978 -0.056478 -0.408248 -0.816497 -0.408248 0.052450 -0.970330 -0.236026 -0.279108 -0.956943 -0.079745 -0.046349 -0.996503 -0.069523 0.118081 -0.991880 0.047232 0.057406 -0.975909 0.210490 -0.094386 -0.991051 -0.094386 -0.019470 -0.992962 0.116819
-0.718699 -0.689951 -0.086244 -0.401663 -0.839841 -0.365148 0.052450 -0.970330 -0.236026 -0.241747 -0.966988 -0.080582 -0.046349 -0.996503 -0.069523 0.118081 -0.991880 0.047232 0.057406 -0.975909 0.210490 -0.094386 -0.991051 -0.094386 -0.019470 -0.992962 0.116819
-0.736202 -0.669274 -0.100391 -0.406850 -0.850686 -0.332877 0.052450 -0.970330 -0.236026 -0.251533 -0.964210 -0.083844 -0.046349 -0.996503 -0.069523 0.118081 -0.991880 0.047232 0.057406 -0.975909 0.210490 -0.094386 -0.991051 -0.094386 -0.038918 -0.992398 0.116753
-0.772497 -0.625355 -0.110357 -0.363456 -0.872295 -0.327111 0.052450 -0.970330 -0.236026 -0.251533 -0.964210 -0.083844 -0.046411 -0.997844 -0.046411 0.118081 -0.991880 0.047232 0.057406 -0.975909 0.210490 -0.094386 -0.991051 -0.094386 -0.038918 -0.992398 0.116753
-0.789953 -0.592464 -0.157991 -0.363456 -0.872295 -0.327111 0.052450 -0.970330 -0.236026 -0.251533 -0.964210 -0.083844 -0.046411 -0.997844 -0.046411 0.120736 -0.990038 0.072442 0.057406 -0.975909 0.210490 -0.094386 -0.991051 -0.094386 -0.038918 -0.992398 0.116753
-0.808890 -0.500741 -0.308148 -0.335178 -0.893807 -0.297936 0.053819 -0.968736 -0.242184 -0.203279 -0.975739 -0.081312 -0.047511 -0.997740 -0.047511 0.120736 -0.990038 0.072442 0.057406 -0.975909 0.210490 -0.094386 -0.991051 -0.094386 -0.038918 -0.992398 0.116753
-0.803685 -0.454257 -0.384371 -0.323381 -0.889297 -0.323381 0.053819 -0.968736 -0.242184 -0.203279 -0.975739 -0.081312 -0.047511 -0.997740 -0.047511 0.120736 -0.990038 0.072442 0.057406 -0.975909 0.210490 -0.094386 -0.991051 -0.094386 -0.038918 -0.992398 0.116753
-0.767520 -0.400445 -0.500556 -0.286491 -0.900400 -0.327418 0.053819 -0.968736 -0.242184 -0.203279 -0.975739 -0.081312 -0.047511 -0.997740 -0.047511 0.120736 -0.990038 0.072442 0.057406 -0.975909 0.210490 -0.094386 -0.991051 -0.094386 -0.038918 -0.992398 0.116753
-0.724616 -0.332116 -0.603847 -0.172452 -0.905374 -0.388018 0.053819 -0.968736 -0.242184 -0.203279 -0.975739 -0.081312 -0.047511 -0.997740 -0.047511 0.120736 -0.990038 0.072442 0.057406 -0.975909 0.210490 -0.117688 -0.988577 -0.094150 -0.038918 -0.992398 0.116753
-0.691381 -0.288076 -0.662574 -0.087204 -0.915644 -0.392419 0.055620 -0.973349 -0.222480 -0.212238 -0.976296 -0.042448 -0.047511 -0.997740 -0.047511 0.120736 -0.990038 0.072442 0.057406 -0.975909 0.210490 -0.117688 -0.988577 -0.094150 -0.038918 -0.992398 0.116753
-0.642353 -0.233583 -0.729946 0.042033 -0.924729 -0.378298 0.028796 -0.979051 -0.201569 -0.163846 -0.983078 -0.081923 -0.047511 -0.997740 -0.047511 0.120913 -0.991484 0.048365 0.057628 -0.979683 0.192095 -0.117688 -0.988577 -0.094150 -0.038918 -0.992398 0.116753
-0.520435 -0.214297 -0.826574 0.130189 -0.911322 -0.390567 0.029630 -0.977805 -0.207413 -0.157500 -0.984374 -0.078750 -0.023776 -0.998586 -0.047552 0.120913 -0.991484 0.048365 0.057628 -0.979683 0.192095 -0.117688 -0.988577 -0.094150 -0.038918 -0.992398 0.116753
-0.418143 -0.149337 -0.896022 0.172452 -0.905374 -0.388018 0.029630 -0.977805 -0.207413 -0.157500 -0.984374 -0.078750 -0.023776 -0.998586 -0.047552 0.120913 -0.991484 0.048365 0.057628 -0.979683 0.192095 -0.117688 -0.988577 -0.094150 -0.038918 -0.992398 0.116753
-0.333028 -0.090826 -0.938533 0.339887 -0.892205 -0.297402 0.030514 -0.976445 -0.213597 -0.151620 -0.985527 -0.075810 -0.023776 -0.998586 -0.047552 0.120913 -0.991484 0.048365 0.057628 -0.979683 0.192095 -0.117688 -0.988577 -0.094150 -0.038918 -0.992398 0.116753
-0.189170 -0.094585 -0.977378 0.457540 -0.873485 -0.166378 0.030514 -0.976445 -0.213597 -0.151620 -0.985527 -0.075810 0.000000 -0.998868 -0.047565 0.118081 -0.991880 0.047232 0.058733 -0.978888 0.195778 -0.094386 -0.991051 -0.094386 -0.038918 -0.992398 0.116753
0.106533 0.000000 -0.994309 0.331042 -0.910366 -0.248282 0.031450 -0.974958 -0.220152 -0.146157 -0.986559 -0.073078 0.000000 -0.998868 -0.047565 0.118081 -0.991880 0.047232 0.058733 -0.978888 0.195778 -0.094386 -0.991051 -0.094386 -0.038918 -0.992398 0.116753
0.351741 0.127906 -0.927318 0.240772 -0.963087 -0.120386 0.031654 -0.981288 -0.189927 -0.181608 -0.980684 -0.072643 0.000000 -0.998868 -0.047565 0.118081 -0.991880 0.047232 0.039193 -0.979827 0.195965 -0.094386 -0.991051 -0.094386 -0.038918 -0.992398 0.116753
0.472866 0.157622 -0.866921 0.157500 -0.984374 0.078750 0.030700 -0.982409 -0.184202 -0.181608 -0.980684 -0.072643 0.000000 -0.998868 -0.047565 0.118081 -0.991880 0.047232 0.039337 -0.983422 0.177016 -0.094386 -0.991051 -0.094386 -0.039583 -0.989566 0.138539
0.517612 0.172537 -0.838039 0.149383 -0.970988 0.186728 0.030514 -0.976445 -0.213597 -0.181608 -0.980684 -0.072643 0.000000 -0.998868 -0.047565 0.118180 -0.992711 0.023636 0.039337 -0.983422 0.177016 -0.094386 -0.991051 -0.094386 -0.019803 -0.990148 0.138621
0.610572 0.185826 -0.769851 0.186728 -0.970988 0.149383 0.030700 -0.982409 -0.184202 -0.181608 -0.980684 -0.072643 0.000000 -0.998868 -0.047565 0.118180 -0.992711 0.023636 0.039337 -0.983422 0.177016 -0.094386 -0.991051 -0.094386 -0.019803 -0.990148 0.138621
0.639375 0.186484 -0.745938 0.187647 -0.975763 0.112588 0.030700 -0.982409 -0.184202 -0.181608 -0.980684 -0.072643 0.000000 -0.998868 -0.047565 0.118180 -0.992711 0.023636 0.039337 -0.983422 0.177016 -0.094386 -0.991051 -0.094386 -0.019803 -0.990148 0.138621
0.649500 0.197674 -0.734217 0.223452 -0.968291 0.111726 0.061314 -0.981023 -0.183942 -0.216366 -0.973645 -0.072122 0.000000 -0.998868 -0.047565 0.118213 -0.992988 0.000000 0.039193 -0.979827 0.195965 -0.094386 -0.991051 -0.094386 -0.019803 -0.990148 0.138621
0.663124 0.201820 -0.720787 0.216366 -0.973645 0.072122 0.061314 -0.981023 -0.183942 -0.215666 -0.970495 -0.107833 0.000000 -0.998868 -0.047565 0.118213 -0.992988 0.000000 0.039193 -0.979827 0.195965 -0.094386 -0.991051 -0.094386 -0.019745 -0.987248 0.157960
0.699557 0.145741 -0.699557 0.224231 -0.971666 0.074744 0.061314 -0.981023 -0.183942 -0.215666 -0.970495 -0.107833 0.000000 -0.998868 -0.047565 0.118213 -0.992988 0.000000 0.039193 -0.979827 0.195965 -0.094386 -0.991051 -0.094386 -0.019745 -0.987248 0.157960
0.684209 0.148741 -0.713957 0.224231 -0.971666 0.074744 0.061314 -0.981023 -0.183942 -0.216366 -0.973645 -0.072122 0.000000 -0.998868 -0.047565 0.121019 -0.992355 0.024204 0.039193 -0.979827 0.195965 -0.094386 -0.991051 -0.094386 -0.019745 -0.987248 0.157960
0.688172 0.093842 -0.719453 0.279108 -0.956943 0.079745 0.091756 -0.978726 -0.183511 -0.215666 -0.970495 -0.107833 0.000000 -0.998868 -0.047565 0.121019 -0.992355 0.024204 0.019608 -0.980392 0.196078 -0.094386 -0.991051 -0.094386 -0.019745 -0.987248 0.157960
0.672883 0.064084 -0.736968 0.328244 -0.943701 0.041030 0.091203 -0.972829 -0.212806 -0.215666 -0.970495 -0.107833 0.000000 -0.998868 -0.047565 0.097071 -0.994982 0.024268 0.019608 -0.980392 0.196078 -0.094386 -0.991051 -0.094386 -0.019745 -0.987248 0.157960
0.690476 0.000000 -0.723356 0.341432 -0.938937 0.042679 0.060943 -0.975084 -0.213300 -0.174821 -0.978997 -0.104893 0.000000 -0.998868 -0.047565 0.097071 -0.994982 0.024268 0.019608 -0.980392 0.196078 -0.094386 -0.991051 -0.094386 -0.039467 -0.986671 0.157867
0.690476 0.000000 -0.723356 0.341432 -0.938937 0.042679 0.091203 -0.972829 -0.212806 -0.174821 -0.978997 -0.104893 0.000000 -0.998868 -0.047565 0.097071 -0.994982 0.024268 0.019608 -0.980392 0.196078 -0.094386 -0.991051 -0.094386 -0.039337 -0.983422 0.177016
0.655826 -0.032791 -0.754200 0.355643 -0.933564 0.044455 0.093296 -0.964054 -0.248788 -0.174821 -0.978997 -0.104893 0.000000 -0.998868 -0.047565 0.097071 -0.994982 0.024268 0.019608 -0.980392 0.196078 -0.094386 -0.991051 -0.094386 -0.039337 -0.983422 0.177016
0.655826 -0.032791 -0.754200 0.355643 -0.933564 0.044455 0.093980 -0.971124 -0.219286 -0.174078 -0.974835 -0.139262 0.000000 -0.998868 -0.047565 0.121019 -0.992355 0.024204 0.019608 -0.980392 0.196078 -0.094386 -0.991051 -0.094386 -0.039337 -0.983422 0.177016
0.655826 -0.032791 -0.754200 0.355643 -0.933564 0.044455 0.093296 -0.964054 -0.248788 -0.174821 -0.978997 -0.104893 0.000000 -0.998868 -0.047565 0.121019 -0.992355 0.024204 0.019608 -0.980392 0.196078 -0.094386 -0.991051 -0.094386 -0.039337 -0.983422 0.177016
0.655826 -0.032791 -0.754200 0.355643 -0.933564 0.044455 0.093296 -0.964054 -0.248788 -0.174821 -0.978997 -0.104893 0.000000 -0.998868 -0.047565 0.121019 -0.992355 0.024204 0.019608 -0.980392 0.196078 -0.094570 -0.992988 -0.070928 -0.039467 -0.986671 0.157867
0.655826 -0.032791 -0.754200 0.355643 -0.933564 0.044455 0.123975 -0.960807 -0.247950 -0.174821 -0.978997 -0.104893 0.000000 -0.998868 -0.047565 0.121019 -0.992355 0.024204 0.019608 -0.980392 0.196078 -0.094570 -0.992988 -0.070928 -0.039467 -0.986671 0.157867
0.656179 0.000000 -0.754606 0.355643 -0.933564 0.044455 0.123975 -0.960807 -0.247950 -0.174821 -0.978997 -0.104893 0.000000 -0.998868 -0.047565 0.121019 -0.992355 0.024204 0.019608 -0.980392 0.196078 -0.094570 -0.992988 -0.070928 -0.039467 -0.986671 0.157867
