-0.482857 0.875179 -0.030179 -0.642058 -0.080257 -0.762444 0.030303 -0.969697 -0.242424 -0.169031 -0.980379 -0.101419 -0.045396 -0.998711 0.022698 0.092623 -0.995701 0.000000 0.116863 -0.973862 0.194772 -0.094703 -0.994379 -0.047351 0.000000 -0.995037 0.099504
-0.502177 0.856654 -0.118159 -0.643614 -0.040226 -0.764292 0.060523 -0.968364 -0.242091 -0.195180 -0.975900 -0.097590 -0.044390 -0.998768 0.022195 0.092623 -0.995701 0.000000 0.116863 -0.973862 0.194772 -0.094703 -0.994379 -0.047351 0.000000 -0.995037 0.099504
-0.495188 0.866578 -0.061898 -0.644136 0.000000 -0.764911 0.060523 -0.968364 -0.242091 -0.140028 -0.980196 -0.140028 -0.044357 -0.998031 0.044357 0.092623 -0.995701 0.000000 0.136006 -0.971469 0.194294 -0.094703 -0.994379 -0.047351 0.000000 -0.995037 0.099504
-0.485389 0.873699 -0.032359 -0.644136 0.000000 -0.764911 0.060523 -0.968364 -0.242091 -0.109254 -0.983282 -0.145671 -0.045361 -0.997940 0.045361 0.092623 -0.995701 0.000000 0.136006 -0.971469 0.194294 -0.094703 -0.994379 -0.047351 0.000000 -0.995037 0.099504
-0.523816 0.851202 -0.032739 -0.643614 -0.040226 -0.764292 0.060523 -0.968364 -0.242091 -0.109254 -0.983282 -0.145671 -0.044357 -0.998031 0.044357 0.092623 -0.995701 0.000000 0.136006 -0.971469 0.194294 -0.094703 -0.994379 -0.047351 0.000000 -0.995037 0.099504
-0.627060 0.766406 -0.139347 -0.643614 -0.040226 -0.764292 0.062348 -0.966394 -0.249392 -0.140633 -0.984428 -0.105474 -0.066454 -0.996805 0.044302 0.092623 -0.995701 0.000000 0.136006 -0.971469 0.194294 -0.094703 -0.994379 -0.047351 0.000000 -0.995037 0.099504
-0.712470 0.641223 -0.284988 -0.662226 -0.116863 -0.740135 0.060523 -0.968364 -0.242091 -0.188311 -0.979217 -0.075324 -0.068006 -0.997427 0.022669 0.092623 -0.995701 0.000000 0.136006 -0.971469 0.194294 -0.094703 -0.994379 -0.047351 0.000000 -0.995037 0.099504
-0.773545 0.515697 -0.368355 -0.691714 -0.207514 -0.691714 0.060523 -0.968364 -0.242091 -0.212238 -0.976296 -0.042448 -0.069598 -0.997575 0.000000 0.092623 -0.995701 0.000000 0.136006 -0.971469 0.194294 -0.094703 -0.994379 -0.047351 0.000000 -0.995037 0.099504
-0.826227 0.338002 -0.450669 -0.670137 -0.319113 -0.670137 0.062348 -0.966394 -0.249392 -0.203785 -0.978167 -0.040757 -0.046461 -0.998920 0.000000 0.092623 -0.995701 0.000000 0.135470 -0.967641 0.212881 -0.094703 -0.994379 -0.047351 0.000000 -0.995037 0.099504
-0.843274 0.105409 -0.527046 -0.624695 -0.468521 -0.624695 0.060057 -0.960913 -0.270257 -0.203279 -0.975739 -0.081312 -0.047552 -0.998586 -0.023776 0.092623 -0.995701 0.000000 0.135470 -0.967641 0.212881 -0.094703 -0.994379 -0.047351 0.000000 -0.995037 0.099504
-0.854965 -0.142494 -0.498729 -0.546459 -0.607177 -0.576818 0.061839 -0.958508 -0.278277 -0.151620 -0.985527 -0.075810 -0.047552 -0.998586 -0.023776 0.092623 -0.995701 0.000000 0.135470 -0.967641 0.212881 -0.094703 -0.994379 -0.047351 0.000000 -0.995037 0.099504
-0.805614 -0.418919 -0.418919 -0.488223 -0.701820 -0.518736 0.061839 -0.958508 -0.278277 -0.151620 -0.985527 -0.075810 -0.047552 -0.998586 -0.023776 0.092623 -0.995701 0.000000 0.135470 -0.967641 0.212881 -0.094703 -0.994379 -0.047351 0.000000 -0.995037 0.099504
-0.751101 -0.563326 -0.344255 -0.452885 -0.785001 -0.422693 0.060057 -0.960913 -0.270257 -0.157500 -0.984374 -0.078750 -0.047552 -0.998586 -0.023776 0.092623 -0.995701 0.000000 0.135470 -0.967641 0.212881 -0.094703 -0.994379 -0.047351 0.000000 -0.995037 0.099504
-0.724286 -0.633750 -0.271607 -0.397980 -0.826574 -0.397980 0.058371 -0.963119 -0.262669 -0.157500 -0.984374 -0.078750 -0.024376 -0.999406 -0.024376 0.092623 -0.995701 0.000000 0.135470 -0.967641 0.212881 -0.094703 -0.994379 -0.047351 -0.019897 -0.994840 0.099484
-0.700842 -0.670370 -0.243771 -0.380617 -0.856388 -0.348899 0.056773 -0.965146 -0.255480 -0.163846 -0.983078 -0.081923 -0.024376 -0.999406 -0.024376 0.092623 -0.995701 0.000000 0.135470 -0.967641 0.212881 -0.094703 -0.994379 -0.047351 -0.019897 -0.994840 0.099484
-0.713774 -0.681330 -0.162221 -0.350311 -0.891702 -0.286618 0.082729 -0.965173 -0.248187 -0.203279 -0.975739 -0.081312 -0.024376 -0.999406 -0.024376 0.092623 -0.995701 0.000000 0.135470 -0.967641 0.212881 -0.094703 -0.994379 -0.047351 -0.019897 -0.994840 0.099484
-0.713609 -0.679628 -0.169907 -0.353371 -0.899490 -0.256997 0.082729 -0.965173 -0.248187 -0.203279 -0.975739 -0.081312 -0.024376 -0.999406 -0.024376 0.092623 -0.995701 0.000000 0.135470 -0.967641 0.212881 -0.094703 -0.994379 -0.047351 -0.039770 -0.994250 0.099425
-0.700779 -0.700779 -0.133482 -0.374879 -0.886078 -0.272639 0.080582 -0.966988 -0.241747 -0.203279 -0.975739 -0.081312 0.000000 -0.999703 -0.024383 0.092623 -0.995701 0.000000 0.135470 -0.967641 0.212881 -0.094703 -0.994379 -0.047351 -0.039770 -0.994250 0.099425
-0.729694 -0.663358 -0.165840 -0.348155 -0.905204 -0.243709 0.026939 -0.969790 -0.242448 -0.163846 -0.983078 -0.081923 0.000000 -0.999703 -0.024383 0.092623 -0.995701 0.000000 0.135470 -0.967641 0.212881 -0.094703 -0.994379 -0.047351 -0.039770 -0.994250 0.099425
-0.781121 -0.577350 -0.237732 -0.359443 -0.898606 -0.251610 0.026939 -0.969790 -0.242448 -0.163846 -0.983078 -0.081923 0.000000 -0.999703 -0.024383 0.092623 -0.995701 0.000000 0.135470 -0.967641 0.212881 -0.094703 -0.994379 -0.047351 -0.039770 -0.994250 0.099425
-0.798189 -0.510841 -0.319275 -0.359443 -0.898606 -0.251610 0.026939 -0.969790 -0.242448 -0.163846 -0.983078 -0.081923 0.000000 -0.998812 -0.048723 0.092623 -0.995701 0.000000 0.135470 -0.967641 0.212881 -0.094703 -0.994379 -0.047351 -0.039770 -0.994250 0.099425
-0.804934 -0.402467 -0.436006 -0.359443 -0.898606 -0.251610 0.026939 -0.969790 -0.242448 -0.157500 -0.984374 -0.078750 0.000000 -0.999703 -0.024383 0.092623 -0.995701 0.000000 0.135470 -0.967641 0.212881 -0.094703 -0.994379 -0.047351 -0.039770 -0.994250 0.099425
-0.777542 -0.371868 -0.507093 -0.367607 -0.882258 -0.294086 0.027842 -0.974481 -0.222738 -0.157500 -0.984374 -0.078750 0.000000 -0.999703 -0.024383 0.092623 -0.995701 0.000000 0.135470 -0.967641 0.212881 -0.094703 -0.994379 -0.047351 -0.039770 -0.994250 0.099425
-0.752825 -0.307974 -0.581728 -0.331295 -0.883452 -0.331295 0.000000 -0.974859 -0.222825 -0.157500 -0.984374 -0.078750 0.000000 -0.999703 -0.024383 0.094809 -0.995495 0.000000 0.135470 -0.967641 0.212881 -0.094703 -0.994379 -0.047351 -0.039770 -0.994250 0.099425
-0.744652 -0.259010 -0.615148 -0.240966 -0.883541 -0.401610 0.028618 -0.973018 -0.228946 -0.195515 -0.977577 -0.078206 0.000000 -0.999703 -0.024383 0.094809 -0.995495 0.000000 0.135470 -0.967641 0.212881 -0.094703 -0.994379 -0.047351 -0.039770 -0.994250 0.099425
-0.700842 -0.243771 -0.670370 -0.127920 -0.895443 -0.426401 0.028618 -0.973018 -0.228946 -0.195515 -0.977577 -0.078206 0.000000 -0.999703 -0.024383 0.094809 -0.995495 0.000000 0.135470 -0.967641 0.212881 -0.094703 -0.994379 -0.047351 -0.039770 -0.994250 0.099425
-0.678823 -0.197990 -0.707107 0.042954 -0.902027 -0.429537 0.028618 -0.973018 -0.228946 -0.195515 -0.977577 -0.078206 0.000000 -0.999703 -0.024383 0.094809 -0.995495 0.000000 0.135470 -0.967641 0.212881 -0.094703 -0.994379 -0.047351 -0.039770 -0.994250 0.099425
-0.632717 -0.201319 -0.747757 0.169485 -0.889799 -0.423714 0.029437 -0.971429 -0.235498 -0.188311 -0.979217 -0.075324 0.000000 -0.999703 -0.024383 0.094809 -0.995495 0.000000 0.135470 -0.967641 0.212881 -0.094703 -0.994379 -0.047351 -0.039770 -0.994250 0.099425
-0.524661 -0.229539 -0.819782 0.298753 -0.853579 -0.426790 0.030514 -0.976445 -0.213597 -0.188311 -0.979217 -0.075324 0.000000 -0.998812 -0.048723 0.094809 -0.995495 0.000000 0.136006 -0.971469 0.194294 -0.094703 -0.994379 -0.047351 -0.039684 -0.992095 0.119051
-0.390130 -0.248264 -0.886659 0.342682 -0.856706 -0.385518 0.030514 -0.976445 -0.213597 -0.188311 -0.979217 -0.075324 0.000000 -0.998812 -0.048723 0.094809 -0.995495 0.000000 0.136006 -0.971469 0.194294 -0.094703 -0.994379 -0.047351 -0.039684 -0.992095 0.119051
-0.167600 -0.301681 -0.938562 0.379642 -0.843649 -0.379642 0.031450 -0.974958 -0.220152 -0.181608 -0.980684 -0.072643 0.000000 -0.998812 -0.048723 0.094809 -0.995495 0.000000 0.136006 -0.971469 0.194294 -0.094703 -0.994379 -0.047351 -0.019854 -0.992681 0.119122
0.037609 -0.338480 -0.940222 0.379642 -0.843649 -0.379642 0.031450 -0.974958 -0.220152 -0.181012 -0.977466 -0.108607 0.000000 -0.998812 -0.048723 0.094809 -0.995495 0.000000 0.116863 -0.973862 0.194772 -0.094703 -0.994379 -0.047351 -0.019854 -0.992681 0.119122
0.318788 -0.318788 -0.892607 0.347498 -0.912182 -0.217186 0.060943 -0.975084 -0.213300 -0.181012 -0.977466 -0.108607 0.000000 -0.998812 -0.048723 0.094809 -0.995495 0.000000 0.116863 -0.973862 0.194772 -0.094703 -0.994379 -0.047351 -0.019803 -0.990148 0.138621
0.477032 -0.252546 -0.841820 0.262865 -0.963837 -0.043811 0.064282 -0.964237 -0.257130 -0.174821 -0.978997 -0.104893 0.000000 -0.998812 -0.048723 0.094809 -0.995495 0.000000 0.116863 -0.973862 0.194772 -0.094703 -0.994379 -0.047351 -0.019803 -0.990148 0.138621
0.563264 -0.187755 -0.804663 0.211667 -0.973668 0.084667 0.032444 -0.973329 -0.227110 -0.145671 -0.983282 -0.109254 0.000000 -0.998812 -0.048723 0.094809 -0.995495 0.000000 0.116863 -0.973862 0.194772 -0.094703 -0.994379 -0.047351 -0.019803 -0.990148 0.138621
0.605127 -0.151282 -0.781623 0.159617 -0.957704 0.239426 0.032444 -0.973329 -0.227110 -0.145671 -0.983282 -0.109254 0.000000 -0.998812 -0.048723 0.094809 -0.995495 0.000000 0.116863 -0.973862 0.194772 -0.094703 -0.994379 -0.047351 -0.019803 -0.990148 0.138621
0.647576 -0.149441 -0.747203 0.120386 -0.963087 0.240772 0.064282 -0.964237 -0.257130 -0.145671 -0.983282 -0.109254 0.000000 -0.998812 -0.048723 0.094782 -0.995216 -0.023696 0.116863 -0.973862 0.194772 -0.094703 -0.994379 -0.047351 -0.019803 -0.990148 0.138621
0.673221 -0.134644 -0.727079 0.079745 -0.956943 0.279108 0.064282 -0.964237 -0.257130 -0.146157 -0.986559 -0.073078 0.000000 -0.998812 -0.048723 0.092599 -0.995434 -0.023150 0.116863 -0.973862 0.194772 -0.094703 -0.994379 -0.047351 -0.019745 -0.987248 0.157960
0.658090 -0.137102 -0.740351 0.078811 -0.945732 0.315244 0.062807 -0.973515 -0.219826 -0.145671 -0.983282 -0.109254 0.000000 -0.998812 -0.048723 0.094782 -0.995216 -0.023696 0.117287 -0.977391 0.175930 -0.094703 -0.994379 -0.047351 -0.019745 -0.987248 0.157960
0.660328 -0.110055 -0.742869 0.078811 -0.945732 0.315244 0.062807 -0.973515 -0.219826 -0.146157 -0.986559 -0.073078 0.000000 -0.998812 -0.048723 0.094782 -0.995216 -0.023696 0.097945 -0.979451 0.176301 -0.094703 -0.994379 -0.047351 -0.019745 -0.987248 0.157960
0.642118 -0.139591 -0.753790 0.078811 -0.945732 0.315244 0.062348 -0.966394 -0.249392 -0.146157 -0.986559 -0.073078 0.000000 -0.998812 -0.048723 0.094782 -0.995216 -0.023696 0.097945 -0.979451 0.176301 -0.094703 -0.994379 -0.047351 -0.019745 -0.987248 0.157960
0.642118 -0.139591 -0.753790 0.079745 -0.956943 0.279108 0.093980 -0.971124 -0.219286 -0.145671 -0.983282 -0.109254 0.000000 -0.998812 -0.048723 0.094782 -0.995216 -0.023696 0.097945 -0.979451 0.176301 -0.094703 -0.994379 -0.047351 -0.019745 -0.987248 0.157960
0.642118 -0.139591 -0.753790 0.079745 -0.956943 0.279108 0.091203 -0.972829 -0.212806 -0.145671 -0.983282 -0.109254 0.000000 -0.998812 -0.048723 0.094782 -0.995216 -0.023696 0.097945 -0.979451 0.176301 -0.094703 -0.994379 -0.047351 -0.019680 -0.983993 0.177119
0.628782 -0.136692 -0.765473 0.079745 -0.956943 0.279108 0.090577 -0.966155 -0.241539 -0.146157 -0.986559 -0.073078 0.000000 -0.998812 -0.048723 0.094782 -0.995216 -0.023696 0.097945 -0.979451 0.176301 -0.094703 -0.994379 -0.047351 -0.019680 -0.983993 0.177119
0.611820 -0.139050 -0.778680 0.120386 -0.963087 0.240772 0.091203 -0.972829 -0.212806 -0.145671 -0.983282 -0.109254 0.000000 -0.998812 -0.048723 0.094782 -0.995216 -0.023696 0.097945 -0.979451 0.176301 -0.094703 -0.994379 -0.047351 -0.019680 -0.983993 0.177119
0.611820 -0.139050 -0.778680 0.121466 -0.971732 0.202444 0.091203 -0.972829 -0.212806 -0.145671 -0.983282 -0.109254 0.024354 -0.998516 -0.048708 0.094782 -0.995216 -0.023696 0.078492 -0.981147 0.176606 -0.094703 -0.994379 -0.047351 -0.019680 -0.983993 0.177119
