-0.524784 0.839654 -0.139942 -0.686064 -0.040357 -0.726421 0.033501 -0.971537 -0.234509 -0.101944 -0.985460 -0.135926 -0.068006 -0.997427 0.022669 0.138159 -0.990142 -0.023027 0.116401 -0.970006 0.213401 -0.094782 -0.995216 -0.023696 0.019897 -0.994840 0.099484
-0.581728 0.752825 -0.307974 -0.686064 -0.040357 -0.726421 0.034627 -0.969561 -0.242390 -0.102359 -0.989467 -0.102359 -0.068006 -0.997427 0.022669 0.115501 -0.993307 0.000000 0.136006 -0.971469 0.194294 -0.094782 -0.995216 -0.023696 0.019932 -0.996617 0.079729
-0.636655 0.674105 -0.374503 -0.688021 -0.068802 -0.722422 0.034627 -0.969561 -0.242390 -0.106265 -0.991811 -0.070844 -0.068006 -0.997427 0.022669 0.115501 -0.993307 0.000000 0.135470 -0.967641 0.212881 -0.094782 -0.995216 -0.023696 0.019932 -0.996617 0.079729
-0.718646 0.491705 -0.491705 -0.698149 -0.158670 -0.698149 0.000000 -0.972082 -0.234641 -0.106265 -0.991811 -0.070844 -0.046449 -0.998651 0.023224 0.115501 -0.993307 0.000000 0.135470 -0.967641 0.212881 -0.094782 -0.995216 -0.023696 0.019932 -0.996617 0.079729
-0.787499 0.275625 -0.551249 -0.681500 -0.266674 -0.681500 0.000000 -0.963993 -0.265929 -0.141333 -0.989331 -0.035333 -0.046461 -0.998920 0.000000 0.115501 -0.993307 0.000000 0.135470 -0.967641 0.212881 -0.094782 -0.995216 -0.023696 0.019932 -0.996617 0.079729
-0.820383 0.035669 -0.570701 -0.627215 -0.418143 -0.657082 0.000000 -0.973841 -0.227230 -0.141333 -0.989331 -0.035333 -0.047565 -0.998868 0.000000 0.115501 -0.993307 0.000000 0.135470 -0.967641 0.212881 -0.094782 -0.995216 -0.023696 0.019932 -0.996617 0.079729
-0.830116 -0.223493 -0.510841 -0.587473 -0.556553 -0.587473 0.000000 -0.973841 -0.227230 -0.141333 -0.989331 -0.035333 -0.023250 -0.999730 0.000000 0.115501 -0.993307 0.000000 0.135470 -0.967641 0.212881 -0.094782 -0.995216 -0.023696 0.000000 -0.996815 0.079745
-0.815803 -0.378766 -0.437037 -0.479632 -0.685189 -0.548151 0.000000 -0.975441 -0.220261 -0.136558 -0.990044 -0.034139 -0.023250 -0.999730 0.000000 0.112910 -0.993605 0.000000 0.138053 -0.966374 0.216941 -0.094782 -0.995216 -0.023696 0.000000 -0.996815 0.079745
-0.753735 -0.538382 -0.376867 -0.418763 -0.761387 -0.494902 0.000000 -0.973841 -0.227230 -0.136558 -0.990044 -0.034139 -0.023243 -0.999460 -0.023243 0.112910 -0.993605 0.000000 0.138053 -0.966374 0.216941 -0.094782 -0.995216 -0.023696 0.000000 -0.996815 0.079745
-0.714997 -0.635553 -0.291295 -0.370370 -0.851852 -0.370370 0.000000 -0.970143 -0.242536 -0.146450 -0.988540 -0.036613 -0.023796 -0.999434 -0.023796 0.112910 -0.993605 0.000000 0.138053 -0.966374 0.216941 -0.094782 -0.995216 -0.023696 0.000000 -0.996815 0.079745
-0.729865 -0.645650 -0.224574 -0.352235 -0.880587 -0.317011 0.000000 -0.971850 -0.235600 -0.151947 -0.987658 -0.037987 -0.023796 -0.999434 -0.023796 0.115501 -0.993307 0.000000 0.135470 -0.967641 0.212881 -0.094782 -0.995216 -0.023696 -0.019932 -0.996617 0.079729
-0.696311 -0.696311 -0.174078 -0.371232 -0.877457 -0.303735 0.028618 -0.973018 -0.228946 -0.195965 -0.979827 -0.039193 -0.023796 -0.999434 -0.023796 0.115501 -0.993307 0.000000 0.135470 -0.967641 0.212881 -0.094782 -0.995216 -0.023696 -0.019932 -0.996617 0.079729
-0.679258 -0.710134 -0.185252 -0.356009 -0.890024 -0.284808 0.027661 -0.968122 -0.248946 -0.195965 -0.979827 -0.039193 -0.023796 -0.999434 -0.023796 0.115501 -0.993307 0.000000 0.135470 -0.967641 0.212881 -0.094782 -0.995216 -0.023696 -0.019932 -0.996617 0.079729
-0.700779 -0.700779 -0.133482 -0.345033 -0.897085 -0.276026 0.027661 -0.968122 -0.248946 -0.195965 -0.979827 -0.039193 -0.023796 -0.999434 -0.023796 0.115501 -0.993307 0.000000 0.135470 -0.967641 0.212881 -0.094782 -0.995216 -0.023696 -0.019932 -0.996617 0.079729
-0.693103 -0.693103 -0.198030 -0.359443 -0.898606 -0.251610 0.026939 -0.969790 -0.242448 -0.195965 -0.979827 -0.039193 -0.023796 -0.999434 -0.023796 0.115501 -0.993307 0.000000 0.135470 -0.967641 0.212881 -0.094703 -0.994379 -0.047351 -0.019897 -0.994840 0.099484
-0.741199 -0.640126 -0.202145 -0.356009 -0.890024 -0.284808 0.026939 -0.969790 -0.242448 -0.195965 -0.979827 -0.039193 -0.023796 -0.999434 -0.023796 0.115501 -0.993307 0.000000 0.135470 -0.967641 0.212881 -0.094703 -0.994379 -0.047351 -0.019897 -0.994840 0.099484
-0.780307 -0.552718 -0.292615 -0.356009 -0.890024 -0.284808 0.026939 -0.969790 -0.242448 -0.195965 -0.979827 -0.039193 -0.023796 -0.999434 -0.023796 0.115470 -0.993042 0.023094 0.135470 -0.967641 0.212881 -0.094703 -0.994379 -0.047351 -0.039770 -0.994250 0.099425
-0.804934 -0.436006 -0.402467 -0.367607 -0.882258 -0.294086 0.027661 -0.968122 -0.248946 -0.195965 -0.979827 -0.039193 -0.023796 -0.999434 -0.023796 0.115470 -0.993042 0.023094 0.135470 -0.967641 0.212881 -0.094703 -0.994379 -0.047351 -0.039770 -0.994250 0.099425
-0.800757 -0.348155 -0.487417 -0.370370 -0.851852 -0.370370 0.028421 -0.966315 -0.255789 -0.195965 -0.979827 -0.039193 -0.023796 -0.999434 -0.023796 0.115470 -0.993042 0.023094 0.135470 -0.967641 0.212881 -0.094703 -0.994379 -0.047351 -0.039770 -0.994250 0.099425
-0.767093 -0.300167 -0.566982 -0.394976 -0.829450 -0.394976 0.027842 -0.974481 -0.222738 -0.203785 -0.978167 -0.040757 -0.023796 -0.999434 -0.023796 0.115470 -0.993042 0.023094 0.135470 -0.967641 0.212881 -0.094703 -0.994379 -0.047351 -0.039770 -0.994250 0.099425
-0.736050 -0.245350 -0.630900 -0.319744 -0.839329 -0.439648 0.027842 -0.974481 -0.222738 -0.212238 -0.976296 -0.042448 -0.023796 -0.999434 -0.023796 0.115470 -0.993042 0.023094 0.135470 -0.967641 0.212881 -0.094703 -0.994379 -0.047351 -0.039770 -0.994250 0.099425
-0.704925 -0.224294 -0.672883 -0.213980 -0.855921 -0.470757 0.029630 -0.977805 -0.207413 -0.195515 -0.977577 -0.078206 0.000000 -0.999717 -0.023803 0.115470 -0.993042 0.023094 0.135470 -0.967641 0.212881 -0.094703 -0.994379 -0.047351 -0.039770 -0.994250 0.099425
-0.684209 -0.148741 -0.713957 -0.043769 -0.875376 -0.481457 0.030514 -0.976445 -0.213597 -0.188713 -0.981307 -0.037743 0.000000 -1.000000 0.000000 0.115470 -0.993042 0.023094 0.136006 -0.971469 0.194294 -0.094703 -0.994379 -0.047351 -0.039770 -0.994250 0.099425
-0.644382 -0.112066 -0.756448 0.127920 -0.895443 -0.426401 0.030700 -0.982409 -0.184202 -0.188311 -0.979217 -0.075324 0.000000 -0.999717 -0.023803 0.115470 -0.993042 0.023094 0.136006 -0.971469 0.194294 -0.094703 -0.994379 -0.047351 -0.039684 -0.992095 0.119051
-0.575197 -0.143799 -0.805276 0.259161 -0.863868 -0.431934 0.031654 -0.981288 -0.189927 -0.181608 -0.980684 -0.072643 0.000000 -0.999717 -0.023803 0.115470 -0.993042 0.023094 0.136006 -0.971469 0.194294 -0.094703 -0.994379 -0.047351 -0.039684 -0.992095 0.119051
-0.477665 -0.149270 -0.865768 0.336861 -0.842152 -0.421076 0.031450 -0.974958 -0.220152 -0.181608 -0.980684 -0.072643 0.000000 -0.999717 -0.023803 0.115470 -0.993042 0.023094 0.136006 -0.971469 0.194294 -0.094703 -0.994379 -0.047351 -0.039684 -0.992095 0.119051
-0.319928 -0.191957 -0.927792 0.330759 -0.826898 -0.454794 0.031450 -0.974958 -0.220152 -0.181608 -0.980684 -0.072643 0.000000 -0.999717 -0.023803 0.115501 -0.993307 0.000000 0.136006 -0.971469 0.194294 -0.094703 -0.994379 -0.047351 -0.039684 -0.992095 0.119051
-0.079002 -0.210672 -0.974359 0.353209 -0.883022 -0.309058 0.031450 -0.974958 -0.220152 -0.175358 -0.982003 -0.070143 0.000000 -0.999717 -0.023803 0.115501 -0.993307 0.000000 0.136006 -0.971469 0.194294 -0.094703 -0.994379 -0.047351 -0.019854 -0.992681 0.119122
0.055620 -0.222480 -0.973349 0.347498 -0.912182 -0.217186 0.031220 -0.967805 -0.249756 -0.175358 -0.982003 -0.070143 0.000000 -0.999717 -0.023803 0.092623 -0.995701 0.000000 0.136006 -0.971469 0.194294 -0.094703 -0.994379 -0.047351 -0.019803 -0.990148 0.138621
0.310013 -0.197281 -0.930039 0.220755 -0.971324 -0.088302 0.031450 -0.974958 -0.220152 -0.175358 -0.982003 -0.070143 0.000000 -0.999717 -0.023803 0.092623 -0.995701 0.000000 0.116863 -0.973862 0.194772 -0.094703 -0.994379 -0.047351 -0.019803 -0.990148 0.138621
0.471677 -0.194220 -0.860116 0.171184 -0.984309 -0.042796 0.031450 -0.974958 -0.220152 -0.175358 -0.982003 -0.070143 0.000000 -0.999717 -0.023803 0.092623 -0.995701 0.000000 0.116863 -0.973862 0.194772 -0.094703 -0.994379 -0.047351 -0.019803 -0.990148 0.138621
0.556846 -0.194896 -0.807427 0.129219 -0.990680 0.043073 0.062807 -0.973515 -0.219826 -0.181608 -0.980684 -0.072643 0.000000 -0.999717 -0.023803 0.092623 -0.995701 0.000000 0.116863 -0.973862 0.194772 -0.094703 -0.994379 -0.047351 -0.019803 -0.990148 0.138621
0.606219 -0.192888 -0.771552 0.128271 -0.983409 0.128271 0.062807 -0.973515 -0.219826 -0.181969 -0.982631 -0.036394 0.000000 -0.999717 -0.023803 0.092623 -0.995701 0.000000 0.116863 -0.973862 0.194772 -0.094703 -0.994379 -0.047351 -0.019745 -0.987248 0.157960
0.571670 -0.155910 -0.805535 0.123823 -0.949312 0.288921 0.031450 -0.974958 -0.220152 -0.146157 -0.986559 -0.073078 0.000000 -0.999717 -0.023803 0.092623 -0.995701 0.000000 0.117287 -0.977391 0.175930 -0.094703 -0.994379 -0.047351 -0.019745 -0.987248 0.157960
0.603178 -0.131126 -0.786754 0.078811 -0.945732 0.315244 0.030514 -0.976445 -0.213597 -0.146157 -0.986559 -0.073078 0.000000 -0.999717 -0.023803 0.092623 -0.995701 0.000000 0.097945 -0.979451 0.176301 -0.094703 -0.994379 -0.047351 -0.019745 -0.987248 0.157960
0.603178 -0.131126 -0.786754 0.077791 -0.933492 0.350059 0.030514 -0.976445 -0.213597 -0.146157 -0.986559 -0.073078 0.000000 -0.999717 -0.023803 0.092623 -0.995701 0.000000 0.097945 -0.979451 0.176301 -0.094703 -0.994379 -0.047351 -0.019745 -0.987248 0.157960
0.603178 -0.131126 -0.786754 0.076696 -0.920358 0.383482 0.031654 -0.981288 -0.189927 -0.146157 -0.986559 -0.073078 0.000000 -0.999717 -0.023803 0.092623 -0.995701 0.000000 0.097945 -0.979451 0.176301 -0.094703 -0.994379 -0.047351 -0.019745 -0.987248 0.157960
0.603178 -0.131126 -0.786754 0.077791 -0.933492 0.350059 0.062807 -0.973515 -0.219826 -0.146157 -0.986559 -0.073078 -0.023796 -0.999434 -0.023796 0.092623 -0.995701 0.000000 0.097945 -0.979451 0.176301 -0.094703 -0.994379 -0.047351 -0.019745 -0.987248 0.157960
0.603178 -0.131126 -0.786754 0.077791 -0.933492 0.350059 0.062807 -0.973515 -0.219826 -0.146157 -0.986559 -0.073078 -0.023796 -0.999434 -0.023796 0.092623 -0.995701 0.000000 0.097945 -0.979451 0.176301 -0.094703 -0.994379 -0.047351 -0.019745 -0.987248 0.157960
0.603178 -0.131126 -0.786754 0.077791 -0.933492 0.350059 0.062807 -0.973515 -0.219826 -0.146157 -0.986559 -0.073078 -0.023796 -0.999434 -0.023796 0.092623 -0.995701 0.000000 0.097945 -0.979451 0.176301 -0.094703 -0.994379 -0.047351 -0.020068 -0.983349 0.180615
0.598764 -0.136083 -0.789280 0.078811 -0.945732 0.315244 0.063214 -0.979816 -0.189642 -0.146157 -0.986559 -0.073078 -0.023776 -0.998586 -0.047552 0.092623 -0.995701 0.000000 0.097945 -0.979451 0.176301 -0.094703 -0.994379 -0.047351 -0.020068 -0.983349 0.180615
0.598764 -0.136083 -0.789280 0.078811 -0.945732 0.315244 0.065233 -0.978492 -0.195698 -0.141069 -0.987484 -0.070535 -0.023776 -0.998586 -0.047552 0.092623 -0.995701 0.000000 0.097945 -0.979451 0.176301 -0.094570 -0.992988 -0.070928 -0.020068 -0.983349 0.180615
0.580873 -0.138303 -0.802159 0.119145 -0.953162 0.278006 0.067382 -0.977035 -0.202145 -0.141069 -0.987484 -0.070535 -0.023776 -0.998586 -0.047552 0.115501 -0.993307 0.000000 0.078492 -0.981147 0.176606 -0.094570 -0.992988 -0.070928 -0.020068 -0.983349 0.180615
