-0.600000 0.800000 0.000000 -0.623480 0.311740 -0.717002 0.000000 -0.983870 -0.178885 -0.163605 -0.981630 -0.098163 -0.086609 -0.996007 0.021652 0.048593 -0.996156 -0.072889 0.076444 -0.974661 0.210221 -0.047351 -0.994379 -0.094703 0.019854 -0.992681 0.119122
-0.621336 0.776671 -0.103556 -0.647766 0.277614 -0.709458 0.000000 -0.983870 -0.178885 -0.163605 -0.981630 -0.098163 -0.108034 -0.993912 0.021607 0.048593 -0.996156 -0.072889 0.076444 -0.974661 0.210221 -0.047351 -0.994379 -0.094703 0.019854 -0.992681 0.119122
-0.685583 0.685583 -0.244851 -0.679258 0.185252 -0.710134 0.000000 -0.988716 -0.149805 -0.162995 -0.977972 -0.130396 -0.086609 -0.996007 0.021652 0.048593 -0.996156 -0.072889 0.076444 -0.974661 0.210221 -0.047351 -0.994379 -0.094703 0.019854 -0.992681 0.119122
-0.734235 0.571072 -0.367118 -0.690476 0.000000 -0.723356 0.000000 -0.988716 -0.149805 -0.135379 -0.981501 -0.135379 -0.068006 -0.997427 -0.022669 0.048593 -0.996156 -0.072889 0.076444 -0.974661 0.210221 -0.047351 -0.994379 -0.094703 0.019854 -0.992681 0.119122
-0.779280 0.460484 -0.425062 -0.677419 -0.193548 -0.709677 -0.029948 -0.988272 -0.149738 -0.139262 -0.974835 -0.174078 -0.046411 -0.997844 -0.046411 0.048665 -0.997629 -0.048665 0.076739 -0.978420 0.191847 -0.047351 -0.994379 -0.094703 0.019897 -0.994840 0.099484
-0.833635 0.247003 -0.494006 -0.621070 -0.434749 -0.652124 -0.029801 -0.983433 -0.178806 -0.135379 -0.981501 -0.135379 -0.047445 -0.996335 -0.071167 0.048665 -0.997629 -0.048665 0.076739 -0.978420 0.191847 -0.047351 -0.994379 -0.094703 0.019897 -0.994840 0.099484
-0.869657 -0.028989 -0.492805 -0.556022 -0.556022 -0.617802 -0.030514 -0.976445 -0.213597 -0.135926 -0.985460 -0.101944 -0.047445 -0.996335 -0.071167 0.048665 -0.997629 -0.048665 0.076739 -0.978420 0.191847 -0.047351 -0.994379 -0.094703 0.019897 -0.994840 0.099484
-0.858116 -0.190693 -0.476731 -0.510946 -0.691280 -0.510946 -0.031450 -0.974958 -0.220152 -0.135926 -0.985460 -0.101944 -0.047445 -0.996335 -0.071167 0.048665 -0.997629 -0.048665 0.076739 -0.978420 0.191847 -0.047351 -0.994379 -0.094703 0.019897 -0.994840 0.099484
-0.805276 -0.460158 -0.373878 -0.481108 -0.751731 -0.451039 -0.031450 -0.974958 -0.220152 -0.135926 -0.985460 -0.101944 -0.023742 -0.997178 -0.071227 0.048665 -0.997629 -0.048665 0.076444 -0.974661 0.210221 -0.047351 -0.994379 -0.094703 0.019897 -0.994840 0.099484
-0.771069 -0.563473 -0.296565 -0.418919 -0.805614 -0.418919 -0.031220 -0.967805 -0.249756 -0.141333 -0.989331 -0.035333 -0.024318 -0.997039 -0.072954 0.048665 -0.997629 -0.048665 0.076444 -0.974661 0.210221 -0.047351 -0.994379 -0.094703 0.000000 -0.995037 0.099504
-0.738053 -0.624506 -0.255480 -0.407072 -0.848067 -0.339227 -0.031220 -0.967805 -0.249756 -0.146450 -0.988540 -0.036613 -0.024318 -0.997039 -0.072954 0.048665 -0.997629 -0.048665 0.076444 -0.974661 0.210221 -0.047351 -0.994379 -0.094703 0.000000 -0.992877 0.119145
-0.743161 -0.628828 -0.228665 -0.371232 -0.877457 -0.303735 0.000000 -0.971850 -0.235600 -0.188713 -0.981307 -0.037743 -0.024318 -0.997039 -0.072954 0.048665 -0.997629 -0.048665 0.076444 -0.974661 0.210221 -0.047351 -0.994379 -0.094703 0.000000 -0.992877 0.119145
-0.751809 -0.636146 -0.173494 -0.371232 -0.877457 -0.303735 0.000000 -0.978234 -0.207504 -0.151947 -0.987658 -0.037987 -0.024318 -0.997039 -0.072954 0.048665 -0.997629 -0.048665 0.076444 -0.974661 0.210221 -0.047351 -0.994379 -0.094703 -0.019854 -0.992681 0.119122
-0.751809 -0.636146 -0.173494 -0.356009 -0.890024 -0.284808 0.000000 -0.978234 -0.207504 -0.152057 -0.988372 0.000000 -0.024318 -0.997039 -0.072954 0.048665 -0.997629 -0.048665 0.076444 -0.974661 0.210221 -0.047351 -0.994379 -0.094703 -0.019854 -0.992681 0.119122
-0.779688 -0.599760 -0.179928 -0.324337 -0.900937 -0.288300 0.000000 -0.979457 -0.201653 -0.157991 -0.987441 0.000000 -0.024318 -0.997039 -0.072954 0.048665 -0.997629 -0.048665 0.076444 -0.974661 0.210221 -0.047351 -0.994379 -0.094703 -0.019854 -0.992681 0.119122
-0.810524 -0.529958 -0.249392 -0.335178 -0.893807 -0.297936 0.000000 -0.979457 -0.201653 -0.164399 -0.986394 0.000000 -0.024318 -0.997039 -0.072954 0.048665 -0.997629 -0.048665 0.076444 -0.974661 0.210221 -0.047351 -0.994379 -0.094703 -0.019854 -0.992681 0.119122
-0.832950 -0.446223 -0.327230 -0.323381 -0.889297 -0.323381 0.000000 -0.980581 -0.196116 -0.164399 -0.986394 0.000000 -0.024318 -0.997039 -0.072954 0.048665 -0.997629 -0.048665 0.076444 -0.974661 0.210221 -0.047351 -0.994379 -0.094703 -0.019854 -0.992681 0.119122
-0.845818 -0.344592 -0.407245 -0.323381 -0.889297 -0.323381 0.000000 -0.980581 -0.196116 -0.164399 -0.986394 0.000000 -0.024318 -0.997039 -0.072954 0.048665 -0.997629 -0.048665 0.076444 -0.974661 0.210221 -0.047351 -0.994379 -0.094703 -0.019854 -0.992681 0.119122
-0.796707 -0.306426 -0.520924 -0.335377 -0.880366 -0.335377 0.000000 -0.985622 -0.168964 -0.164399 -0.986394 0.000000 -0.024318 -0.997039 -0.072954 0.048665 -0.997629 -0.048665 0.076444 -0.974661 0.210221 -0.047351 -0.994379 -0.094703 -0.019854 -0.992681 0.119122
-0.758567 -0.252856 -0.600533 -0.292941 -0.878823 -0.376638 0.000000 -0.986394 -0.164399 -0.171341 -0.985212 0.000000 -0.024354 -0.998516 -0.048708 0.048665 -0.997629 -0.048665 0.076444 -0.974661 0.210221 -0.047351 -0.994379 -0.094703 -0.019854 -0.992681 0.119122
-0.692532 -0.201988 -0.692532 -0.130189 -0.911322 -0.390567 0.000000 -0.989949 -0.141421 -0.164399 -0.986394 0.000000 0.000000 -0.998812 -0.048723 0.048665 -0.997629 -0.048665 0.076739 -0.978420 0.191847 -0.047351 -0.994379 -0.094703 -0.019854 -0.992681 0.119122
-0.621421 -0.147957 -0.769379 -0.042033 -0.924729 -0.378298 0.000000 -0.989949 -0.141421 -0.164399 -0.986394 0.000000 0.000000 -0.998812 -0.048723 0.048665 -0.997629 -0.048665 0.076739 -0.978420 0.191847 -0.047351 -0.994379 -0.094703 -0.019854 -0.992681 0.119122
-0.534758 -0.148544 -0.831846 0.042033 -0.924729 -0.378298 0.000000 -0.993151 -0.116841 -0.157867 -0.986671 -0.039467 0.000000 -0.998812 -0.048723 0.048665 -0.997629 -0.048665 0.076739 -0.978420 0.191847 -0.047351 -0.994379 -0.094703 -0.019854 -0.992681 0.119122
-0.429601 -0.153429 -0.889889 0.125218 -0.918262 -0.375653 0.000000 -0.992734 -0.120331 -0.151947 -0.987658 -0.037987 0.000000 -0.998812 -0.048723 0.048665 -0.997629 -0.048665 0.076739 -0.978420 0.191847 -0.047351 -0.994379 -0.094703 -0.019854 -0.992681 0.119122
-0.336280 -0.213996 -0.917127 0.213785 -0.897895 -0.384812 0.000000 -0.988716 -0.149805 -0.152057 -0.988372 0.000000 0.000000 -0.998812 -0.048723 0.048665 -0.997629 -0.048665 0.076739 -0.978420 0.191847 -0.047351 -0.994379 -0.094703 -0.019854 -0.992681 0.119122
-0.219934 -0.251354 -0.942576 0.330477 -0.867502 -0.371787 0.000000 -0.988012 -0.154377 -0.146549 -0.989203 0.000000 0.000000 -0.998812 -0.048723 0.048665 -0.997629 -0.048665 0.076739 -0.978420 0.191847 -0.047351 -0.994379 -0.094703 -0.019854 -0.992681 0.119122
0.000000 -0.298275 -0.954480 0.384812 -0.897895 -0.213785 0.000000 -0.992734 -0.120331 -0.146450 -0.988540 -0.036613 0.000000 -0.998812 -0.048723 0.048665 -0.997629 -0.048665 0.077009 -0.981859 0.173269 -0.047351 -0.994379 -0.094703 -0.019854 -0.992681 0.119122
0.202580 -0.318339 -0.926079 0.352865 -0.926270 -0.132324 0.000000 -0.988716 -0.149805 -0.146450 -0.988540 -0.036613 0.000000 -0.998812 -0.048723 0.048665 -0.997629 -0.048665 0.077009 -0.981859 0.173269 -0.047351 -0.994379 -0.094703 -0.019803 -0.990148 0.138621
0.397573 -0.340777 -0.851943 0.314945 -0.944835 -0.089984 0.000000 -0.982872 -0.184289 -0.141333 -0.989331 -0.035333 0.000000 -0.998812 -0.048723 0.048665 -0.997629 -0.048665 0.077009 -0.981859 0.173269 -0.047351 -0.994379 -0.094703 -0.019803 -0.990148 0.138621
0.560648 -0.293673 -0.774229 0.221621 -0.975133 0.000000 0.000000 -0.982872 -0.184289 -0.141421 -0.989949 0.000000 0.000000 -0.998812 -0.048723 0.048665 -0.997629 -0.048665 0.077009 -0.981859 0.173269 -0.047351 -0.994379 -0.094703 -0.019803 -0.990148 0.138621
0.652714 -0.271964 -0.707107 0.171184 -0.984309 0.042796 0.030700 -0.982409 -0.184202 -0.141333 -0.989331 -0.035333 0.000000 -0.998812 -0.048723 0.048665 -0.997629 -0.048665 0.077009 -0.981859 0.173269 -0.047351 -0.994379 -0.094703 -0.019803 -0.990148 0.138621
0.665384 -0.277243 -0.693109 0.131812 -0.966625 0.219687 0.030514 -0.976445 -0.213597 -0.141333 -0.989331 -0.035333 0.000000 -0.998812 -0.048723 0.048593 -0.996156 -0.072889 0.057628 -0.979683 0.192095 -0.047351 -0.994379 -0.094703 -0.019803 -0.990148 0.138621
0.699390 -0.242096 -0.672490 0.125218 -0.960001 0.250435 0.030514 -0.976445 -0.213597 -0.141069 -0.987484 -0.070535 0.000000 -0.998812 -0.048723 0.048593 -0.996156 -0.072889 0.057628 -0.979683 0.192095 -0.047351 -0.994379 -0.094703 -0.019745 -0.987248 0.157960
0.725241 -0.241747 -0.644658 0.125218 -0.960001 0.250435 0.030514 -0.976445 -0.213597 -0.146450 -0.988540 -0.036613 0.000000 -0.998812 -0.048723 0.048593 -0.996156 -0.072889 0.057628 -0.979683 0.192095 -0.047351 -0.994379 -0.094703 -0.019745 -0.987248 0.157960
0.725241 -0.241747 -0.644658 0.125218 -0.960001 0.250435 0.030303 -0.969697 -0.242424 -0.146450 -0.988540 -0.036613 0.000000 -0.998812 -0.048723 0.048593 -0.996156 -0.072889 0.057628 -0.979683 0.192095 -0.047351 -0.994379 -0.094703 -0.019745 -0.987248 0.157960
