-0.471672 0.875962 -0.101073 -0.707838 0.353919 -0.611315 0.054433 -0.952579 -0.299382 -0.240772 -0.963087 -0.120386 -0.086609 -0.996007 0.021652 0.047445 -0.996335 -0.071167 0.077894 -0.973677 0.214209 -0.094150 -0.988577 -0.117688 0.019897 -0.994840 0.099484
-0.563547 0.819705 -0.102463 -0.709795 0.339467 -0.617213 0.000000 -0.951709 -0.307003 -0.140028 -0.980196 -0.140028 -0.107958 -0.993217 0.043183 0.047445 -0.996335 -0.071167 0.077894 -0.973677 0.214209 -0.092009 -0.989094 -0.115011 0.019897 -0.994840 0.099484
-0.592349 0.770054 -0.236940 -0.744208 0.248069 -0.620174 0.000000 -0.951709 -0.307003 -0.134687 -0.976481 -0.168359 -0.086609 -0.996007 0.021652 0.047445 -0.996335 -0.071167 0.076444 -0.974661 0.210221 -0.092009 -0.989094 -0.115011 0.019897 -0.994840 0.099484
-0.619987 0.736235 -0.271244 -0.762001 0.127000 -0.635001 0.000000 -0.948683 -0.316228 -0.145000 -0.978749 -0.145000 -0.088540 -0.996073 0.000000 0.047445 -0.996335 -0.071167 0.095398 -0.973063 0.209876 -0.092009 -0.989094 -0.115011 0.019897 -0.994840 0.099484
-0.750577 0.554774 -0.358971 -0.730242 -0.173867 -0.660695 0.000000 -0.948683 -0.316228 -0.151078 -0.982006 -0.113308 -0.068024 -0.997684 0.000000 0.047445 -0.996335 -0.071167 0.077894 -0.973677 0.214209 -0.092009 -0.989094 -0.115011 0.019897 -0.994840 0.099484
-0.823492 0.335497 -0.457496 -0.707838 -0.353919 -0.611315 -0.031911 -0.957338 -0.287202 -0.150329 -0.977140 -0.150329 -0.068006 -0.997427 -0.022669 0.047445 -0.996335 -0.071167 0.077894 -0.973677 0.214209 -0.092009 -0.989094 -0.115011 0.019897 -0.994840 0.099484
-0.893684 0.123267 -0.431433 -0.588034 -0.555366 -0.588034 -0.032915 -0.954547 -0.296239 -0.145000 -0.978749 -0.145000 -0.069580 -0.997307 -0.023193 0.047445 -0.996335 -0.071167 0.077894 -0.973677 0.214209 -0.092009 -0.989094 -0.115011 0.019897 -0.994840 0.099484
-0.907265 -0.082479 -0.412393 -0.446159 -0.755038 -0.480479 0.000000 -0.957826 -0.287348 -0.180187 -0.973012 -0.144150 -0.069580 -0.997307 -0.023193 0.047445 -0.996335 -0.071167 0.077894 -0.973677 0.214209 -0.092009 -0.989094 -0.115011 0.019897 -0.994840 0.099484
-0.898650 -0.280828 -0.336994 -0.384371 -0.803685 -0.454257 0.000000 -0.955064 -0.296399 -0.174078 -0.974835 -0.139262 -0.069523 -0.996503 -0.046349 0.047445 -0.996335 -0.071167 0.077894 -0.973677 0.214209 -0.092009 -0.989094 -0.115011 0.019897 -0.994840 0.099484
-0.860447 -0.444102 -0.249807 -0.349215 -0.838116 -0.419058 0.000000 -0.955064 -0.296399 -0.168359 -0.976481 -0.134687 -0.069523 -0.996503 -0.046349 0.047445 -0.996335 -0.071167 0.077894 -0.973677 0.214209 -0.092009 -0.989094 -0.115011 0.019897 -0.994840 0.099484
-0.819916 -0.537186 -0.197911 -0.343807 -0.859518 -0.378188 0.000000 -0.954480 -0.298275 -0.187647 -0.975763 -0.112588 -0.069523 -0.996503 -0.046349 0.047445 -0.996335 -0.071167 0.077894 -0.973677 0.214209 -0.069135 -0.990931 -0.115225 0.000000 -0.995037 0.099504
-0.827896 -0.542415 -0.142741 -0.337869 -0.878459 -0.337869 0.000000 -0.957024 -0.290007 -0.232670 -0.969458 -0.077557 -0.069523 -0.996503 -0.046349 0.047445 -0.996335 -0.071167 0.077894 -0.973677 0.214209 -0.092229 -0.991457 -0.092229 0.000000 -0.995037 0.099504
-0.797831 -0.583031 -0.153429 -0.363456 -0.872295 -0.327111 0.000000 -0.957024 -0.290007 -0.232670 -0.969458 -0.077557 -0.069523 -0.996503 -0.046349 0.047445 -0.996335 -0.071167 0.077894 -0.973677 0.214209 -0.092229 -0.991457 -0.092229 -0.019897 -0.994840 0.099484
-0.811869 -0.571316 -0.120277 -0.331295 -0.883452 -0.331295 0.000000 -0.959366 -0.282166 -0.241747 -0.966988 -0.080582 -0.071167 -0.996335 -0.047445 0.047445 -0.996335 -0.071167 0.077894 -0.973677 0.214209 -0.092229 -0.991457 -0.092229 -0.019897 -0.994840 0.099484
-0.815693 -0.564710 -0.125491 -0.367607 -0.882258 -0.294086 0.000000 -0.959366 -0.282166 -0.242338 -0.969351 -0.040390 -0.047511 -0.997740 -0.047511 0.047445 -0.996335 -0.071167 0.077894 -0.973677 0.214209 -0.092229 -0.991457 -0.092229 -0.019897 -0.994840 0.099484
-0.821781 -0.537319 -0.189642 -0.379869 -0.873698 -0.303895 0.000000 -0.966705 -0.255893 -0.242338 -0.969351 -0.040390 -0.047511 -0.997740 -0.047511 0.047511 -0.997740 -0.047511 0.077894 -0.973677 0.214209 -0.092229 -0.991457 -0.092229 -0.019897 -0.994840 0.099484
-0.843338 -0.437287 -0.312348 -0.350590 -0.895953 -0.272681 0.000000 -0.968493 -0.249041 -0.242338 -0.969351 -0.040390 -0.047511 -0.997740 -0.047511 0.048665 -0.997629 -0.048665 0.076444 -0.974661 0.210221 -0.092229 -0.991457 -0.092229 -0.039770 -0.994250 0.099425
-0.816279 -0.391814 -0.424465 -0.358854 -0.877197 -0.318981 0.000000 -0.970143 -0.242536 -0.252199 -0.966762 -0.042033 -0.047552 -0.998586 -0.023776 0.048665 -0.997629 -0.048665 0.076444 -0.974661 0.210221 -0.092229 -0.991457 -0.092229 -0.039770 -0.994250 0.099425
-0.764316 -0.350311 -0.541390 -0.335377 -0.880366 -0.335377 0.000000 -0.970143 -0.242536 -0.252199 -0.966762 -0.042033 -0.047552 -0.998586 -0.023776 0.048665 -0.997629 -0.048665 0.076444 -0.974661 0.210221 -0.092229 -0.991457 -0.092229 -0.039770 -0.994250 0.099425
-0.758175 -0.291606 -0.583212 -0.172452 -0.905374 -0.388018 0.000000 -0.970143 -0.242536 -0.252199 -0.966762 -0.042033 -0.047552 -0.998586 -0.023776 0.048665 -0.997629 -0.048665 0.076444 -0.974661 0.210221 -0.092229 -0.991457 -0.092229 -0.039770 -0.994250 0.099425
-0.715860 -0.238620 -0.656205 -0.130189 -0.911322 -0.390567 0.000000 -0.976187 -0.216930 -0.252199 -0.966762 -0.042033 -0.047552 -0.998586 -0.023776 0.048665 -0.997629 -0.048665 0.076444 -0.974661 0.210221 -0.094386 -0.991051 -0.094386 -0.038999 -0.994471 0.097497
-0.624695 -0.218643 -0.749634 -0.082479 -0.907265 -0.412393 0.000000 -0.974859 -0.222825 -0.242338 -0.969351 -0.040390 -0.047565 -0.998868 0.000000 0.048665 -0.997629 -0.048665 0.076444 -0.974661 0.210221 -0.094386 -0.991051 -0.094386 -0.038999 -0.994471 0.097497
-0.580034 -0.183169 -0.793731 0.130189 -0.911322 -0.390567 0.029630 -0.977805 -0.207413 -0.232670 -0.969458 -0.077557 -0.047565 -0.998868 0.000000 0.048665 -0.997629 -0.048665 0.057628 -0.979683 0.192095 -0.094386 -0.991051 -0.094386 -0.038999 -0.994471 0.097497
-0.476731 -0.190693 -0.858116 0.213785 -0.897895 -0.384812 0.000000 -0.970143 -0.242536 -0.188311 -0.979217 -0.075324 -0.047565 -0.998868 0.000000 0.048665 -0.997629 -0.048665 0.057628 -0.979683 0.192095 -0.094386 -0.991051 -0.094386 -0.038999 -0.994471 0.097497
-0.365148 -0.182574 -0.912871 0.339887 -0.892205 -0.297402 0.000000 -0.968277 -0.249878 -0.181608 -0.980684 -0.072643 -0.047565 -0.998868 0.000000 0.048665 -0.997629 -0.048665 0.058733 -0.978888 0.195778 -0.094386 -0.991051 -0.094386 -0.038999 -0.994471 0.097497
-0.189737 -0.252982 -0.948683 0.431934 -0.863868 -0.259161 0.000000 -0.975441 -0.220261 -0.181012 -0.977466 -0.108607 -0.047552 -0.998586 -0.023776 0.048665 -0.997629 -0.048665 0.058733 -0.978888 0.195778 -0.094386 -0.991051 -0.094386 -0.038999 -0.994471 0.097497
0.029437 -0.235498 -0.971429 0.428353 -0.899541 -0.085671 0.000000 -0.976900 -0.213697 -0.181012 -0.977466 -0.108607 -0.023796 -0.999434 -0.023796 0.048665 -0.997629 -0.048665 0.058733 -0.978888 0.195778 -0.094386 -0.991051 -0.094386 -0.038918 -0.992398 0.116753
0.284210 -0.198947 -0.937894 0.341432 -0.938937 0.042679 0.000000 -0.970143 -0.242536 -0.181608 -0.980684 -0.072643 -0.023796 -0.999434 -0.023796 0.048665 -0.997629 -0.048665 0.058733 -0.978888 0.195778 -0.094386 -0.991051 -0.094386 -0.019470 -0.992962 0.116819
0.450025 -0.185305 -0.873579 0.239426 -0.957704 0.159617 0.000000 -0.968277 -0.249878 -0.175358 -0.982003 -0.070143 -0.023796 -0.999434 -0.023796 0.024354 -0.998516 -0.048708 0.058733 -0.978888 0.195778 -0.094386 -0.991051 -0.094386 -0.019470 -0.992962 0.116819
0.559885 -0.152696 -0.814379 0.189117 -0.945587 0.264764 0.000000 -0.968277 -0.249878 -0.175358 -0.982003 -0.070143 -0.023796 -0.999434 -0.023796 0.024354 -0.998516 -0.048708 0.058733 -0.978888 0.195778 -0.094386 -0.991051 -0.094386 -0.019470 -0.992962 0.116819
0.590910 -0.128459 -0.796444 0.184932 -0.924658 0.332877 0.000000 -0.968277 -0.249878 -0.175358 -0.982003 -0.070143 -0.023796 -0.999434 -0.023796 0.024354 -0.998516 -0.048708 0.058733 -0.978888 0.195778 -0.094386 -0.991051 -0.094386 -0.019854 -0.992681 0.119122
0.635001 -0.127000 -0.762001 0.146944 -0.918398 0.367359 0.000000 -0.975441 -0.220261 -0.175358 -0.982003 -0.070143 -0.023796 -0.999434 -0.023796 0.024354 -0.998516 -0.048708 0.058733 -0.978888 0.195778 -0.094386 -0.991051 -0.094386 -0.019854 -0.992681 0.119122
0.649405 -0.103905 -0.753310 0.144905 -0.905654 0.398488 0.031450 -0.974958 -0.220152 -0.209020 -0.975426 -0.069673 -0.023796 -0.999434 -0.023796 0.024354 -0.998516 -0.048708 0.039193 -0.979827 0.195965 -0.094386 -0.991051 -0.094386 -0.019803 -0.990148 0.138621
0.678363 -0.078273 -0.730545 0.140286 -0.911860 0.385787 0.031220 -0.967805 -0.249756 -0.209020 -0.975426 -0.069673 -0.023796 -0.999434 -0.023796 0.024354 -0.998516 -0.048708 0.039337 -0.983422 0.177016 -0.094386 -0.991051 -0.094386 -0.019803 -0.990148 0.138621
0.691431 -0.079780 -0.718024 0.142134 -0.923870 0.355335 0.031220 -0.967805 -0.249756 -0.209401 -0.977207 -0.034900 -0.023796 -0.999434 -0.023796 0.024354 -0.998516 -0.048708 0.039337 -0.983422 0.177016 -0.094386 -0.991051 -0.094386 -0.019803 -0.990148 0.138621
0.690724 -0.082887 -0.718353 0.178800 -0.929758 0.321839 0.031450 -0.974958 -0.220152 -0.216366 -0.973645 -0.072122 -0.023796 -0.999434 -0.023796 0.024354 -0.998516 -0.048708 0.039337 -0.983422 0.177016 -0.094386 -0.991051 -0.094386 -0.019803 -0.990148 0.138621
0.681330 -0.162221 -0.713774 0.237729 -0.950915 0.198107 0.031450 -0.974958 -0.220152 -0.216789 -0.975550 -0.036131 -0.023796 -0.999434 -0.023796 0.024354 -0.998516 -0.048708 0.039337 -0.983422 0.177016 -0.094386 -0.991051 -0.094386 -0.019803 -0.990148 0.138621
0.675352 -0.202606 -0.709120 0.287213 -0.943701 0.164122 0.031450 -0.974958 -0.220152 -0.216789 -0.975550 -0.036131 -0.023796 -0.999434 -0.023796 0.024354 -0.998516 -0.048708 0.039337 -0.983422 0.177016 -0.094386 -0.991051 -0.094386 -0.019803 -0.990148 0.138621
0.651312 -0.239957 -0.719871 0.338971 -0.932170 0.127114 0.031654 -0.981288 -0.189927 -0.216366 -0.973645 -0.072122 -0.023796 -0.999434 -0.023796 0.024354 -0.998516 -0.048708 0.039337 -0.983422 0.177016 -0.094386 -0.991051 -0.094386 -0.019803 -0.990148 0.138621
0.647415 -0.251773 -0.719350 0.340503 -0.936382 0.085126 0.031654 -0.981288 -0.189927 -0.216366 -0.973645 -0.072122 -0.023796 -0.999434 -0.023796 0.024318 -0.997039 -0.072954 0.039337 -0.983422 0.177016 -0.094386 -0.991051 -0.094386 -0.019745 -0.987248 0.157960
0.647415 -0.251773 -0.719350 0.340503 -0.936382 0.085126 0.031450 -0.974958 -0.220152 -0.216366 -0.973645 -0.072122 -0.023796 -0.999434 -0.023796 0.048593 -0.996156 -0.072889 0.039337 -0.983422 0.177016 -0.094386 -0.991051 -0.094386 -0.019745 -0.987248 0.157960
0.630900 -0.245350 -0.736050 0.340503 -0.936382 0.085126 0.031450 -0.974958 -0.220152 -0.216366 -0.973645 -0.072122 -0.023776 -0.998586 -0.047552 0.048593 -0.996156 -0.072889 0.039337 -0.983422 0.177016 -0.094386 -0.991051 -0.094386 -0.019745 -0.987248 0.157960
