-0.599023 0.798697 -0.057050 -0.642058 -0.080257 -0.762444 0.030514 -0.976445 -0.213597 -0.169031 -0.980379 -0.101419 -0.045361 -0.997940 -0.045361 0.024376 -0.999406 -0.024376 0.059631 -0.973980 0.218649 -0.071067 -0.994937 -0.071067 0.000000 -0.990342 0.138648
-0.599755 0.799674 -0.028560 -0.643614 -0.040226 -0.764292 0.030514 -0.976445 -0.213597 -0.109254 -0.983282 -0.145671 -0.045361 -0.997940 -0.045361 0.024376 -0.999406 -0.024376 0.058498 -0.974972 0.214494 -0.071067 -0.994937 -0.071067 0.019803 -0.990148 0.138621
-0.594176 0.802137 -0.059418 -0.644136 0.000000 -0.764911 0.030303 -0.969697 -0.242424 -0.113878 -0.986947 -0.113878 -0.045361 -0.997940 -0.045361 0.024376 -0.999406 -0.024376 0.058498 -0.974972 0.214494 -0.069430 -0.995168 -0.069430 0.020253 -0.992383 0.121516
-0.623480 0.779350 -0.062348 -0.619644 0.000000 -0.784883 0.030303 -0.969697 -0.242424 -0.113878 -0.986947 -0.113878 -0.045361 -0.997940 -0.045361 0.024376 -0.999406 -0.024376 0.058498 -0.974972 0.214494 -0.069430 -0.995168 -0.069430 0.020253 -0.992383 0.121516
-0.620453 0.775567 -0.116335 -0.667124 0.074125 -0.741249 0.031220 -0.967805 -0.249756 -0.109764 -0.987878 -0.109764 -0.045361 -0.997940 -0.045361 0.024376 -0.999406 -0.024376 0.058498 -0.974972 0.214494 -0.069430 -0.995168 -0.069430 0.020253 -0.992383 0.121516
-0.690942 0.690942 -0.212598 -0.717180 0.130396 -0.684580 0.032444 -0.973329 -0.227110 -0.105934 -0.988714 -0.105934 -0.068006 -0.997427 -0.022669 0.024376 -0.999406 -0.024376 0.058498 -0.974972 0.214494 -0.069430 -0.995168 -0.069430 0.020253 -0.992383 0.121516
-0.762684 0.550828 -0.338971 -0.684712 -0.108112 -0.720750 0.030514 -0.976445 -0.213597 -0.109764 -0.987878 -0.109764 -0.067954 -0.996659 -0.045303 0.024376 -0.999406 -0.024376 0.058498 -0.974972 0.214494 -0.069430 -0.995168 -0.069430 0.020253 -0.992383 0.121516
-0.828568 0.376622 -0.414284 -0.647415 -0.251773 -0.719350 0.030303 -0.969697 -0.242424 -0.110133 -0.991201 -0.073422 -0.067954 -0.996659 -0.045303 0.024383 -0.999703 0.000000 0.058733 -0.978888 0.195778 -0.069430 -0.995168 -0.069430 0.020253 -0.992383 0.121516
-0.878006 0.250859 -0.407646 -0.536399 -0.500639 -0.679439 0.030303 -0.969697 -0.242424 -0.136320 -0.988317 -0.068160 -0.067867 -0.995383 -0.067867 0.024383 -0.999703 0.000000 0.058733 -0.978888 0.195778 -0.069430 -0.995168 -0.069430 0.020253 -0.992383 0.121516
-0.905097 0.028284 -0.424264 -0.454812 -0.629740 -0.629740 0.030303 -0.969697 -0.242424 -0.136320 -0.988317 -0.068160 -0.067867 -0.995383 -0.067867 0.024383 -0.999703 0.000000 0.058733 -0.978888 0.195778 -0.069430 -0.995168 -0.069430 0.020668 -0.992066 0.124008
-0.907951 -0.165082 -0.385191 -0.365451 -0.764124 -0.531564 0.031220 -0.967805 -0.249756 -0.164045 -0.984268 -0.065618 -0.067867 -0.995383 -0.067867 0.024383 -0.999703 0.000000 0.058733 -0.978888 0.195778 -0.069430 -0.995168 -0.069430 0.020668 -0.992066 0.124008
-0.857382 -0.401898 -0.321518 -0.333148 -0.799556 -0.499722 0.031220 -0.967805 -0.249756 -0.164045 -0.984268 -0.065618 -0.069430 -0.995168 -0.069430 0.024383 -0.999703 0.000000 0.058733 -0.978888 0.195778 -0.069430 -0.995168 -0.069430 0.020668 -0.992066 0.124008
-0.818927 -0.518654 -0.245678 -0.269069 -0.874475 -0.403604 0.000000 -0.970143 -0.242536 -0.169516 -0.983192 -0.067806 -0.069301 -0.993307 -0.092401 0.024383 -0.999703 0.000000 0.058733 -0.978888 0.195778 -0.069430 -0.995168 -0.069430 0.000000 -0.994618 0.103606
-0.768610 -0.597808 -0.227736 -0.272639 -0.886078 -0.374879 0.000000 -0.970143 -0.242536 -0.169516 -0.983192 -0.067806 -0.069430 -0.995168 -0.069430 0.024376 -0.999406 -0.024376 0.058498 -0.974972 0.214494 -0.069430 -0.995168 -0.069430 0.000000 -0.994618 0.103606
-0.769379 -0.621421 -0.147957 -0.272639 -0.886078 -0.374879 0.029437 -0.971429 -0.235498 -0.209020 -0.975426 -0.069673 -0.069430 -0.995168 -0.069430 0.024376 -0.999406 -0.024376 0.058498 -0.974972 0.214494 -0.069430 -0.995168 -0.069430 0.000000 -0.994618 0.103606
-0.769379 -0.621421 -0.147957 -0.276026 -0.897085 -0.345033 0.029437 -0.971429 -0.235498 -0.181608 -0.980684 -0.072643 -0.046349 -0.996503 -0.069523 0.024376 -0.999406 -0.024376 0.058498 -0.974972 0.214494 -0.069430 -0.995168 -0.069430 -0.020717 -0.994405 0.103584
-0.753094 -0.632599 -0.180743 -0.288300 -0.900937 -0.324337 0.029437 -0.971429 -0.235498 -0.181608 -0.980684 -0.072643 -0.046349 -0.996503 -0.069523 0.024376 -0.999406 -0.024376 0.058498 -0.974972 0.214494 -0.069430 -0.995168 -0.069430 -0.020717 -0.994405 0.103584
-0.779688 -0.599760 -0.179928 -0.288300 -0.900937 -0.324337 0.029437 -0.971429 -0.235498 -0.181608 -0.980684 -0.072643 -0.046349 -0.996503 -0.069523 0.024376 -0.999406 -0.024376 0.058498 -0.974972 0.214494 -0.069430 -0.995168 -0.069430 -0.020717 -0.994405 0.103584
-0.790789 -0.547469 -0.273735 -0.297936 -0.893807 -0.335178 0.029437 -0.971429 -0.235498 -0.181608 -0.980684 -0.072643 -0.046349 -0.996503 -0.069523 0.024376 -0.999406 -0.024376 0.058498 -0.974972 0.214494 -0.069430 -0.995168 -0.069430 -0.020717 -0.994405 0.103584
-0.814822 -0.452679 -0.362143 -0.297936 -0.893807 -0.335178 0.028796 -0.979051 -0.201569 -0.188713 -0.981307 -0.037743 -0.046349 -0.996503 -0.069523 0.024376 -0.999406 -0.024376 0.058498 -0.974972 0.214494 -0.069430 -0.995168 -0.069430 -0.020717 -0.994405 0.103584
-0.804295 -0.371213 -0.464016 -0.272681 -0.895953 -0.350590 0.028796 -0.979051 -0.201569 -0.188713 -0.981307 -0.037743 -0.046349 -0.996503 -0.069523 0.024376 -0.999406 -0.024376 0.058498 -0.974972 0.214494 -0.069430 -0.995168 -0.069430 -0.020717 -0.994405 0.103584
-0.777087 -0.341918 -0.528419 -0.240966 -0.883541 -0.401610 0.028796 -0.979051 -0.201569 -0.195965 -0.979827 -0.039193 -0.046349 -0.996503 -0.069523 0.024376 -0.999406 -0.024376 0.058498 -0.974972 0.214494 -0.069430 -0.995168 -0.069430 -0.041407 -0.993765 0.103517
-0.738200 -0.276825 -0.615166 -0.169485 -0.889799 -0.423714 0.028006 -0.980196 -0.196039 -0.203785 -0.978167 -0.040757 -0.046349 -0.996503 -0.069523 0.024376 -0.999406 -0.024376 0.058498 -0.974972 0.214494 -0.069430 -0.995168 -0.069430 -0.041407 -0.993765 0.103517
-0.688247 -0.229416 -0.688247 0.000000 -0.902861 -0.429934 0.028796 -0.979051 -0.201569 -0.203785 -0.978167 -0.040757 -0.046349 -0.996503 -0.069523 0.024376 -0.999406 -0.024376 0.058498 -0.974972 0.214494 -0.069430 -0.995168 -0.069430 -0.041407 -0.993765 0.103517
-0.614993 -0.204998 -0.761420 0.085671 -0.899541 -0.428353 0.029630 -0.977805 -0.207413 -0.195965 -0.979827 -0.039193 -0.046349 -0.996503 -0.069523 0.024376 -0.999406 -0.024376 0.058498 -0.974972 0.214494 -0.069430 -0.995168 -0.069430 -0.041407 -0.993765 0.103517
-0.487769 -0.182913 -0.853595 0.127920 -0.895443 -0.426401 0.029801 -0.983433 -0.178806 -0.195965 -0.979827 -0.039193 -0.046349 -0.996503 -0.069523 0.024376 -0.999406 -0.024376 0.058498 -0.974972 0.214494 -0.069430 -0.995168 -0.069430 -0.041407 -0.993765 0.103517
-0.375551 -0.187775 -0.907580 0.210166 -0.882696 -0.420331 0.030700 -0.982409 -0.184202 -0.188713 -0.981307 -0.037743 -0.046349 -0.996503 -0.069523 0.024376 -0.999406 -0.024376 0.058498 -0.974972 0.214494 -0.069430 -0.995168 -0.069430 -0.041407 -0.993765 0.103517
-0.274115 -0.182743 -0.944175 0.376638 -0.878823 -0.292941 0.031654 -0.981288 -0.189927 -0.181608 -0.980684 -0.072643 -0.046349 -0.996503 -0.069523 0.024376 -0.999406 -0.024376 0.059880 -0.978046 0.199601 -0.069430 -0.995168 -0.069430 -0.041310 -0.991431 0.123929
-0.090577 -0.241539 -0.966155 0.376638 -0.878823 -0.292941 0.030700 -0.982409 -0.184202 -0.181608 -0.980684 -0.072643 -0.023193 -0.997307 -0.069580 0.024376 -0.999406 -0.024376 0.059880 -0.978046 0.199601 -0.069430 -0.995168 -0.069430 -0.041310 -0.991431 0.123929
0.141705 -0.226728 -0.963594 0.352865 -0.926270 -0.132324 0.030514 -0.976445 -0.213597 -0.181608 -0.980684 -0.072643 -0.023193 -0.997307 -0.069580 0.024376 -0.999406 -0.024376 0.059880 -0.978046 0.199601 -0.069430 -0.995168 -0.069430 -0.020668 -0.992066 0.124008
0.350711 -0.188845 -0.917245 0.291162 -0.956674 0.000000 0.030514 -0.976445 -0.213597 -0.181608 -0.980684 -0.072643 -0.023193 -0.997307 -0.069580 0.024376 -0.999406 -0.024376 0.059880 -0.978046 0.199601 -0.069430 -0.995168 -0.069430 -0.020668 -0.992066 0.124008
0.504030 -0.159167 -0.848893 0.242338 -0.969351 0.040390 0.031220 -0.967805 -0.249756 -0.175682 -0.983820 -0.035136 -0.023193 -0.997307 -0.069580 0.024376 -0.999406 -0.024376 0.059880 -0.978046 0.199601 -0.069430 -0.995168 -0.069430 -0.020611 -0.989323 0.144276
0.609234 -0.166155 -0.775388 0.241747 -0.966988 0.080582 0.030303 -0.969697 -0.242424 -0.175682 -0.983820 -0.035136 -0.023193 -0.997307 -0.069580 0.024376 -0.999406 -0.024376 0.059880 -0.978046 0.199601 -0.069430 -0.995168 -0.069430 -0.020611 -0.989323 0.144276
0.686544 -0.137309 -0.714006 0.203279 -0.975739 0.081312 0.030514 -0.976445 -0.213597 -0.175358 -0.982003 -0.070143 -0.023193 -0.997307 -0.069580 0.024376 -0.999406 -0.024376 0.059880 -0.978046 0.199601 -0.069430 -0.995168 -0.069430 -0.020611 -0.989323 0.144276
0.754829 -0.107833 -0.646997 0.194772 -0.973862 0.116863 0.030303 -0.969697 -0.242424 -0.175358 -0.982003 -0.070143 0.000000 -0.997459 -0.071247 0.024376 -0.999406 -0.024376 0.059880 -0.978046 0.199601 -0.069430 -0.995168 -0.069430 -0.020611 -0.989323 0.144276
0.791924 -0.109231 -0.600770 0.194772 -0.973862 0.116863 0.030303 -0.969697 -0.242424 -0.181608 -0.980684 -0.072643 0.000000 -0.998868 -0.047565 0.024376 -0.999406 -0.024376 0.059880 -0.978046 0.199601 -0.069430 -0.995168 -0.069430 -0.020611 -0.989323 0.144276
0.784010 -0.116150 -0.609785 0.199840 -0.959233 0.199840 0.030303 -0.969697 -0.242424 -0.181969 -0.982631 -0.036394 0.000000 -0.998868 -0.047565 0.024376 -0.999406 -0.024376 0.059880 -0.978046 0.199601 -0.069430 -0.995168 -0.069430 -0.020546 -0.986186 0.164364
0.794826 -0.113547 -0.596120 0.161034 -0.966204 0.201292 0.030303 -0.969697 -0.242424 -0.181969 -0.982631 -0.036394 0.000000 -0.998868 -0.047565 0.024376 -0.999406 -0.024376 0.059880 -0.978046 0.199601 -0.069430 -0.995168 -0.069430 -0.020546 -0.986186 0.164364
0.797077 -0.085401 -0.597808 0.161034 -0.966204 0.201292 0.030514 -0.976445 -0.213597 -0.181608 -0.980684 -0.072643 0.000000 -0.998868 -0.047565 0.024376 -0.999406 -0.024376 0.059880 -0.978046 0.199601 -0.069430 -0.995168 -0.069430 -0.020546 -0.986186 0.164364
0.772375 -0.085819 -0.629343 0.159617 -0.957704 0.239426 0.030514 -0.976445 -0.213597 -0.181608 -0.980684 -0.072643 0.000000 -0.998920 -0.046461 0.024376 -0.999406 -0.024376 0.060108 -0.981769 0.180325 -0.069430 -0.995168 -0.069430 -0.020546 -0.986186 0.164364
0.772375 -0.085819 -0.629343 0.159617 -0.957704 0.239426 0.030514 -0.976445 -0.213597 -0.181608 -0.980684 -0.072643 0.000000 -0.998920 -0.046461 0.024376 -0.999406 -0.024376 0.040112 -0.982756 0.180506 -0.069430 -0.995168 -0.069430 -0.020970 -0.985604 0.167762
0.772375 -0.085819 -0.629343 0.161034 -0.966204 0.201292 0.030514 -0.976445 -0.213597 -0.181969 -0.982631 -0.036394 0.000000 -0.998920 -0.046461 0.024376 -0.999406 -0.024376 0.040112 -0.982756 0.180506 -0.069430 -0.995168 -0.069430 -0.020970 -0.985604 0.167762
0.760442 -0.087743 -0.643451 0.121466 -0.971732 0.202444 0.030514 -0.976445 -0.213597 -0.181969 -0.982631 -0.036394 0.000000 -0.998920 -0.046461 0.024376 -0.999406 -0.024376 0.040112 -0.982756 0.180506 -0.069430 -0.995168 -0.069430 -0.020970 -0.985604 0.167762
0.730153 -0.112331 -0.673987 0.120386 -0.963087 0.240772 0.060943 -0.975084 -0.213300 -0.181608 -0.980684 -0.072643 0.000000 -0.998920 -0.046461 0.024376 -0.999406 -0.024376 0.040112 -0.982756 0.180506 -0.069430 -0.995168 -0.069430 -0.020970 -0.985604 0.167762
0.730153 -0.112331 -0.673987 0.120386 -0.963087 0.240772 0.060943 -0.975084 -0.213300 -0.181608 -0.980684 -0.072643 0.000000 -0.998920 -0.046461 0.024376 -0.999406 -0.024376 0.040112 -0.982756 0.180506 -0.071067 -0.994937 -0.071067 -0.040919 -0.982049 0.184134
0.730153 -0.112331 -0.673987 0.121466 -0.971732 0.202444 0.060943 -0.975084 -0.213300 -0.181608 -0.980684 -0.072643 0.000000 -0.998920 -0.046461 0.024376 -0.999406 -0.024376 0.040112 -0.982756 0.180506 -0.071067 -0.994937 -0.071067 -0.040919 -0.982049 0.184134
0.716630 -0.114661 -0.687964 0.121466 -0.971732 0.202444 0.062807 -0.973515 -0.219826 -0.181608 -0.980684 -0.072643 0.000000 -0.998920 -0.046461 0.024376 -0.999406 -0.024376 0.040112 -0.982756 0.180506 -0.071067 -0.994937 -0.071067 -0.040919 -0.982049 0.184134
0.716630 -0.114661 -0.687964 0.121466 -0.971732 0.202444 0.062807 -0.973515 -0.219826 -0.181608 -0.980684 -0.072643 0.000000 -0.998920 -0.046461 0.024376 -0.999406 -0.024376 0.040112 -0.982756 0.180506 -0.071067 -0.994937 -0.071067 -0.040919 -0.982049 0.184134
0.687964 -0.114661 -0.716630 0.121466 -0.971732 0.202444 0.062807 -0.973515 -0.219826 -0.181969 -0.982631 -0.036394 0.000000 -0.998920 -0.046461 0.024376 -0.999406 -0.024376 0.040112 -0.982756 0.180506 -0.071067 -0.994937 -0.071067 -0.040919 -0.982049 0.184134
0.687964 -0.114661 -0.716630 0.121466 -0.971732 0.202444 0.093296 -0.964054 -0.248788 -0.181969 -0.982631 -0.036394 0.000000 -0.998920 -0.046461 0.024376 -0.999406 -0.024376 0.040112 -0.982756 0.180506 -0.071067 -0.994937 -0.071067 -0.040919 -0.982049 0.184134
0.687964 -0.114661 -0.716630 0.121466 -0.971732 0.202444 0.062807 -0.973515 -0.219826 -0.146157 -0.986559 -0.073078 0.000000 -0.998920 -0.046461 0.024376 -0.999406 -0.024376 0.040112 -0.982756 0.180506 -0.071067 -0.994937 -0.071067 -0.040919 -0.982049 0.184134
