-0.574380 0.804132 -0.153168 -0.436006 0.402467 -0.804934 0.000000 -0.966235 -0.257663 -0.076472 -0.994135 -0.076472 0.000000 -0.998969 0.045408 0.000000 -0.999014 -0.044401 0.084667 -0.973668 0.211667 -0.127000 -0.965201 -0.228600 0.067183 -0.985349 0.156760
-0.557086 0.817059 -0.148556 -0.436006 0.402467 -0.804934 0.000000 -0.972082 -0.234641 -0.073671 -0.994558 -0.073671 0.022698 -0.998711 0.045396 0.000000 -0.999014 -0.044401 0.084667 -0.973668 0.211667 -0.127000 -0.965201 -0.228600 0.067183 -0.985349 0.156760
-0.557086 0.817059 -0.148556 -0.436006 0.402467 -0.804934 0.000000 -0.972082 -0.234641 -0.073671 -0.994558 -0.073671 0.022716 -0.999484 0.022716 0.000000 -0.999014 -0.044401 0.084667 -0.973668 0.211667 -0.127000 -0.965201 -0.228600 0.067183 -0.985349 0.156760
-0.553660 0.812035 -0.184553 -0.441758 0.373795 -0.815553 0.000000 -0.972082 -0.234641 -0.073671 -0.994558 -0.073671 0.045396 -0.998711 0.022698 0.000000 -0.999014 -0.044401 0.084667 -0.973668 0.211667 -0.130189 -0.963398 -0.234340 0.065732 -0.985979 0.153375
-0.578481 0.795412 -0.180775 -0.447214 0.344010 -0.825625 0.000000 -0.972082 -0.234641 -0.073671 -0.994558 -0.073671 0.045396 -0.998711 0.022698 0.000000 -0.999014 -0.044401 0.084667 -0.973668 0.211667 -0.130189 -0.963398 -0.234340 0.065732 -0.985979 0.153375
-0.585802 0.768865 -0.256288 -0.423999 0.317999 -0.847998 0.000000 -0.972082 -0.234641 -0.073671 -0.994558 -0.073671 0.022669 -0.997427 0.068006 0.000000 -0.999014 -0.044401 0.084667 -0.973668 0.211667 -0.130189 -0.963398 -0.234340 0.043874 -0.987165 0.153559
-0.612637 0.720750 -0.324337 -0.428571 0.285714 -0.857143 0.000000 -0.973841 -0.227230 -0.073671 -0.994558 -0.073671 0.000000 -0.997575 0.069598 0.000000 -0.999014 -0.044401 0.084667 -0.973668 0.211667 -0.130189 -0.963398 -0.234340 0.043874 -0.987165 0.153559
-0.612637 0.720750 -0.324337 -0.419570 0.244749 -0.874105 0.000000 -0.973841 -0.227230 -0.073671 -0.994558 -0.073671 0.000000 -0.997575 0.069598 0.000000 -0.999014 -0.044401 0.084667 -0.973668 0.211667 -0.130189 -0.963398 -0.234340 0.043874 -0.987165 0.153559
-0.612637 0.720750 -0.324337 -0.422944 0.211472 -0.881134 0.000000 -0.973841 -0.227230 -0.073671 -0.994558 -0.073671 0.000000 -0.995701 0.092623 0.000000 -0.999014 -0.044401 0.084667 -0.973668 0.211667 -0.130189 -0.963398 -0.234340 0.044845 -0.986587 0.156957
-0.642448 0.678139 -0.356915 -0.422944 0.211472 -0.881134 0.000000 -0.973841 -0.227230 -0.036911 -0.996588 -0.073821 0.046411 -0.997844 0.046411 0.000000 -0.999014 -0.044401 0.084667 -0.973668 0.211667 -0.130189 -0.963398 -0.234340 0.044845 -0.986587 0.156957
-0.642448 0.678139 -0.356915 -0.454257 0.174714 -0.873571 0.000000 -0.966235 -0.257663 -0.038405 -0.998524 -0.038405 0.071227 -0.997178 0.023742 0.000000 -0.999014 -0.044401 0.084667 -0.973668 0.211667 -0.130189 -0.963398 -0.234340 0.067183 -0.985349 0.156760
-0.634023 0.669246 -0.387458 -0.454257 0.174714 -0.873571 0.000000 -0.966235 -0.257663 0.000000 -0.999261 -0.038433 0.021713 -0.998821 0.043427 0.000000 -0.999014 -0.044401 0.084667 -0.973668 0.211667 -0.130189 -0.963398 -0.234340 0.067183 -0.985349 0.156760
-0.649097 0.649097 -0.396670 -0.454257 0.174714 -0.873571 0.000000 -0.968277 -0.249878 0.000000 -0.996815 -0.079745 -0.021229 -0.997744 0.063686 0.000000 -0.999014 -0.044401 0.084667 -0.973668 0.211667 -0.127000 -0.965201 -0.228600 0.068698 -0.984675 0.160296
-0.649097 0.649097 -0.396670 -0.454257 0.174714 -0.873571 0.000000 -0.966235 -0.257663 0.043274 -0.995307 -0.086548 -0.043274 -0.995307 0.086548 0.000000 -0.999014 -0.044401 0.084667 -0.973668 0.211667 -0.127000 -0.965201 -0.228600 0.068698 -0.984675 0.160296
-0.658145 0.658145 -0.365636 -0.440741 0.169516 -0.881483 0.000000 -0.966235 -0.257663 0.238095 -0.952381 -0.190476 0.022716 -0.999484 0.022716 0.000000 -0.999014 -0.044401 0.084667 -0.973668 0.211667 -0.127000 -0.965201 -0.228600 0.068698 -0.984675 0.160296
-0.620752 0.693782 -0.365148 -0.469809 0.134231 -0.872503 0.000000 -0.966235 -0.257663 0.128271 -0.983409 -0.128271 -0.021713 -0.998821 0.043427 0.000000 -0.999014 -0.044401 0.084667 -0.973668 0.211667 -0.127000 -0.965201 -0.228600 0.091430 -0.982873 0.160003
-0.620752 0.693782 -0.365148 -0.469809 0.134231 -0.872503 0.000000 -0.966235 -0.257663 0.123091 -0.984732 -0.123091 -0.043345 -0.996942 0.065018 0.000000 -0.999014 -0.044401 0.084667 -0.973668 0.211667 -0.127000 -0.965201 -0.228600 0.091430 -0.982873 0.160003
-0.620752 0.693782 -0.365148 -0.469809 0.134231 -0.872503 0.000000 -0.966235 -0.257663 0.079493 -0.993661 -0.079493 -0.044227 -0.995098 0.088453 0.000000 -0.999014 -0.044401 0.084667 -0.973668 0.211667 -0.127000 -0.965201 -0.228600 0.091430 -0.982873 0.160003
-0.620752 0.693782 -0.365148 -0.469809 0.134231 -0.872503 0.000000 -0.968277 -0.249878 0.082761 -0.993127 -0.082761 0.023224 -0.998651 0.046449 0.000000 -0.999056 -0.043437 0.086447 -0.972533 0.216118 -0.127000 -0.965201 -0.228600 0.091430 -0.982873 0.160003
-0.620752 0.693782 -0.365148 -0.469809 0.134231 -0.872503 0.000000 -0.968277 -0.249878 0.041487 -0.995688 -0.082974 0.047552 -0.998586 0.023776 0.000000 -0.999056 -0.043437 0.086447 -0.972533 0.216118 -0.127000 -0.965201 -0.228600 0.091430 -0.982873 0.160003
-0.620752 0.693782 -0.365148 -0.469809 0.134231 -0.872503 0.000000 -0.968277 -0.249878 0.039841 -0.996024 -0.079682 0.071227 -0.997178 0.023742 0.000000 -0.999056 -0.043437 0.086447 -0.972533 0.216118 -0.127000 -0.965201 -0.228600 0.091430 -0.982873 0.160003
-0.620752 0.693782 -0.365148 -0.469809 0.134231 -0.872503 0.000000 -0.968277 -0.249878 0.039841 -0.996024 -0.079682 0.000000 -0.995495 0.094809 0.000000 -0.999056 -0.043437 0.086447 -0.972533 0.216118 -0.130189 -0.963398 -0.234340 0.089420 -0.983624 0.156486
-0.620752 0.693782 -0.365148 -0.469809 0.134231 -0.872503 0.000000 -0.968277 -0.249878 0.039841 -0.996024 -0.079682 -0.023636 -0.992711 0.118180 0.000000 -0.999056 -0.043437 0.086447 -0.972533 0.216118 -0.130189 -0.963398 -0.234340 0.089420 -0.983624 0.156486
-0.642448 0.678139 -0.356915 -0.443039 0.136320 -0.886078 0.000000 -0.968277 -0.249878 0.039841 -0.996024 -0.079682 -0.047088 -0.988851 0.141264 0.000000 -0.999056 -0.043437 0.086447 -0.972533 0.216118 -0.130189 -0.963398 -0.234340 0.089420 -0.983624 0.156486
-0.623783 0.686161 -0.374270 -0.416356 0.037851 -0.908413 0.000000 -0.970143 -0.242536 0.041487 -0.995688 -0.082974 0.023742 -0.997178 0.071227 0.000000 -0.999056 -0.043437 0.086447 -0.972533 0.216118 -0.130189 -0.963398 -0.234340 0.089420 -0.983624 0.156486
-0.622239 0.681500 -0.385196 -0.398726 0.000000 -0.917070 0.000000 -0.970143 -0.242536 0.041487 -0.995688 -0.082974 -0.022081 -0.993641 0.110405 0.000000 -0.999056 -0.043437 0.086447 -0.972533 0.216118 -0.130946 -0.968998 -0.209513 0.089420 -0.983624 0.156486
-0.602961 0.689098 -0.401974 -0.397464 -0.079493 -0.914168 0.000000 -0.970143 -0.242536 0.041487 -0.995688 -0.082974 -0.021607 -0.993912 0.108034 0.000000 -0.999056 -0.043437 0.086447 -0.972533 0.216118 -0.130946 -0.968998 -0.209513 0.089420 -0.983624 0.156486
-0.653683 0.625262 -0.426315 -0.375653 -0.125218 -0.918262 0.000000 -0.970143 -0.242536 0.041487 -0.995688 -0.082974 -0.043183 -0.993217 0.107958 0.000000 -0.999056 -0.043437 0.086447 -0.972533 0.216118 -0.130946 -0.968998 -0.209513 0.089420 -0.983624 0.156486
-0.694850 0.550090 -0.463233 -0.420331 -0.210166 -0.882696 0.000000 -0.970143 -0.242536 0.043073 -0.990680 -0.129219 -0.044302 -0.996805 0.066454 0.000000 -0.999056 -0.043437 0.086447 -0.972533 0.216118 -0.130946 -0.968998 -0.209513 0.089712 -0.986835 0.134568
-0.729636 0.437781 -0.525338 -0.411693 -0.288185 -0.864556 0.000000 -0.968277 -0.249878 0.044677 -0.982888 -0.178707 -0.046449 -0.998651 0.023224 0.000000 -0.999056 -0.043437 0.086447 -0.972533 0.216118 -0.130946 -0.968998 -0.209513 0.089420 -0.983624 0.156486
-0.758175 0.291606 -0.583212 -0.408248 -0.408248 -0.816497 0.000000 -0.970143 -0.242536 0.044992 -0.989827 -0.134976 -0.024383 -0.999703 0.000000 0.000000 -0.999056 -0.043437 0.086447 -0.972533 0.216118 -0.130946 -0.968998 -0.209513 0.089420 -0.983624 0.156486
-0.810319 0.202580 -0.549859 -0.356313 -0.554265 -0.752217 0.000000 -0.970143 -0.242536 0.044992 -0.989827 -0.134976 0.000000 -0.999703 -0.024383 0.000000 -0.999056 -0.043437 0.064942 -0.974126 0.216473 -0.130946 -0.968998 -0.209513 0.089420 -0.983624 0.156486
-0.849640 0.000000 -0.527363 -0.340655 -0.605609 -0.719161 0.000000 -0.970143 -0.242536 -0.038320 -0.996322 -0.076640 0.000000 -0.998752 -0.049938 0.000000 -0.999056 -0.043437 0.064942 -0.974126 0.216473 -0.130946 -0.968998 -0.209513 0.089420 -0.983624 0.156486
-0.894148 -0.115374 -0.432652 -0.333333 -0.666667 -0.666667 0.000000 -0.970143 -0.242536 -0.071202 -0.996826 -0.035601 0.000000 -0.998752 -0.049938 0.000000 -0.999056 -0.043437 0.064942 -0.974126 0.216473 -0.130946 -0.968998 -0.209513 0.067183 -0.985349 0.156760
-0.929981 -0.116248 -0.348743 -0.340655 -0.719161 -0.605609 0.000000 -0.970143 -0.242536 -0.106466 -0.993683 -0.035489 0.000000 -0.998752 -0.049938 0.000000 -0.999056 -0.043437 0.086447 -0.972533 0.216118 -0.130946 -0.968998 -0.209513 0.067183 -0.985349 0.156760
-0.950681 -0.089126 -0.297088 -0.381802 -0.725423 -0.572703 0.000000 -0.970143 -0.242536 -0.102839 -0.994107 -0.034280 0.000000 -0.998688 -0.051215 0.000000 -0.999056 -0.043437 0.086447 -0.972533 0.216118 -0.130946 -0.968998 -0.209513 0.067183 -0.985349 0.156760
-0.970143 0.000000 -0.242536 -0.444140 -0.703222 -0.555175 0.000000 -0.970143 -0.242536 -0.102839 -0.994107 -0.034280 0.000000 -0.998688 -0.051215 0.000000 -0.999056 -0.043437 0.086447 -0.972533 0.216118 -0.130946 -0.968998 -0.209513 0.044845 -0.986587 0.156957
-0.960807 0.123975 -0.247950 -0.495261 -0.685745 -0.533358 0.000000 -0.970143 -0.242536 -0.102839 -0.994107 -0.034280 0.000000 -0.999671 -0.025633 0.000000 -0.999056 -0.043437 0.086447 -0.972533 0.216118 -0.134352 -0.967337 -0.214964 0.043874 -0.987165 0.153559
-0.930481 0.241236 -0.275698 -0.612637 -0.540562 -0.576600 0.000000 -0.978234 -0.207504 -0.102658 -0.992360 -0.068439 0.000000 -0.999671 -0.025633 0.000000 -0.999056 -0.043437 0.086447 -0.972533 0.216118 -0.134352 -0.967337 -0.214964 0.043874 -0.987165 0.153559
-0.847998 0.423999 -0.317999 -0.643679 -0.464879 -0.607919 0.000000 -0.979457 -0.201653 -0.102658 -0.992360 -0.068439 0.000000 -0.999671 -0.025633 0.000000 -0.997880 -0.065079 0.086447 -0.972533 0.216118 -0.134352 -0.967337 -0.214964 0.043874 -0.987165 0.153559
-0.749758 0.545279 -0.374879 -0.649097 -0.396670 -0.649097 0.000000 -0.980581 -0.196116 -0.141069 -0.987484 -0.070535 0.000000 -0.999688 -0.024992 0.000000 -0.997880 -0.065079 0.086447 -0.972533 0.216118 -0.134352 -0.967337 -0.214964 0.043874 -0.987165 0.153559
-0.627093 0.627093 -0.462069 -0.620752 -0.365148 -0.693782 0.028796 -0.979051 -0.201569 -0.076472 -0.994135 -0.076472 0.000000 -0.999703 -0.024383 0.000000 -0.997880 -0.065079 0.086026 -0.967798 0.236573 -0.134352 -0.967337 -0.214964 0.043874 -0.987165 0.153559
-0.574705 0.642317 -0.507093 -0.596285 -0.298142 -0.745356 0.029630 -0.977805 -0.207413 -0.038320 -0.996322 -0.076640 0.000000 -0.999703 -0.024383 0.000000 -0.997880 -0.065079 0.086447 -0.972533 0.216118 -0.134352 -0.967337 -0.214964 0.043874 -0.987165 0.153559
-0.516934 0.654783 -0.551396 -0.560968 -0.261785 -0.785355 0.030514 -0.976445 -0.213597 -0.038320 -0.996322 -0.076640 0.000000 -0.999703 -0.024383 0.000000 -0.997880 -0.065079 0.086447 -0.972533 0.216118 -0.134352 -0.967337 -0.214964 0.043874 -0.987165 0.153559
-0.464879 0.643679 -0.607919 -0.506408 -0.272681 -0.818044 0.031450 -0.974958 -0.220152 -0.036911 -0.996588 -0.073821 0.000000 -1.000000 0.000000 0.000000 -0.997880 -0.065079 0.086447 -0.972533 0.216118 -0.134352 -0.967337 -0.214964 0.043874 -0.987165 0.153559
-0.498161 0.613121 -0.613121 -0.416058 -0.264764 -0.869940 0.032444 -0.973329 -0.227110 0.000000 -0.997054 -0.076696 0.000000 -1.000000 0.000000 0.000000 -0.997880 -0.065079 0.086447 -0.972533 0.216118 -0.134352 -0.967337 -0.214964 0.043874 -0.987165 0.153559
-0.508340 0.547443 -0.664753 -0.337764 -0.375293 -0.863175 0.000000 -0.972082 -0.234641 0.000000 -0.997054 -0.076696 0.000000 -1.000000 0.000000 0.000000 -0.997880 -0.065079 0.086447 -0.972533 0.216118 -0.134352 -0.967337 -0.214964 0.043874 -0.987165 0.153559
-0.579501 0.424967 -0.695401 -0.232845 -0.465690 -0.853766 0.000000 -0.975441 -0.220261 0.000000 -0.996546 -0.083045 0.000000 -1.000000 0.000000 0.000000 -0.997880 -0.065079 0.086447 -0.972533 0.216118 -0.130946 -0.968998 -0.209513 0.044845 -0.986587 0.156957
-0.677708 0.285351 -0.677708 -0.194331 -0.544125 -0.816188 0.000000 -0.970143 -0.242536 0.000000 -0.999056 -0.043437 0.000000 -1.000000 0.000000 0.000000 -0.997880 -0.065079 0.086447 -0.972533 0.216118 -0.130946 -0.968998 -0.209513 0.044845 -0.986587 0.156957
-0.799788 0.104320 -0.591148 -0.196116 -0.588348 -0.784465 0.000000 -0.971850 -0.235600 -0.119051 -0.992095 -0.039684 0.000000 -1.000000 0.000000 0.000000 -0.997880 -0.065079 0.086447 -0.972533 0.216118 -0.130946 -0.968998 -0.209513 0.044845 -0.986587 0.156957
-0.881480 0.000000 -0.472221 -0.272063 -0.660724 -0.699590 0.000000 -0.971850 -0.235600 -0.152057 -0.988372 0.000000 0.000000 -1.000000 0.000000 0.000000 -0.997785 -0.066519 0.084667 -0.973668 0.211667 -0.130946 -0.968998 -0.209513 0.044845 -0.986587 0.156957
-0.927098 -0.084282 -0.365220 -0.202278 -0.768658 -0.606835 0.000000 -0.978234 -0.207504 -0.146450 -0.988540 -0.036613 0.000000 -1.000000 0.000000 0.000000 -0.999014 -0.044401 0.084667 -0.973668 0.211667 -0.130946 -0.968998 -0.209513 0.044845 -0.986587 0.156957
-0.931725 -0.150278 -0.330612 -0.200643 -0.802572 -0.561801 0.000000 -0.978234 -0.207504 -0.146450 -0.988540 -0.036613 0.000000 -1.000000 0.000000 0.000000 -0.999014 -0.044401 0.084667 -0.973668 0.211667 -0.130946 -0.968998 -0.209513 0.044845 -0.986587 0.156957
-0.931725 -0.150278 -0.330612 -0.159872 -0.839329 -0.519584 0.000000 -0.978234 -0.207504 -0.181969 -0.982631 -0.036394 0.000000 -1.000000 0.000000 0.000000 -0.999014 -0.044401 0.084667 -0.973668 0.211667 -0.130946 -0.968998 -0.209513 0.044677 -0.982888 0.178707
-0.897223 -0.209352 -0.388797 -0.169031 -0.845154 -0.507093 0.000000 -0.976900 -0.213697 -0.175682 -0.983820 -0.035136 0.000000 -1.000000 0.000000 0.000000 -0.999014 -0.044401 0.084667 -0.973668 0.211667 -0.130946 -0.968998 -0.209513 0.044677 -0.982888 0.178707
-0.840799 -0.180171 -0.510485 -0.127573 -0.850487 -0.510292 0.000000 -0.976900 -0.213697 -0.141333 -0.989331 -0.035333 0.000000 -1.000000 0.000000 0.000000 -0.999014 -0.044401 0.084667 -0.973668 0.211667 -0.130946 -0.968998 -0.209513 0.044677 -0.982888 0.178707
-0.797923 -0.118211 -0.591054 -0.129219 -0.818388 -0.559950 0.000000 -0.976900 -0.213697 -0.141333 -0.989331 -0.035333 0.000000 -0.999703 -0.024383 0.000000 -0.999014 -0.044401 0.084667 -0.973668 0.211667 -0.130946 -0.968998 -0.209513 0.044677 -0.982888 0.178707
-0.734803 0.000000 -0.678280 -0.126099 -0.798630 -0.588464 0.000000 -0.976900 -0.213697 -0.141333 -0.989331 -0.035333 0.024354 -0.998516 -0.048708 0.000000 -0.999014 -0.044401 0.084667 -0.973668 0.211667 -0.130946 -0.968998 -0.209513 0.044677 -0.982888 0.178707
-0.730153 0.112331 -0.673987 -0.123823 -0.701665 -0.701665 0.000000 -0.976900 -0.213697 -0.141333 -0.989331 -0.035333 0.024354 -0.998516 -0.048708 0.000000 -0.999014 -0.044401 0.084667 -0.973668 0.211667 -0.130946 -0.968998 -0.209513 0.022355 -0.983624 0.178841
-0.707107 0.271964 -0.652714 -0.120289 -0.681638 -0.721734 0.030514 -0.976445 -0.213597 -0.175682 -0.983820 -0.035136 0.024354 -0.998516 -0.048708 0.022195 -0.998768 -0.044390 0.084667 -0.973668 0.211667 -0.130946 -0.968998 -0.209513 0.022355 -0.983624 0.178841
-0.694631 0.374032 -0.614481 -0.163846 -0.655386 -0.737309 0.030514 -0.976445 -0.213597 -0.175682 -0.983820 -0.035136 0.024354 -0.998516 -0.048708 0.022195 -0.998768 -0.044390 0.084667 -0.973668 0.211667 -0.130946 -0.968998 -0.209513 0.022355 -0.983624 0.178841
-0.729553 0.442943 -0.521109 -0.163846 -0.655386 -0.737309 0.000000 -0.976900 -0.213697 -0.175682 -0.983820 -0.035136 0.024354 -0.998516 -0.048708 0.022168 -0.997540 -0.066503 0.084271 -0.969119 0.231746 -0.134352 -0.967337 -0.214964 0.021874 -0.984327 0.174991
-0.806114 0.456798 -0.376186 -0.248069 -0.620174 -0.744208 0.000000 -0.976900 -0.213697 -0.175682 -0.983820 -0.035136 0.024354 -0.998516 -0.048708 0.022168 -0.997540 -0.066503 0.084271 -0.969119 0.231746 -0.107833 -0.970495 -0.215666 0.000000 -0.984563 0.175033
-0.854788 0.457922 -0.244225 -0.462223 -0.500741 -0.731853 0.000000 -0.976900 -0.213697 -0.175682 -0.983820 -0.035136 0.024354 -0.998516 -0.048708 0.022168 -0.997540 -0.066503 0.084271 -0.969119 0.231746 -0.107833 -0.970495 -0.215666 0.000000 -0.984563 0.175033
-0.946792 0.315597 -0.063119 -0.555175 -0.444140 -0.703222 -0.029630 -0.977805 -0.207413 -0.141333 -0.989331 -0.035333 0.024354 -0.998516 -0.048708 0.022168 -0.997540 -0.066503 0.084271 -0.969119 0.231746 -0.107833 -0.970495 -0.215666 0.000000 -0.984563 0.175033
-0.982224 0.185826 0.026547 -0.414870 -0.622305 -0.663792 -0.029630 -0.977805 -0.207413 -0.141333 -0.989331 -0.035333 0.024354 -0.998516 -0.048708 0.022168 -0.997540 -0.066503 0.084271 -0.969119 0.231746 -0.107833 -0.970495 -0.215666 0.000000 -0.984563 0.175033
-0.996546 0.000000 0.083045 -0.379642 -0.674919 -0.632737 0.000000 -0.978234 -0.207504 -0.175682 -0.983820 -0.035136 0.024354 -0.998516 -0.048708 0.000000 -0.997785 -0.066519 0.084271 -0.969119 0.231746 -0.107833 -0.970495 -0.215666 0.000000 -0.984563 0.175033
-0.982125 -0.178568 0.059523 -0.302920 -0.735662 -0.605839 0.000000 -0.978234 -0.207504 -0.141333 -0.989331 -0.035333 0.024354 -0.998516 -0.048708 0.000000 -0.997785 -0.066519 0.084271 -0.969119 0.231746 -0.107833 -0.970495 -0.215666 0.000000 -0.984563 0.175033
-0.941993 -0.334255 0.030387 -0.221404 -0.752773 -0.619930 0.000000 -0.978234 -0.207504 -0.141333 -0.989331 -0.035333 0.024354 -0.998516 -0.048708 0.000000 -0.997785 -0.066519 0.084271 -0.969119 0.231746 -0.107833 -0.970495 -0.215666 0.000000 -0.984563 0.175033
-0.864511 -0.494006 -0.092626 -0.137361 -0.824163 -0.549442 0.000000 -0.976900 -0.213697 -0.141333 -0.989331 -0.035333 0.024354 -0.998516 -0.048708 0.000000 -0.997785 -0.066519 0.084271 -0.969119 0.231746 -0.107833 -0.970495 -0.215666 0.000000 -0.984563 0.175033
-0.792553 -0.538936 -0.285319 -0.132324 -0.838054 -0.529297 0.000000 -0.976900 -0.213697 -0.141333 -0.989331 -0.035333 0.024354 -0.998516 -0.048708 0.000000 -0.997785 -0.066519 0.084271 -0.969119 0.231746 -0.107833 -0.970495 -0.215666 0.000000 -0.984563 0.175033
-0.761785 -0.487542 -0.426599 -0.088648 -0.842160 -0.531891 0.027842 -0.974481 -0.222738 -0.203954 -0.978980 0.000000 0.024354 -0.998516 -0.048708 0.000000 -0.997785 -0.066519 0.084271 -0.969119 0.231746 -0.107833 -0.970495 -0.215666 0.000000 -0.984563 0.175033
-0.760941 -0.366379 -0.535477 -0.088648 -0.842160 -0.531891 0.029437 -0.971429 -0.235498 -0.188713 -0.981307 0.037743 0.000000 -0.999703 -0.024383 0.000000 -0.997785 -0.066519 0.084271 -0.969119 0.231746 -0.107833 -0.970495 -0.215666 0.000000 -0.984563 0.175033
-0.760036 -0.197046 -0.619288 -0.129219 -0.818388 -0.559950 0.000000 -0.970143 -0.242536 -0.146450 -0.988540 0.036613 0.000000 -1.000000 0.000000 0.000000 -0.997785 -0.066519 0.105129 -0.967189 0.231284 -0.107833 -0.970495 -0.215666 0.000000 -0.984563 0.175033
-0.804935 -0.111025 -0.582884 -0.248922 -0.663792 -0.705279 0.000000 -0.968277 -0.249878 -0.141333 -0.989331 0.035333 0.000000 -1.000000 0.000000 0.000000 -0.997785 -0.066519 0.105129 -0.967189 0.231284 -0.107833 -0.970495 -0.215666 0.000000 -0.984563 0.175033
-0.826977 0.110264 -0.551318 -0.358569 -0.597614 -0.717137 0.000000 -0.970143 -0.242536 -0.141421 -0.989949 0.000000 0.000000 -1.000000 0.000000 0.000000 -0.997785 -0.066519 0.105129 -0.967189 0.231284 -0.107833 -0.970495 -0.215666 0.000000 -0.984563 0.175033
-0.849714 0.246691 -0.465972 -0.431124 -0.509510 -0.744669 -0.028618 -0.973018 -0.228946 -0.141333 -0.989331 -0.035333 0.024383 -0.999703 0.000000 0.000000 -0.997785 -0.066519 0.105129 -0.967189 0.231284 -0.107833 -0.970495 -0.215666 0.000000 -0.984563 0.175033
-0.841814 0.394600 -0.368294 -0.500741 -0.462223 -0.731853 -0.027842 -0.974481 -0.222738 -0.141333 -0.989331 -0.035333 0.024383 -0.999703 0.000000 0.000000 -0.997684 -0.068024 0.103033 -0.968506 0.226672 -0.107833 -0.970495 -0.215666 0.021953 -0.987878 0.153670
-0.859608 0.429804 -0.276303 -0.628768 -0.332877 -0.702740 -0.028006 -0.980196 -0.196039 -0.136558 -0.990044 -0.034139 0.024383 -0.999703 0.000000 0.000000 -0.997684 -0.068024 0.103033 -0.968506 0.226672 -0.107833 -0.970495 -0.215666 0.021953 -0.987878 0.153670
-0.868115 0.467446 -0.166945 -0.684268 -0.252099 -0.684268 -0.028796 -0.979051 -0.201569 -0.136320 -0.988317 -0.068160 0.024383 -0.999703 0.000000 0.000000 -0.997684 -0.068024 0.103033 -0.968506 0.226672 -0.107833 -0.970495 -0.215666 0.021953 -0.987878 0.153670
-0.870388 0.487417 -0.069631 -0.719350 -0.251773 -0.647415 -0.028006 -0.980196 -0.196039 -0.141069 -0.987484 -0.070535 0.024383 -0.999703 0.000000 0.000000 -0.997684 -0.068024 0.103033 -0.968506 0.226672 -0.107833 -0.970495 -0.215666 0.021953 -0.987878 0.153670
-0.903017 0.416777 0.104194 -0.725476 -0.217643 -0.652929 -0.028796 -0.979051 -0.201569 -0.136320 -0.988317 -0.068160 0.024383 -0.999703 0.000000 0.000000 -0.997684 -0.068024 0.103033 -0.968506 0.226672 -0.107833 -0.970495 -0.215666 0.021953 -0.987878 0.153670
-0.927318 0.351741 0.127906 -0.679457 -0.359712 -0.639489 -0.028149 -0.985232 -0.168897 -0.141069 -0.987484 -0.070535 0.024383 -0.999703 0.000000 0.000000 -0.997684 -0.068024 0.103033 -0.968506 0.226672 -0.107833 -0.970495 -0.215666 0.021953 -0.987878 0.153670
-0.967805 0.218537 0.124878 -0.644305 -0.472490 -0.601351 -0.028149 -0.985232 -0.168897 -0.141333 -0.989331 -0.035333 0.023803 -0.999717 0.000000 0.000000 -0.997684 -0.068024 0.103033 -0.968506 0.226672 -0.105081 -0.972003 -0.210163 0.022439 -0.987332 0.157075
-0.988716 0.089883 0.119844 -0.577350 -0.577350 -0.577350 -0.028273 -0.989554 -0.141365 -0.141069 -0.987484 -0.070535 0.023803 -0.999717 0.000000 0.000000 -0.997684 -0.068024 0.103033 -0.968506 0.226672 -0.105081 -0.972003 -0.210163 0.022439 -0.987332 0.157075
-0.994084 -0.060248 0.090371 -0.531891 -0.620539 -0.576215 0.000000 -0.989359 -0.145494 -0.175682 -0.983820 -0.035136 0.023803 -0.999717 0.000000 0.000000 -0.997684 -0.068024 0.103033 -0.968506 0.226672 -0.105081 -0.972003 -0.210163 0.022439 -0.987332 0.157075
-0.988012 -0.154377 0.000000 -0.470757 -0.684737 -0.556349 0.000000 -0.988716 -0.149805 -0.141333 -0.989331 -0.035333 0.023803 -0.999717 0.000000 0.000000 -0.997684 -0.068024 0.103033 -0.968506 0.226672 -0.105081 -0.972003 -0.210163 0.022439 -0.987332 0.157075
-0.973996 -0.188515 -0.125677 -0.433148 -0.736352 -0.519778 0.000000 -0.988716 -0.149805 -0.141333 -0.989331 -0.035333 0.023803 -0.999717 0.000000 0.000000 -0.997684 -0.068024 0.103033 -0.968506 0.226672 -0.105081 -0.972003 -0.210163 0.022439 -0.987332 0.157075
-0.969697 -0.187683 -0.156403 -0.384111 -0.768221 -0.512148 0.000000 -0.982872 -0.184289 -0.141333 -0.989331 -0.035333 0.023803 -0.999717 0.000000 0.000000 -0.997684 -0.068024 0.103033 -0.968506 0.226672 -0.105081 -0.972003 -0.210163 0.022439 -0.987332 0.157075
-0.967742 -0.161290 -0.193548 -0.371787 -0.784883 -0.495715 0.000000 -0.982872 -0.184289 -0.141333 -0.989331 -0.035333 0.023803 -0.999717 0.000000 0.000000 -0.997684 -0.068024 0.103033 -0.968506 0.226672 -0.105081 -0.972003 -0.210163 0.022439 -0.987332 0.157075
-0.961262 -0.160210 -0.224294 -0.371787 -0.784883 -0.495715 0.000000 -0.982872 -0.184289 -0.106533 -0.994309 0.000000 0.023803 -0.999717 0.000000 0.000000 -0.997684 -0.068024 0.103033 -0.968506 0.226672 -0.105081 -0.972003 -0.210163 0.022439 -0.987332 0.157075
-0.963588 -0.155417 -0.217584 -0.335377 -0.796521 -0.503066 0.000000 -0.981780 -0.190022 -0.106533 -0.994309 0.000000 0.024383 -0.999703 0.000000 0.000000 -0.997684 -0.068024 0.103033 -0.968506 0.226672 -0.105081 -0.972003 -0.210163 0.022439 -0.987332 0.157075
-0.967805 -0.124878 -0.218537 -0.324443 -0.811107 -0.486664 0.000000 -0.981780 -0.190022 -0.106533 -0.994309 0.000000 0.024383 -0.999703 0.000000 0.000000 -0.997684 -0.068024 0.103033 -0.968506 0.226672 -0.105081 -0.972003 -0.210163 0.022439 -0.987332 0.157075
-0.961756 -0.096176 -0.256468 -0.360000 -0.800000 -0.480000 0.000000 -0.981780 -0.190022 -0.106533 -0.994309 0.000000 0.024383 -0.999703 0.000000 0.000000 -0.997684 -0.068024 0.103033 -0.968506 0.226672 -0.105081 -0.972003 -0.210163 0.022439 -0.987332 0.157075
-0.953463 -0.095346 -0.286039 -0.354925 -0.828159 -0.433798 0.000000 -0.981780 -0.190022 -0.106533 -0.994309 0.000000 0.024376 -0.999406 -0.024376 0.000000 -0.997684 -0.068024 0.103033 -0.968506 0.226672 -0.107833 -0.970495 -0.215666 0.021953 -0.987878 0.153670
-0.941184 -0.125491 -0.313728 -0.249783 -0.874241 -0.416305 0.000000 -0.981780 -0.190022 -0.106533 -0.994309 0.000000 0.024376 -0.999406 -0.024376 0.000000 -0.997684 -0.068024 0.103033 -0.968506 0.226672 -0.107833 -0.970495 -0.215666 0.021953 -0.987878 0.153670
-0.912509 -0.157329 -0.377590 -0.172452 -0.905374 -0.388018 0.000000 -0.981780 -0.190022 -0.106533 -0.994309 0.000000 0.024376 -0.999406 -0.024376 0.000000 -0.997684 -0.068024 0.103033 -0.968506 0.226672 -0.107833 -0.970495 -0.215666 0.021953 -0.987878 0.153670
-0.870759 -0.155493 -0.466478 -0.125218 -0.918262 -0.375653 0.000000 -0.981780 -0.190022 -0.106533 -0.994309 0.000000 0.024376 -0.999406 -0.024376 0.000000 -0.997684 -0.068024 0.103033 -0.968506 0.226672 -0.107833 -0.970495 -0.215666 0.021953 -0.987878 0.153670
-0.818182 -0.181818 -0.545455 -0.083844 -0.922288 -0.377300 0.000000 -0.981780 -0.190022 -0.106533 -0.994309 0.000000 0.024992 -0.999688 0.000000 0.000000 -0.997684 -0.068024 0.103033 -0.968506 0.226672 -0.107833 -0.970495 -0.215666 0.021953 -0.987878 0.153670
-0.793731 -0.183169 -0.580034 -0.087204 -0.915644 -0.392419 0.000000 -0.981780 -0.190022 -0.106533 -0.994309 0.000000 0.024992 -0.999688 0.000000 0.000000 -0.997684 -0.068024 0.103033 -0.968506 0.226672 -0.107833 -0.970495 -0.215666 0.021953 -0.987878 0.153670
-0.777087 -0.217584 -0.590586 -0.087204 -0.915644 -0.392419 0.000000 -0.981780 -0.190022 -0.106533 -0.994309 0.000000 0.024992 -0.999688 0.000000 0.000000 -0.997684 -0.068024 0.103033 -0.968506 0.226672 -0.107833 -0.970495 -0.215666 0.021874 -0.984327 0.174991
-0.761420 -0.204998 -0.614993 -0.087204 -0.915644 -0.392419 0.000000 -0.981780 -0.190022 -0.106466 -0.993683 0.035489 0.024992 -0.999688 0.000000 0.000000 -0.997684 -0.068024 0.103033 -0.968506 0.226672 -0.107833 -0.970495 -0.215666 0.021874 -0.984327 0.174991
-0.762848 -0.213597 -0.610278 -0.087204 -0.915644 -0.392419 0.000000 -0.981780 -0.190022 -0.141333 -0.989331 0.035333 0.024992 -0.999688 0.000000 0.000000 -0.997684 -0.068024 0.103033 -0.968506 0.226672 -0.107833 -0.970495 -0.215666 0.021874 -0.984327 0.174991
-0.764316 -0.222925 -0.605083 -0.087204 -0.915644 -0.392419 0.031654 -0.981288 -0.189927 -0.175682 -0.983820 0.035136 0.024992 -0.999688 0.000000 0.000000 -0.997684 -0.068024 0.103033 -0.968506 0.226672 -0.107833 -0.970495 -0.215666 0.021874 -0.984327 0.174991
-0.791361 -0.221581 -0.569780 -0.042954 -0.902027 -0.429537 0.031654 -0.981288 -0.189927 -0.175358 -0.982003 0.070143 0.024992 -0.999688 0.000000 0.000000 -0.997684 -0.068024 0.103033 -0.968506 0.226672 -0.107833 -0.970495 -0.215666 0.000000 -0.984563 0.175033
-0.797831 -0.153429 -0.583031 0.000000 -0.925547 -0.378633 0.031830 -0.986741 -0.159152 -0.175682 -0.983820 0.035136 0.024992 -0.999688 0.000000 0.022669 -0.997427 -0.068006 0.082584 -0.970362 0.227106 -0.107833 -0.970495 -0.215666 0.000000 -0.984563 0.175033
-0.713886 -0.155193 -0.682848 0.042033 -0.924729 -0.378298 0.031654 -0.981288 -0.189927 -0.175682 -0.983820 0.035136 0.024992 -0.999688 0.000000 0.022669 -0.997427 -0.068006 0.082584 -0.970362 0.227106 -0.107833 -0.970495 -0.215666 0.000000 -0.984563 0.175033
-0.627060 -0.139347 -0.766406 0.127114 -0.932170 -0.338971 0.031830 -0.986741 -0.159152 -0.175682 -0.983820 0.035136 0.024992 -0.999688 0.000000 0.022669 -0.997427 -0.068006 0.082584 -0.970362 0.227106 -0.107833 -0.970495 -0.215666 0.000000 -0.984563 0.175033
-0.426241 -0.154997 -0.891232 0.220326 -0.925371 -0.308457 0.031976 -0.991271 -0.127906 -0.175791 -0.984428 0.000000 0.024992 -0.999688 0.000000 0.022669 -0.997427 -0.068006 0.062311 -0.976205 0.207703 -0.107833 -0.970495 -0.215666 0.000000 -0.980581 0.196116
-0.185567 -0.185567 -0.964951 0.317854 -0.908153 -0.272446 0.031830 -0.986741 -0.159152 -0.209529 -0.977802 0.000000 0.024992 -0.999688 0.000000 0.022669 -0.997427 -0.068006 0.062311 -0.976205 0.207703 -0.107833 -0.970495 -0.215666 0.000000 -0.980581 0.196116
0.074421 -0.099228 -0.992278 0.386244 -0.917329 -0.096561 0.031654 -0.981288 -0.189927 -0.209401 -0.977207 -0.034900 0.049938 -0.998752 0.000000 0.022669 -0.997427 -0.068006 0.062311 -0.976205 0.207703 -0.107833 -0.970495 -0.215666 0.000000 -0.980581 0.196116
0.329665 -0.137361 -0.934052 0.330350 -0.943858 0.000000 0.032444 -0.973329 -0.227110 -0.209529 -0.977802 0.000000 0.049938 -0.998752 0.000000 0.022669 -0.997427 -0.068006 0.062311 -0.976205 0.207703 -0.107833 -0.970495 -0.215666 0.000000 -0.980581 0.196116
0.571670 -0.155910 -0.805535 0.330350 -0.943858 0.000000 0.032191 -0.965734 -0.257529 -0.209529 -0.977802 0.000000 0.049938 -0.998752 0.000000 0.022669 -0.997427 -0.068006 0.062311 -0.976205 0.207703 -0.107833 -0.970495 -0.215666 0.000000 -0.976187 0.216930
0.736587 -0.157840 -0.657667 0.330350 -0.943858 0.000000 0.032191 -0.965734 -0.257529 -0.209401 -0.977207 -0.034900 0.049938 -0.998752 0.000000 0.022669 -0.997427 -0.068006 0.042448 -0.976296 0.212238 -0.107833 -0.970495 -0.215666 0.000000 -0.976187 0.216930
0.780937 -0.080787 -0.619364 0.341743 -0.939793 0.000000 0.032915 -0.954547 -0.296239 -0.209401 -0.977207 -0.034900 0.024992 -0.999688 0.000000 0.022669 -0.997427 -0.068006 0.042448 -0.976296 0.212238 -0.107833 -0.970495 -0.215666 0.000000 -0.976187 0.216930
0.806114 -0.026870 -0.591150 0.328244 -0.943701 0.041030 0.032915 -0.954547 -0.296239 -0.209401 -0.977207 -0.034900 0.024992 -0.999688 0.000000 0.022669 -0.997427 -0.068006 0.042448 -0.976296 0.212238 -0.107833 -0.970495 -0.215666 0.000000 -0.976187 0.216930
0.819232 0.000000 -0.573462 0.328244 -0.943701 0.041030 0.032582 -0.944871 -0.325818 -0.209401 -0.977207 -0.034900 0.024992 -0.999688 0.000000 0.022669 -0.997427 -0.068006 0.042448 -0.976296 0.212238 -0.107833 -0.970495 -0.215666 0.000000 -0.976187 0.216930
0.799674 0.028560 -0.599755 0.350059 -0.933492 0.077791 0.032582 -0.944871 -0.325818 -0.209401 -0.977207 -0.034900 0.024992 -0.999688 0.000000 0.022669 -0.997427 -0.068006 0.042630 -0.980500 0.191837 -0.107833 -0.970495 -0.215666 0.000000 -0.976187 0.216930
0.788006 0.058371 -0.612894 0.350857 -0.935617 0.038984 0.032915 -0.954547 -0.296239 -0.209020 -0.975426 -0.069673 0.024992 -0.999688 0.000000 0.022669 -0.997427 -0.068006 0.042630 -0.980500 0.191837 -0.107833 -0.970495 -0.215666 0.000000 -0.976187 0.216930
0.749363 0.059949 -0.659440 0.350857 -0.935617 0.038984 0.032915 -0.954547 -0.296239 -0.209401 -0.977207 -0.034900 0.024992 -0.999688 0.000000 0.022669 -0.997427 -0.068006 0.042630 -0.980500 0.191837 -0.107833 -0.970495 -0.215666 0.000000 -0.976187 0.216930
0.705882 0.058824 -0.705882 0.315244 -0.945732 0.078811 0.032915 -0.954547 -0.296239 -0.209401 -0.977207 -0.034900 0.024992 -0.999688 0.000000 0.022669 -0.997427 -0.068006 0.042630 -0.980500 0.191837 -0.107833 -0.970495 -0.215666 0.000000 -0.976187 0.216930
0.705882 0.058824 -0.705882 0.279108 -0.956943 0.079745 0.032915 -0.954547 -0.296239 -0.242390 -0.969561 -0.034627 0.024992 -0.999688 0.000000 0.022669 -0.997427 -0.068006 0.021330 -0.981169 0.191968 -0.105081 -0.972003 -0.210163 0.000000 -0.970143 0.242536
0.675886 0.058773 -0.734659 0.279108 -0.956943 0.079745 0.065724 -0.952999 -0.295758 -0.242390 -0.969561 -0.034627 0.049938 -0.998752 0.000000 0.022669 -0.997427 -0.068006 0.021330 -0.981169 0.191968 -0.105081 -0.972003 -0.210163 -0.022043 -0.969907 0.242477
0.644831 0.058621 -0.762073 0.279108 -0.956943 0.079745 0.065724 -0.952999 -0.295758 -0.242390 -0.969561 -0.034627 0.049938 -0.998752 0.000000 0.022669 -0.997427 -0.068006 0.021330 -0.981169 0.191968 -0.105630 -0.977073 -0.184852 -0.022157 -0.974893 0.221567
