-0.602595 0.753244 -0.263635 -0.518519 0.259259 -0.814815 -0.031450 -0.974958 -0.220152 0.000000 -0.999261 -0.038433 -0.042429 -0.997070 0.063643 0.000000 -0.999764 -0.021734 0.106746 -0.960714 0.256190 -0.130946 -0.968998 -0.209513 0.045679 -0.982104 0.182717
-0.645311 0.683271 -0.341635 -0.523205 0.224231 -0.822179 -0.031450 -0.974958 -0.220152 0.036986 -0.998631 -0.036986 -0.063472 -0.994389 0.084629 0.000000 -0.999764 -0.021734 0.106746 -0.960714 0.256190 -0.130946 -0.968998 -0.209513 0.044677 -0.982888 0.178707
-0.688749 0.580000 -0.435000 -0.533358 0.114291 -0.838133 -0.062807 -0.973515 -0.219826 0.036911 -0.996588 -0.073821 -0.062164 -0.994618 0.082885 0.000000 -0.999774 -0.021272 0.087370 -0.961074 0.262111 -0.130946 -0.968998 -0.209513 0.044845 -0.986587 0.156957
-0.723102 0.506171 -0.470016 -0.592943 -0.069758 -0.802217 -0.060523 -0.968364 -0.242091 0.078750 -0.984374 -0.157500 -0.044401 -0.999014 0.000000 0.000000 -0.999774 -0.021272 0.087370 -0.961074 0.262111 -0.130946 -0.968998 -0.209513 0.044845 -0.986587 0.156957
-0.759072 0.345033 -0.552052 -0.597688 -0.210949 -0.773479 -0.060523 -0.968364 -0.242091 0.080582 -0.966988 -0.241747 -0.023796 -0.999434 -0.023796 0.000000 -0.999774 -0.021272 0.087854 -0.966391 0.241598 -0.130946 -0.968998 -0.209513 0.044845 -0.986587 0.156957
-0.789115 0.164399 -0.591836 -0.590079 -0.347105 -0.728921 -0.031220 -0.967805 -0.249756 0.079745 -0.956943 -0.279108 -0.024354 -0.998516 -0.048708 0.000000 -0.999774 -0.021272 0.086026 -0.967798 0.236573 -0.130946 -0.968998 -0.209513 0.044845 -0.986587 0.156957
-0.811534 0.000000 -0.584305 -0.571449 -0.470605 -0.672293 -0.030514 -0.976445 -0.213597 -0.036394 -0.982631 -0.181969 0.000000 -0.998812 -0.048723 0.000000 -0.999764 -0.021734 0.084271 -0.969119 0.231746 -0.130946 -0.968998 -0.209513 0.044845 -0.986587 0.156957
-0.845818 -0.031327 -0.532552 -0.497245 -0.596694 -0.629844 -0.030514 -0.976445 -0.213597 -0.105934 -0.988714 -0.105934 0.000000 -0.997199 -0.074790 0.000000 -0.999764 -0.021734 0.063302 -0.970628 0.232107 -0.130946 -0.968998 -0.209513 0.044845 -0.986587 0.156957
-0.840799 -0.030029 -0.540514 -0.433574 -0.700389 -0.566982 -0.030514 -0.976445 -0.213597 -0.136320 -0.988317 -0.068160 0.024922 -0.996890 -0.074767 0.000000 -0.999764 -0.021734 0.063302 -0.970628 0.232107 -0.130946 -0.968998 -0.209513 0.044845 -0.986587 0.156957
-0.849276 -0.029285 -0.527137 -0.403604 -0.739940 -0.538138 -0.030514 -0.976445 -0.213597 -0.136320 -0.988317 -0.068160 0.024922 -0.996890 -0.074767 0.000000 -0.999056 -0.043437 0.084271 -0.969119 0.231746 -0.130189 -0.963398 -0.234340 0.044677 -0.982888 0.178707
-0.862316 -0.029735 -0.505496 -0.371868 -0.777542 -0.507093 -0.030514 -0.976445 -0.213597 -0.141333 -0.989331 -0.035333 0.024922 -0.996890 -0.074767 0.000000 -0.999056 -0.043437 0.084271 -0.969119 0.231746 -0.130189 -0.963398 -0.234340 0.044677 -0.982888 0.178707
-0.853199 -0.060943 -0.518013 -0.348155 -0.800757 -0.487417 0.000000 -0.976900 -0.213697 -0.141333 -0.989331 -0.035333 0.024922 -0.996890 -0.074767 0.000000 -0.999056 -0.043437 0.084271 -0.969119 0.231746 -0.133535 -0.961454 -0.240363 0.043716 -0.983621 0.174866
-0.875179 -0.030179 -0.482857 -0.326250 -0.797499 -0.507500 0.000000 -0.976900 -0.213697 -0.146450 -0.988540 -0.036613 0.024922 -0.996890 -0.074767 0.000000 -0.999764 -0.021734 0.084271 -0.969119 0.231746 -0.133535 -0.961454 -0.240363 0.043716 -0.983621 0.174866
-0.866578 -0.061898 -0.495188 -0.335877 -0.783713 -0.522475 0.000000 -0.982872 -0.184289 -0.146450 -0.988540 -0.036613 0.024961 -0.998441 -0.049922 0.000000 -0.999764 -0.021734 0.084667 -0.973668 0.211667 -0.133535 -0.961454 -0.240363 0.021874 -0.984327 0.174991
-0.866578 -0.061898 -0.495188 -0.335877 -0.783713 -0.522475 0.000000 -0.983870 -0.178885 -0.110357 -0.993211 -0.036786 0.024961 -0.998441 -0.049922 0.000000 -0.999764 -0.021734 0.084667 -0.973668 0.211667 -0.133535 -0.961454 -0.240363 0.021874 -0.984327 0.174991
-0.866578 -0.061898 -0.495188 -0.335877 -0.783713 -0.522475 0.000000 -0.982872 -0.184289 -0.106533 -0.994309 0.000000 0.024961 -0.998441 -0.049922 0.000000 -0.999764 -0.021734 0.084667 -0.973668 0.211667 -0.159617 -0.957704 -0.239426 0.043716 -0.983621 0.174866
-0.879738 -0.062838 -0.471288 -0.302156 -0.793159 -0.528773 0.000000 -0.982872 -0.184289 -0.110432 -0.993884 0.000000 0.024961 -0.998441 -0.049922 0.000000 -0.999753 -0.022217 0.082956 -0.974735 0.207390 -0.159617 -0.957704 -0.239426 0.043716 -0.983621 0.174866
-0.866578 -0.061898 -0.495188 -0.308148 -0.808890 -0.500741 0.030700 -0.982409 -0.184202 -0.110432 -0.993884 0.000000 0.024961 -0.998441 -0.049922 0.000000 -0.999014 -0.044401 0.103033 -0.968506 0.226672 -0.159617 -0.957704 -0.239426 0.043716 -0.983621 0.174866
-0.864511 -0.092626 -0.494006 -0.308148 -0.808890 -0.500741 0.030700 -0.982409 -0.184202 -0.110432 -0.993884 0.000000 0.024376 -0.999406 -0.024376 0.000000 -0.999014 -0.044401 0.103033 -0.968506 0.226672 -0.159617 -0.957704 -0.239426 0.043716 -0.983621 0.174866
-0.881626 -0.121604 -0.456013 -0.308148 -0.808890 -0.500741 0.030700 -0.982409 -0.184202 -0.110432 -0.993884 0.000000 0.024376 -0.999406 -0.024376 0.000000 -0.999014 -0.044401 0.103033 -0.968506 0.226672 -0.159617 -0.957704 -0.239426 0.043716 -0.983621 0.174866
-0.877982 -0.151376 -0.454129 -0.308148 -0.808890 -0.500741 0.030861 -0.987541 -0.154303 -0.110432 -0.993884 0.000000 0.024376 -0.999406 -0.024376 0.000000 -0.999014 -0.044401 0.103033 -0.968506 0.226672 -0.159617 -0.957704 -0.239426 0.043716 -0.983621 0.174866
-0.889889 -0.153429 -0.429601 -0.308148 -0.808890 -0.500741 0.000000 -0.988012 -0.154377 -0.110432 -0.993884 0.000000 0.024376 -0.999406 -0.024376 0.000000 -0.999014 -0.044401 0.103033 -0.968506 0.226672 -0.159617 -0.957704 -0.239426 0.043716 -0.983621 0.174866
-0.885316 -0.183169 -0.427394 -0.308148 -0.808890 -0.500741 0.000000 -0.988012 -0.154377 -0.110432 -0.993884 0.000000 0.024383 -0.999703 0.000000 0.000000 -0.999014 -0.044401 0.103033 -0.968506 0.226672 -0.159617 -0.957704 -0.239426 0.043716 -0.983621 0.174866
-0.885316 -0.183169 -0.427394 -0.314027 -0.824322 -0.471041 0.000000 -0.982872 -0.184289 -0.110432 -0.993884 0.000000 0.024383 -0.999703 0.000000 0.000000 -0.999014 -0.044401 0.103033 -0.968506 0.226672 -0.159617 -0.957704 -0.239426 0.042796 -0.984309 0.171184
-0.880001 -0.212414 -0.424828 -0.314027 -0.824322 -0.471041 0.000000 -0.982872 -0.184289 -0.110432 -0.993884 0.000000 0.024383 -0.999703 0.000000 0.000000 -0.999014 -0.044401 0.103033 -0.968506 0.226672 -0.159617 -0.957704 -0.239426 0.021413 -0.984986 0.171302
-0.880001 -0.212414 -0.424828 -0.314027 -0.824322 -0.471041 0.000000 -0.982872 -0.184289 -0.110432 -0.993884 0.000000 0.024383 -0.999703 0.000000 0.000000 -0.999014 -0.044401 0.103033 -0.968506 0.226672 -0.133535 -0.961454 -0.240363 0.000000 -0.985212 0.171341
-0.880001 -0.212414 -0.424828 -0.314027 -0.824322 -0.471041 0.000000 -0.982872 -0.184289 -0.110432 -0.993884 0.000000 0.024383 -0.999703 0.000000 0.000000 -0.999014 -0.044401 0.103033 -0.968506 0.226672 -0.133535 -0.961454 -0.240363 0.000000 -0.985212 0.171341
-0.873986 -0.241100 -0.421924 -0.314027 -0.824322 -0.471041 0.000000 -0.982872 -0.184289 -0.110432 -0.993884 0.000000 0.024383 -0.999703 0.000000 0.000000 -0.999014 -0.044401 0.103033 -0.968506 0.226672 -0.133535 -0.961454 -0.240363 0.000000 -0.985212 0.171341
-0.884903 -0.244111 -0.396681 -0.314027 -0.824322 -0.471041 0.000000 -0.976900 -0.213697 -0.110432 -0.993884 0.000000 0.024383 -0.999703 0.000000 0.000000 -0.999014 -0.044401 0.103033 -0.968506 0.226672 -0.133535 -0.961454 -0.240363 0.000000 -0.985212 0.171341
-0.891148 -0.215105 -0.399480 -0.304114 -0.836315 -0.456172 0.000000 -0.982872 -0.184289 -0.110357 -0.993211 -0.036786 0.024383 -0.999703 0.000000 0.000000 -0.999014 -0.044401 0.103033 -0.968506 0.226672 -0.133535 -0.961454 -0.240363 0.000000 -0.985212 0.171341
-0.891148 -0.215105 -0.399480 -0.304114 -0.836315 -0.456172 0.000000 -0.982872 -0.184289 -0.110357 -0.993211 -0.036786 0.024383 -0.999703 0.000000 0.000000 -0.999014 -0.044401 0.103033 -0.968506 0.226672 -0.133535 -0.961454 -0.240363 0.000000 -0.985212 0.171341
-0.880001 -0.212414 -0.424828 -0.309298 -0.850569 -0.425285 0.000000 -0.982872 -0.184289 -0.110357 -0.993211 -0.036786 0.024383 -0.999703 0.000000 0.000000 -0.999014 -0.044401 0.103033 -0.968506 0.226672 -0.133535 -0.961454 -0.240363 0.000000 -0.985212 0.171341
-0.885316 -0.183169 -0.427394 -0.304114 -0.836315 -0.456172 0.000000 -0.982872 -0.184289 -0.110357 -0.993211 -0.036786 0.024383 -0.999703 0.000000 0.000000 -0.999014 -0.044401 0.103033 -0.968506 0.226672 -0.133535 -0.961454 -0.240363 0.000000 -0.985212 0.171341
-0.896763 -0.086784 -0.433918 -0.314027 -0.824322 -0.471041 0.000000 -0.982872 -0.184289 -0.110357 -0.993211 -0.036786 0.024383 -0.999703 0.000000 0.000000 -0.999014 -0.044401 0.103033 -0.968506 0.226672 -0.133535 -0.961454 -0.240363 0.000000 -0.985212 0.171341
-0.911371 0.000000 -0.411587 -0.348743 -0.813733 -0.464991 0.000000 -0.982872 -0.184289 -0.110357 -0.993211 -0.036786 0.024383 -0.999703 0.000000 0.000000 -0.999014 -0.044401 0.103033 -0.968506 0.226672 -0.133535 -0.961454 -0.240363 0.000000 -0.985212 0.171341
-0.933755 0.113182 -0.339547 -0.348743 -0.813733 -0.464991 0.000000 -0.982872 -0.184289 -0.110357 -0.993211 -0.036786 0.024383 -0.999703 0.000000 0.000000 -0.999014 -0.044401 0.103033 -0.968506 0.226672 -0.133535 -0.961454 -0.240363 0.000000 -0.985212 0.171341
-0.967663 0.146616 -0.205262 -0.406558 -0.772460 -0.487869 0.000000 -0.976900 -0.213697 -0.110357 -0.993211 -0.036786 0.024383 -0.999703 0.000000 0.000000 -0.999014 -0.044401 0.103033 -0.968506 0.226672 -0.133535 -0.961454 -0.240363 0.000000 -0.985212 0.171341
-0.973117 0.176930 -0.147442 -0.453247 -0.741677 -0.494451 0.000000 -0.976900 -0.213697 -0.110357 -0.993211 -0.036786 0.024383 -0.999703 0.000000 0.000000 -0.999014 -0.044401 0.103033 -0.968506 0.226672 -0.133535 -0.961454 -0.240363 0.000000 -0.985212 0.171341
-0.988272 0.149738 0.029948 -0.467345 -0.722261 -0.509831 0.000000 -0.982872 -0.184289 -0.110357 -0.993211 -0.036786 0.024383 -0.999703 0.000000 0.000000 -0.999014 -0.044401 0.103033 -0.968506 0.226672 -0.133535 -0.961454 -0.240363 0.000000 -0.985212 0.171341
-0.979327 0.126365 0.157956 -0.499567 -0.707719 -0.499567 0.000000 -0.982872 -0.184289 -0.110357 -0.993211 -0.036786 0.024383 -0.999703 0.000000 0.000000 -0.999014 -0.044401 0.103033 -0.968506 0.226672 -0.133535 -0.961454 -0.240363 0.000000 -0.985212 0.171341
-0.973841 0.000000 0.227230 -0.481919 -0.700973 -0.525730 0.000000 -0.982872 -0.184289 -0.110357 -0.993211 -0.036786 0.024383 -0.999703 0.000000 0.000000 -0.999014 -0.044401 0.103033 -0.968506 0.226672 -0.133535 -0.961454 -0.240363 0.000000 -0.985212 0.171341
-0.959264 -0.068519 0.274075 -0.492922 -0.716977 -0.492922 0.000000 -0.982872 -0.184289 -0.110357 -0.993211 -0.036786 0.024383 -0.999703 0.000000 0.000000 -0.999014 -0.044401 0.103033 -0.968506 0.226672 -0.133535 -0.961454 -0.240363 0.000000 -0.985212 0.171341
-0.960958 -0.137280 0.240239 -0.390360 -0.780720 -0.487950 0.000000 -0.982872 -0.184289 -0.110357 -0.993211 -0.036786 0.024383 -0.999703 0.000000 0.000000 -0.999014 -0.044401 0.103033 -0.968506 0.226672 -0.133535 -0.961454 -0.240363 0.000000 -0.985212 0.171341
-0.956681 -0.154303 0.246885 -0.245737 -0.835504 -0.491473 0.000000 -0.982872 -0.184289 -0.110357 -0.993211 -0.036786 0.024383 -0.999703 0.000000 0.000000 -0.999014 -0.044401 0.103033 -0.968506 0.226672 -0.133535 -0.961454 -0.240363 0.000000 -0.985212 0.171341
-0.958508 -0.185518 0.216437 -0.194948 -0.877266 -0.438633 0.000000 -0.982872 -0.184289 -0.110357 -0.993211 -0.036786 0.024383 -0.999703 0.000000 0.000000 -0.999014 -0.044401 0.103033 -0.968506 0.226672 -0.133535 -0.961454 -0.240363 0.000000 -0.985212 0.171341
-0.923133 -0.329690 0.197814 -0.098894 -0.890043 -0.445021 0.000000 -0.982872 -0.184289 -0.110357 -0.993211 -0.036786 0.024383 -0.999703 0.000000 0.000000 -0.999014 -0.044401 0.103033 -0.968506 0.226672 -0.133535 -0.961454 -0.240363 0.000000 -0.985212 0.171341
-0.911860 -0.385787 0.140286 -0.096561 -0.917329 -0.386244 0.000000 -0.982872 -0.184289 -0.110357 -0.993211 -0.036786 0.024383 -0.999703 0.000000 0.000000 -0.999014 -0.044401 0.103033 -0.968506 0.226672 -0.133535 -0.961454 -0.240363 0.000000 -0.985212 0.171341
-0.909843 -0.400331 0.109181 -0.048450 -0.920553 -0.387601 0.000000 -0.982872 -0.184289 -0.110357 -0.993211 -0.036786 0.024383 -0.999703 0.000000 0.000000 -0.999014 -0.044401 0.103033 -0.968506 0.226672 -0.133535 -0.961454 -0.240363 0.000000 -0.985212 0.171341
-0.896293 -0.430221 0.107555 -0.048450 -0.920553 -0.387601 0.030700 -0.982409 -0.184202 -0.146450 -0.988540 -0.036613 0.024383 -0.999703 0.000000 0.000000 -0.999014 -0.044401 0.103033 -0.968506 0.226672 -0.133535 -0.961454 -0.240363 0.000000 -0.985212 0.171341
-0.920358 -0.383482 0.076696 -0.047140 -0.942809 -0.329983 0.030514 -0.976445 -0.213597 -0.110357 -0.993211 -0.036786 0.024383 -0.999703 0.000000 0.000000 -0.999014 -0.044401 0.103033 -0.968506 0.226672 -0.133535 -0.961454 -0.240363 0.000000 -0.985212 0.171341
-0.922395 -0.384331 0.038433 -0.047140 -0.942809 -0.329983 0.030514 -0.976445 -0.213597 -0.110357 -0.993211 -0.036786 0.024383 -0.999703 0.000000 0.000000 -0.999014 -0.044401 0.103033 -0.968506 0.226672 -0.133535 -0.961454 -0.240363 0.000000 -0.985212 0.171341
-0.927837 -0.371135 0.037113 -0.047140 -0.942809 -0.329983 0.030514 -0.976445 -0.213597 -0.110357 -0.993211 -0.036786 0.024383 -0.999703 0.000000 0.000000 -0.999014 -0.044401 0.103033 -0.968506 0.226672 -0.133535 -0.961454 -0.240363 0.000000 -0.985212 0.171341
-0.948098 -0.316033 0.035115 -0.046374 -0.927478 -0.370991 0.030514 -0.976445 -0.213597 -0.110357 -0.993211 -0.036786 0.024383 -0.999703 0.000000 0.000000 -0.999014 -0.044401 0.103033 -0.968506 0.226672 -0.133535 -0.961454 -0.240363 0.000000 -0.984563 0.175033
-0.951479 -0.305832 0.033981 -0.092450 -0.924500 -0.369800 0.031450 -0.974958 -0.220152 -0.106466 -0.993683 -0.035489 0.024383 -0.999703 0.000000 0.000000 -0.999014 -0.044401 0.103033 -0.968506 0.226672 -0.133535 -0.961454 -0.240363 0.000000 -0.984563 0.175033
-0.954547 -0.296239 0.032915 -0.092450 -0.924500 -0.369800 0.031450 -0.974958 -0.220152 -0.106466 -0.993683 -0.035489 0.024383 -0.999703 0.000000 0.000000 -0.999014 -0.044401 0.103033 -0.968506 0.226672 -0.133535 -0.961454 -0.240363 0.000000 -0.984563 0.175033
-0.951479 -0.305832 -0.033981 -0.093968 -0.939682 -0.328889 0.031450 -0.974958 -0.220152 -0.106466 -0.993683 -0.035489 0.024383 -0.999703 0.000000 0.000000 -0.999014 -0.044401 0.103033 -0.968506 0.226672 -0.133535 -0.961454 -0.240363 0.000000 -0.980581 0.196116
-0.963460 -0.265782 -0.033223 -0.093968 -0.939682 -0.328889 0.031450 -0.974958 -0.220152 -0.106466 -0.993683 -0.035489 0.024383 -0.999703 0.000000 0.000000 -0.999014 -0.044401 0.103033 -0.968506 0.226672 -0.133535 -0.961454 -0.240363 0.000000 -0.980581 0.196116
-0.963460 -0.265782 -0.033223 -0.093968 -0.939682 -0.328889 0.031450 -0.974958 -0.220152 -0.106466 -0.993683 -0.035489 0.024376 -0.999406 -0.024376 0.000000 -0.999014 -0.044401 0.103033 -0.968506 0.226672 -0.133535 -0.961454 -0.240363 0.000000 -0.980581 0.196116
-0.961869 -0.265343 -0.066336 -0.098295 -0.933799 -0.344031 0.031450 -0.974958 -0.220152 -0.106466 -0.993683 -0.035489 0.024376 -0.999406 -0.024376 0.000000 -0.999014 -0.044401 0.103033 -0.968506 0.226672 -0.133535 -0.961454 -0.240363 0.000000 -0.980581 0.196116
-0.961869 -0.265343 -0.066336 -0.098295 -0.933799 -0.344031 0.031450 -0.974958 -0.220152 -0.106466 -0.993683 -0.035489 0.024376 -0.999406 -0.024376 0.000000 -0.999014 -0.044401 0.103033 -0.968506 0.226672 -0.133535 -0.961454 -0.240363 0.000000 -0.980581 0.196116
-0.971795 -0.226752 -0.064786 -0.098295 -0.933799 -0.344031 0.031450 -0.974958 -0.220152 -0.106466 -0.993683 -0.035489 0.024376 -0.999406 -0.024376 0.000000 -0.999014 -0.044401 0.103033 -0.968506 0.226672 -0.133535 -0.961454 -0.240363 0.000000 -0.980581 0.196116
-0.969256 -0.226160 -0.096926 -0.098295 -0.933799 -0.344031 0.031450 -0.974958 -0.220152 -0.106466 -0.993683 -0.035489 0.024376 -0.999406 -0.024376 0.000000 -0.999014 -0.044401 0.105129 -0.967189 0.231284 -0.130189 -0.963398 -0.234340 0.000000 -0.979715 0.200396
-0.982766 -0.158511 -0.095106 -0.093968 -0.939682 -0.328889 0.031450 -0.974958 -0.220152 -0.106466 -0.993683 -0.035489 0.024376 -0.999406 -0.024376 0.000000 -0.999014 -0.044401 0.105129 -0.967189 0.231284 -0.130189 -0.963398 -0.234340 0.000000 -0.979715 0.200396
-0.987241 -0.095539 -0.127386 -0.093968 -0.939682 -0.328889 0.032444 -0.973329 -0.227110 -0.106466 -0.993683 -0.035489 0.024376 -0.999406 -0.024376 0.000000 -0.999014 -0.044401 0.105129 -0.967189 0.231284 -0.130189 -0.963398 -0.234340 0.000000 -0.979715 0.200396
-0.985245 -0.063564 -0.158910 -0.092450 -0.924500 -0.369800 0.032444 -0.973329 -0.227110 -0.106466 -0.993683 -0.035489 0.024376 -0.999406 -0.024376 0.000000 -0.999014 -0.044401 0.105129 -0.967189 0.231284 -0.130189 -0.963398 -0.234340 0.000000 -0.979715 0.200396
-0.986741 -0.031830 -0.159152 -0.092450 -0.924500 -0.369800 0.032444 -0.973329 -0.227110 -0.106466 -0.993683 -0.035489 0.024376 -0.999406 -0.024376 0.000000 -0.999014 -0.044401 0.105129 -0.967189 0.231284 -0.130189 -0.963398 -0.234340 0.022261 -0.979472 0.200347
-0.987241 0.000000 -0.159232 -0.092450 -0.924500 -0.369800 0.032444 -0.973329 -0.227110 -0.106466 -0.993683 -0.035489 0.024376 -0.999406 -0.024376 0.000000 -0.999014 -0.044401 0.105129 -0.967189 0.231284 -0.130946 -0.968998 -0.209513 0.022261 -0.979472 0.200347
-0.985861 -0.032862 -0.164310 -0.092450 -0.924500 -0.369800 0.032444 -0.973329 -0.227110 -0.106466 -0.993683 -0.035489 0.024376 -0.999406 -0.024376 0.000000 -0.999014 -0.044401 0.105129 -0.967189 0.231284 -0.130946 -0.968998 -0.209513 0.022261 -0.979472 0.200347
-0.990148 -0.099015 -0.099015 -0.092450 -0.924500 -0.369800 0.032444 -0.973329 -0.227110 -0.106466 -0.993683 -0.035489 0.024376 -0.999406 -0.024376 0.000000 -0.999014 -0.044401 0.105129 -0.967189 0.231284 -0.130946 -0.968998 -0.209513 0.022261 -0.979472 0.200347
-0.971795 -0.226752 -0.064786 -0.092450 -0.924500 -0.369800 0.032444 -0.973329 -0.227110 -0.106466 -0.993683 -0.035489 0.024376 -0.999406 -0.024376 0.000000 -0.999014 -0.044401 0.105129 -0.967189 0.231284 -0.130946 -0.968998 -0.209513 0.022261 -0.979472 0.200347
-0.912058 -0.408854 -0.031450 -0.092450 -0.924500 -0.369800 0.062807 -0.973515 -0.219826 -0.146450 -0.988540 -0.036613 0.024376 -0.999406 -0.024376 0.000000 -0.999014 -0.044401 0.105129 -0.967189 0.231284 -0.130946 -0.968998 -0.209513 0.022261 -0.979472 0.200347
-0.836970 -0.547249 0.000000 -0.092450 -0.924500 -0.369800 0.061314 -0.981023 -0.183942 -0.151947 -0.987658 -0.037987 0.024376 -0.999406 -0.024376 0.000000 -0.999014 -0.044401 0.105129 -0.967189 0.231284 -0.130946 -0.968998 -0.209513 0.022261 -0.979472 0.200347
-0.795759 -0.604777 0.031830 -0.092450 -0.924500 -0.369800 0.061314 -0.981023 -0.183942 -0.151947 -0.987658 -0.037987 0.024376 -0.999406 -0.024376 0.000000 -0.999014 -0.044401 0.105129 -0.967189 0.231284 -0.130946 -0.968998 -0.209513 0.022261 -0.979472 0.200347
-0.752577 -0.658505 0.000000 -0.140181 -0.934539 -0.327089 0.061314 -0.981023 -0.183942 -0.151947 -0.987658 -0.037987 0.024376 -0.999406 -0.024376 0.000000 -0.999014 -0.044401 0.105129 -0.967189 0.231284 -0.130946 -0.968998 -0.209513 0.022261 -0.979472 0.200347
-0.784046 -0.620703 0.000000 -0.134298 -0.940089 -0.313363 0.060943 -0.975084 -0.213300 -0.152057 -0.988372 0.000000 0.024376 -0.999406 -0.024376 0.000000 -0.999014 -0.044401 0.105129 -0.967189 0.231284 -0.130946 -0.968998 -0.209513 0.022261 -0.979472 0.200347
-0.851202 -0.523816 -0.032739 -0.089984 -0.944835 -0.314945 0.060943 -0.975084 -0.213300 -0.152057 -0.988372 0.000000 0.024376 -0.999406 -0.024376 0.000000 -0.999014 -0.044401 0.105129 -0.967189 0.231284 -0.130946 -0.968998 -0.209513 0.022261 -0.979472 0.200347
-0.911725 -0.405211 -0.067535 -0.089984 -0.944835 -0.314945 0.060943 -0.975084 -0.213300 -0.152057 -0.988372 0.000000 0.024376 -0.999406 -0.024376 0.000000 -0.999014 -0.044401 0.105129 -0.967189 0.231284 -0.130946 -0.968998 -0.209513 0.022261 -0.979472 0.200347
-0.945611 -0.290957 -0.145479 -0.089984 -0.944835 -0.314945 0.060943 -0.975084 -0.213300 -0.152057 -0.988372 0.000000 0.024376 -0.999406 -0.024376 0.000000 -0.999014 -0.044401 0.105129 -0.967189 0.231284 -0.130946 -0.968998 -0.209513 0.022261 -0.979472 0.200347
-0.963460 -0.132891 -0.232559 -0.089984 -0.944835 -0.314945 0.060943 -0.975084 -0.213300 -0.152057 -0.988372 0.000000 0.024376 -0.999406 -0.024376 0.000000 -0.999014 -0.044401 0.105129 -0.967189 0.231284 -0.130946 -0.968998 -0.209513 0.022261 -0.979472 0.200347
-0.958508 -0.061839 -0.278277 -0.089984 -0.944835 -0.314945 0.063214 -0.979816 -0.189642 -0.146450 -0.988540 -0.036613 0.024376 -0.999406 -0.024376 0.000000 -0.999014 -0.044401 0.105129 -0.967189 0.231284 -0.130946 -0.968998 -0.209513 0.022261 -0.979472 0.200347
-0.942428 0.000000 -0.334410 -0.089984 -0.944835 -0.314945 0.063214 -0.979816 -0.189642 -0.146450 -0.988540 -0.036613 0.024376 -0.999406 -0.024376 0.000000 -0.999014 -0.044401 0.105129 -0.967189 0.231284 -0.130946 -0.968998 -0.209513 0.022261 -0.979472 0.200347
-0.898645 0.057977 -0.434828 -0.089984 -0.944835 -0.314945 0.063214 -0.979816 -0.189642 -0.146549 -0.989203 0.000000 0.024376 -0.999406 -0.024376 0.000000 -0.999014 -0.044401 0.105129 -0.967189 0.231284 -0.130946 -0.968998 -0.209513 0.022261 -0.979472 0.200347
-0.856095 0.057073 -0.513657 -0.088648 -0.930809 -0.354594 0.063214 -0.979816 -0.189642 -0.146549 -0.989203 0.000000 0.024376 -0.999406 -0.024376 0.000000 -0.999014 -0.044401 0.105129 -0.967189 0.231284 -0.130946 -0.968998 -0.209513 0.022261 -0.979472 0.200347
-0.816310 0.060467 -0.574440 -0.043727 -0.918266 -0.393543 0.063214 -0.979816 -0.189642 -0.146549 -0.989203 0.000000 0.024376 -0.999406 -0.024376 0.000000 -0.999014 -0.044401 0.105129 -0.967189 0.231284 -0.130946 -0.968998 -0.209513 0.022261 -0.979472 0.200347
-0.721219 0.062715 -0.689862 0.000000 -0.919145 -0.393919 0.063214 -0.979816 -0.189642 -0.146549 -0.989203 0.000000 0.024376 -0.999406 -0.024376 0.000000 -0.999014 -0.044401 0.105129 -0.967189 0.231284 -0.130946 -0.968998 -0.209513 0.022261 -0.979472 0.200347
-0.599667 0.033315 -0.799556 0.043727 -0.918266 -0.393543 0.063214 -0.979816 -0.189642 -0.146549 -0.989203 0.000000 0.024376 -0.999406 -0.024376 0.000000 -0.999014 -0.044401 0.105129 -0.967189 0.231284 -0.130946 -0.968998 -0.209513 0.022261 -0.979472 0.200347
-0.499445 -0.033296 -0.865705 0.263880 -0.879599 -0.395820 0.031654 -0.981288 -0.189927 -0.110357 -0.993211 -0.036786 0.024376 -0.999406 -0.024376 0.000000 -0.999014 -0.044401 0.105129 -0.967189 0.231284 -0.130946 -0.968998 -0.209513 0.022261 -0.979472 0.200347
-0.314485 -0.104828 -0.943456 0.400099 -0.844653 -0.355643 0.032669 -0.980057 -0.196011 -0.106533 -0.994309 0.000000 0.024376 -0.999406 -0.024376 0.000000 -0.999014 -0.044401 0.105129 -0.967189 0.231284 -0.130189 -0.963398 -0.234340 0.022261 -0.979472 0.200347
-0.100056 -0.233463 -0.967204 0.540453 -0.810679 -0.225189 0.032444 -0.973329 -0.227110 -0.106533 -0.994309 0.000000 0.024376 -0.999406 -0.024376 0.000000 -0.999014 -0.044401 0.105129 -0.967189 0.231284 -0.130189 -0.963398 -0.234340 0.022261 -0.979472 0.200347
0.276694 -0.122975 -0.953057 0.338971 -0.932170 -0.127114 0.066890 -0.969905 -0.234115 -0.141333 -0.989331 -0.035333 0.024376 -0.999406 -0.024376 0.000000 -0.999014 -0.044401 0.084271 -0.969119 0.231746 -0.130946 -0.968998 -0.209513 0.022355 -0.983624 0.178841
0.492805 -0.028989 -0.869657 0.279108 -0.956943 -0.079745 0.066336 -0.961869 -0.265343 -0.141333 -0.989331 -0.035333 0.024376 -0.999406 -0.024376 0.000000 -0.999014 -0.044401 0.084271 -0.969119 0.231746 -0.130946 -0.968998 -0.209513 0.022355 -0.983624 0.178841
0.621168 0.027007 -0.783212 0.269430 -0.962250 -0.038490 0.066336 -0.961869 -0.265343 -0.141333 -0.989331 -0.035333 0.024376 -0.999406 -0.024376 0.000000 -0.999014 -0.044401 0.084271 -0.969119 0.231746 -0.130946 -0.968998 -0.209513 0.022355 -0.983624 0.178841
0.663348 0.055279 -0.746266 0.269430 -0.962250 -0.038490 0.033223 -0.963460 -0.265782 -0.141333 -0.989331 -0.035333 0.024376 -0.999406 -0.024376 0.000000 -0.999014 -0.044401 0.084271 -0.969119 0.231746 -0.130946 -0.968998 -0.209513 0.022261 -0.979472 0.200347
0.704361 0.088045 -0.704361 0.304555 -0.951734 -0.038069 0.033223 -0.963460 -0.265782 -0.141333 -0.989331 -0.035333 0.024376 -0.999406 -0.024376 0.000000 -0.999014 -0.044401 0.084271 -0.969119 0.231746 -0.130946 -0.968998 -0.209513 0.022261 -0.979472 0.200347
0.702247 0.117041 -0.702247 0.304555 -0.951734 -0.038069 0.033223 -0.963460 -0.265782 -0.141333 -0.989331 -0.035333 0.024376 -0.999406 -0.024376 0.000000 -0.999014 -0.044401 0.084667 -0.973668 0.211667 -0.130946 -0.968998 -0.209513 0.022261 -0.979472 0.200347
0.701820 0.122056 -0.701820 0.304555 -0.951734 -0.038069 0.033223 -0.963460 -0.265782 -0.141421 -0.989949 0.000000 0.024376 -0.999406 -0.024376 0.000000 -0.999014 -0.044401 0.063600 -0.975198 0.212000 -0.130946 -0.968998 -0.209513 0.022261 -0.979472 0.200347
0.685828 0.124696 -0.717002 0.279776 -0.959233 -0.039968 0.033501 -0.971537 -0.234509 -0.141333 -0.989331 -0.035333 0.024376 -0.999406 -0.024376 0.000000 -0.999014 -0.044401 0.063600 -0.975198 0.212000 -0.105081 -0.972003 -0.210163 0.000000 -0.979715 0.200396
0.668776 0.127386 -0.732469 0.279776 -0.959233 -0.039968 0.033501 -0.971537 -0.234509 -0.141333 -0.989331 -0.035333 0.024376 -0.999406 -0.024376 0.000000 -0.999014 -0.044401 0.063600 -0.975198 0.212000 -0.105081 -0.972003 -0.210163 0.000000 -0.979715 0.200396
0.653023 0.097953 -0.750977 0.279108 -0.956943 -0.079745 0.033748 -0.978703 -0.202490 -0.175358 -0.982003 -0.070143 0.024376 -0.999406 -0.024376 0.000000 -0.999014 -0.044401 0.064942 -0.974126 0.216473 -0.105081 -0.972003 -0.210163 0.000000 -0.975133 0.221621
