-0.647415 0.719350 -0.251773 -0.518519 0.259259 -0.814815 -0.033223 -0.963460 -0.265782 -0.086306 -0.992523 -0.086306 -0.062324 -0.997191 0.041550 0.021713 -0.998821 -0.043427 0.085573 -0.962691 0.256718 -0.127000 -0.965201 -0.228600 0.022355 -0.983624 0.178841
-0.657706 0.694245 -0.292314 -0.523205 0.224231 -0.822179 -0.033223 -0.963460 -0.265782 -0.045222 -0.994874 -0.090443 -0.061059 -0.997304 0.040706 0.021713 -0.998821 -0.043427 0.085573 -0.962691 0.256718 -0.127000 -0.965201 -0.228600 0.044677 -0.982888 0.178707
-0.658145 0.658145 -0.365636 -0.553660 0.184553 -0.812035 -0.033501 -0.971537 -0.234509 -0.045222 -0.994874 -0.090443 -0.061059 -0.997304 0.040706 0.021713 -0.998821 -0.043427 0.085573 -0.962691 0.256718 -0.127000 -0.965201 -0.228600 0.045679 -0.982104 0.182717
-0.669246 0.634023 -0.387458 -0.559795 0.111959 -0.821033 -0.033501 -0.971537 -0.234509 -0.045222 -0.994874 -0.090443 -0.062324 -0.997191 0.041550 0.021713 -0.998821 -0.043427 0.085573 -0.962691 0.256718 -0.127000 -0.965201 -0.228600 0.045859 -0.985969 0.160507
-0.684268 0.612240 -0.396155 -0.544825 0.072643 -0.835398 -0.033501 -0.971537 -0.234509 0.000000 -0.995893 -0.090536 -0.062324 -0.997191 0.041550 0.021713 -0.998821 -0.043427 0.085573 -0.962691 0.256718 -0.127000 -0.965201 -0.228600 0.045859 -0.985969 0.160507
-0.721218 0.540914 -0.432731 -0.570701 0.035669 -0.820383 -0.032444 -0.973329 -0.227110 0.000000 -0.995495 -0.094809 -0.063643 -0.997070 0.042429 0.021713 -0.998821 -0.043427 0.064282 -0.964237 0.257130 -0.127000 -0.965201 -0.228600 0.045859 -0.985969 0.160507
-0.723102 0.506171 -0.470016 -0.570701 -0.035669 -0.820383 -0.032444 -0.973329 -0.227110 0.000000 -0.989949 -0.141421 -0.043427 -0.998821 0.021713 0.021713 -0.998821 -0.043427 0.064282 -0.964237 0.257130 -0.127000 -0.965201 -0.228600 0.045859 -0.985969 0.160507
-0.739693 0.493129 -0.457905 -0.569615 -0.071202 -0.818822 -0.032444 -0.973329 -0.227110 0.000000 -0.988936 -0.148340 -0.044401 -0.999014 0.000000 0.021713 -0.998821 -0.043427 0.064282 -0.964237 0.257130 -0.127000 -0.965201 -0.228600 0.045859 -0.985969 0.160507
-0.751439 0.429394 -0.500959 -0.567819 -0.106466 -0.816239 -0.033501 -0.971537 -0.234509 0.046727 -0.981266 -0.186908 -0.022716 -0.999484 -0.022716 0.021713 -0.998821 -0.043427 0.042904 -0.965345 0.257425 -0.127000 -0.965201 -0.228600 0.045859 -0.985969 0.160507
-0.777332 0.388666 -0.494666 -0.585511 -0.172209 -0.792162 -0.033501 -0.971537 -0.234509 0.048450 -0.969003 -0.242251 -0.023243 -0.999460 -0.023243 0.000000 -0.999056 -0.043437 0.042904 -0.965345 0.257425 -0.127000 -0.965201 -0.228600 0.045679 -0.982104 0.182717
-0.787044 0.342193 -0.513289 -0.581728 -0.205316 -0.787044 -0.032444 -0.973329 -0.227110 0.000000 -0.995893 -0.090536 -0.023776 -0.998586 -0.047552 0.000000 -0.999056 -0.043437 0.042904 -0.965345 0.257425 -0.127000 -0.965201 -0.228600 0.045679 -0.982104 0.182717
-0.808122 0.303046 -0.505076 -0.572420 -0.269374 -0.774450 -0.032444 -0.973329 -0.227110 -0.043274 -0.995307 -0.086548 0.000000 -0.998868 -0.047565 0.000000 -0.999056 -0.043437 0.042904 -0.965345 0.257425 -0.127000 -0.965201 -0.228600 0.045679 -0.982104 0.182717
-0.823193 0.240098 -0.514496 -0.575363 -0.338449 -0.744587 0.000000 -0.973841 -0.227230 -0.086548 -0.995307 -0.043274 0.000000 -0.999717 -0.023803 0.000000 -0.999014 -0.044401 0.042248 -0.971711 0.232366 -0.127000 -0.965201 -0.228600 0.045679 -0.982104 0.182717
-0.839891 0.201574 -0.503935 -0.568565 -0.367895 -0.735790 -0.028006 -0.980196 -0.196039 -0.151947 -0.987658 -0.037987 0.000000 -0.999717 -0.023803 0.000000 -0.999014 -0.044401 0.042248 -0.971711 0.232366 -0.127000 -0.965201 -0.228600 0.046727 -0.981266 0.186908
-0.834726 0.133556 -0.534224 -0.566982 -0.433574 -0.700389 -0.027257 -0.981251 -0.190799 -0.202606 -0.979260 0.000000 0.000000 -0.999717 -0.023803 0.000000 -0.999014 -0.044401 0.042248 -0.971711 0.232366 -0.130189 -0.963398 -0.234340 0.022355 -0.983624 0.178841
-0.852989 0.102359 -0.511793 -0.558655 -0.460069 -0.690103 -0.026547 -0.982224 -0.185826 -0.209529 -0.977802 0.000000 0.000000 -0.999717 -0.023803 0.000000 -0.999014 -0.044401 0.063302 -0.970628 0.232107 -0.130189 -0.963398 -0.234340 0.022355 -0.983624 0.178841
-0.840366 0.067229 -0.537834 -0.505363 -0.539054 -0.673817 -0.027257 -0.981251 -0.190799 -0.202606 -0.979260 0.000000 0.024376 -0.999406 -0.024376 0.000000 -0.999014 -0.044401 0.063302 -0.970628 0.232107 -0.130189 -0.963398 -0.234340 0.022355 -0.983624 0.178841
-0.831655 0.030802 -0.554437 -0.464879 -0.607919 -0.643679 -0.027257 -0.981251 -0.190799 -0.175791 -0.984428 0.000000 0.024354 -0.998516 -0.048708 0.000000 -0.999014 -0.044401 0.064625 -0.969368 0.236957 -0.130189 -0.963398 -0.234340 0.022355 -0.983624 0.178841
-0.840799 -0.030029 -0.540514 -0.464879 -0.643679 -0.607919 -0.028006 -0.980196 -0.196039 -0.146450 -0.988540 -0.036613 0.024354 -0.998516 -0.048708 0.000000 -0.999014 -0.044401 0.064625 -0.969368 0.236957 -0.155647 -0.959826 -0.233471 0.044677 -0.982888 0.178707
-0.835170 -0.119310 -0.536895 -0.444140 -0.703222 -0.555175 0.000000 -0.979457 -0.201653 -0.146450 -0.988540 -0.036613 0.024354 -0.998516 -0.048708 0.000000 -0.999014 -0.044401 0.064625 -0.969368 0.236957 -0.155647 -0.959826 -0.233471 0.044677 -0.982888 0.178707
-0.840799 -0.180171 -0.510485 -0.432731 -0.721218 -0.540914 0.000000 -0.978234 -0.207504 -0.141333 -0.989331 -0.035333 0.024354 -0.998516 -0.048708 0.000000 -0.999014 -0.044401 0.086026 -0.967798 0.236573 -0.155647 -0.959826 -0.233471 0.044677 -0.982888 0.178707
-0.842701 -0.240772 -0.481543 -0.379049 -0.758098 -0.530669 0.000000 -0.978234 -0.207504 -0.146450 -0.988540 -0.036613 0.024354 -0.998516 -0.048708 0.000000 -0.999014 -0.044401 0.086026 -0.967798 0.236573 -0.155647 -0.959826 -0.233471 0.021874 -0.984327 0.174991
-0.839254 -0.279751 -0.466252 -0.375293 -0.788116 -0.487881 0.000000 -0.976900 -0.213697 -0.141333 -0.989331 -0.035333 0.024354 -0.998516 -0.048708 0.000000 -0.999014 -0.044401 0.086026 -0.967798 0.236573 -0.155647 -0.959826 -0.233471 0.021874 -0.984327 0.174991
-0.845385 -0.362308 -0.392500 -0.342376 -0.798878 -0.494543 0.000000 -0.976900 -0.213697 -0.141333 -0.989331 -0.035333 0.024354 -0.998516 -0.048708 0.000000 -0.999014 -0.044401 0.084271 -0.969119 0.231746 -0.155647 -0.959826 -0.233471 0.021874 -0.984327 0.174991
-0.826574 -0.397980 -0.397980 -0.343622 -0.839964 -0.419982 0.000000 -0.976900 -0.213697 -0.141333 -0.989331 -0.035333 0.024376 -0.999406 -0.024376 0.000000 -0.999014 -0.044401 0.084271 -0.969119 0.231746 -0.155647 -0.959826 -0.233471 0.021874 -0.984327 0.174991
-0.825800 -0.428193 -0.367022 -0.314270 -0.864242 -0.392837 0.000000 -0.976900 -0.213697 -0.146450 -0.988540 -0.036613 0.024376 -0.999406 -0.024376 0.000000 -0.999014 -0.044401 0.084271 -0.969119 0.231746 -0.155647 -0.959826 -0.233471 0.021874 -0.984327 0.174991
-0.833950 -0.449050 -0.320750 -0.303895 -0.873698 -0.379869 0.000000 -0.976900 -0.213697 -0.146450 -0.988540 -0.036613 0.024376 -0.999406 -0.024376 0.000000 -0.999014 -0.044401 0.084271 -0.969119 0.231746 -0.155647 -0.959826 -0.233471 0.021874 -0.984327 0.174991
-0.821781 -0.474105 -0.316070 -0.308148 -0.885927 -0.346667 0.000000 -0.976900 -0.213697 -0.146450 -0.988540 -0.036613 0.024376 -0.999406 -0.024376 0.000000 -0.999014 -0.044401 0.084271 -0.969119 0.231746 -0.155647 -0.959826 -0.233471 0.021874 -0.984327 0.174991
-0.809345 -0.498058 -0.311286 -0.308148 -0.885927 -0.346667 0.030514 -0.976445 -0.213597 -0.181969 -0.982631 -0.036394 0.024376 -0.999406 -0.024376 0.000000 -0.999014 -0.044401 0.084271 -0.969119 0.231746 -0.155647 -0.959826 -0.233471 0.021874 -0.984327 0.174991
-0.816899 -0.502707 -0.282773 -0.308148 -0.885927 -0.346667 0.030514 -0.976445 -0.213597 -0.181969 -0.982631 -0.036394 0.024376 -0.999406 -0.024376 0.000000 -0.999014 -0.044401 0.084271 -0.969119 0.231746 -0.159617 -0.957704 -0.239426 0.021874 -0.984327 0.174991
-0.816899 -0.502707 -0.282773 -0.318981 -0.877197 -0.358854 0.029630 -0.977805 -0.207413 -0.188847 -0.982006 0.000000 0.024376 -0.999406 -0.024376 0.000000 -0.999014 -0.044401 0.084271 -0.969119 0.231746 -0.159617 -0.957704 -0.239426 0.021874 -0.984327 0.174991
-0.814544 -0.456145 -0.358399 -0.323381 -0.889297 -0.323381 0.029630 -0.977805 -0.207413 -0.188847 -0.982006 0.000000 0.024376 -0.999406 -0.024376 0.000000 -0.999014 -0.044401 0.084271 -0.969119 0.231746 -0.159617 -0.957704 -0.239426 0.021874 -0.984327 0.174991
-0.846649 -0.376288 -0.376288 -0.286491 -0.900400 -0.327418 0.029630 -0.977805 -0.207413 -0.188847 -0.982006 0.000000 0.024376 -0.999406 -0.024376 0.000000 -0.999014 -0.044401 0.084271 -0.969119 0.231746 -0.159617 -0.957704 -0.239426 0.000000 -0.984563 0.175033
-0.834830 -0.340116 -0.432875 -0.286491 -0.900400 -0.327418 0.029630 -0.977805 -0.207413 -0.188847 -0.982006 0.000000 0.024376 -0.999406 -0.024376 0.000000 -0.999014 -0.044401 0.084271 -0.969119 0.231746 -0.159617 -0.957704 -0.239426 0.000000 -0.984563 0.175033
-0.819689 -0.303588 -0.485741 -0.297402 -0.892205 -0.339887 0.030514 -0.976445 -0.213597 -0.182089 -0.983282 0.000000 0.024376 -0.999406 -0.024376 0.000000 -0.999014 -0.044401 0.084271 -0.969119 0.231746 -0.159617 -0.957704 -0.239426 0.000000 -0.984563 0.175033
-0.830382 -0.237252 -0.504160 -0.257960 -0.902861 -0.343947 0.030514 -0.976445 -0.213597 -0.182089 -0.983282 0.000000 0.024376 -0.999406 -0.024376 0.000000 -0.999014 -0.044401 0.084271 -0.969119 0.231746 -0.159617 -0.957704 -0.239426 0.000000 -0.984563 0.175033
-0.813342 -0.210866 -0.542228 -0.254000 -0.889001 -0.381000 0.030700 -0.982409 -0.184202 -0.181969 -0.982631 -0.036394 0.024376 -0.999406 -0.024376 0.000000 -0.999014 -0.044401 0.084271 -0.969119 0.231746 -0.159617 -0.957704 -0.239426 0.000000 -0.984563 0.175033
-0.814766 -0.174593 -0.552877 -0.213785 -0.897895 -0.384812 0.000000 -0.982872 -0.184289 -0.146450 -0.988540 -0.036613 0.024376 -0.999406 -0.024376 0.000000 -0.999014 -0.044401 0.084271 -0.969119 0.231746 -0.133535 -0.961454 -0.240363 -0.021874 -0.984327 0.174991
-0.794805 -0.147186 -0.588745 -0.254000 -0.889001 -0.381000 -0.030700 -0.982409 -0.184202 -0.141333 -0.989331 -0.035333 0.024376 -0.999406 -0.024376 0.000000 -0.999014 -0.044401 0.084271 -0.969119 0.231746 -0.133535 -0.961454 -0.240363 -0.021874 -0.984327 0.174991
-0.797923 -0.118211 -0.591054 -0.210166 -0.882696 -0.420331 -0.030700 -0.982409 -0.184202 -0.141333 -0.989331 -0.035333 0.024376 -0.999406 -0.024376 0.000000 -0.999014 -0.044401 0.084271 -0.969119 0.231746 -0.133535 -0.961454 -0.240363 -0.021874 -0.984327 0.174991
-0.786796 -0.121046 -0.605228 -0.218218 -0.872872 -0.436436 -0.030700 -0.982409 -0.184202 -0.141333 -0.989331 -0.035333 0.024376 -0.999406 -0.024376 0.000000 -0.999014 -0.044401 0.084271 -0.969119 0.231746 -0.133535 -0.961454 -0.240363 -0.021874 -0.984327 0.174991
-0.774826 -0.089403 -0.625821 -0.172613 -0.863064 -0.474685 0.000000 -0.988012 -0.154377 -0.141069 -0.987484 -0.070535 0.024376 -0.999406 -0.024376 0.000000 -0.999014 -0.044401 0.084271 -0.969119 0.231746 -0.133535 -0.961454 -0.240363 -0.021874 -0.984327 0.174991
-0.736968 -0.064084 -0.672883 -0.172613 -0.863064 -0.474685 0.000000 -0.982872 -0.184289 -0.141069 -0.987484 -0.070535 0.024376 -0.999406 -0.024376 0.000000 -0.999014 -0.044401 0.084271 -0.969119 0.231746 -0.133535 -0.961454 -0.240363 -0.021874 -0.984327 0.174991
-0.736968 -0.064084 -0.672883 -0.172613 -0.863064 -0.474685 0.000000 -0.982872 -0.184289 -0.141069 -0.987484 -0.070535 0.024376 -0.999406 -0.024376 0.000000 -0.999014 -0.044401 0.084271 -0.969119 0.231746 -0.133535 -0.961454 -0.240363 -0.021874 -0.984327 0.174991
-0.721219 -0.062715 -0.689862 -0.130312 -0.868744 -0.477809 0.000000 -0.981780 -0.190022 -0.141333 -0.989331 -0.035333 0.024376 -0.999406 -0.024376 0.000000 -0.999014 -0.044401 0.084271 -0.969119 0.231746 -0.133535 -0.961454 -0.240363 -0.021874 -0.984327 0.174991
-0.689862 -0.062715 -0.721219 -0.130312 -0.868744 -0.477809 0.000000 -0.975441 -0.220261 -0.141333 -0.989331 -0.035333 0.024376 -0.999406 -0.024376 0.000000 -0.999014 -0.044401 0.084667 -0.973668 0.211667 -0.133535 -0.961454 -0.240363 -0.021874 -0.984327 0.174991
-0.688172 -0.093842 -0.719453 -0.045502 -0.864530 -0.500517 0.000000 -0.975441 -0.220261 -0.146450 -0.988540 -0.036613 0.024376 -0.999406 -0.024376 0.000000 -0.999014 -0.044401 0.084667 -0.973668 0.211667 -0.133535 -0.961454 -0.240363 -0.021874 -0.984327 0.174991
-0.672874 -0.091756 -0.734045 0.000000 -0.865426 -0.501036 0.000000 -0.975441 -0.220261 -0.146450 -0.988540 -0.036613 0.024376 -0.999406 -0.024376 0.000000 -0.999014 -0.044401 0.063600 -0.975198 0.212000 -0.133535 -0.961454 -0.240363 -0.021413 -0.984986 0.171302
-0.617743 -0.097538 -0.780307 0.043769 -0.875376 -0.481457 0.031450 -0.974958 -0.220152 -0.181969 -0.982631 -0.036394 0.024376 -0.999406 -0.024376 0.000000 -0.999014 -0.044401 0.063600 -0.975198 0.212000 -0.133535 -0.961454 -0.240363 -0.021413 -0.984986 0.171302
-0.592943 -0.069758 -0.802217 0.123091 -0.861640 -0.492366 0.031450 -0.974958 -0.220152 -0.181969 -0.982631 -0.036394 0.024376 -0.999406 -0.024376 0.000000 -0.999014 -0.044401 0.063600 -0.975198 0.212000 -0.133535 -0.961454 -0.240363 -0.021413 -0.984986 0.171302
-0.576686 -0.067845 -0.814144 0.206372 -0.866763 -0.454019 0.031450 -0.974958 -0.220152 -0.181969 -0.982631 -0.036394 0.024376 -0.999406 -0.024376 0.000000 -0.999014 -0.044401 0.063600 -0.975198 0.212000 -0.130189 -0.963398 -0.234340 0.000000 -0.985212 0.171341
-0.513289 -0.068439 -0.855482 0.240966 -0.883541 -0.401610 0.031450 -0.974958 -0.220152 -0.181969 -0.982631 -0.036394 0.024376 -0.999406 -0.024376 0.000000 -0.999014 -0.044401 0.063600 -0.975198 0.212000 -0.130189 -0.963398 -0.234340 0.000000 -0.985212 0.171341
-0.458760 -0.105868 -0.882231 0.278225 -0.874421 -0.397464 0.031220 -0.967805 -0.249756 -0.181969 -0.982631 -0.036394 0.024376 -0.999406 -0.024376 0.000000 -0.999014 -0.044401 0.063600 -0.975198 0.212000 -0.130189 -0.963398 -0.234340 0.000000 -0.981393 0.192012
-0.458760 -0.105868 -0.882231 0.314270 -0.864242 -0.392837 0.032444 -0.973329 -0.227110 -0.175358 -0.982003 -0.070143 0.024376 -0.999406 -0.024376 0.000000 -0.999014 -0.044401 0.063600 -0.975198 0.212000 -0.130189 -0.963398 -0.234340 0.000000 -0.981393 0.192012
-0.303218 -0.134763 -0.943344 0.282497 -0.887848 -0.363210 0.032444 -0.973329 -0.227110 -0.175682 -0.983820 -0.035136 0.024376 -0.999406 -0.024376 0.000000 -0.999014 -0.044401 0.063600 -0.975198 0.212000 -0.130189 -0.963398 -0.234340 0.000000 -0.981393 0.192012
-0.272166 -0.136083 -0.952579 0.314270 -0.864242 -0.392837 0.033501 -0.971537 -0.234509 -0.175682 -0.983820 -0.035136 0.024376 -0.999406 -0.024376 0.000000 -0.997785 -0.066519 0.063302 -0.970628 0.232107 -0.127000 -0.965201 -0.228600 0.000000 -0.980581 0.196116
-0.155417 -0.217584 -0.963588 0.395820 -0.879599 -0.263880 0.033223 -0.963460 -0.265782 -0.175682 -0.983820 -0.035136 0.024376 -0.999406 -0.024376 0.000000 -0.997785 -0.066519 0.063302 -0.970628 0.232107 -0.127000 -0.965201 -0.228600 0.000000 -0.979715 0.200396
-0.092538 -0.277614 -0.956226 0.453609 -0.861858 -0.226805 0.033223 -0.963460 -0.265782 -0.175682 -0.983820 -0.035136 0.024376 -0.999406 -0.024376 0.000000 -0.997785 -0.066519 0.063600 -0.975198 0.212000 -0.127000 -0.965201 -0.228600 0.000000 -0.979715 0.200396
0.029814 -0.298142 -0.954056 0.442326 -0.884652 -0.147442 0.033501 -0.971537 -0.234509 -0.175358 -0.982003 -0.070143 0.024376 -0.999406 -0.024376 0.000000 -0.997785 -0.066519 0.063600 -0.975198 0.212000 -0.127000 -0.965201 -0.228600 0.000000 -0.979715 0.200396
0.169224 -0.270759 -0.947656 0.365148 -0.912871 -0.182574 0.033501 -0.971537 -0.234509 -0.175682 -0.983820 -0.035136 0.024376 -0.999406 -0.024376 0.000000 -0.997785 -0.066519 0.063600 -0.975198 0.212000 -0.127000 -0.965201 -0.228600 0.000000 -0.975133 0.221621
0.337484 -0.236239 -0.911206 0.270226 -0.945792 -0.180151 0.033223 -0.963460 -0.265782 -0.175682 -0.983820 -0.035136 0.024376 -0.999406 -0.024376 0.000000 -0.997785 -0.066519 0.042448 -0.976296 0.212238 -0.127000 -0.965201 -0.228600 0.000000 -0.975133 0.221621
0.410152 -0.205076 -0.888662 0.257012 -0.942376 -0.214176 0.033223 -0.963460 -0.265782 -0.175682 -0.983820 -0.035136 0.024376 -0.999406 -0.024376 0.000000 -0.997785 -0.066519 0.042448 -0.976296 0.212238 -0.127702 -0.970538 -0.204324 0.000000 -0.979715 0.200396
0.467446 -0.166945 -0.868115 0.248922 -0.954201 -0.165948 0.033223 -0.963460 -0.265782 -0.175682 -0.983820 -0.035136 0.024376 -0.999406 -0.024376 0.000000 -0.997785 -0.066519 0.042448 -0.976296 0.212238 -0.127702 -0.970538 -0.204324 0.000000 -0.979715 0.200396
0.521585 -0.097797 -0.847576 0.240772 -0.963087 -0.120386 0.033501 -0.971537 -0.234509 -0.175358 -0.982003 -0.070143 0.024376 -0.999406 -0.024376 0.000000 -0.997785 -0.066519 0.042448 -0.976296 0.212238 -0.127702 -0.970538 -0.204324 0.000000 -0.979715 0.200396
0.544715 -0.096126 -0.833094 0.241747 -0.966988 -0.080582 0.033501 -0.971537 -0.234509 -0.175358 -0.982003 -0.070143 0.024376 -0.999406 -0.024376 0.000000 -0.997785 -0.066519 0.043345 -0.975270 0.216727 -0.127702 -0.970538 -0.204324 0.000000 -0.979715 0.200396
0.544715 -0.096126 -0.833094 0.279108 -0.956943 -0.079745 0.033501 -0.971537 -0.234509 -0.175682 -0.983820 -0.035136 0.024376 -0.999406 -0.024376 0.000000 -0.997785 -0.066519 0.043345 -0.975270 0.216727 -0.127702 -0.970538 -0.204324 0.000000 -0.979715 0.200396
0.587473 -0.092759 -0.803910 0.279776 -0.959233 -0.039968 0.033223 -0.963460 -0.265782 -0.175682 -0.983820 -0.035136 0.024376 -0.999406 -0.024376 0.000000 -0.997785 -0.066519 0.043345 -0.975270 0.216727 -0.127702 -0.970538 -0.204324 0.000000 -0.979715 0.200396
0.621970 -0.093296 -0.777463 0.242536 -0.970143 0.000000 0.033223 -0.963460 -0.265782 -0.175682 -0.983820 -0.035136 0.024376 -0.999406 -0.024376 0.000000 -0.997785 -0.066519 0.043345 -0.975270 0.216727 -0.127702 -0.970538 -0.204324 0.000000 -0.975133 0.221621
0.640494 -0.091499 -0.762493 0.242536 -0.970143 0.000000 0.033501 -0.971537 -0.234509 -0.175358 -0.982003 -0.070143 0.024376 -0.999406 -0.024376 0.000000 -0.997785 -0.066519 0.043345 -0.975270 0.216727 -0.127702 -0.970538 -0.204324 0.000000 -0.975133 0.221621
0.640494 -0.091499 -0.762493 0.242338 -0.969351 0.040390 0.033501 -0.971537 -0.234509 -0.175358 -0.982003 -0.070143 0.024376 -0.999406 -0.024376 0.000000 -0.997785 -0.066519 0.043345 -0.975270 0.216727 -0.127702 -0.970538 -0.204324 0.000000 -0.975133 0.221621
0.655610 -0.093659 -0.749269 0.279776 -0.959233 0.039968 0.033501 -0.971537 -0.234509 -0.175358 -0.982003 -0.070143 0.024376 -0.999406 -0.024376 0.000000 -0.997785 -0.066519 0.043345 -0.975270 0.216727 -0.102463 -0.973399 -0.204926 -0.022157 -0.974893 0.221567
0.655610 -0.093659 -0.749269 0.279776 -0.959233 0.039968 0.033223 -0.963460 -0.265782 -0.175358 -0.982003 -0.070143 0.024376 -0.999406 -0.024376 0.000000 -0.997785 -0.066519 0.043345 -0.975270 0.216727 -0.105081 -0.972003 -0.210163 -0.022646 -0.973758 0.226455
0.655610 -0.093659 -0.749269 0.280000 -0.960000 0.000000 0.033223 -0.963460 -0.265782 -0.175682 -0.983820 -0.035136 0.024376 -0.999406 -0.024376 0.000000 -0.997785 -0.066519 0.043345 -0.975270 0.216727 -0.105081 -0.972003 -0.210163 -0.022646 -0.973758 0.226455
0.657213 -0.062592 -0.751101 0.279776 -0.959233 0.039968 0.033223 -0.963460 -0.265782 -0.175682 -0.983820 -0.035136 0.024376 -0.999406 -0.024376 0.000000 -0.997785 -0.066519 0.043345 -0.975270 0.216727 -0.105081 -0.972003 -0.210163 -0.022646 -0.973758 0.226455
0.658181 -0.031342 -0.752207 0.269430 -0.962250 0.038490 0.033501 -0.971537 -0.234509 -0.175358 -0.982003 -0.070143 0.024376 -0.999406 -0.024376 0.000000 -0.997785 -0.066519 0.043345 -0.975270 0.216727 -0.105081 -0.972003 -0.210163 -0.022646 -0.973758 0.226455
0.658181 -0.031342 -0.752207 0.269430 -0.962250 0.038490 0.033501 -0.971537 -0.234509 -0.175358 -0.982003 -0.070143 0.024376 -0.999406 -0.024376 0.000000 -0.997785 -0.066519 0.043345 -0.975270 0.216727 -0.105081 -0.972003 -0.210163 -0.022646 -0.973758 0.226455
0.658181 -0.031342 -0.752207 0.269430 -0.962250 0.038490 0.033501 -0.971537 -0.234509 -0.175358 -0.982003 -0.070143 0.024376 -0.999406 -0.024376 0.000000 -0.997785 -0.066519 0.043345 -0.975270 0.216727 -0.105081 -0.972003 -0.210163 -0.022646 -0.973758 0.226455
0.658181 -0.031342 -0.752207 0.269430 -0.962250 0.038490 0.033223 -0.963460 -0.265782 -0.175358 -0.982003 -0.070143 0.024376 -0.999406 -0.024376 0.000000 -0.997785 -0.066519 0.043345 -0.975270 0.216727 -0.105081 -0.972003 -0.210163 -0.022646 -0.973758 0.226455
0.658181 -0.031342 -0.752207 0.269430 -0.962250 0.038490 0.033223 -0.963460 -0.265782 -0.175358 -0.982003 -0.070143 0.024376 -0.999406 -0.024376 0.000000 -0.997785 -0.066519 0.043345 -0.975270 0.216727 -0.105081 -0.972003 -0.210163 -0.022646 -0.973758 0.226455
0.658181 -0.031342 -0.752207 0.269430 -0.962250 0.038490 0.033223 -0.963460 -0.265782 -0.175358 -0.982003 -0.070143 0.024984 -0.999376 -0.024984 0.000000 -0.997785 -0.066519 0.043345 -0.975270 0.216727 -0.105081 -0.972003 -0.210163 -0.022646 -0.973758 0.226455
0.658181 -0.031342 -0.752207 0.269430 -0.962250 0.038490 0.033223 -0.963460 -0.265782 -0.175358 -0.982003 -0.070143 0.024984 -0.999376 -0.024984 0.000000 -0.997785 -0.066519 0.043345 -0.975270 0.216727 -0.105081 -0.972003 -0.210163 -0.022646 -0.973758 0.226455
