-0.562940 0.825645 -0.037529 -0.515058 0.482867 -0.708205 -0.032191 -0.965734 -0.257529 -0.113878 -0.986947 -0.113878 -0.021734 -0.999764 0.000000 0.044357 -0.998031 0.044357 0.131149 -0.961763 0.240441 0.000000 -0.999730 -0.023250 0.000000 -0.996073 0.088540
-0.562940 0.825645 -0.037529 -0.535420 0.468492 -0.702738 -0.031220 -0.967805 -0.249756 -0.118308 -0.985904 -0.118308 -0.021734 -0.999764 0.000000 0.044357 -0.998031 0.044357 0.131149 -0.961763 0.240441 0.000000 -0.999730 -0.023250 0.000000 -0.996073 0.088540
-0.570701 0.820383 -0.035669 -0.519096 0.449884 -0.726735 -0.031911 -0.957338 -0.287202 0.000000 -0.991600 -0.129339 0.094703 -0.994379 -0.047351 0.044357 -0.998031 0.044357 0.131149 -0.961763 0.240441 0.000000 -0.999742 -0.022721 0.000000 -0.995893 0.090536
-0.667124 0.741249 -0.074125 -0.527046 0.421637 -0.737865 -0.032191 -0.965734 -0.257529 0.046727 -0.981266 -0.186908 0.171912 -0.982353 -0.073677 0.044357 -0.998031 0.044357 0.131149 -0.961763 0.240441 0.000000 -0.999742 -0.022721 0.000000 -0.995893 0.090536
-0.679851 0.717620 -0.151078 -0.573628 0.322666 -0.752886 -0.063725 -0.955879 -0.286764 0.044992 -0.989827 -0.134976 0.216216 -0.972973 -0.081081 0.044357 -0.998031 0.044357 0.131149 -0.961763 0.240441 0.000000 -0.999742 -0.022721 0.000000 -0.995893 0.090536
-0.736075 0.613396 -0.286251 -0.614235 0.216789 -0.758761 -0.063725 -0.955879 -0.286764 -0.151947 -0.987658 -0.037987 0.022211 -0.999507 -0.022211 0.044357 -0.998031 0.044357 0.131149 -0.961763 0.240441 0.000000 -0.999742 -0.022721 0.000000 -0.995893 0.090536
-0.758098 0.530669 -0.379049 -0.646997 -0.107833 -0.754829 -0.064282 -0.964237 -0.257130 -0.242536 -0.970143 0.000000 0.000000 -0.999764 -0.021734 0.044357 -0.998031 0.044357 0.109580 -0.964300 0.241075 0.000000 -0.999742 -0.022721 0.000000 -0.995893 0.090536
-0.827586 0.379310 -0.413793 -0.612018 -0.340010 -0.714021 -0.064282 -0.964237 -0.257130 -0.265929 -0.963993 0.000000 -0.042505 -0.998870 -0.021253 0.044357 -0.998031 0.044357 0.109580 -0.964300 0.241075 0.000000 -0.999742 -0.022721 0.000000 -0.995893 0.090536
-0.862840 0.199117 -0.464606 -0.543600 -0.543600 -0.639529 -0.064282 -0.964237 -0.257130 -0.249756 -0.967805 -0.031220 -0.062365 -0.997837 -0.020788 0.044357 -0.998031 0.044357 0.109580 -0.964300 0.241075 0.000000 -0.999742 -0.022721 0.000000 -0.995893 0.090536
-0.892841 -0.059523 -0.446421 -0.466704 -0.684499 -0.560044 -0.064282 -0.964237 -0.257130 -0.189642 -0.979816 -0.063214 -0.062365 -0.997837 -0.020788 0.044357 -0.998031 0.044357 0.109580 -0.964300 0.241075 0.000000 -0.999742 -0.022721 0.000000 -0.995893 0.090536
-0.890819 -0.258625 -0.373569 -0.413167 -0.794552 -0.444949 -0.064282 -0.964237 -0.257130 -0.164045 -0.984268 -0.065618 -0.062324 -0.997191 -0.041550 0.044357 -0.998031 0.044357 0.109580 -0.964300 0.241075 0.000000 -0.999742 -0.022721 0.000000 -0.995893 0.090536
-0.870435 -0.390195 -0.300150 -0.312961 -0.869335 -0.382507 -0.064282 -0.964237 -0.257130 -0.136320 -0.988317 -0.068160 -0.062324 -0.997191 -0.041550 0.044357 -0.998031 0.044357 0.109580 -0.964300 0.241075 0.000000 -0.999742 -0.022721 0.000000 -0.995893 0.090536
-0.830382 -0.504160 -0.237252 -0.288300 -0.900937 -0.324337 -0.030964 -0.959886 -0.278677 -0.141333 -0.989331 -0.035333 -0.063643 -0.997070 -0.042429 0.045361 -0.997940 0.045361 0.107310 -0.965790 0.236082 0.000000 -0.999742 -0.022721 0.000000 -0.995893 0.090536
-0.840799 -0.510485 -0.180171 -0.233373 -0.933492 -0.272268 0.030964 -0.959886 -0.278677 -0.181969 -0.982631 -0.036394 -0.042476 -0.998194 -0.042476 0.045361 -0.997940 0.045361 0.107833 -0.970495 0.215666 0.000000 -0.999742 -0.022721 0.000000 -0.995893 0.090536
-0.825800 -0.550533 -0.122341 -0.242140 -0.928204 -0.282497 0.029814 -0.954056 -0.298142 -0.188847 -0.982006 0.000000 -0.042476 -0.998194 -0.042476 0.045361 -0.997940 0.045361 0.107833 -0.970495 0.215666 0.000000 -0.999742 -0.022721 -0.022628 -0.995638 0.090513
-0.853199 -0.518013 -0.060943 -0.251533 -0.922288 -0.293455 0.030686 -0.951260 -0.306858 -0.188847 -0.982006 0.000000 -0.043396 -0.998115 -0.043396 0.045361 -0.997940 0.045361 0.107833 -0.970495 0.215666 0.000000 -0.999742 -0.022721 -0.022628 -0.995638 0.090513
-0.900118 -0.434540 -0.031039 -0.261612 -0.915644 -0.305215 0.030686 -0.951260 -0.306858 -0.196116 -0.980581 0.000000 -0.021713 -0.998821 -0.043427 0.045361 -0.997940 0.045361 0.107833 -0.970495 0.215666 0.000000 -0.999742 -0.022721 -0.022628 -0.995638 0.090513
-0.940691 -0.333793 -0.060690 -0.353209 -0.883022 -0.309058 0.031607 -0.948209 -0.316070 -0.152057 -0.988372 0.000000 -0.021713 -0.998821 -0.043427 0.045361 -0.997940 0.045361 0.107833 -0.970495 0.215666 0.000000 -0.999742 -0.022721 -0.022628 -0.995638 0.090513
-0.978726 -0.183511 -0.091756 -0.436436 -0.829228 -0.349149 0.032915 -0.954547 -0.296239 -0.141333 -0.989331 -0.035333 -0.021713 -0.998821 -0.043427 0.067954 -0.996659 0.045303 0.107833 -0.970495 0.215666 0.000000 -0.999730 -0.023250 -0.022130 -0.995829 0.088518
-0.985611 -0.086966 -0.144943 -0.479623 -0.784837 -0.392419 0.032915 -0.954547 -0.296239 -0.136558 -0.990044 -0.034139 0.000000 -0.999056 -0.043437 0.067954 -0.996659 0.045303 0.107833 -0.970495 0.215666 0.000000 -0.999730 -0.023250 -0.022130 -0.995829 0.088518
-0.976519 0.059183 -0.207140 -0.519778 -0.736352 -0.433148 0.031911 -0.957338 -0.287202 -0.136558 -0.990044 -0.034139 0.000000 -0.999056 -0.043437 0.068006 -0.997427 0.022669 0.107833 -0.970495 0.215666 0.000000 -0.999730 -0.023250 -0.022130 -0.995829 0.088518
-0.957082 0.140747 -0.253345 -0.542105 -0.677631 -0.496929 0.000000 -0.955064 -0.296399 -0.132092 -0.990687 -0.033023 0.000000 -0.999056 -0.043437 0.068006 -0.997427 0.022669 0.107833 -0.970495 0.215666 0.000000 -0.999730 -0.023250 -0.022130 -0.995829 0.088518
-0.928414 0.232104 -0.290129 -0.562565 -0.605839 -0.562565 -0.032191 -0.965734 -0.257529 -0.099286 -0.992855 -0.066190 0.000000 -0.999056 -0.043437 0.068006 -0.997427 0.022669 0.107833 -0.970495 0.215666 0.000000 -0.999730 -0.023250 -0.022130 -0.995829 0.088518
-0.893776 0.317146 -0.317146 -0.576215 -0.531891 -0.620539 -0.032191 -0.965734 -0.257529 -0.099286 -0.992855 -0.066190 0.000000 -0.999056 -0.043437 0.068006 -0.997427 0.022669 0.107833 -0.970495 0.215666 0.000000 -0.999730 -0.023250 -0.022130 -0.995829 0.088518
-0.844581 0.378605 -0.378605 -0.618115 -0.485662 -0.618115 -0.062348 -0.966394 -0.249392 -0.164310 -0.985861 -0.032862 0.000000 -0.999014 -0.044401 0.068006 -0.997427 0.022669 0.107833 -0.970495 0.215666 0.000000 -0.999730 -0.023250 -0.022130 -0.995829 0.088518
-0.816310 0.423272 -0.393038 -0.639602 -0.426401 -0.639602 -0.060523 -0.968364 -0.242091 -0.234509 -0.971537 -0.033501 0.000000 -0.999014 -0.044401 0.068006 -0.997427 0.022669 0.107833 -0.970495 0.215666 0.000000 -0.999730 -0.023250 -0.022130 -0.995829 0.088518
-0.814822 0.452679 -0.362143 -0.632737 -0.379642 -0.674919 -0.060523 -0.968364 -0.242091 -0.234509 -0.971537 -0.033501 0.000000 -0.999014 -0.044401 0.068006 -0.997427 0.022669 0.107833 -0.970495 0.215666 0.000000 -0.999730 -0.023250 -0.022130 -0.995829 0.088518
-0.804295 0.464016 -0.371213 -0.632737 -0.379642 -0.674919 -0.090577 -0.966155 -0.241539 -0.202490 -0.978703 -0.033748 0.000000 -0.999014 -0.044401 0.068006 -0.997427 0.022669 0.107833 -0.970495 0.215666 0.000000 -0.999730 -0.023250 -0.022130 -0.995829 0.088518
-0.792952 0.475771 -0.380617 -0.642529 -0.342682 -0.685365 -0.090577 -0.966155 -0.241539 -0.227110 -0.973329 -0.032444 0.000000 -0.999753 -0.022217 0.068006 -0.997427 0.022669 0.110136 -0.969201 0.220273 0.000000 -0.999730 -0.023250 -0.022130 -0.995829 0.088518
-0.811107 0.486664 -0.324443 -0.632737 -0.379642 -0.674919 -0.090577 -0.966155 -0.241539 -0.234509 -0.971537 -0.033501 0.000000 -0.999764 -0.021734 0.068024 -0.997684 0.000000 0.110136 -0.969201 0.220273 0.000000 -0.999730 -0.023250 -0.022130 -0.995829 0.088518
-0.856729 0.461316 -0.230658 -0.639489 -0.359712 -0.679457 -0.090577 -0.966155 -0.241539 -0.234509 -0.971537 -0.033501 0.000000 -0.999764 -0.021734 0.045408 -0.998969 0.000000 0.110136 -0.969201 0.220273 0.000000 -0.999730 -0.023250 -0.022130 -0.995829 0.088518
-0.911322 0.390567 -0.130189 -0.657041 -0.369586 -0.657041 -0.090577 -0.966155 -0.241539 -0.234509 -0.971537 -0.033501 0.000000 -0.999764 -0.021734 0.045408 -0.998969 0.000000 0.110136 -0.969201 0.220273 0.000000 -0.999730 -0.023250 -0.022130 -0.995829 0.088518
-0.951479 0.305832 -0.033981 -0.657041 -0.369586 -0.657041 -0.090577 -0.966155 -0.241539 -0.202490 -0.978703 -0.033748 0.000000 -0.999774 -0.021272 0.068024 -0.997684 0.000000 0.110136 -0.969201 0.220273 0.000000 -0.999730 -0.023250 -0.022130 -0.995829 0.088518
-0.972082 0.234641 0.000000 -0.758098 -0.379049 -0.530669 -0.062348 -0.966394 -0.249392 -0.202490 -0.978703 -0.033748 0.000000 -0.999774 -0.021272 0.068024 -0.997684 0.000000 0.110136 -0.969201 0.220273 0.000000 -0.999730 -0.023250 -0.022130 -0.995829 0.088518
-0.993304 0.096126 0.064084 -0.726421 -0.443924 -0.524637 -0.062348 -0.966394 -0.249392 -0.169809 -0.984892 -0.033962 -0.021267 -0.999548 -0.021267 0.068024 -0.997684 0.000000 0.110136 -0.969201 0.220273 0.000000 -0.999730 -0.023250 -0.022130 -0.995829 0.088518
-0.997234 -0.033241 0.066482 -0.707719 -0.499567 -0.499567 -0.033223 -0.963460 -0.265782 -0.132092 -0.990687 -0.033023 0.000000 -0.999774 -0.021272 0.068024 -0.997684 0.000000 0.110136 -0.969201 0.220273 0.000000 -0.999730 -0.023250 -0.022130 -0.995829 0.088518
-0.982766 -0.158511 0.095106 -0.646696 -0.560470 -0.517357 -0.033223 -0.963460 -0.265782 -0.132092 -0.990687 -0.033023 0.000000 -0.999774 -0.021272 0.068024 -0.997684 0.000000 0.110136 -0.969201 0.220273 0.000000 -0.999730 -0.023250 -0.022130 -0.995829 0.088518
-0.953463 -0.286039 0.095346 -0.631055 -0.588984 -0.504844 -0.033223 -0.963460 -0.265782 -0.099286 -0.992855 -0.066190 0.000000 -0.999774 -0.021272 0.068024 -0.997684 0.000000 0.110136 -0.969201 0.220273 0.000000 -0.999730 -0.023250 -0.022130 -0.995829 0.088518
-0.930885 -0.360342 0.060057 -0.525730 -0.700973 -0.481919 -0.033223 -0.963460 -0.265782 -0.099286 -0.992855 -0.066190 0.000000 -0.999774 -0.021272 0.045408 -0.998969 0.000000 0.110136 -0.969201 0.220273 0.000000 -0.999730 -0.023250 -0.022130 -0.995829 0.088518
-0.913289 -0.405906 0.033826 -0.477359 -0.737737 -0.477359 -0.033223 -0.963460 -0.265782 -0.066482 -0.997234 -0.033241 0.000000 -0.999774 -0.021272 0.045408 -0.998969 0.000000 0.110136 -0.969201 0.220273 0.000000 -0.999730 -0.023250 -0.022130 -0.995829 0.088518
-0.865705 -0.499445 -0.033296 -0.462364 -0.756596 -0.462364 -0.032191 -0.965734 -0.257529 -0.068761 -0.997041 -0.034381 0.000000 -0.999774 -0.021272 0.045408 -0.998969 0.000000 0.109580 -0.964300 0.241075 0.000000 -0.999730 -0.023250 -0.022130 -0.995829 0.088518
-0.818517 -0.566666 -0.094444 -0.428353 -0.771035 -0.471188 0.000000 -0.957826 -0.287348 -0.102899 -0.994692 0.000000 0.000000 -0.999764 -0.021734 0.045408 -0.998969 0.000000 0.107310 -0.965790 0.236082 0.000000 -0.999730 -0.023250 -0.022130 -0.995829 0.088518
-0.801234 -0.585517 -0.123267 -0.392419 -0.784837 -0.479623 0.000000 -0.955064 -0.296399 -0.099504 -0.995037 0.000000 0.000000 -0.999764 -0.021734 0.045408 -0.998969 0.000000 0.107310 -0.965790 0.236082 0.000000 -0.999730 -0.023250 -0.022130 -0.995829 0.088518
-0.821781 -0.537319 -0.189642 -0.379305 -0.800755 -0.463595 0.000000 -0.957826 -0.287348 -0.102899 -0.994692 0.000000 0.000000 -0.999753 -0.022217 0.045408 -0.998969 0.000000 0.107310 -0.965790 0.236082 0.000000 -0.999730 -0.023250 -0.022130 -0.995829 0.088518
-0.842701 -0.481543 -0.240772 -0.371787 -0.784883 -0.495715 0.000000 -0.957826 -0.287348 -0.102899 -0.994692 0.000000 0.000000 -0.999753 -0.022217 0.045408 -0.998969 0.000000 0.125850 -0.964846 0.230724 0.000000 -0.999730 -0.023250 -0.022130 -0.995829 0.088518
-0.863080 -0.357137 -0.357137 -0.398410 -0.756978 -0.517932 0.000000 -0.957826 -0.287348 -0.102899 -0.994692 0.000000 0.000000 -0.999753 -0.022217 0.045408 -0.998969 0.000000 0.125850 -0.964846 0.230724 0.000000 -0.999730 -0.023250 -0.021607 -0.993912 0.108034
-0.886581 -0.206869 -0.413738 -0.398410 -0.756978 -0.517932 0.000000 -0.957826 -0.287348 -0.102899 -0.994692 0.000000 0.000000 -0.999753 -0.022217 0.045408 -0.998969 0.000000 0.125850 -0.964846 0.230724 0.000000 -0.999730 -0.023250 -0.021607 -0.993912 0.108034
-0.893684 -0.123267 -0.431433 -0.424967 -0.695401 -0.579501 0.000000 -0.957826 -0.287348 -0.102899 -0.994692 0.000000 0.000000 -1.000000 0.000000 0.045408 -0.998969 0.000000 0.125850 -0.964846 0.230724 0.000000 -0.999730 -0.023250 -0.021607 -0.993912 0.108034
-0.888218 0.000000 -0.459423 -0.468521 -0.624695 -0.624695 0.000000 -0.957826 -0.287348 -0.102899 -0.994692 0.000000 0.000000 -1.000000 0.000000 0.045396 -0.998711 0.022698 0.129070 -0.968022 0.215116 0.000000 -0.999730 -0.023250 0.000000 -0.994144 0.108059
-0.893684 0.123267 -0.431433 -0.467809 -0.584761 -0.662729 0.000000 -0.966235 -0.257663 -0.136637 -0.990621 0.000000 0.000000 -1.000000 0.000000 0.045396 -0.998711 0.022698 0.129070 -0.968022 0.215116 0.000000 -0.999730 -0.023250 0.000000 -0.994144 0.108059
-0.890348 0.190789 -0.413376 -0.505259 -0.505259 -0.699590 0.000000 -0.968277 -0.249878 -0.164399 -0.986394 0.000000 0.000000 -1.000000 0.000000 0.045396 -0.998711 0.022698 0.129070 -0.968022 0.215116 0.000000 -0.999730 -0.023250 0.000000 -0.994144 0.108059
-0.895386 0.247003 -0.370505 -0.524637 -0.443924 -0.726421 -0.028618 -0.973018 -0.228946 -0.196116 -0.980581 0.000000 0.000000 -1.000000 0.000000 0.045396 -0.998711 0.022698 0.129070 -0.968022 0.215116 0.000000 -0.999730 -0.023250 0.000000 -0.994144 0.108059
-0.892607 0.318788 -0.318788 -0.597614 -0.358569 -0.717137 -0.027842 -0.974481 -0.222738 -0.234641 -0.972082 0.000000 0.000000 -1.000000 0.000000 0.045396 -0.998711 0.022698 0.129070 -0.968022 0.215116 0.000000 -0.999730 -0.023250 0.000000 -0.994144 0.108059
-0.881990 0.407072 -0.237459 -0.636209 -0.299392 -0.711057 -0.054153 -0.974755 -0.216612 -0.202606 -0.979260 0.000000 0.000000 -1.000000 0.000000 0.045396 -0.998711 0.022698 0.129070 -0.968022 0.215116 0.000000 -0.999730 -0.023250 0.000000 -0.994144 0.108059
-0.888662 0.410152 -0.205076 -0.660724 -0.272063 -0.699590 -0.028618 -0.973018 -0.228946 -0.234641 -0.972082 0.000000 0.000000 -1.000000 0.000000 0.045396 -0.998711 0.022698 0.129070 -0.968022 0.215116 0.000000 -0.999730 -0.023250 0.000000 -0.993884 0.110432
-0.892288 0.428298 -0.142766 -0.660724 -0.272063 -0.699590 -0.029437 -0.971429 -0.235498 -0.234641 -0.972082 0.000000 0.000000 -1.000000 0.000000 0.045396 -0.998711 0.022698 0.129070 -0.968022 0.215116 0.000000 -0.999730 -0.023250 0.000000 -0.993884 0.110432
-0.884990 0.460195 -0.070799 -0.660724 -0.272063 -0.699590 0.000000 -0.968277 -0.249878 -0.203785 -0.978167 0.040757 0.000000 -1.000000 0.000000 -0.023776 -0.998586 -0.047552 0.110136 -0.969201 0.220273 0.000000 -0.999730 -0.023250 0.000000 -0.993884 0.110432
-0.893898 0.446949 -0.034381 -0.656488 -0.287213 -0.697518 0.000000 -0.966235 -0.257663 -0.188847 -0.982006 0.000000 0.000000 -1.000000 0.000000 -0.072633 -0.992646 -0.096844 0.110648 -0.973699 0.199166 0.000000 -0.999730 -0.023250 0.000000 -0.993605 0.112910
-0.894427 0.447214 0.000000 -0.637962 -0.279108 -0.717707 -0.028618 -0.973018 -0.228946 -0.242390 -0.969561 -0.034627 0.000000 -1.000000 0.000000 0.000000 -0.998920 -0.046461 0.110648 -0.973699 0.199166 0.000000 -0.999730 -0.023250 0.000000 -0.993605 0.112910
-0.930238 0.365451 0.033223 -0.623918 -0.332756 -0.707107 -0.054453 -0.980159 -0.190586 -0.234115 -0.969905 -0.066890 0.000000 -1.000000 0.000000 0.022721 -0.999742 0.000000 0.110648 -0.973699 0.199166 0.000000 -0.999730 -0.023250 -0.022576 -0.993352 0.112881
-0.948209 0.316070 0.031607 -0.606407 -0.389833 -0.693037 -0.054453 -0.980159 -0.190586 -0.257130 -0.964237 -0.064282 0.000000 -1.000000 0.000000 0.045396 -0.998711 0.022698 0.110648 -0.973699 0.199166 0.000000 -0.999730 -0.023250 -0.022576 -0.993352 0.112881
-0.980057 0.196011 0.032669 -0.613351 -0.438108 -0.657162 -0.055945 -0.979045 -0.195809 -0.257130 -0.964237 -0.064282 0.000000 -1.000000 0.000000 0.045396 -0.998711 0.022698 0.110648 -0.973699 0.199166 0.000000 -0.999730 -0.023250 -0.022576 -0.993352 0.112881
-0.995350 0.096324 0.000000 -0.572848 -0.484718 -0.660979 -0.057520 -0.977835 -0.201319 -0.202145 -0.977035 -0.067382 0.000000 -1.000000 0.000000 0.044390 -0.998768 0.022195 0.110648 -0.973699 0.199166 0.000000 -0.999730 -0.023250 -0.022576 -0.993352 0.112881
-0.997409 -0.064349 -0.032174 -0.529813 -0.529813 -0.662266 -0.032191 -0.965734 -0.257529 -0.164310 -0.985861 -0.032862 0.000000 -1.000000 0.000000 0.044357 -0.998031 0.044357 0.110648 -0.973699 0.199166 0.000000 -0.999730 -0.023250 -0.022576 -0.993352 0.112881
-0.983801 -0.153719 -0.092231 -0.517357 -0.560470 -0.646696 0.000000 -0.963993 -0.265929 -0.164310 -0.985861 -0.032862 0.000000 -1.000000 0.000000 0.066454 -0.996805 0.044302 0.110648 -0.973699 0.199166 0.000000 -0.999730 -0.023250 -0.022576 -0.993352 0.112881
-0.960913 -0.210200 -0.180171 -0.492366 -0.615457 -0.615457 0.000000 -0.961524 -0.274721 -0.132092 -0.990687 -0.033023 0.000000 -1.000000 0.000000 0.066454 -0.996805 0.044302 0.110648 -0.973699 0.199166 0.000000 -0.999730 -0.023250 -0.022576 -0.993352 0.112881
-0.920415 -0.262976 -0.289273 -0.509902 -0.627572 -0.588348 0.000000 -0.961524 -0.274721 -0.132092 -0.990687 -0.033023 0.000000 -1.000000 0.000000 0.066454 -0.996805 0.044302 0.110648 -0.973699 0.199166 0.000000 -0.999730 -0.023250 -0.022576 -0.993352 0.112881
-0.922194 -0.148741 -0.356978 -0.293455 -0.754599 -0.586911 0.000000 -0.963993 -0.265929 -0.132092 -0.990687 -0.033023 0.000000 -1.000000 0.000000 0.066454 -0.996805 0.044302 0.110648 -0.973699 0.199166 0.000000 -0.998920 -0.046461 -0.022081 -0.993641 0.110405
-0.899640 -0.119952 -0.419832 -0.156532 -0.821794 -0.547862 0.000000 -0.963993 -0.265929 -0.102839 -0.994107 -0.034280 0.000000 -1.000000 0.000000 0.066454 -0.996805 0.044302 0.110648 -0.973699 0.199166 0.000000 -0.998920 -0.046461 -0.022081 -0.993641 0.110405
-0.830057 -0.069171 -0.553372 -0.078995 -0.829450 -0.552967 0.000000 -0.966235 -0.257663 -0.102839 -0.994107 -0.034280 0.000000 -1.000000 0.000000 0.066454 -0.996805 0.044302 0.110648 -0.973699 0.199166 0.000000 -0.998920 -0.046461 -0.022081 -0.993641 0.110405
-0.739522 0.033615 -0.672293 0.079556 -0.875113 -0.477334 0.000000 -0.963993 -0.265929 -0.099449 -0.994490 -0.033150 0.021734 -0.999764 0.000000 0.066454 -0.996805 0.044302 0.088714 -0.975852 0.199606 0.000000 -0.998920 -0.046461 -0.022081 -0.993641 0.110405
-0.615947 0.034219 -0.787044 0.202610 -0.891485 -0.405220 0.000000 -0.963993 -0.265929 -0.099449 -0.994490 -0.033150 0.022217 -0.999753 0.000000 0.044357 -0.998031 0.044357 0.088714 -0.975852 0.199606 0.000000 -0.998920 -0.046461 -0.022081 -0.993641 0.110405
-0.471288 0.062838 -0.879738 0.363210 -0.887848 -0.282497 0.000000 -0.963993 -0.265929 -0.132092 -0.990687 -0.033023 0.000000 -1.000000 0.000000 0.044357 -0.998031 0.044357 0.088714 -0.975852 0.199606 0.000000 -0.998920 -0.046461 -0.022081 -0.993641 0.110405
-0.370681 0.061780 -0.926703 0.397464 -0.874421 -0.278225 0.000000 -0.963993 -0.265929 -0.132092 -0.990687 -0.033023 0.000000 -1.000000 0.000000 0.044357 -0.998031 0.044357 0.088714 -0.975852 0.199606 0.000000 -0.998920 -0.046461 -0.022081 -0.993641 0.110405
-0.242424 -0.030303 -0.969697 0.449823 -0.858754 -0.245358 0.000000 -0.966235 -0.257663 -0.132092 -0.990687 -0.033023 0.000000 -1.000000 0.000000 0.044357 -0.998031 0.044357 0.088714 -0.975852 0.199606 0.000000 -0.998920 -0.046461 -0.022081 -0.993641 0.110405
0.030275 -0.030275 -0.999083 0.445012 -0.849569 -0.283190 0.000000 -0.966235 -0.257663 -0.132164 -0.991228 0.000000 0.000000 -1.000000 0.000000 0.044357 -0.998031 0.044357 0.088714 -0.975852 0.199606 0.000000 -0.998920 -0.046461 -0.022081 -0.993641 0.110405
0.250962 0.000000 -0.967997 0.370524 -0.905726 -0.205847 0.000000 -0.975441 -0.220261 -0.136558 -0.990044 -0.034139 0.000000 -1.000000 0.000000 0.044390 -0.998768 0.022195 0.088714 -0.975852 0.199606 0.000000 -0.998920 -0.046461 -0.022081 -0.993641 0.110405
0.505719 0.000000 -0.862698 0.302072 -0.949370 -0.086306 0.000000 -0.975441 -0.220261 -0.136558 -0.990044 -0.034139 0.000000 -1.000000 0.000000 0.044390 -0.998768 0.022195 0.088714 -0.975852 0.199606 0.000000 -0.998920 -0.046461 -0.022081 -0.993641 0.110405
0.631673 0.000000 -0.775235 0.263117 -0.964764 0.000000 0.031220 -0.967805 -0.249756 -0.141333 -0.989331 -0.035333 0.000000 -1.000000 0.000000 0.044401 -0.999014 0.000000 0.088714 -0.975852 0.199606 0.000000 -0.998920 -0.046461 -0.022022 -0.990988 0.132132
0.692244 0.028843 -0.721087 0.177297 -0.975133 0.132973 0.031220 -0.967805 -0.249756 -0.141421 -0.989949 0.000000 0.000000 -1.000000 0.000000 0.044401 -0.999014 0.000000 0.066650 -0.977536 0.199951 0.000000 -0.998920 -0.046461 -0.022022 -0.990988 0.132132
0.735612 0.029424 -0.676763 0.176090 -0.968496 0.176090 0.032444 -0.973329 -0.227110 -0.141333 -0.989331 -0.035333 0.000000 -1.000000 0.000000 0.044401 -0.999014 0.000000 0.066650 -0.977536 0.199951 0.000000 -0.998920 -0.046461 -0.022022 -0.990988 0.132132
0.749363 0.059949 -0.659440 0.168880 -0.971061 0.168880 0.032191 -0.965734 -0.257529 -0.175682 -0.983820 -0.035136 0.000000 -1.000000 0.000000 0.044401 -0.999014 0.000000 0.066650 -0.977536 0.199951 0.000000 -0.998920 -0.046461 -0.022022 -0.990988 0.132132
0.749363 0.059949 -0.659440 0.168880 -0.971061 0.168880 0.032444 -0.973329 -0.227110 -0.175682 -0.983820 -0.035136 0.000000 -1.000000 0.000000 0.044401 -0.999014 0.000000 0.066650 -0.977536 0.199951 0.000000 -0.998920 -0.046461 -0.021953 -0.987878 0.153670
0.705774 0.061372 -0.705774 0.207793 -0.955847 0.207793 0.064786 -0.971795 -0.226752 -0.175682 -0.983820 -0.035136 0.000000 -1.000000 0.000000 0.045408 -0.998969 0.000000 0.066650 -0.977536 0.199951 0.000000 -0.998920 -0.046461 -0.021953 -0.987878 0.153670
0.721219 0.062715 -0.689862 0.207793 -0.955847 0.207793 0.064786 -0.971795 -0.226752 -0.175682 -0.983820 -0.035136 0.000000 -1.000000 0.000000 0.045408 -0.998969 0.000000 0.066650 -0.977536 0.199951 0.000000 -0.998920 -0.046461 -0.021953 -0.987878 0.153670
0.721219 0.062715 -0.689862 0.207793 -0.955847 0.207793 0.064786 -0.971795 -0.226752 -0.175682 -0.983820 -0.035136 0.000000 -1.000000 0.000000 0.045408 -0.998969 0.000000 0.066650 -0.977536 0.199951 0.000000 -0.998920 -0.046461 -0.021953 -0.987878 0.153670
0.689862 0.062715 -0.721219 0.168880 -0.971061 0.168880 0.064786 -0.971795 -0.226752 -0.175682 -0.983820 -0.035136 0.000000 -1.000000 0.000000 0.045408 -0.998969 0.000000 0.066650 -0.977536 0.199951 0.000000 -0.998920 -0.046461 -0.021953 -0.987878 0.153670
0.675406 0.030700 -0.736807 0.167542 -0.963364 0.209427 0.032669 -0.980057 -0.196011 -0.141069 -0.987484 -0.070535 0.000000 -1.000000 0.000000 0.045408 -0.998969 0.000000 0.066650 -0.977536 0.199951 0.000000 -0.998920 -0.046461 -0.021874 -0.984327 0.174991
0.675406 0.030700 -0.736807 0.167542 -0.963364 0.209427 0.032444 -0.973329 -0.227110 -0.141069 -0.987484 -0.070535 0.000000 -1.000000 0.000000 0.045408 -0.998969 0.000000 0.066650 -0.977536 0.199951 0.000000 -0.998920 -0.046461 -0.021874 -0.984327 0.174991
0.658181 0.031342 -0.752207 0.167542 -0.963364 0.209427 0.032191 -0.965734 -0.257529 -0.141333 -0.989331 -0.035333 0.022211 -0.999507 -0.022211 0.045408 -0.998969 0.000000 0.066650 -0.977536 0.199951 0.000000 -0.998920 -0.046461 -0.021874 -0.984327 0.174991
