-0.466478 0.870759 -0.155493 -0.544125 0.194331 -0.816188 -0.032191 -0.965734 -0.257529 0.072643 -0.980684 -0.181608 -0.022628 -0.995638 0.090513 0.022195 -0.998768 -0.044390 0.105129 -0.967189 0.231284 -0.130189 -0.963398 -0.234340 0.087769 -0.987403 0.131654
-0.507093 0.845154 -0.169031 -0.523205 0.224231 -0.822179 -0.030964 -0.959886 -0.278677 0.109254 -0.983282 -0.145671 -0.023150 -0.995434 0.092599 0.022195 -0.998768 -0.044390 0.105129 -0.967189 0.231284 -0.130946 -0.968998 -0.209513 0.087769 -0.987403 0.131654
-0.596285 0.745356 -0.298142 -0.533676 0.213470 -0.818303 -0.031911 -0.957338 -0.287202 0.109254 -0.983282 -0.145671 -0.023150 -0.995434 0.092599 0.022195 -0.998768 -0.044390 0.105129 -0.967189 0.231284 -0.130946 -0.968998 -0.209513 0.087769 -0.987403 0.131654
-0.662729 0.584761 -0.467809 -0.594028 0.034943 -0.803685 -0.032191 -0.965734 -0.257529 0.109254 -0.983282 -0.145671 -0.023193 -0.997307 0.069580 0.022195 -0.998768 -0.044390 0.105129 -0.967189 0.231284 -0.130946 -0.968998 -0.209513 0.087769 -0.987403 0.131654
-0.699400 0.404916 -0.588968 -0.581728 -0.205316 -0.787044 -0.032191 -0.965734 -0.257529 0.149383 -0.970988 -0.186728 0.000000 -0.999717 0.023803 0.022195 -0.998768 -0.044390 0.103033 -0.968506 0.226672 -0.130946 -0.968998 -0.209513 0.087769 -0.987403 0.131654
-0.778499 0.077850 -0.622799 -0.490815 -0.490815 -0.719862 0.000000 -0.966235 -0.257663 -0.035601 -0.996826 -0.071202 0.000000 -1.000000 0.000000 0.021713 -0.998821 -0.043427 0.105129 -0.967189 0.231284 -0.130946 -0.968998 -0.209513 0.087769 -0.987403 0.131654
-0.762848 -0.213597 -0.610278 -0.358971 -0.750577 -0.554774 0.000000 -0.968277 -0.249878 -0.106466 -0.993683 -0.035489 0.000000 -1.000000 0.000000 0.021713 -0.998821 -0.043427 0.084271 -0.969119 0.231746 -0.130946 -0.968998 -0.209513 0.065938 -0.989071 0.131876
-0.780720 -0.390360 -0.487950 -0.275654 -0.888218 -0.367538 0.030303 -0.969697 -0.242424 -0.146549 -0.989203 0.000000 0.000000 -0.999703 -0.024383 0.021713 -0.998821 -0.043427 0.084271 -0.969119 0.231746 -0.130946 -0.968998 -0.209513 0.067183 -0.985349 0.156760
-0.771517 -0.493771 -0.401189 -0.195594 -0.945373 -0.260793 0.029630 -0.977805 -0.207413 -0.188847 -0.982006 0.000000 0.000000 -0.999688 -0.024992 0.021713 -0.998821 -0.043427 0.084271 -0.969119 0.231746 -0.130946 -0.968998 -0.209513 0.044845 -0.986587 0.156957
-0.780869 -0.499756 -0.374817 -0.166482 -0.965594 -0.199778 0.029630 -0.977805 -0.207413 -0.182089 -0.983282 0.000000 0.000000 -0.999688 -0.024992 0.021713 -0.998821 -0.043427 0.084271 -0.969119 0.231746 -0.130946 -0.968998 -0.209513 0.022439 -0.987332 0.157075
-0.805701 -0.447612 -0.387930 -0.134687 -0.976481 -0.168359 0.027842 -0.974481 -0.222738 -0.195965 -0.979827 0.039193 0.000000 -0.999688 -0.024992 0.021713 -0.998821 -0.043427 0.084271 -0.969119 0.231746 -0.130946 -0.968998 -0.209513 0.000000 -0.987580 0.157115
-0.801545 -0.331674 -0.497511 -0.073422 -0.991201 -0.110133 0.028618 -0.973018 -0.228946 -0.195515 -0.977577 0.078206 0.024376 -0.999406 -0.024376 0.021713 -0.998821 -0.043427 0.084271 -0.969119 0.231746 -0.130946 -0.968998 -0.209513 0.000000 -0.987580 0.157115
-0.764375 -0.264591 -0.587981 -0.078206 -0.977577 -0.195515 0.029801 -0.983433 -0.178806 -0.188713 -0.981307 0.037743 0.024376 -0.999406 -0.024376 0.022195 -0.998768 -0.044390 0.084271 -0.969119 0.231746 -0.130946 -0.968998 -0.209513 0.000000 -0.983870 0.178885
-0.713886 -0.155193 -0.682848 0.000000 -0.967617 -0.252422 0.029801 -0.983433 -0.178806 -0.188311 -0.979217 0.075324 0.024376 -0.999406 -0.024376 0.022195 -0.998768 -0.044390 0.084271 -0.969119 0.231746 -0.130946 -0.968998 -0.209513 0.000000 -0.983870 0.178885
-0.633685 -0.100056 -0.767093 0.045739 -0.960518 -0.274434 0.029948 -0.988272 -0.149738 -0.181608 -0.980684 0.072643 0.024376 -0.999406 -0.024376 0.000000 -0.999014 -0.044401 0.084271 -0.969119 0.231746 -0.130946 -0.968998 -0.209513 0.000000 -0.983870 0.178885
-0.478471 -0.039873 -0.877197 0.137940 -0.919601 -0.367840 0.061898 -0.990375 -0.123797 -0.216366 -0.973645 0.072122 0.024376 -0.999406 -0.024376 0.000000 -0.999014 -0.044401 0.084271 -0.969119 0.231746 -0.130946 -0.968998 -0.209513 0.000000 -0.983870 0.178885
-0.304776 0.000000 -0.952424 0.226108 -0.904431 -0.361773 0.030994 -0.991801 -0.123975 -0.216366 -0.973645 0.072122 0.024383 -0.999703 0.000000 0.000000 -0.999014 -0.044401 0.084271 -0.969119 0.231746 -0.130946 -0.968998 -0.209513 0.000000 -0.983870 0.178885
-0.242338 -0.040390 -0.969351 0.309965 -0.841334 -0.442807 0.031976 -0.991271 -0.127906 -0.175358 -0.982003 0.070143 0.024383 -0.999703 0.000000 0.000000 -0.997785 -0.066519 0.084667 -0.973668 0.211667 -0.130946 -0.968998 -0.209513 0.000000 -0.983870 0.178885
-0.070844 -0.106265 -0.991811 0.459800 -0.827641 -0.321860 0.031976 -0.991271 -0.127906 -0.175358 -0.982003 0.070143 0.024383 -0.999703 0.000000 0.000000 -0.997785 -0.066519 0.084667 -0.973668 0.211667 -0.130946 -0.968998 -0.209513 0.000000 -0.983870 0.178885
0.218537 -0.124878 -0.967805 0.341972 -0.928211 -0.146560 0.000000 -0.991778 -0.127971 -0.175682 -0.983820 0.035136 0.024383 -0.999703 0.000000 0.000000 -0.997785 -0.066519 0.084667 -0.973668 0.211667 -0.130946 -0.968998 -0.209513 0.000000 -0.978791 0.204863
0.421160 -0.090249 -0.902485 0.311188 -0.933564 -0.177822 0.000000 -0.987241 -0.159232 -0.175791 -0.984428 0.000000 0.024383 -0.999703 0.000000 0.000000 -0.996073 -0.088540 0.084271 -0.969119 0.231746 -0.130946 -0.968998 -0.209513 0.000000 -0.978791 0.204863
0.600770 -0.109231 -0.791924 0.300676 -0.944981 -0.128861 0.000000 -0.981780 -0.190022 -0.175791 -0.984428 0.000000 0.024383 -0.999703 0.000000 0.000000 -0.996073 -0.088540 0.084271 -0.969119 0.231746 -0.130946 -0.968998 -0.209513 0.022757 -0.978537 0.204810
0.716441 -0.110222 -0.688886 0.326056 -0.937410 -0.122271 0.032191 -0.965734 -0.257529 -0.175682 -0.983820 -0.035136 0.024383 -0.999703 0.000000 0.000000 -0.996073 -0.088540 0.086026 -0.967798 0.236573 -0.130946 -0.968998 -0.209513 0.022646 -0.973758 0.226455
0.770172 -0.114100 -0.627548 0.327418 -0.941327 -0.081855 0.031911 -0.957338 -0.287202 -0.175791 -0.984428 0.000000 0.024383 -0.999703 0.000000 0.000000 -0.997785 -0.066519 0.064625 -0.969368 0.236957 -0.130946 -0.968998 -0.209513 0.022646 -0.973758 0.226455
0.821754 -0.117393 -0.557619 0.315981 -0.947943 -0.039498 0.031911 -0.957338 -0.287202 -0.175682 -0.983820 -0.035136 0.024383 -0.999703 0.000000 0.000000 -0.997785 -0.066519 0.064625 -0.969368 0.236957 -0.130946 -0.968998 -0.209513 0.022646 -0.973758 0.226455
0.824243 -0.088312 -0.559308 0.315981 -0.947943 -0.039498 0.065060 -0.943370 -0.325300 -0.175682 -0.983820 -0.035136 0.024383 -0.999703 0.000000 0.000000 -0.997785 -0.066519 0.064942 -0.974126 0.216473 -0.130946 -0.968998 -0.209513 0.022646 -0.973758 0.226455
