-0.559233 0.807781 -0.186411 -0.567819 0.106466 -0.816239 0.000000 -0.970143 -0.242536 -0.168359 -0.976481 -0.134687 -0.083045 -0.996546 0.000000 0.068024 -0.997684 0.000000 0.063302 -0.970628 0.232107 0.000000 -0.999730 -0.023250 -0.022022 -0.990988 0.132132
-0.521585 0.847576 -0.097797 -0.557752 0.262471 -0.787414 0.000000 -0.960346 -0.278810 -0.162995 -0.977972 -0.130396 -0.021729 -0.999528 0.021729 0.068006 -0.997427 0.022669 0.063302 -0.970628 0.232107 0.000000 -0.999730 -0.023250 -0.021607 -0.993912 0.108034
-0.513289 0.855482 -0.068439 -0.563326 0.344255 -0.751101 0.000000 -0.960346 -0.278810 -0.109254 -0.983282 -0.145671 0.097071 -0.994982 0.024268 0.066503 -0.997540 0.022168 0.086026 -0.967798 0.236573 0.000000 -0.999730 -0.023250 -0.021607 -0.993912 0.108034
-0.503545 0.863220 -0.035968 -0.528675 0.404281 -0.746364 0.000000 -0.968277 -0.249878 -0.140028 -0.980196 -0.140028 0.046411 -0.997844 0.046411 0.066503 -0.997540 0.022168 0.086026 -0.967798 0.236573 0.000000 -0.999742 -0.022721 0.000000 -0.993884 0.110432
-0.592464 0.789953 -0.157991 -0.548102 0.386896 -0.741550 0.000000 -0.966235 -0.257663 -0.169031 -0.980379 -0.101419 0.000000 -0.999014 0.044401 0.066503 -0.997540 0.022168 0.107310 -0.965790 0.236082 0.000000 -0.999742 -0.022721 0.000000 -0.993884 0.110432
-0.674579 0.674579 -0.299813 -0.649570 0.259828 -0.714527 0.000000 -0.968277 -0.249878 -0.175358 -0.982003 -0.070143 -0.043396 -0.998115 0.043396 0.066503 -0.997540 0.022168 0.107310 -0.965790 0.236082 0.000000 -0.999742 -0.022721 0.000000 -0.996073 0.088540
-0.803863 0.438470 -0.401931 -0.653233 -0.034381 -0.756376 -0.031450 -0.974958 -0.220152 -0.174821 -0.978997 -0.104893 -0.065018 -0.996942 0.043345 0.066503 -0.997540 0.022168 0.107310 -0.965790 0.236082 0.000000 -0.999742 -0.022721 0.000000 -0.996073 0.088540
-0.853388 0.126428 -0.505712 -0.597319 -0.386501 -0.702728 -0.031450 -0.974958 -0.220152 -0.201574 -0.974274 -0.100787 -0.065064 -0.997645 0.021688 0.066503 -0.997540 0.022168 0.107310 -0.965790 0.236082 0.000000 -0.999742 -0.022721 0.000000 -0.996073 0.088540
-0.856654 -0.206779 -0.472637 -0.468492 -0.702738 -0.535420 -0.032444 -0.973329 -0.227110 -0.164045 -0.984268 -0.065618 -0.063686 -0.997744 0.021229 0.066503 -0.997540 0.022168 0.107310 -0.965790 0.236082 0.000000 -0.999742 -0.022721 0.000000 -0.996073 0.088540
-0.825800 -0.428193 -0.367022 -0.312961 -0.869335 -0.382507 0.000000 -0.976900 -0.213697 -0.181969 -0.982631 -0.036394 -0.063700 -0.997969 0.000000 0.066503 -0.997540 0.022168 0.109580 -0.964300 0.241075 0.000000 -0.999742 -0.022721 0.000000 -0.996073 0.088540
-0.811869 -0.481108 -0.330762 -0.246564 -0.915811 -0.317011 0.000000 -0.971850 -0.235600 -0.233373 -0.972387 0.000000 -0.063700 -0.997969 0.000000 0.066503 -0.997540 0.022168 0.109580 -0.964300 0.241075 0.000000 -0.999742 -0.022721 -0.022130 -0.995829 0.088518
-0.811869 -0.481108 -0.330762 -0.222834 -0.928477 -0.297113 0.000000 -0.973417 -0.229039 -0.196116 -0.980581 0.000000 -0.063700 -0.997969 0.000000 0.066503 -0.997540 0.022168 0.109580 -0.964300 0.241075 0.000000 -0.999742 -0.022721 -0.022130 -0.995829 0.088518
-0.795587 -0.428393 -0.428393 -0.152277 -0.951734 -0.266485 0.000000 -0.973417 -0.229039 -0.203785 -0.978167 0.040757 -0.042515 -0.999096 0.000000 0.066503 -0.997540 0.022168 0.109580 -0.964300 0.241075 0.000000 -0.999742 -0.022721 -0.022081 -0.993641 0.110405
-0.728417 -0.380044 -0.570066 -0.119145 -0.953162 -0.278006 0.028796 -0.979051 -0.201569 -0.242536 -0.970143 0.000000 -0.043437 -0.999056 0.000000 0.066503 -0.997540 0.022168 0.109580 -0.964300 0.241075 0.000000 -0.999742 -0.022721 -0.022081 -0.993641 0.110405
-0.619219 -0.378412 -0.688021 -0.127114 -0.932170 -0.338971 0.031830 -0.986741 -0.159152 -0.216789 -0.975550 -0.036131 -0.043437 -0.999056 0.000000 0.066503 -0.997540 0.022168 0.109580 -0.964300 0.241075 0.000000 -0.998969 -0.045408 -0.044012 -0.990267 0.132036
-0.503220 -0.251610 -0.826718 0.044455 -0.933564 -0.355643 0.032862 -0.985861 -0.164310 -0.209020 -0.975426 -0.069673 -0.043437 -0.999056 0.000000 0.066503 -0.997540 0.022168 0.087854 -0.966391 0.241598 0.000000 -0.998969 -0.045408 -0.044012 -0.990267 0.132036
-0.409378 -0.186081 -0.893188 0.259161 -0.863868 -0.431934 0.000000 -0.986394 -0.164399 -0.202490 -0.978703 -0.033748 -0.043437 -0.999056 0.000000 0.066503 -0.997540 0.022168 0.088302 -0.971324 0.220755 0.000000 -0.998969 -0.045408 -0.044992 -0.989827 0.134976
-0.066336 -0.265343 -0.961869 0.349149 -0.829228 -0.436436 0.000000 -0.986394 -0.164399 -0.202145 -0.977035 -0.067382 -0.043437 -0.999056 0.000000 0.066503 -0.997540 0.022168 0.088302 -0.971324 0.220755 0.000000 -0.998920 -0.046461 -0.044012 -0.990267 0.132036
0.215387 -0.287183 -0.933346 0.379305 -0.800755 -0.463595 0.000000 -0.972082 -0.234641 -0.196011 -0.980057 -0.032669 -0.021734 -0.999764 0.000000 0.066503 -0.997540 0.022168 0.088302 -0.971324 0.220755 0.000000 -0.998920 -0.046461 -0.043874 -0.987165 0.153559
0.563473 -0.296565 -0.771069 0.414513 -0.787575 -0.455965 0.000000 -0.963993 -0.265929 -0.196011 -0.980057 -0.032669 -0.021729 -0.999528 -0.021729 0.066503 -0.997540 0.022168 0.088302 -0.971324 0.220755 0.000000 -0.998920 -0.046461 -0.043874 -0.987165 0.153559
0.680232 -0.340116 -0.649312 0.463595 -0.800755 -0.379305 0.000000 -0.952029 -0.306009 -0.196011 -0.980057 -0.032669 -0.021729 -0.999528 -0.021729 0.066503 -0.997540 0.022168 0.066340 -0.972985 0.221133 0.000000 -0.998920 -0.046461 -0.021953 -0.987878 0.153670
0.752825 -0.307974 -0.581728 0.477359 -0.824530 -0.303774 0.000000 -0.937749 -0.347314 -0.196011 -0.980057 -0.032669 -0.021729 -0.999528 -0.021729 0.068006 -0.997427 0.022669 0.066340 -0.972985 0.221133 0.000000 -0.998920 -0.046461 -0.021874 -0.984327 0.174991
0.767805 -0.314102 -0.558404 0.515920 -0.816874 -0.257960 0.000000 -0.930751 -0.365652 -0.202490 -0.978703 -0.033748 -0.022211 -0.999507 -0.022211 0.068006 -0.997427 0.022669 0.066340 -0.972985 0.221133 0.000000 -0.998920 -0.046461 -0.021874 -0.984327 0.174991
0.736075 -0.286251 -0.613396 0.521247 -0.825307 -0.217186 0.000000 -0.930751 -0.365652 -0.202145 -0.977035 -0.067382 -0.022211 -0.999507 -0.022211 0.068006 -0.997427 0.022669 0.066340 -0.972985 0.221133 0.000000 -0.998920 -0.046461 -0.021874 -0.984327 0.174991
0.683271 -0.341635 -0.645311 0.521247 -0.825307 -0.217186 0.000000 -0.919145 -0.393919 -0.209401 -0.977207 -0.034900 -0.022211 -0.999507 -0.022211 0.068006 -0.997427 0.022669 0.066340 -0.972985 0.221133 0.000000 -0.998920 -0.046461 -0.021874 -0.984327 0.174991
0.653363 -0.307465 -0.691796 0.440225 -0.880451 -0.176090 -0.033223 -0.930238 -0.365451 -0.175358 -0.982003 -0.070143 -0.022211 -0.999507 -0.022211 0.068006 -0.997427 0.022669 0.066340 -0.972985 0.221133 0.000000 -0.998920 -0.046461 -0.021786 -0.980348 0.196070
