-0.587775 0.808190 -0.036736 -0.535420 0.468492 -0.702738 0.032444 -0.973329 -0.227110 -0.040757 -0.978167 -0.203785 0.099381 -0.993808 -0.049690 0.044357 -0.998031 0.044357 0.131812 -0.966625 0.219687 0.000000 -0.999742 -0.022721 0.022513 -0.990579 0.135079
-0.632846 0.773479 -0.035158 -0.519096 0.449884 -0.726735 0.032444 -0.973329 -0.227110 0.000000 -0.977176 -0.212430 0.046449 -0.998651 -0.023224 0.064942 -0.995774 0.064942 0.131812 -0.966625 0.219687 0.000000 -0.999742 -0.022721 0.022513 -0.990579 0.135079
-0.664845 0.738717 -0.110808 -0.540914 0.432731 -0.721218 0.032444 -0.973329 -0.227110 0.000000 -0.977176 -0.212430 0.096844 -0.992646 -0.072633 0.000000 -0.999742 -0.022721 0.131812 -0.966625 0.219687 0.000000 -0.999742 -0.022721 0.022513 -0.990579 0.135079
-0.695174 0.695174 -0.182940 -0.549189 0.402739 -0.732252 0.032191 -0.965734 -0.257529 0.000000 -0.985212 -0.171341 0.022698 -0.998711 -0.045396 -0.046349 -0.996503 -0.069523 0.110136 -0.969201 0.220273 0.000000 -0.999742 -0.022721 0.022513 -0.990579 0.135079
-0.742781 0.631364 -0.222834 -0.557086 0.371391 -0.742781 0.032191 -0.965734 -0.257529 0.044677 -0.982888 -0.178707 0.000000 -0.999014 -0.044401 -0.070928 -0.992988 -0.094570 0.110136 -0.969201 0.220273 0.000000 -0.999742 -0.022721 0.022513 -0.990579 0.135079
-0.777910 0.583432 -0.233373 -0.580000 0.290000 -0.761249 0.032915 -0.954547 -0.296239 0.085358 -0.981616 -0.170716 -0.022195 -0.998768 -0.044390 -0.070928 -0.992988 -0.094570 0.110136 -0.969201 0.220273 0.000000 -0.999742 -0.022721 0.022513 -0.990579 0.135079
-0.808890 0.500741 -0.308148 -0.585802 0.256288 -0.768865 0.032915 -0.954547 -0.296239 0.041065 -0.985562 -0.164260 -0.062365 -0.997837 0.020788 -0.070750 -0.990500 -0.117917 0.088302 -0.971324 0.220755 0.000000 -0.999742 -0.022721 0.022513 -0.990579 0.135079
-0.812035 0.479839 -0.332196 -0.627481 0.073821 -0.775124 0.031911 -0.957338 -0.287202 0.041310 -0.991431 -0.123929 -0.079745 -0.996815 0.000000 -0.070750 -0.990500 -0.117917 0.088302 -0.971324 0.220755 0.000000 -0.999742 -0.022721 0.022513 -0.990579 0.135079
-0.815374 0.444750 -0.370625 -0.628768 -0.036986 -0.776713 0.032191 -0.965734 -0.257529 0.041310 -0.991431 -0.123929 -0.061110 -0.998131 0.000000 -0.070750 -0.990500 -0.117917 0.088302 -0.971324 0.220755 0.000000 -0.999742 -0.022721 0.022513 -0.990579 0.135079
-0.803863 0.438470 -0.401931 -0.622414 -0.146450 -0.768865 0.032191 -0.965734 -0.257529 0.000000 -0.992278 -0.124035 -0.061110 -0.998131 0.000000 -0.070750 -0.990500 -0.117917 0.066340 -0.972985 0.221133 0.000000 -0.999742 -0.022721 0.022513 -0.990579 0.135079
-0.827253 0.359675 -0.431610 -0.618693 -0.181969 -0.764268 0.032191 -0.965734 -0.257529 -0.039684 -0.992095 -0.119051 -0.062365 -0.997837 -0.020788 -0.070750 -0.990500 -0.117917 0.066340 -0.972985 0.221133 0.000000 -0.999742 -0.022721 0.022513 -0.990579 0.135079
-0.837611 0.327761 -0.437014 -0.630900 -0.245350 -0.736050 0.032191 -0.965734 -0.257529 -0.039684 -0.992095 -0.119051 -0.042476 -0.998194 -0.042476 -0.070928 -0.992988 -0.094570 0.066340 -0.972985 0.221133 0.000000 -0.999742 -0.022721 0.023027 -0.990142 0.138159
-0.865462 0.252426 -0.432731 -0.618853 -0.309426 -0.721995 0.033223 -0.963460 -0.265782 0.000000 -0.988372 -0.152057 -0.043345 -0.996942 -0.065018 -0.070928 -0.992988 -0.094570 0.066340 -0.972985 0.221133 0.000000 -0.999742 -0.022721 0.023027 -0.990142 0.138159
-0.848945 0.221464 -0.479839 -0.619219 -0.378412 -0.688021 0.032191 -0.965734 -0.257529 -0.036394 -0.982631 -0.181969 -0.021688 -0.997645 -0.065064 -0.070928 -0.992988 -0.094570 0.066340 -0.972985 0.221133 0.000000 -0.999742 -0.022721 0.023027 -0.990142 0.138159
-0.844317 0.211079 -0.492518 -0.594028 -0.454257 -0.663914 0.031220 -0.967805 -0.249756 -0.134687 -0.976481 -0.168359 0.000000 -0.996073 -0.088540 -0.070928 -0.992988 -0.094570 0.066340 -0.972985 0.221133 0.000000 -0.999742 -0.022721 0.023027 -0.990142 0.138159
-0.869999 0.145000 -0.471250 -0.584472 -0.481330 -0.653233 0.000000 -0.975441 -0.220261 -0.130396 -0.977972 -0.162995 0.000000 -0.997785 -0.066519 -0.070928 -0.992988 -0.094570 0.066340 -0.972985 0.221133 0.000000 -0.999742 -0.022721 0.023027 -0.990142 0.138159
-0.874028 0.109254 -0.473432 -0.551396 -0.516934 -0.654783 0.000000 -0.975441 -0.220261 -0.126365 -0.979327 -0.157956 0.000000 -0.997880 -0.065079 0.000000 -0.999742 -0.022721 0.066002 -0.968027 0.242007 0.000000 -0.999742 -0.022721 0.023027 -0.990142 0.138159
-0.871975 0.034879 -0.488306 -0.562940 -0.525411 -0.637999 0.000000 -0.973841 -0.227230 -0.126936 -0.983755 -0.126936 0.000000 -0.997880 -0.065079 0.043396 -0.998115 0.043396 0.066002 -0.968027 0.242007 0.000000 -0.999742 -0.022721 0.000000 -0.990405 0.138196
-0.886659 -0.035466 -0.461062 -0.551784 -0.551784 -0.625355 0.000000 -0.973841 -0.227230 -0.098639 -0.986394 -0.131519 0.000000 -0.997880 -0.065079 0.064942 -0.995774 0.064942 0.066002 -0.968027 0.242007 0.000000 -0.999742 -0.022721 0.000000 -0.990405 0.138196
-0.884990 -0.070799 -0.460195 -0.552532 -0.589368 -0.589368 0.000000 -0.966235 -0.257663 -0.065938 -0.989071 -0.131876 0.000000 -0.997880 -0.065079 -0.022716 -0.999484 -0.022716 0.067437 -0.966597 0.247269 0.000000 -0.999742 -0.022721 0.000000 -0.990405 0.138196
-0.889702 -0.102658 -0.444851 -0.526152 -0.601317 -0.601317 0.000000 -0.966235 -0.257663 -0.068160 -0.988317 -0.136320 0.000000 -0.997880 -0.065079 0.022217 -0.999753 0.000000 0.090236 -0.970034 0.225589 0.000000 -0.999742 -0.022721 0.000000 -0.990405 0.138196
-0.881483 -0.169516 -0.440741 -0.497431 -0.650487 -0.573959 0.033223 -0.963460 -0.265782 -0.098639 -0.986394 -0.131519 0.000000 -0.997785 -0.066519 0.022211 -0.999507 0.022211 0.090236 -0.970034 0.225589 0.000000 -0.999742 -0.022721 0.000000 -0.990405 0.138196
-0.875962 -0.202145 -0.437981 -0.495261 -0.685745 -0.533358 0.033223 -0.963460 -0.265782 -0.098639 -0.986394 -0.131519 0.000000 -0.997785 -0.066519 0.022716 -0.999484 0.022716 0.088302 -0.971324 0.220755 0.000000 -0.999742 -0.022721 0.000000 -0.990830 0.135113
-0.866199 -0.277184 -0.415775 -0.495261 -0.685745 -0.533358 0.033223 -0.963460 -0.265782 -0.098639 -0.986394 -0.131519 0.000000 -0.997785 -0.066519 0.045396 -0.998711 0.022698 0.088302 -0.971324 0.220755 0.000000 -0.999742 -0.022721 0.000000 -0.993605 0.112910
-0.874475 -0.269069 -0.403604 -0.449404 -0.749006 -0.486854 0.033223 -0.963460 -0.265782 -0.101944 -0.985460 -0.135926 0.000000 -0.997785 -0.066519 0.045396 -0.998711 0.022698 0.088302 -0.971324 0.220755 0.000000 -0.999742 -0.022721 0.000000 -0.993605 0.112910
-0.862924 -0.287641 -0.415482 -0.420903 -0.803543 -0.420903 0.033223 -0.963460 -0.265782 -0.101944 -0.985460 -0.135926 0.000000 -0.997785 -0.066519 0.045361 -0.997940 0.045361 0.088302 -0.971324 0.220755 0.000000 -0.999742 -0.022721 0.000000 -0.993605 0.112910
-0.863080 -0.357137 -0.357137 -0.438470 -0.803863 -0.401931 0.033501 -0.971537 -0.234509 -0.101419 -0.980379 -0.169031 0.000000 -0.997785 -0.066519 0.045396 -0.998711 0.022698 0.086447 -0.972533 0.216118 0.000000 -0.999742 -0.022721 0.000000 -0.993605 0.112910
-0.845385 -0.392500 -0.362308 -0.444750 -0.815374 -0.370625 0.034627 -0.969561 -0.242390 -0.098163 -0.981630 -0.163605 0.000000 -0.997785 -0.066519 0.045396 -0.998711 0.022698 0.086447 -0.972533 0.216118 0.000000 -0.999742 -0.022721 -0.022576 -0.993352 0.112881
-0.853680 -0.382684 -0.353247 -0.431610 -0.827253 -0.359675 0.034627 -0.969561 -0.242390 -0.098163 -0.981630 -0.163605 0.000000 -0.997785 -0.066519 0.045396 -0.998711 0.022698 0.086447 -0.972533 0.216118 0.000000 -0.999742 -0.022721 -0.022081 -0.993641 0.110405
-0.845385 -0.392500 -0.362308 -0.460195 -0.814191 -0.353996 0.034627 -0.969561 -0.242390 -0.098163 -0.981630 -0.163605 0.000000 -0.997785 -0.066519 0.068006 -0.997427 0.022669 0.086447 -0.972533 0.216118 0.000000 -0.999742 -0.022721 -0.022081 -0.993641 0.110405
-0.843848 -0.421924 -0.331512 -0.460195 -0.814191 -0.353996 0.033223 -0.963460 -0.265782 -0.101944 -0.985460 -0.135926 0.000000 -0.997785 -0.066519 0.068006 -0.997427 0.022669 0.107833 -0.970495 0.215666 0.000000 -0.999742 -0.022721 -0.022081 -0.993641 0.110405
-0.843848 -0.421924 -0.331512 -0.473746 -0.801725 -0.364420 0.033223 -0.963460 -0.265782 -0.101944 -0.985460 -0.135926 0.000000 -0.997785 -0.066519 -0.023776 -0.998586 -0.047552 0.107833 -0.970495 0.215666 0.000000 -0.999742 -0.022721 -0.022081 -0.993641 0.110405
-0.823492 -0.457496 -0.335497 -0.501280 -0.787726 -0.358057 0.033223 -0.963460 -0.265782 -0.101944 -0.985460 -0.135926 0.000000 -0.999014 -0.044401 -0.072633 -0.992646 -0.096844 0.107833 -0.970495 0.215666 0.000000 -0.999742 -0.022721 -0.022081 -0.993641 0.110405
-0.831655 -0.462031 -0.308021 -0.494666 -0.777332 -0.388666 0.033223 -0.963460 -0.265782 -0.101944 -0.985460 -0.135926 0.000000 -0.999014 -0.044401 -0.072442 -0.990038 -0.120736 0.107833 -0.970495 0.215666 0.000000 -0.999742 -0.022721 -0.022081 -0.993641 0.110405
-0.831655 -0.462031 -0.308021 -0.494666 -0.777332 -0.388666 0.000000 -0.963993 -0.265929 -0.068160 -0.988317 -0.136320 0.000000 -0.999014 -0.044401 -0.098743 -0.987429 -0.123429 0.107833 -0.970495 0.215666 0.000000 -0.999742 -0.022721 -0.022081 -0.993641 0.110405
-0.831655 -0.462031 -0.308021 -0.434135 -0.789337 -0.434135 0.000000 -0.963993 -0.265929 -0.068160 -0.988317 -0.136320 0.000000 -0.998969 -0.045408 -0.098414 -0.984136 -0.147620 0.107833 -0.970495 0.215666 0.000000 -0.999742 -0.022721 -0.022081 -0.993641 0.110405
-0.843338 -0.437287 -0.312348 -0.379305 -0.800755 -0.463595 0.033223 -0.963460 -0.265782 -0.102359 -0.989467 -0.102359 0.000000 -0.998969 -0.045408 -0.098414 -0.984136 -0.147620 0.105621 -0.971711 0.211241 0.000000 -0.999742 -0.022721 -0.022081 -0.993641 0.110405
-0.816279 -0.424465 -0.391814 -0.379305 -0.800755 -0.463595 0.033223 -0.963460 -0.265782 -0.102359 -0.989467 -0.102359 0.000000 -0.998969 -0.045408 -0.098414 -0.984136 -0.147620 0.105621 -0.971711 0.211241 0.000000 -0.999730 -0.023250 -0.021607 -0.993912 0.108034
-0.816497 -0.408248 -0.408248 -0.307860 -0.791639 -0.527759 0.033223 -0.963460 -0.265782 -0.102359 -0.989467 -0.102359 0.000000 -0.998969 -0.045408 0.000000 -0.999730 -0.023250 0.105621 -0.971711 0.211241 0.000000 -0.999730 -0.023250 -0.021607 -0.993912 0.108034
-0.804778 -0.386294 -0.450676 -0.307860 -0.791639 -0.527759 0.032191 -0.965734 -0.257529 -0.105934 -0.988714 -0.105934 0.000000 -0.998969 -0.045408 -0.023224 -0.998651 -0.046449 0.105621 -0.971711 0.211241 0.000000 -0.999730 -0.023250 -0.021607 -0.993912 0.108034
-0.789780 -0.347503 -0.505459 -0.267261 -0.801784 -0.534522 0.000000 -0.963993 -0.265929 -0.068439 -0.992360 -0.102658 0.000000 -0.998969 -0.045408 0.045396 -0.998711 0.022698 0.105621 -0.971711 0.211241 0.000000 -0.999730 -0.023250 -0.021607 -0.993912 0.108034
-0.771884 -0.308754 -0.555757 -0.181818 -0.818182 -0.545455 0.032191 -0.965734 -0.257529 -0.105934 -0.988714 -0.105934 0.000000 -0.998969 -0.045408 0.044357 -0.998031 0.044357 0.105621 -0.971711 0.211241 0.000000 -0.999730 -0.023250 -0.021607 -0.993912 0.108034
-0.713609 -0.271851 -0.645646 -0.217186 -0.825307 -0.521247 0.032444 -0.973329 -0.227110 -0.105474 -0.984428 -0.140633 0.000000 -0.998969 -0.045408 0.066454 -0.996805 0.044302 0.084667 -0.973668 0.211667 0.000000 -0.999730 -0.023250 -0.021607 -0.993912 0.108034
-0.702728 -0.245955 -0.667592 -0.171184 -0.813125 -0.556349 0.033501 -0.971537 -0.234509 -0.101944 -0.985460 -0.135926 0.000000 -0.998969 -0.045408 0.000000 -0.998920 -0.046461 0.084667 -0.973668 0.211667 0.000000 -0.999730 -0.023250 -0.021607 -0.993912 0.108034
-0.673015 -0.212531 -0.708436 -0.129219 -0.818388 -0.559950 0.032444 -0.973329 -0.227110 -0.101944 -0.985460 -0.135926 0.000000 -0.998969 -0.045408 0.023243 -0.999460 -0.023243 0.084667 -0.973668 0.211667 0.000000 -0.999730 -0.023250 -0.021607 -0.993912 0.108034
-0.681330 -0.162221 -0.713774 -0.042835 -0.856706 -0.514024 0.032444 -0.973329 -0.227110 -0.101944 -0.985460 -0.135926 -0.022698 -0.998711 -0.045396 -0.023742 -0.997178 -0.071227 0.084667 -0.973668 0.211667 0.000000 -0.999730 -0.023250 -0.021552 -0.991370 0.129309
-0.665745 -0.158511 -0.729149 0.000000 -0.825307 -0.564684 0.033501 -0.971537 -0.234509 -0.131024 -0.982683 -0.131024 -0.022698 -0.998711 -0.045396 -0.048493 -0.994104 -0.096986 0.084667 -0.973668 0.211667 0.000000 -0.999730 -0.023250 -0.021552 -0.991370 0.129309
-0.622414 -0.146450 -0.768865 0.000000 -0.805056 -0.593199 0.033501 -0.971537 -0.234509 -0.131519 -0.986394 -0.098639 -0.022698 -0.998711 -0.045396 -0.048365 -0.991484 -0.120913 0.085029 -0.977838 0.191316 0.000000 -0.999730 -0.023250 -0.021552 -0.991370 0.129309
-0.584627 -0.109618 -0.803863 0.085436 -0.854358 -0.512615 0.033501 -0.971537 -0.234509 -0.131519 -0.986394 -0.098639 -0.022669 -0.997427 -0.068006 -0.072442 -0.990038 -0.120736 0.063873 -0.979389 0.191620 0.000000 -0.999730 -0.023250 -0.021552 -0.991370 0.129309
-0.550823 -0.118033 -0.826234 0.083551 -0.835512 -0.543083 0.033748 -0.978703 -0.202490 -0.135379 -0.981501 -0.135379 -0.022669 -0.997427 -0.068006 -0.072442 -0.990038 -0.120736 0.063873 -0.979389 0.191620 0.000000 -0.999730 -0.023250 -0.043073 -0.990680 0.129219
-0.198571 -0.198571 -0.959760 0.309058 -0.883022 -0.353209 0.066890 -0.969905 -0.234115 -0.135926 -0.985460 -0.101944 0.000000 -0.997684 -0.068024 -0.048365 -0.991484 -0.120913 0.065497 -0.982448 0.174658 0.000000 -0.999730 -0.023250 -0.043073 -0.990680 0.129219
-0.029801 -0.178806 -0.983433 0.384812 -0.897895 -0.213785 0.064282 -0.964237 -0.257130 -0.140633 -0.984428 -0.105474 0.000000 -0.998969 -0.045408 0.023224 -0.998651 -0.046449 0.065233 -0.978492 0.195698 0.000000 -0.999730 -0.023250 -0.042944 -0.987707 0.150303
0.028796 -0.201569 -0.979051 0.426401 -0.895443 -0.127920 0.064282 -0.964237 -0.257130 -0.141069 -0.987484 -0.070535 0.000000 -0.998969 -0.045408 0.045396 -0.998711 0.022698 0.065233 -0.978492 0.195698 0.000000 -0.999730 -0.023250 -0.043874 -0.987165 0.153559
0.151794 -0.182153 -0.971483 0.377300 -0.922288 -0.083844 0.063725 -0.955879 -0.286764 -0.141069 -0.987484 -0.070535 0.000000 -0.998969 -0.045408 0.066454 -0.996805 0.044302 0.065233 -0.978492 0.195698 0.000000 -0.999730 -0.023250 -0.043874 -0.987165 0.153559
0.184177 -0.221013 -0.957722 0.378298 -0.924729 -0.042033 0.064282 -0.964237 -0.257130 -0.140633 -0.984428 -0.105474 0.000000 -0.998969 -0.045408 0.066454 -0.996805 0.044302 0.043540 -0.979651 0.195930 0.000000 -0.999730 -0.023250 -0.043716 -0.983621 0.174866
0.348155 -0.243709 -0.905204 0.302072 -0.949370 -0.086306 0.064282 -0.964237 -0.257130 -0.140633 -0.984428 -0.105474 0.000000 -0.999014 -0.044401 0.088345 -0.993884 0.066259 0.043540 -0.979651 0.195930 0.000000 -0.999730 -0.023250 -0.043716 -0.983621 0.174866
0.407072 -0.237459 -0.881990 0.260870 -0.956522 -0.130435 0.096176 -0.961756 -0.256468 -0.140633 -0.984428 -0.105474 0.000000 -0.999014 -0.044401 0.088345 -0.993884 0.066259 0.044488 -0.978745 0.200198 0.000000 -0.999730 -0.023250 -0.043716 -0.983621 0.174866
0.434785 -0.234115 -0.869570 0.262111 -0.961074 -0.087370 0.096176 -0.961756 -0.256468 -0.140633 -0.984428 -0.105474 0.000000 -0.999014 -0.044401 0.066454 -0.996805 0.044302 0.044488 -0.978745 0.200198 0.000000 -0.999730 -0.023250 -0.043716 -0.983621 0.174866
0.434785 -0.234115 -0.869570 0.262111 -0.961074 -0.087370 0.099231 -0.959235 -0.264616 -0.141069 -0.987484 -0.070535 0.022195 -0.998768 -0.044390 0.066454 -0.996805 0.044302 0.044677 -0.982888 0.178707 0.000000 -0.999730 -0.023250 -0.043716 -0.983621 0.174866
0.486664 -0.227110 -0.843551 0.220755 -0.971324 -0.088302 0.066336 -0.961869 -0.265343 -0.141069 -0.987484 -0.070535 0.022168 -0.997540 -0.066503 0.066454 -0.996805 0.044302 0.044677 -0.982888 0.178707 0.000000 -0.999730 -0.023250 -0.043716 -0.983621 0.174866
0.500734 -0.187775 -0.844989 0.212238 -0.976296 -0.042448 0.066336 -0.961869 -0.265343 -0.141069 -0.987484 -0.070535 0.022168 -0.997540 -0.066503 0.066454 -0.996805 0.044302 0.044677 -0.982888 0.178707 0.000000 -0.999730 -0.023250 -0.043716 -0.983621 0.174866
0.514259 -0.192847 -0.835672 0.212238 -0.976296 -0.042448 0.064282 -0.964237 -0.257130 -0.141069 -0.987484 -0.070535 0.022168 -0.997540 -0.066503 0.066503 -0.997540 0.022168 0.044677 -0.982888 0.178707 0.000000 -0.999730 -0.023250 -0.043716 -0.983621 0.174866
0.523635 -0.184812 -0.831655 0.212430 -0.977176 0.000000 0.064282 -0.964237 -0.257130 -0.141069 -0.987484 -0.070535 0.022168 -0.997540 -0.066503 0.066503 -0.997540 0.022168 0.044677 -0.982888 0.178707 0.000000 -0.999730 -0.023250 -0.043716 -0.983621 0.174866
0.569005 -0.149738 -0.808586 0.128271 -0.983409 0.128271 0.064282 -0.964237 -0.257130 -0.141069 -0.987484 -0.070535 0.022168 -0.997540 -0.066503 0.023742 -0.997178 -0.071227 0.044677 -0.982888 0.178707 0.000000 -0.999730 -0.023250 -0.043716 -0.983621 0.174866
0.602749 -0.150687 -0.783573 0.128271 -0.983409 0.128271 0.064282 -0.964237 -0.257130 -0.141069 -0.987484 -0.070535 0.022168 -0.997540 -0.066503 0.023193 -0.997307 -0.069580 0.044677 -0.982888 0.178707 0.000000 -0.999730 -0.023250 -0.043716 -0.983621 0.174866
0.602749 -0.150687 -0.783573 0.128271 -0.983409 0.128271 0.064786 -0.971795 -0.226752 -0.140633 -0.984428 -0.105474 0.022168 -0.997540 -0.066503 0.046449 -0.998651 -0.023224 0.044677 -0.982888 0.178707 0.000000 -0.999730 -0.023250 -0.043716 -0.983621 0.174866
0.617213 -0.154303 -0.771517 0.128271 -0.983409 0.128271 0.064786 -0.971795 -0.226752 -0.140633 -0.984428 -0.105474 0.022168 -0.997540 -0.066503 0.045396 -0.998711 -0.022698 0.044677 -0.982888 0.178707 0.000000 -0.999730 -0.023250 -0.043716 -0.983621 0.174866
0.617213 -0.154303 -0.771517 0.128271 -0.983409 0.128271 0.062807 -0.973515 -0.219826 -0.145671 -0.983282 -0.109254 0.022168 -0.997540 -0.066503 0.045408 -0.998969 0.000000 0.044677 -0.982888 0.178707 0.000000 -0.999730 -0.023250 -0.043540 -0.979651 0.195930
0.617213 -0.154303 -0.771517 0.128271 -0.983409 0.128271 0.062807 -0.973515 -0.219826 -0.145671 -0.983282 -0.109254 0.022168 -0.997540 -0.066503 0.045408 -0.998969 0.000000 0.044677 -0.982888 0.178707 0.000000 -0.999730 -0.023250 -0.043540 -0.979651 0.195930
0.639382 -0.166795 -0.750579 0.128271 -0.983409 0.128271 0.062807 -0.973515 -0.219826 -0.146157 -0.986559 -0.073078 0.022168 -0.997540 -0.066503 0.045408 -0.998969 0.000000 0.044677 -0.982888 0.178707 0.000000 -0.999730 -0.023250 -0.043540 -0.979651 0.195930
0.639092 -0.145248 -0.755291 0.170716 -0.981616 0.085358 0.062807 -0.973515 -0.219826 -0.146157 -0.986559 -0.073078 0.022168 -0.997540 -0.066503 0.045408 -0.998969 0.000000 0.044677 -0.982888 0.178707 0.000000 -0.999730 -0.023250 -0.043540 -0.979651 0.195930
0.639092 -0.145248 -0.755291 0.170716 -0.981616 0.085358 0.062807 -0.973515 -0.219826 -0.146157 -0.986559 -0.073078 0.022168 -0.997540 -0.066503 0.045396 -0.998711 0.022698 0.044677 -0.982888 0.178707 0.000000 -0.999730 -0.023250 -0.043540 -0.979651 0.195930
0.621421 -0.147957 -0.769379 0.170716 -0.981616 0.085358 0.064786 -0.971795 -0.226752 -0.146157 -0.986559 -0.073078 0.022168 -0.997540 -0.066503 0.023742 -0.997178 -0.071227 0.044677 -0.982888 0.178707 0.000000 -0.999730 -0.023250 -0.044488 -0.978745 0.200198
0.623885 -0.118835 -0.772429 0.170716 -0.981616 0.085358 0.064786 -0.971795 -0.226752 -0.146157 -0.986559 -0.073078 0.022168 -0.997540 -0.066503 0.023636 -0.992711 -0.118180 0.044677 -0.982888 0.178707 0.000000 -0.999730 -0.023250 -0.044488 -0.978745 0.200198
0.623885 -0.118835 -0.772429 0.170716 -0.981616 0.085358 0.064786 -0.971795 -0.226752 -0.181608 -0.980684 -0.072643 0.022168 -0.997540 -0.066503 0.046411 -0.997844 -0.046411 0.044677 -0.982888 0.178707 0.000000 -0.999730 -0.023250 -0.044488 -0.978745 0.200198
0.638419 -0.121604 -0.760022 0.170716 -0.981616 0.085358 0.064786 -0.971795 -0.226752 -0.181608 -0.980684 -0.072643 0.022168 -0.997540 -0.066503 0.045396 -0.998711 -0.022698 0.044677 -0.982888 0.178707 0.000000 -0.999730 -0.023250 -0.044488 -0.978745 0.200198
0.619876 -0.123975 -0.774845 0.170716 -0.981616 0.085358 0.064786 -0.971795 -0.226752 -0.181608 -0.980684 -0.072643 0.022168 -0.997540 -0.066503 0.045408 -0.998969 0.000000 0.044677 -0.982888 0.178707 0.000000 -0.999730 -0.023250 -0.044488 -0.978745 0.200198
0.619876 -0.123975 -0.774845 0.170716 -0.981616 0.085358 0.064786 -0.971795 -0.226752 -0.181608 -0.980684 -0.072643 0.022168 -0.997540 -0.066503 0.045408 -0.998969 0.000000 0.044677 -0.982888 0.178707 0.000000 -0.999730 -0.023250 -0.044488 -0.978745 0.200198
0.619876 -0.123975 -0.774845 0.170716 -0.981616 0.085358 0.064786 -0.971795 -0.226752 -0.181608 -0.980684 -0.072643 0.022168 -0.997540 -0.066503 0.066503 -0.997540 0.022168 0.044677 -0.982888 0.178707 0.000000 -0.999730 -0.023250 -0.044488 -0.978745 0.200198
0.638419 -0.121604 -0.760022 0.128861 -0.987935 0.085907 0.064786 -0.971795 -0.226752 -0.181608 -0.980684 -0.072643 0.022168 -0.997540 -0.066503 0.066503 -0.997540 0.022168 0.044677 -0.982888 0.178707 0.000000 -0.999730 -0.023250 -0.044488 -0.978745 0.200198
0.638419 -0.121604 -0.760022 0.128861 -0.987935 0.085907 0.064786 -0.971795 -0.226752 -0.181608 -0.980684 -0.072643 0.022168 -0.997540 -0.066503 0.066503 -0.997540 0.022168 0.044677 -0.982888 0.178707 0.000000 -0.999730 -0.023250 -0.044488 -0.978745 0.200198
0.625821 -0.089403 -0.774826 0.123613 -0.988903 0.082409 0.064786 -0.971795 -0.226752 -0.181608 -0.980684 -0.072643 0.022168 -0.997540 -0.066503 0.066503 -0.997540 0.022168 0.044677 -0.982888 0.178707 0.000000 -0.999730 -0.023250 -0.044488 -0.978745 0.200198
