-0.420230 -0.905111 0.064651 0.971764 -0.231372 -0.046274 0.576987 -0.802764 -0.150518 -0.940089 -0.313363 0.134298 0.088930 -0.800373 0.592869 -0.207955 -0.642769 0.737294 0.406008 -0.025375 -0.913517 0.072911 -0.729110 0.680502 -0.368577 -0.122859 -0.921443
-0.480065 -0.875413 -0.056478 0.968658 -0.230633 -0.092253 0.582025 -0.791554 -0.186248 -0.934539 -0.327089 0.140181 0.095588 -0.764704 0.637253 -0.183673 -0.653061 0.734694 0.394600 -0.210453 -0.894427 0.173341 -0.758365 0.628360 -0.420249 -0.140083 -0.896531
-0.488633 -0.868680 -0.081439 0.927478 -0.370991 -0.046374 0.507489 -0.856388 0.095154 -0.832405 -0.525730 0.175243 0.062348 -0.779350 0.623480 -0.183673 -0.653061 0.734694 0.387040 -0.283830 -0.877292 0.188608 -0.754434 0.628695 -0.450025 -0.185305 -0.873579
-0.476164 -0.872967 -0.105814 0.844653 -0.533465 -0.044455 0.473016 -0.878459 0.067574 -0.717741 -0.675521 0.168880 0.000000 -0.768221 0.640184 -0.176734 -0.684843 0.706934 0.366774 -0.497764 -0.785944 0.206529 -0.757271 0.619586 -0.447214 -0.420907 -0.789200
-0.344255 -0.938876 0.000000 0.728780 -0.683231 -0.045549 0.319599 -0.923287 0.213066 -0.675521 -0.717741 0.168880 0.000000 -0.765705 0.643192 -0.135086 -0.891566 0.432275 0.327673 -0.655346 -0.680552 0.174891 -0.799500 0.574641 -0.383482 -0.613572 -0.690268
-0.175682 -0.983820 0.035136 0.564152 -0.824530 -0.043396 0.169224 -0.947656 0.270759 -0.591080 -0.802181 0.084440 0.000000 -0.789352 0.613941 -0.135283 -0.811701 0.568190 0.277969 -0.783368 -0.555939 0.137361 -0.934052 0.329665 -0.323587 -0.771631 -0.547609
0.070844 -0.991811 0.106265 0.413449 -0.909588 -0.041345 0.034320 -0.960958 0.274559 -0.447214 -0.894427 0.000000 0.000000 -0.832050 0.554700 -0.119470 -0.955756 0.268806 0.248913 -0.871197 -0.423153 0.056682 -0.991935 0.113364 -0.240772 -0.890855 -0.385235
0.035669 -0.998727 0.035669 0.259794 -0.964951 0.037113 -0.139262 -0.974835 0.174078 -0.188311 -0.979217 -0.075324 0.000000 -0.883788 0.467888 -0.110055 -0.990492 0.082541 0.228600 -0.939801 -0.254000 -0.025599 -0.972761 0.230391 -0.170226 -0.948403 -0.267498
0.035669 -0.998727 -0.035669 0.169809 -0.984892 0.033962 -0.169809 -0.984892 -0.033962 -0.034381 -0.997041 -0.068761 0.000000 -0.917857 0.396911 -0.072954 -0.997039 -0.024318 0.171550 -0.980286 -0.098029 -0.023193 -0.997307 0.069580 -0.147220 -0.981466 -0.122683
0.000000 -0.994692 -0.102899 0.099449 -0.994490 0.033150 -0.101944 -0.985460 -0.135926 0.033241 -0.997234 -0.066482 0.000000 -0.958536 0.284970 -0.042362 -0.995504 -0.084724 0.141069 -0.987484 0.070535 -0.041622 -0.998917 -0.020811 -0.117917 -0.990500 0.070750
-0.063564 -0.985245 -0.158910 0.035669 -0.998727 0.035669 0.067382 -0.977035 -0.202145 0.034442 -0.998813 -0.034442 0.000000 -0.979603 0.200944 0.059467 -0.991120 -0.118934 0.084667 -0.973668 0.211667 -0.097405 -0.993527 -0.058443 -0.086447 -0.972533 0.216118
-0.167506 -0.971537 -0.167506 0.073872 -0.997268 0.000000 0.157251 -0.974958 -0.157251 0.000000 -0.999315 -0.037012 0.000000 -0.992278 0.124035 0.097945 -0.979451 -0.176301 0.061885 -0.948908 0.309426 -0.119122 -0.972828 -0.198536 -0.078811 -0.945732 0.315244
-0.176930 -0.973117 -0.147442 0.082974 -0.995688 0.041487 0.167506 -0.971537 -0.167506 -0.034442 -0.998813 -0.034442 0.025557 -0.996729 0.076671 0.115449 -0.981314 -0.153932 0.062244 -0.933658 0.352715 -0.139610 -0.977267 -0.159554 -0.079777 -0.937379 0.339052
-0.158059 -0.974697 -0.158059 0.134568 -0.986835 0.089712 0.095539 -0.987241 -0.127386 -0.038405 -0.998524 -0.038405 0.000000 -0.997575 0.069598 0.118562 -0.988019 -0.098802 0.041541 -0.934665 0.353096 -0.085358 -0.981616 -0.170716 -0.099543 -0.935706 0.338447
-0.086966 -0.985611 -0.144943 0.134568 -0.986835 0.089712 0.030994 -0.991801 -0.123975 -0.038433 -0.999261 0.000000 0.000000 -0.998812 0.048723 0.059880 -0.998006 -0.019960 0.042983 -0.945635 0.322376 -0.021487 -0.988391 -0.150407 -0.101430 -0.933157 0.344862
-0.030234 -0.997712 -0.060467 0.163163 -0.978980 0.122373 -0.031099 -0.995153 -0.093296 -0.119145 -0.992877 0.000000 0.023224 -0.998651 0.046449 0.040748 -0.998338 0.040748 0.042660 -0.959840 0.277287 0.000000 -0.987580 -0.157115 -0.104828 -0.943456 0.314485
0.030234 -0.997712 -0.060467 0.168880 -0.971061 0.168880 -0.060385 -0.996347 -0.060385 -0.195965 -0.979827 0.039193 0.022669 -0.997427 0.068006 0.020366 -0.997924 0.061097 0.064282 -0.964237 0.257130 -0.043345 -0.996942 -0.065018 -0.105503 -0.949528 0.295409
0.030289 -0.999541 0.000000 0.193746 -0.968730 0.154997 -0.120277 -0.992285 -0.030069 -0.188713 -0.981307 0.037743 0.022669 -0.997427 0.068006 0.000000 -0.998131 0.061110 0.064282 -0.964237 0.257130 -0.065018 -0.996942 -0.043345 -0.104031 -0.957088 0.270481
0.085401 -0.996347 0.000000 0.192450 -0.962250 0.192450 -0.149738 -0.988272 0.029948 -0.181969 -0.982631 0.036394 0.023150 -0.995434 0.092599 0.020366 -0.997924 0.061097 0.043345 -0.975270 0.216727 -0.065018 -0.996942 -0.043345 -0.101998 -0.958784 0.265196
0.085367 -0.995943 -0.028456 0.179144 -0.967375 0.179144 -0.149738 -0.988272 0.029948 -0.216366 -0.973645 0.072122 0.000000 -0.995701 0.092623 0.019996 -0.999800 0.000000 0.060808 -0.972929 0.222963 -0.081345 -0.996478 -0.020336 -0.102533 -0.963811 0.246079
0.060467 -0.997712 -0.030234 0.245350 -0.946350 0.210300 -0.149738 -0.988272 0.029948 -0.240239 -0.960958 0.137280 0.000000 -0.993605 0.112910 0.019589 -0.999040 -0.039178 0.080961 -0.971533 0.222643 -0.078176 -0.996748 -0.019544 -0.103919 -0.976838 0.187054
0.030234 -0.997712 -0.060467 0.227266 -0.946943 0.227266 -0.120331 -0.992734 0.000000 -0.247025 -0.952809 0.176446 -0.048210 -0.988311 0.144631 0.039118 -0.997510 -0.058677 0.079729 -0.976685 0.199323 -0.095695 -0.995227 -0.019139 -0.081923 -0.983078 0.163846
-0.029285 -0.995703 -0.087856 0.272268 -0.933492 0.233373 -0.085401 -0.996347 0.000000 -0.310227 -0.930680 0.193892 -0.049553 -0.991059 0.123882 0.039684 -0.992095 -0.119051 0.079729 -0.976685 0.199323 -0.073872 -0.997268 0.000000 -0.100504 -0.984937 0.140705
-0.085091 -0.992733 -0.085091 0.285062 -0.936632 0.203616 -0.028513 -0.997965 -0.057027 -0.310227 -0.930680 0.193892 -0.050621 -0.987105 0.151862 0.058722 -0.998274 0.000000 0.080306 -0.983745 0.160611 -0.075244 -0.996988 0.018811 -0.100769 -0.987534 0.120923
-0.143978 -0.979051 -0.143978 0.285062 -0.936632 0.203616 0.028273 -0.989554 -0.141365 -0.371391 -0.891338 0.259973 -0.051691 -0.982138 0.180920 0.000000 -0.999096 0.042515 0.123377 -0.987019 0.102815 -0.018745 -0.993478 0.112469 -0.123797 -0.990375 0.061898
-0.210200 -0.960913 -0.180171 0.334205 -0.919063 0.208878 0.126365 -0.979327 -0.157956 -0.419982 -0.878144 0.229081 -0.052760 -0.976053 0.211038 -0.022130 -0.995829 0.088518 0.153670 -0.987878 0.021953 0.019909 -0.975523 0.218995 -0.153559 -0.987165 -0.043874
-0.256997 -0.931614 -0.256997 0.334205 -0.919063 0.208878 0.237459 -0.949835 -0.203536 -0.495261 -0.838133 0.228582 -0.054433 -0.952579 0.299382 -0.023479 -0.986122 0.164354 0.171550 -0.980286 -0.098029 0.069319 -0.970466 0.231063 -0.192450 -0.962250 -0.192450
-0.341593 -0.888143 -0.307434 0.420331 -0.882696 0.210166 0.362500 -0.906249 -0.217500 -0.570627 -0.798878 0.190209 -0.054861 -0.932645 0.356600 -0.091646 -0.916458 0.389495 0.214654 -0.939111 -0.268317 0.090513 -0.927754 0.362050 -0.211333 -0.924581 -0.316999
-0.390130 -0.886659 -0.248264 0.537484 -0.826898 0.165380 0.457540 -0.873485 -0.166378 -0.620453 -0.775567 0.116335 -0.085575 -0.912797 0.399349 -0.161701 -0.831606 0.531304 0.307700 -0.867154 -0.391618 0.096674 -0.870063 0.483368 -0.220779 -0.883116 -0.413960
-0.331679 -0.928701 -0.165840 0.647150 -0.739600 0.184900 0.477334 -0.875113 -0.079556 -0.725542 -0.682863 0.085358 -0.087856 -0.907846 0.409995 -0.210157 -0.747223 0.630470 0.343776 -0.793329 -0.502442 0.129532 -0.829004 0.544034 -0.246691 -0.849714 -0.465972
-0.334637 -0.936984 -0.100391 0.700140 -0.700140 0.140028 0.514496 -0.857493 0.000000 -0.726421 -0.686064 0.040357 -0.087856 -0.907846 0.409995 -0.254919 -0.695235 0.672060 0.399609 -0.745938 -0.532813 0.157405 -0.760791 0.629620 -0.267261 -0.801784 -0.534522
-0.325300 -0.943370 -0.065060 0.723364 -0.675140 0.144673 0.278006 -0.953162 0.119145 -0.726421 -0.686064 0.040357 -0.087856 -0.907846 0.409995 -0.253045 -0.787250 0.562322 0.361961 -0.775632 -0.517088 0.163846 -0.737309 0.655386 -0.273077 -0.791924 -0.546155
-0.325818 -0.944871 -0.032582 0.700140 -0.700140 0.140028 0.184177 -0.957722 0.221013 -0.727013 -0.686624 0.000000 -0.091372 -0.913717 0.395944 -0.215105 -0.891148 0.399480 0.354800 -0.785629 -0.506857 0.161048 -0.697877 0.697877 -0.263432 -0.790295 -0.553207
-0.296399 -0.955064 0.000000 0.700140 -0.700140 0.140028 0.103387 -0.964944 0.241236 -0.707107 -0.707107 0.000000 -0.059391 -0.920566 0.386044 -0.260897 -0.724714 0.637748 0.361961 -0.775632 -0.517088 0.161048 -0.697877 0.697877 -0.258027 -0.799883 -0.541857
-0.305304 -0.949835 0.067845 0.681115 -0.726523 0.090815 0.132891 -0.963460 0.232559 -0.666283 -0.744669 -0.039193 -0.089883 -0.928793 0.359533 -0.237986 -0.743705 0.624712 0.314378 -0.838340 -0.445368 0.134352 -0.752373 0.644891 -0.240278 -0.827624 -0.507253
-0.242390 -0.969561 0.034627 0.627646 -0.772487 0.096561 0.290159 -0.953381 0.082903 -0.600000 -0.800000 0.000000 -0.085925 -0.945175 0.315058 -0.220026 -0.742588 0.632575 0.287293 -0.861880 -0.417881 0.109231 -0.791924 0.600770 -0.235621 -0.863945 -0.445063
-0.209529 -0.977802 0.000000 0.529297 -0.838054 0.132324 0.304776 -0.952424 0.000000 -0.536875 -0.843661 0.000000 -0.057401 -0.947119 0.315706 -0.211733 -0.907426 0.362970 0.264906 -0.900682 -0.344378 0.051282 -0.871795 0.487179 -0.185110 -0.899106 -0.396664
-0.195965 -0.979827 -0.039193 0.460336 -0.878823 0.125546 0.382080 -0.916993 -0.114624 -0.491705 -0.869940 0.037823 -0.053452 -0.962140 0.267261 -0.146616 -0.967663 0.205262 0.214654 -0.939111 -0.268317 0.024246 -0.921364 0.387943 -0.160071 -0.933748 -0.320142
-0.188311 -0.979217 -0.075324 0.393750 -0.905624 0.157500 0.334945 -0.930404 -0.148865 -0.462223 -0.885927 0.038519 -0.052111 -0.964052 0.260555 -0.136743 -0.984548 0.109394 0.187485 -0.964209 -0.187485 0.000000 -0.948683 0.316228 -0.132640 -0.955005 -0.265279
-0.222375 -0.963624 -0.148250 0.393750 -0.905624 0.157500 0.301681 -0.938562 -0.167600 -0.445976 -0.891953 0.074329 -0.050833 -0.965824 0.254164 -0.101996 -0.994458 0.025499 0.162878 -0.977266 -0.135731 -0.022394 -0.962955 0.268732 -0.105081 -0.972003 -0.210163
-0.203536 -0.949835 -0.237459 0.388018 -0.905374 0.172452 0.228436 -0.946379 -0.228436 -0.415464 -0.906467 0.075539 -0.024830 -0.968365 0.248299 -0.045859 -0.985969 0.160507 0.129358 -0.983124 -0.129358 -0.021582 -0.971173 0.237398 -0.100440 -0.979294 -0.175771
-0.176446 -0.952809 -0.247025 0.373383 -0.912714 0.165948 0.191176 -0.955879 -0.223039 -0.401663 -0.912871 0.073030 -0.024830 -0.968365 0.248299 -0.044677 -0.982888 0.178707 0.123693 -0.989541 -0.074216 -0.043716 -0.983621 0.174866 -0.073967 -0.986227 -0.147934
-0.169224 -0.947656 -0.270759 0.384812 -0.897895 0.213785 0.150893 -0.965715 -0.211250 -0.415464 -0.906467 0.075539 0.000000 -0.975610 0.219512 -0.042630 -0.980500 0.191837 0.123882 -0.991059 -0.049553 -0.043073 -0.990680 0.129219 -0.072633 -0.992646 -0.096844
-0.167600 -0.938562 -0.301681 0.370524 -0.905726 0.205847 0.059815 -0.986945 -0.149537 -0.370370 -0.925926 0.074074 0.000000 -0.976744 0.214407 -0.021040 -0.988871 0.147279 0.097100 -0.995275 0.000000 -0.043183 -0.993217 0.107958 -0.071067 -0.994937 -0.071067
-0.160872 -0.933060 -0.321745 0.370524 -0.905726 0.205847 0.029948 -0.988272 -0.149738 -0.369107 -0.922767 0.110732 0.000000 -0.981491 0.191510 -0.021101 -0.991729 0.126604 0.094703 -0.994379 0.047351 -0.042362 -0.995504 0.084724 -0.071167 -0.996335 -0.047445
-0.127906 -0.927318 -0.351741 0.334205 -0.919063 0.208878 0.030069 -0.992285 -0.120277 -0.356915 -0.927980 0.107075 0.000000 -0.981491 0.191510 0.000000 -0.996241 0.086630 0.071067 -0.994937 0.071067 -0.042429 -0.997070 0.063643 -0.071227 -0.997178 -0.023742
-0.096275 -0.930654 -0.353007 0.334205 -0.919063 0.208878 -0.030069 -0.992285 -0.120277 -0.323708 -0.935155 0.143870 0.000000 -0.985736 0.168296 0.000000 -0.997880 0.065079 0.069301 -0.993307 0.092401 -0.041595 -0.998268 0.041595 -0.071247 -0.997459 0.000000
-0.096275 -0.930654 -0.353007 0.324176 -0.932007 0.162088 -0.030165 -0.995440 -0.090495 -0.325183 -0.939418 0.108394 0.000000 -0.985030 0.172380 0.000000 -0.999056 0.043437 0.069301 -0.993307 0.092401 -0.062324 -0.997191 0.041550 -0.071247 -0.997459 0.000000
-0.061780 -0.926703 -0.370681 0.321807 -0.925196 0.201129 -0.030069 -0.992285 -0.120277 -0.292314 -0.950019 0.109618 -0.024126 -0.989173 0.144757 0.043427 -0.998821 0.021713 0.046151 -0.992249 0.115378 -0.084629 -0.994389 0.063472 -0.069523 -0.996503 0.046349
-0.031281 -0.938417 -0.344086 0.359712 -0.919265 0.159872 -0.030165 -0.995440 -0.090495 -0.293294 -0.953206 0.073324 -0.024716 -0.988634 0.148295 0.043437 -0.999056 0.000000 0.046017 -0.989356 0.138050 -0.084497 -0.992835 0.084497 -0.092524 -0.994635 0.046262
0.031281 -0.938417 -0.344086 0.312348 -0.937043 0.156174 -0.062107 -0.993712 -0.093161 -0.293294 -0.953206 0.073324 -0.024799 -0.991973 0.123997 0.044401 -0.999014 0.000000 0.046017 -0.989356 0.138050 -0.125933 -0.986472 0.104944 -0.115378 -0.992249 0.046151
0.031607 -0.948209 -0.316070 0.314027 -0.942082 0.117760 -0.061898 -0.990375 -0.123797 -0.259259 -0.962963 0.074074 0.000000 -0.992646 0.121054 0.045408 -0.998969 0.000000 0.046017 -0.989356 0.138050 -0.149889 -0.984986 0.085651 -0.115225 -0.990931 0.069135
0.031281 -0.938417 -0.344086 0.359712 -0.919265 0.159872 -0.061898 -0.990375 -0.123797 -0.224702 -0.973708 0.037450 -0.024204 -0.992355 0.121019 0.045408 -0.998969 0.000000 0.068934 -0.988049 0.137867 -0.170716 -0.981616 0.085358 -0.115225 -0.990931 0.069135
