-0.554265 -0.831398 0.039590 0.812296 -0.541530 0.216612 0.441758 -0.815553 -0.373795 -0.413698 -0.714569 0.564133 -0.065372 -0.849837 0.522976 -0.027587 -0.772432 0.634498 0.229081 -0.725423 -0.649063 0.066890 -0.635455 0.769235 -0.207043 -0.776410 -0.595248
-0.461197 -0.883962 0.076866 0.788382 -0.578147 0.210235 0.402467 -0.804934 -0.436006 -0.413449 -0.702863 0.578829 -0.067229 -0.840366 0.537834 -0.028183 -0.760941 0.648209 0.241747 -0.644658 -0.725241 0.000000 -0.846233 0.532813 -0.229416 -0.688247 -0.688247
-0.442326 -0.884652 0.147442 0.796117 -0.583819 0.159223 0.323250 -0.764045 -0.558341 -0.389833 -0.693037 0.606407 -0.065372 -0.849837 0.522976 -0.080553 -0.456468 0.886086 0.224574 -0.645650 -0.729865 0.062348 -0.623480 0.779350 -0.260897 -0.637748 -0.724714
-0.396155 -0.900353 0.180071 0.807093 -0.554877 0.201773 0.231608 -0.772028 -0.591888 -0.401690 -0.669483 0.624851 0.000000 -0.887755 0.460317 -0.085925 -0.315058 0.945175 0.206529 -0.619586 -0.757271 0.000000 -0.813733 0.581238 -0.287456 -0.492781 -0.821302
-0.396155 -0.900353 0.180071 0.829561 -0.518476 0.207390 0.135283 -0.811701 -0.568190 -0.390360 -0.780720 0.487950 -0.034280 -0.856989 0.514193 -0.080582 -0.241747 0.966988 0.193604 -0.602325 -0.774417 0.081081 -0.648649 0.756757 -0.300285 -0.450428 -0.840799
-0.350931 -0.912421 0.210559 0.865277 -0.458088 0.203595 0.225189 -0.810679 -0.540453 -0.660827 -0.355830 0.660827 -0.034648 -0.831551 0.554367 -0.191957 -0.319928 0.927792 0.187297 -0.582701 -0.790809 0.091499 -0.884492 0.457496 -0.317443 -0.370350 -0.872967
-0.362500 -0.906249 0.217500 0.835504 -0.491473 0.245737 0.218530 -0.808562 -0.546326 -0.685583 -0.244851 0.685583 -0.034648 -0.831551 0.554367 -0.267710 -0.334637 0.903521 0.183330 -0.549991 -0.814801 0.160933 -0.724196 0.670552 -0.336332 -0.336332 -0.879637
-0.356009 -0.890024 0.284808 0.844737 -0.496904 0.198762 0.228474 -0.810043 -0.540028 -0.700140 -0.140028 0.700140 -0.034648 -0.831551 0.554367 -0.190164 -0.244497 0.950820 0.164364 -0.575275 -0.801276 0.193971 -0.630407 0.751639 -0.326020 -0.351099 -0.877747
-0.320815 -0.891154 0.320815 0.802280 -0.566315 0.188772 0.250864 -0.827851 -0.501728 -0.659699 -0.263880 0.703679 -0.033059 -0.826475 0.562003 -0.060858 -0.791155 0.608581 0.119145 -0.595726 -0.794301 0.182148 -0.660286 0.728591 -0.326020 -0.351099 -0.877747
-0.279202 -0.907406 0.314102 0.717698 -0.672842 0.179425 0.241093 -0.861046 -0.447744 -0.498970 -0.589692 0.635053 -0.032174 -0.836536 0.546966 -0.062807 -0.910708 0.408248 0.120289 -0.721734 -0.681638 0.164091 -0.683714 0.711062 -0.266029 -0.611867 -0.744881
-0.279202 -0.907406 0.314102 0.608696 -0.782609 0.130435 0.195515 -0.899371 -0.391031 -0.375293 -0.788116 0.487881 -0.062561 -0.844575 0.531770 -0.059183 -0.976519 0.207140 0.086548 -0.822210 -0.562565 0.119257 -0.745356 0.655913 -0.207043 -0.776410 -0.595248
-0.314102 -0.907406 0.279202 0.524637 -0.847491 0.080713 0.126435 -0.969334 -0.210725 -0.294684 -0.847216 0.442026 -0.029735 -0.862316 0.505496 -0.099231 -0.959235 0.264616 0.086784 -0.896763 -0.433918 0.104194 -0.903017 0.416777 -0.177059 -0.885296 -0.430001
-0.222375 -0.963624 0.148250 0.382080 -0.916993 0.114624 0.041631 -0.999133 0.000000 -0.279202 -0.907406 0.314102 -0.027940 -0.894078 0.447039 -0.029540 -0.945274 0.324938 0.083657 -0.948109 -0.306741 0.067382 -0.977035 0.202145 -0.146472 -0.952069 -0.268532
-0.110432 -0.993884 0.000000 0.283375 -0.956389 0.070844 -0.037987 -0.987658 0.151947 -0.207514 -0.968400 0.138343 -0.026519 -0.928150 0.371260 -0.026118 -0.940233 0.339529 0.077024 -0.975643 -0.205398 0.057027 -0.997965 0.028513 -0.174673 -0.973177 -0.149720
0.079493 -0.993661 -0.079493 0.169907 -0.985460 0.000000 -0.149383 -0.970988 0.186728 -0.099504 -0.995037 0.000000 -0.025441 -0.966762 0.254411 -0.022739 -0.955039 0.295607 0.072442 -0.990038 -0.120736 -0.047445 -0.996335 0.071167 -0.148295 -0.988634 -0.024716
0.036613 -0.988540 -0.146450 0.102839 -0.994107 -0.034280 -0.113308 -0.982006 0.151078 -0.102359 -0.989467 -0.102359 -0.025110 -0.979294 0.200881 -0.043345 -0.996942 0.065018 0.071247 -0.997459 0.000000 -0.021713 -0.998821 -0.043427 -0.144421 -0.986878 0.072211
0.033748 -0.978703 -0.202490 0.035601 -0.996826 -0.071202 -0.073821 -0.996588 0.036911 -0.105934 -0.988714 -0.105934 -0.025425 -0.991561 0.127123 0.020824 -0.999566 -0.020824 0.042173 -0.991067 0.126519 -0.082409 -0.988903 -0.123613 -0.127458 -0.977176 0.169944
-0.028952 -0.984371 -0.173712 0.079493 -0.993661 -0.079493 0.000000 -0.995037 -0.099504 -0.114291 -0.990521 -0.076194 0.000000 -0.995495 0.094809 0.100201 -0.981966 -0.160321 0.000000 -0.975716 0.219038 -0.140734 -0.965031 -0.221153 -0.120386 -0.963087 0.240772
-0.089522 -0.984746 -0.149204 0.146157 -0.986559 -0.073078 0.032862 -0.985861 -0.164310 -0.146157 -0.986559 -0.073078 0.023636 -0.992711 0.118180 0.138053 -0.966374 -0.216941 0.000000 -0.959366 0.282166 -0.159617 -0.957704 -0.239426 -0.114792 -0.956598 0.267848
-0.058496 -0.994424 -0.087743 0.181969 -0.982631 -0.036394 0.000000 -0.988716 -0.149805 -0.145671 -0.983282 -0.109254 0.024268 -0.994982 0.097071 0.117287 -0.977391 -0.175930 0.000000 -0.957826 0.287348 -0.141335 -0.969153 -0.201907 -0.095853 -0.958530 0.268388
-0.028513 -0.997965 -0.057027 0.303204 -0.952926 0.000000 -0.032092 -0.994837 -0.096275 -0.140028 -0.980196 -0.140028 0.000000 -0.994781 0.102029 0.102815 -0.987019 -0.123377 0.019511 -0.956018 0.292659 -0.104303 -0.980444 -0.166884 -0.097646 -0.956929 0.273408
0.000000 -0.999592 -0.028560 0.302920 -0.952033 0.043274 -0.066190 -0.992855 -0.099286 -0.109764 -0.987878 -0.109764 0.000000 -0.996898 0.078702 0.086447 -0.994144 -0.064836 0.019511 -0.956018 0.292659 -0.063189 -0.989967 -0.126379 -0.078251 -0.958576 0.273879
0.029386 -0.999136 -0.029386 0.354594 -0.930809 0.088648 -0.106265 -0.991811 -0.070844 -0.105934 -0.988714 -0.105934 0.000000 -0.996729 0.080816 0.065018 -0.996942 -0.043345 0.019996 -0.959808 0.279944 -0.084327 -0.990847 -0.105409 -0.060217 -0.963475 0.260941
0.029386 -0.999136 -0.029386 0.367840 -0.919601 0.137940 -0.141333 -0.989331 -0.035333 -0.106265 -0.991811 -0.070844 0.000000 -0.993533 0.113547 0.065018 -0.996942 -0.043345 0.020387 -0.958186 0.285417 -0.064700 -0.992062 -0.107833 -0.060523 -0.968364 0.242091
0.058697 -0.997844 -0.029348 0.365148 -0.912871 0.182574 -0.141333 -0.989331 -0.035333 -0.106265 -0.991811 -0.070844 -0.029086 -0.988941 0.145432 0.066503 -0.997540 -0.022168 0.020105 -0.965031 0.261363 -0.064700 -0.992062 -0.107833 -0.061728 -0.967070 0.246911
0.064084 -0.993304 -0.096126 0.344628 -0.919007 0.191460 -0.136558 -0.990044 0.034139 -0.110133 -0.991201 -0.073422 -0.029086 -0.988941 0.145432 0.062365 -0.997837 -0.020788 0.000000 -0.963811 0.266586 -0.062164 -0.994618 -0.082885 -0.060808 -0.972929 0.222963
0.090167 -0.991837 -0.090167 0.332877 -0.924658 0.184932 -0.127710 -0.989754 0.063855 -0.141333 -0.989331 -0.035333 -0.028273 -0.989554 0.141365 0.042362 -0.995504 -0.084724 0.040390 -0.969351 0.242338 -0.076640 -0.996322 -0.038320 -0.062031 -0.971813 0.227446
0.113137 -0.989949 -0.084853 0.292314 -0.950019 0.109618 -0.116642 -0.991460 0.058321 -0.146450 -0.988540 -0.036613 -0.026162 -0.994165 0.104649 0.022081 -0.993641 -0.110405 0.040580 -0.973929 0.223192 -0.020336 -0.996478 -0.081345 -0.081312 -0.975739 0.203279
0.106525 -0.985354 -0.133156 0.283375 -0.956389 0.070844 -0.110389 -0.993505 0.027597 -0.181608 -0.980684 -0.072643 -0.026929 -0.996368 0.080787 0.000000 -0.993605 -0.112910 0.101850 -0.977761 0.183330 -0.022081 -0.993641 -0.110405 -0.081633 -0.979592 0.183673
0.084182 -0.982124 -0.168364 0.283909 -0.958194 0.035489 -0.110389 -0.993505 -0.027597 -0.181969 -0.982631 -0.036394 -0.026270 -0.998273 0.052541 0.023776 -0.998586 -0.047552 0.100504 -0.984937 0.140705 0.000000 -0.993307 -0.115501 -0.080306 -0.983745 0.160611
0.055620 -0.973349 -0.222480 0.250962 -0.967997 0.000000 -0.107327 -0.992774 -0.053663 -0.181608 -0.980684 -0.072643 -0.023776 -0.998586 0.047552 0.024354 -0.998516 0.048708 0.120923 -0.987534 0.100769 0.024376 -0.999406 -0.024376 -0.100995 -0.989748 0.100995
0.055620 -0.973349 -0.222480 0.250801 -0.967375 -0.035829 -0.053799 -0.995286 -0.080699 -0.216366 -0.973645 -0.072122 -0.023224 -0.998651 0.046449 0.000000 -0.974008 0.226513 0.129309 -0.991370 0.021552 -0.023275 -0.977538 0.209472 -0.103406 -0.992702 0.062044
0.000000 -0.957024 -0.290007 0.284088 -0.958798 0.000000 -0.054944 -0.988996 -0.137361 -0.215666 -0.970495 -0.107833 -0.023224 -0.998651 0.046449 -0.022582 -0.948441 0.316147 0.156957 -0.986587 -0.044845 0.000000 -0.983453 0.181162 -0.112881 -0.993352 -0.022576
0.000000 -0.945687 -0.325080 0.304776 -0.952424 0.000000 -0.084182 -0.982124 -0.168364 -0.249523 -0.962446 -0.106938 0.000000 -0.995275 0.097100 -0.023002 -0.920087 0.391037 0.175274 -0.976527 -0.125196 0.029437 -0.971429 0.235498 -0.143756 -0.982335 -0.119797
0.030686 -0.951260 -0.306858 0.304555 -0.951734 -0.038069 -0.182153 -0.971483 -0.151794 -0.269430 -0.962250 -0.038490 -0.024799 -0.991973 0.123997 -0.023769 -0.879458 0.475383 0.163785 -0.955414 -0.245678 -0.054453 -0.898479 0.435626 -0.134352 -0.967337 -0.214964
0.095346 -0.953463 -0.286039 0.259794 -0.964951 -0.037113 -0.206689 -0.974389 -0.088581 -0.259973 -0.965616 0.000000 -0.025872 -0.983124 0.181102 -0.025557 -0.843386 0.536700 0.165584 -0.938310 -0.303571 -0.053338 -0.826740 0.560050 -0.165584 -0.938310 -0.303571
0.099231 -0.959235 -0.264616 0.259973 -0.965616 0.000000 -0.235600 -0.971850 0.000000 -0.269430 -0.962250 0.038490 -0.025230 -0.983958 0.176608 -0.052541 -0.814381 0.577948 0.188845 -0.917245 -0.350711 -0.053683 -0.805242 0.590511 -0.165584 -0.938310 -0.303571
0.137280 -0.960958 -0.240239 0.224860 -0.974391 0.000000 -0.234686 -0.968079 0.088007 -0.259794 -0.964951 0.037113 -0.025872 -0.983124 0.181102 -0.057050 -0.798697 0.599023 0.188845 -0.917245 -0.350711 -0.055111 -0.771552 0.633775 -0.160071 -0.933748 -0.320142
0.101419 -0.980379 -0.169031 0.233197 -0.971653 0.038866 -0.217584 -0.963588 0.155417 -0.259259 -0.962963 0.074074 -0.025743 -0.978225 0.205942 -0.056077 -0.785081 0.616849 0.187016 -0.908364 -0.374032 -0.055111 -0.771552 0.633775 -0.184274 -0.921372 -0.342224
0.104893 -0.978997 -0.174821 0.223452 -0.968291 0.111726 -0.193548 -0.967742 0.161290 -0.267848 -0.956598 0.114792 -0.051691 -0.982138 0.180920 -0.026870 -0.806114 0.591150 0.161048 -0.912608 -0.375780 -0.026444 -0.793329 0.608219 -0.185892 -0.929458 -0.318671
0.070844 -0.991811 -0.106265 0.223452 -0.968291 0.111726 -0.126365 -0.979327 0.157956 -0.302804 -0.946264 0.113552 -0.051917 -0.986431 0.155752 -0.029735 -0.921787 0.386556 0.156174 -0.937043 -0.312348 0.124214 -0.931605 0.341589 -0.184147 -0.947041 -0.263067
0.033241 -0.997234 -0.066482 0.230599 -0.960828 0.153732 -0.126936 -0.983755 0.126936 -0.302804 -0.946264 0.113552 -0.050800 -0.990601 0.127000 -0.027842 -0.974481 0.222738 0.132640 -0.955005 -0.265279 0.052450 -0.917880 0.393377 -0.181834 -0.961120 -0.207810
0.034442 -0.998813 -0.034442 0.222375 -0.963624 0.148250 -0.127386 -0.987241 0.095539 -0.258375 -0.959678 0.110732 -0.049553 -0.991059 0.123882 0.047498 -0.949961 0.308737 0.105081 -0.972003 -0.210163 0.106112 -0.981533 0.159167 -0.175274 -0.976527 -0.125196
0.034462 -0.999406 0.000000 0.214697 -0.966136 0.143131 -0.120114 -0.990942 0.060057 -0.249523 -0.962446 0.106938 -0.048365 -0.991484 0.120913 0.044755 -0.962231 0.268530 0.098414 -0.984136 -0.147620 0.048723 -0.974451 0.219251 -0.167524 -0.981209 -0.095728
0.033296 -0.998891 0.033296 0.186728 -0.970988 0.149383 -0.127906 -0.991271 0.031976 -0.249523 -0.962446 0.106938 -0.049553 -0.991059 0.123882 0.064625 -0.969368 0.236957 0.099228 -0.992278 -0.074421 0.000000 -0.983130 0.182908 -0.141382 -0.989675 -0.023564
0.031220 -0.999025 0.031220 0.222375 -0.963624 0.148250 -0.124035 -0.992278 0.000000 -0.224231 -0.971666 0.074744 -0.023696 -0.995216 0.094782 0.083606 -0.982370 0.167212 0.047565 -0.998868 0.000000 -0.043874 -0.987165 0.153559 -0.115378 -0.992249 0.046151
0.032225 -0.998961 0.032225 0.222375 -0.963624 0.148250 -0.099449 -0.994490 -0.033150 -0.259259 -0.962963 0.074074 -0.023696 -0.995216 0.094782 0.084122 -0.988434 0.126183 0.045303 -0.996659 0.067954 -0.064700 -0.992062 0.107833 -0.090167 -0.991837 0.090167
0.000000 -0.999480 0.032241 0.222375 -0.963624 0.148250 -0.102839 -0.994107 -0.034280 -0.250319 -0.965518 0.071520 -0.023696 -0.995216 0.094782 0.082761 -0.993127 0.082761 0.045118 -0.992593 0.112795 -0.086447 -0.994144 0.064836 -0.064342 -0.986570 0.150130
0.000000 -0.999480 0.032241 0.221013 -0.957722 0.184177 -0.102658 -0.992360 -0.068439 -0.250319 -0.965518 0.071520 -0.023696 -0.995216 0.094782 0.084724 -0.995504 0.042362 0.043874 -0.987165 0.153559 -0.086609 -0.996007 0.021652 -0.062568 -0.980231 0.187704
0.000000 -1.000000 0.000000 0.221013 -0.957722 0.184177 -0.131519 -0.986394 -0.098639 -0.258375 -0.959678 0.110732 -0.023696 -0.995216 0.094782 0.084800 -0.996398 0.000000 0.042630 -0.980500 0.191837 -0.108034 -0.993912 -0.021607 -0.041398 -0.972853 0.227689
0.000000 -1.000000 0.000000 0.221013 -0.957722 0.184177 -0.163605 -0.981630 -0.098163 -0.258375 -0.959678 0.110732 -0.023696 -0.995216 0.094782 0.084781 -0.996174 -0.021195 0.042448 -0.976296 0.212238 -0.110324 -0.992916 -0.044130 -0.039614 -0.970535 0.237682
