-0.367607 -0.882258 0.294086 0.749269 -0.655610 -0.093659 0.282138 -0.916949 0.282138 -0.771930 -0.635707 0.000000 0.000000 -0.817806 0.575493 -0.145741 -0.699557 0.699557 0.242536 -0.776114 -0.582086 0.061142 -0.886556 0.458563 -0.253490 -0.823842 -0.506979
-0.414284 -0.828568 0.376622 0.726523 -0.681115 -0.090815 0.291536 -0.911051 0.291536 -0.768221 -0.640184 0.000000 0.000000 -0.817806 0.575493 -0.173931 -0.666737 0.724714 0.266242 -0.750317 -0.605095 0.029025 -0.899780 0.435377 -0.242390 -0.796425 -0.554035
-0.438470 -0.803863 0.401931 0.743358 -0.655904 -0.131181 0.260333 -0.929760 0.260333 -0.767523 -0.639602 0.042640 0.000000 -0.817806 0.575493 -0.173494 -0.636146 0.751809 0.262950 -0.717137 -0.645423 0.028284 -0.905097 0.424264 -0.263635 -0.753244 -0.602595
-0.431889 -0.791797 0.431889 0.746937 -0.659062 -0.087875 0.260333 -0.929760 0.260333 -0.765438 -0.637865 0.085049 0.000000 -0.817806 0.575493 -0.197046 -0.619288 0.760036 0.289852 -0.700475 -0.652166 0.056299 -0.928933 0.365943 -0.313786 -0.745241 -0.588348
-0.431889 -0.791797 0.431889 0.765438 -0.637865 -0.085049 0.251610 -0.934551 0.251610 -0.765438 -0.637865 0.085049 0.000000 -0.817806 0.575493 -0.197046 -0.619288 0.760036 0.289852 -0.700475 -0.652166 0.054861 -0.932645 0.356600 -0.323117 -0.727013 -0.605844
-0.419827 -0.804668 0.419827 0.767523 -0.639602 -0.042640 0.251610 -0.934551 0.251610 -0.786334 -0.611593 0.087370 0.000000 -0.832050 0.554700 -0.192888 -0.606219 0.771552 0.290021 -0.676716 -0.676716 0.027462 -0.933700 0.357003 -0.295015 -0.716465 -0.632175
-0.344010 -0.825625 0.447214 0.727533 -0.684737 0.042796 0.215387 -0.933346 0.287183 -0.746937 -0.659062 0.087875 0.000000 -0.827476 0.561501 -0.197046 -0.619288 0.760036 0.262950 -0.717137 -0.645423 0.027462 -0.933700 0.357003 -0.293455 -0.754599 -0.586911
-0.387783 -0.853123 0.349005 0.659062 -0.746937 0.087875 0.174821 -0.944033 0.279713 -0.637865 -0.765438 0.085049 -0.029285 -0.849276 0.527137 -0.148741 -0.684209 0.713957 0.219708 -0.830009 -0.512653 0.027462 -0.933700 0.357003 -0.260513 -0.855971 -0.446594
-0.304776 -0.914327 0.266679 0.540729 -0.831890 0.124784 0.064282 -0.964237 0.257130 -0.525924 -0.849569 0.040456 0.000000 -0.870022 0.493013 -0.171904 -0.859518 0.481330 0.168883 -0.916795 -0.361893 0.089087 -0.890871 0.445435 -0.273896 -0.903855 -0.328675
-0.255604 -0.949386 0.182574 0.334945 -0.930404 0.148865 -0.063855 -0.989754 0.127710 -0.303895 -0.949671 0.075974 -0.027257 -0.899480 0.436111 -0.156403 -0.969697 0.187683 0.145521 -0.970143 -0.194029 0.090249 -0.902485 0.421160 -0.232810 -0.954521 -0.186248
-0.169031 -0.980379 0.101419 0.238976 -0.955904 0.170697 -0.164310 -0.985861 0.032862 -0.164310 -0.985861 0.032862 -0.025491 -0.943154 0.331378 -0.024891 -0.945871 0.323587 0.118180 -0.992711 -0.023636 0.051743 -0.957252 0.284589 -0.204651 -0.977778 -0.045478
-0.106265 -0.991811 0.070844 0.098639 -0.986394 0.131519 -0.164045 -0.984268 -0.065618 -0.031220 -0.999025 0.031220 0.000000 -0.968664 0.248375 -0.044227 -0.995098 0.088453 0.114738 -0.986747 0.114738 0.022757 -0.978537 0.204810 -0.170716 -0.981616 0.085358
-0.064084 -0.993304 0.096126 0.075810 -0.985527 0.151620 -0.035669 -0.998727 -0.035669 0.000000 -1.000000 0.000000 0.000000 -0.980581 0.196116 0.020400 -0.999584 0.020400 0.060808 -0.972929 0.222963 -0.020717 -0.994405 0.103584 -0.135470 -0.967641 0.212881
-0.030234 -0.997712 0.060467 0.118308 -0.985904 0.118308 0.033296 -0.998891 0.033296 0.000000 -0.999261 0.038433 0.000000 -0.989461 0.144799 0.019511 -0.995039 -0.097553 0.056634 -0.962778 0.264292 -0.076570 -0.995409 -0.057427 -0.110189 -0.954973 0.275473
-0.030234 -0.997712 0.060467 0.105934 -0.988714 0.105934 0.066372 -0.995585 0.066372 -0.076640 -0.996322 0.038320 0.024204 -0.992355 0.121019 0.077252 -0.984967 -0.154505 0.035909 -0.951601 0.305231 -0.171748 -0.973240 -0.152665 -0.053520 -0.945524 0.321122
0.000000 -0.999541 0.030289 0.151620 -0.985527 0.075810 0.058697 -0.997844 0.029348 -0.114291 -0.990521 0.076194 0.024204 -0.992355 0.121019 0.082182 -0.986186 -0.143819 0.035709 -0.946278 0.321377 -0.181865 -0.969944 -0.161657 -0.035500 -0.940746 0.337249
0.000000 -0.999541 0.030289 0.188311 -0.979217 0.075324 -0.031220 -0.999025 0.031220 -0.073821 -0.996588 0.036911 0.000000 -0.995495 0.094809 0.042173 -0.991067 -0.126519 0.018276 -0.950337 0.310687 -0.146503 -0.983660 -0.104645 -0.018276 -0.950337 0.310687
0.000000 -1.000000 0.000000 0.267848 -0.956598 0.114792 -0.096126 -0.993304 0.064084 -0.114541 -0.992685 0.038180 0.000000 -0.997199 0.074790 -0.021713 -0.998821 -0.043427 0.018808 -0.959196 0.282116 -0.066372 -0.995585 -0.066372 -0.037391 -0.953479 0.299131
0.000000 -0.999512 -0.031235 0.301297 -0.941554 0.150649 -0.158511 -0.982766 0.095106 -0.114541 -0.992685 0.038180 0.000000 -0.996898 0.078702 -0.044401 -0.999014 0.000000 0.037790 -0.963637 0.264528 -0.022211 -0.999507 -0.022211 -0.036930 -0.960168 0.276972
0.032225 -0.998961 -0.032225 0.301297 -0.941554 0.150649 -0.158511 -0.982766 0.095106 -0.151947 -0.987658 0.037987 0.000000 -0.994207 0.107482 -0.066519 -0.997785 0.000000 0.038866 -0.971653 0.233197 0.000000 -1.000000 0.000000 -0.037113 -0.964951 0.259794
0.032225 -0.998961 -0.032225 0.334945 -0.930404 0.148865 -0.195180 -0.975900 0.097590 -0.146157 -0.986559 0.073078 0.000000 -0.994207 0.107482 -0.066503 -0.997540 -0.022168 0.037743 -0.981307 0.188713 -0.022168 -0.997540 -0.066503 -0.037973 -0.968316 0.246826
0.032225 -0.998961 -0.032225 0.334945 -0.930404 0.148865 -0.195180 -0.975900 0.097590 -0.181608 -0.980684 0.072643 -0.026861 -0.993848 0.107443 -0.044227 -0.995098 -0.088453 0.037178 -0.985205 0.167299 -0.021652 -0.996007 -0.086609 -0.056126 -0.972855 0.224505
0.062378 -0.998053 0.000000 0.323708 -0.935155 0.143870 -0.188515 -0.973996 0.125677 -0.209020 -0.975426 0.069673 -0.027597 -0.993505 0.110389 -0.020199 -0.989748 -0.141393 0.037287 -0.988111 0.149149 -0.060659 -0.990759 -0.121317 -0.056564 -0.980434 0.188545
0.030275 -0.999083 -0.030275 0.323708 -0.935155 0.143870 -0.177627 -0.976947 0.118418 -0.209020 -0.975426 0.069673 0.000000 -0.993533 0.113547 -0.019803 -0.990148 -0.138621 0.056156 -0.992085 0.112312 -0.080550 -0.986733 -0.140962 -0.074201 -0.983169 0.166953
0.030289 -0.999541 0.000000 0.273275 -0.956462 0.102478 -0.149204 -0.984746 0.089522 -0.233463 -0.967204 0.100056 0.000000 -0.993884 0.110432 0.019139 -0.995227 -0.095695 0.056354 -0.995580 0.075138 -0.058443 -0.993527 -0.097405 -0.093121 -0.987083 0.130369
0.030275 -0.999083 -0.030275 0.273275 -0.956462 0.102478 -0.149204 -0.984746 0.089522 -0.226160 -0.969256 0.096926 0.000000 -0.995037 0.099504 0.019600 -0.999616 -0.019600 0.056423 -0.996811 0.056423 -0.039186 -0.999232 0.000000 -0.093332 -0.989316 0.111998
0.000000 -0.998371 -0.057050 0.264616 -0.959235 0.099231 -0.141196 -0.988369 0.056478 -0.195698 -0.978492 0.065233 0.000000 -0.992988 0.118213 0.000000 -0.996398 0.084800 0.076696 -0.997054 0.000000 0.021688 -0.997645 0.065064 -0.132810 -0.986591 0.094865
0.027724 -0.998077 -0.055449 0.265343 -0.961869 0.066336 -0.137361 -0.988996 0.054944 -0.196116 -0.980581 0.000000 -0.023696 -0.995216 0.094782 0.000000 -0.985212 0.171341 0.084724 -0.995504 -0.042362 0.022355 -0.983624 0.178841 -0.144276 -0.989323 0.020611
0.029285 -0.995703 -0.087856 0.257130 -0.964237 0.064282 -0.164337 -0.986024 0.027390 -0.196011 -0.980057 -0.032669 -0.023636 -0.992711 0.118180 -0.048723 -0.974451 0.219251 0.093530 -0.982070 -0.163678 0.068076 -0.953070 0.294998 -0.160003 -0.982873 -0.091430
0.058496 -0.994424 -0.087743 0.283909 -0.958194 0.035489 -0.213597 -0.976445 0.030514 -0.169809 -0.984892 -0.033962 -0.049386 -0.987730 0.148159 -0.078034 -0.962420 0.260113 0.103074 -0.953431 -0.283452 0.114288 -0.914301 0.388578 -0.226851 -0.957814 -0.176439
0.060057 -0.990942 -0.120114 0.293887 -0.955134 0.036736 -0.201569 -0.979051 0.028796 -0.202490 -0.978703 -0.033748 -0.051917 -0.986431 0.155752 -0.085925 -0.945175 0.315058 0.078140 -0.937678 -0.338606 0.118081 -0.897415 0.425091 -0.261712 -0.942163 -0.209370
0.058321 -0.991460 -0.116642 0.283909 -0.958194 0.035489 -0.213697 -0.976900 0.000000 -0.202606 -0.979260 0.000000 -0.051917 -0.986431 0.155752 -0.090826 -0.938533 0.333028 0.077434 -0.929206 -0.361358 0.120526 -0.867785 0.482103 -0.260201 -0.936725 -0.234181
0.060248 -0.994084 -0.090371 0.274559 -0.960958 0.034320 -0.257663 -0.966235 0.000000 -0.202606 -0.979260 0.000000 -0.051917 -0.986431 0.155752 -0.091713 -0.947698 0.305709 0.077434 -0.929206 -0.361358 0.119115 -0.857629 0.500284 -0.258544 -0.930758 -0.258544
0.063855 -0.989754 -0.127710 0.216789 -0.975550 0.036131 -0.296399 -0.955064 0.000000 -0.169907 -0.985460 0.000000 -0.051917 -0.986431 0.155752 -0.129302 -0.937437 0.323254 0.075617 -0.932608 -0.352879 0.121590 -0.851131 0.510678 -0.258544 -0.930758 -0.258544
0.000000 -0.987241 -0.159232 0.250801 -0.967375 0.035829 -0.278810 -0.960346 0.000000 -0.209529 -0.977802 0.000000 -0.078034 -0.988431 0.130057 -0.125491 -0.941184 0.313728 0.073877 -0.935779 -0.344761 0.120526 -0.867785 0.482103 -0.254000 -0.939801 -0.228600
-0.031450 -0.974958 -0.220152 0.216789 -0.975550 0.036131 -0.249756 -0.967805 -0.031220 -0.202606 -0.979260 0.000000 -0.049690 -0.993808 0.099381 0.000000 -0.904249 0.427006 0.073324 -0.953206 -0.293294 0.094703 -0.899676 0.426162 -0.222375 -0.963624 -0.148250
-0.032444 -0.973329 -0.227110 0.181969 -0.982631 0.036394 -0.235498 -0.971429 -0.029437 -0.234509 -0.971537 -0.033501 -0.072633 -0.992646 0.096844 -0.025086 -0.953283 0.301037 0.072976 -0.973009 -0.218927 0.045549 -0.910975 0.409939 -0.195180 -0.975900 -0.097590
-0.031450 -0.974958 -0.220152 0.175682 -0.983820 0.035136 -0.183942 -0.981023 -0.061314 -0.234509 -0.971537 -0.033501 -0.072782 -0.994689 0.072782 -0.023816 -0.976467 0.214346 0.070750 -0.990500 -0.117917 0.000000 -0.941742 0.336336 -0.160633 -0.986747 -0.022948
-0.032669 -0.980057 -0.196011 0.169809 -0.984892 0.033962 -0.123797 -0.990375 -0.061898 -0.234509 -0.971537 -0.033501 -0.071167 -0.996335 0.047445 -0.046017 -0.989356 0.138050 0.092524 -0.994635 -0.046262 -0.022394 -0.962955 0.268732 -0.131876 -0.989071 0.065938
-0.030700 -0.982409 -0.184202 0.175791 -0.984428 0.000000 -0.092937 -0.991325 -0.092937 -0.250962 -0.967997 0.000000 -0.072889 -0.996156 0.048593 -0.045303 -0.996659 0.067954 0.088518 -0.995829 0.022130 -0.066650 -0.977536 0.199951 -0.084327 -0.990847 0.105409
-0.030700 -0.982409 -0.184202 0.175791 -0.984428 0.000000 -0.031976 -0.991271 -0.127906 -0.250962 -0.967997 0.000000 -0.071227 -0.997178 0.023742 -0.021688 -0.997645 0.065064 0.086126 -0.990450 0.107658 -0.067403 -0.988577 0.134806 -0.060498 -0.988136 0.141162
-0.029801 -0.983433 -0.178806 0.182089 -0.983282 0.000000 -0.032862 -0.985861 -0.164310 -0.250962 -0.967997 0.000000 -0.071227 -0.997178 0.023742 0.000000 -0.999764 0.021734 0.061533 -0.984525 0.164087 -0.090328 -0.993605 0.067746 -0.039193 -0.979827 0.195965
-0.061314 -0.981023 -0.183942 0.175791 -0.984428 0.000000 0.000000 -0.986394 -0.164399 -0.259973 -0.965616 0.000000 -0.072954 -0.997039 0.024318 0.021734 -0.999764 0.000000 0.060108 -0.981769 0.180325 -0.090513 -0.995638 0.022628 -0.038866 -0.971653 0.233197
-0.059183 -0.976519 -0.207140 0.182089 -0.983282 0.000000 0.000000 -0.986394 -0.164399 -0.259973 -0.965616 0.000000 -0.071227 -0.997178 0.023742 0.043427 -0.998821 -0.021713 0.039794 -0.974943 0.218865 -0.115470 -0.993042 -0.023094 -0.018566 -0.965449 0.259929
-0.091756 -0.978726 -0.183511 0.181969 -0.982631 -0.036394 0.000000 -0.980581 -0.196116 -0.250962 -0.967997 0.000000 -0.071227 -0.997178 0.023742 0.044357 -0.998031 -0.044357 0.038866 -0.971653 0.233197 -0.115470 -0.993042 -0.023094 -0.018997 -0.968840 0.246959
-0.091203 -0.972829 -0.212806 0.188713 -0.981307 -0.037743 0.000000 -0.975441 -0.220261 -0.250962 -0.967997 0.000000 -0.071227 -0.997178 0.023742 0.044302 -0.996805 -0.066454 0.019722 -0.966374 0.256385 -0.115378 -0.992249 -0.046151 0.000000 -0.964326 0.264717
-0.088007 -0.968079 -0.234686 0.188713 -0.981307 -0.037743 0.000000 -0.968277 -0.249878 -0.242536 -0.970143 0.000000 -0.047552 -0.998586 0.023776 0.045303 -0.996659 -0.067954 0.019353 -0.967641 0.251587 -0.117917 -0.990500 -0.070750 0.000000 -0.959366 0.282166
-0.120386 -0.963087 -0.240772 0.188713 -0.981307 -0.037743 0.000000 -0.973841 -0.227230 -0.242390 -0.969561 -0.034627 -0.046461 -0.998920 0.000000 0.045303 -0.996659 -0.067954 0.019722 -0.966374 0.256385 -0.117917 -0.990500 -0.070750 0.000000 -0.959366 0.282166
-0.120386 -0.963087 -0.240772 0.188713 -0.981307 -0.037743 -0.031450 -0.974958 -0.220152 -0.209401 -0.977207 -0.034900 -0.047552 -0.998586 0.023776 0.045222 -0.994874 -0.090443 0.019619 -0.961339 0.274668 -0.117917 -0.990500 -0.070750 0.000000 -0.957826 0.287348
-0.119470 -0.955756 -0.268806 0.224702 -0.973708 -0.037450 -0.032444 -0.973329 -0.227110 -0.209020 -0.975426 -0.069673 -0.047552 -0.998586 0.023776 0.047232 -0.991880 -0.118081 0.019256 -0.962785 0.269580 -0.117917 -0.990500 -0.070750 0.000000 -0.957826 0.287348
