-0.573249 -0.818927 0.027298 0.788594 -0.613351 0.043811 0.383914 -0.895799 0.223950 -0.793492 -0.606788 0.046676 -0.124696 -0.717002 0.685828 -0.179252 -0.614577 0.768221 0.261712 -0.628109 -0.732793 0.157840 -0.736587 0.657667 -0.365896 -0.574979 -0.731792
-0.451613 -0.870968 0.193548 0.613351 -0.788594 0.043811 0.435377 -0.899780 0.029025 -0.681115 -0.726523 0.090815 -0.121604 -0.760022 0.638419 -0.160933 -0.670552 0.724196 0.227067 -0.782120 -0.580283 0.134352 -0.752373 0.644891 -0.316979 -0.682724 -0.658341
-0.073324 -0.953206 0.293294 0.429934 -0.902861 0.000000 0.397607 -0.917556 0.000000 -0.512615 -0.854358 0.085436 -0.088930 -0.800373 0.592869 -0.134352 -0.752373 0.644891 0.177059 -0.885296 -0.430001 0.107443 -0.778962 0.617798 -0.267261 -0.801784 -0.534522
0.036131 -0.975550 0.216789 0.269430 -0.962250 0.038490 0.213697 -0.976900 0.000000 -0.350059 -0.933492 0.077791 -0.085436 -0.854358 0.512615 -0.115374 -0.894148 0.432652 0.148888 -0.942954 -0.297775 0.086784 -0.896763 0.433918 -0.217898 -0.895802 -0.387374
0.073078 -0.986559 0.146157 0.169809 -0.984892 0.033962 0.000000 -0.997785 -0.066519 -0.234115 -0.969905 0.066890 -0.077719 -0.906724 0.414502 -0.107173 -0.964555 0.241139 0.122206 -0.977647 -0.171088 0.027257 -0.981251 0.190799 -0.197006 -0.960405 -0.197006
0.073821 -0.996588 0.036911 0.099449 -0.994490 0.033150 -0.173136 -0.969561 -0.173136 -0.131876 -0.989071 0.065938 -0.050492 -0.934093 0.353441 -0.092009 -0.989094 0.115011 0.099473 -0.994729 -0.024868 -0.023742 -0.997178 0.071227 -0.176439 -0.983020 -0.050411
0.000000 -0.994692 -0.102899 0.068439 -0.992360 0.102658 -0.237459 -0.949835 -0.203536 -0.095880 -0.990764 0.095880 -0.050492 -0.959339 0.277703 -0.062365 -0.997837 0.020788 0.070750 -0.990500 0.117917 -0.062164 -0.994618 0.082885 -0.137289 -0.983902 0.114407
-0.031830 -0.986741 -0.159152 0.073078 -0.986559 0.146157 -0.225338 -0.965734 -0.128765 -0.109254 -0.983282 0.145671 -0.049907 -0.973177 0.224579 0.018861 -0.999644 -0.018861 0.044281 -0.974176 0.221404 -0.116753 -0.992398 -0.038918 -0.126435 -0.969334 0.210725
-0.061633 -0.986134 -0.154083 0.075810 -0.985527 0.151620 -0.189642 -0.979816 -0.063214 -0.150329 -0.977140 0.150329 -0.023932 -0.981209 0.191456 0.076472 -0.994135 -0.076472 0.020387 -0.958186 0.285417 -0.159554 -0.977267 -0.139610 -0.117534 -0.959862 0.254657
-0.061898 -0.990375 -0.123797 0.150329 -0.977140 0.150329 -0.227110 -0.973329 -0.032444 -0.185567 -0.964951 0.185567 -0.024035 -0.985452 0.168248 0.097110 -0.990525 -0.097110 0.019760 -0.948498 0.316166 -0.181865 -0.969944 -0.161657 -0.137866 -0.945366 0.295427
-0.031174 -0.997567 -0.062348 0.213470 -0.960617 0.177892 -0.213597 -0.976445 0.030514 -0.173136 -0.969561 0.173136 -0.047088 -0.988851 0.141264 0.081094 -0.993402 -0.081094 0.000000 -0.942627 0.333847 -0.182913 -0.975537 -0.121942 -0.138648 -0.950728 0.277296
0.060495 -0.998168 0.000000 0.213470 -0.960617 0.177892 -0.294963 -0.950437 0.098321 -0.174078 -0.974835 0.139262 0.026162 -0.994165 0.104649 0.040774 -0.998960 -0.020387 0.000000 -0.956200 0.292714 -0.144032 -0.987646 -0.061728 -0.119785 -0.958277 0.259533
0.096275 -0.994837 0.032092 0.245350 -0.946350 0.210300 -0.303218 -0.943344 0.134763 -0.207514 -0.968400 0.138343 0.027503 -0.990118 0.137516 -0.020824 -0.999566 0.020824 0.000000 -0.960000 0.280000 -0.126604 -0.991729 -0.021101 -0.120386 -0.963087 0.240772
0.153719 -0.983801 0.092231 0.262705 -0.938233 0.225176 -0.301681 -0.938562 0.167600 -0.180187 -0.973012 0.144150 -0.028149 -0.985232 0.168897 -0.021713 -0.998821 0.043427 0.000000 -0.965226 0.261415 -0.126604 -0.991729 -0.021101 -0.122756 -0.961590 0.245512
0.153719 -0.983801 0.092231 0.294484 -0.920263 0.257674 -0.267112 -0.934893 0.233723 -0.248421 -0.958194 0.141955 -0.028952 -0.984371 0.173712 -0.021713 -0.998821 0.043427 -0.020105 -0.965031 0.261363 -0.105762 -0.994166 -0.021152 -0.123351 -0.966252 0.226144
0.182913 -0.975537 0.121942 0.304776 -0.914327 0.266679 -0.267112 -0.934893 0.233723 -0.248421 -0.958194 0.141955 0.000000 -0.979457 0.201653 -0.021253 -0.998870 0.042505 -0.020611 -0.968712 0.247331 -0.084629 -0.994389 -0.063472 -0.123351 -0.966252 0.226144
0.158511 -0.982766 0.095106 0.301511 -0.904534 0.301511 -0.235702 -0.942809 0.235702 -0.281265 -0.949269 0.140633 -0.028796 -0.979051 0.201569 0.000000 -0.999800 0.019996 0.000000 -0.978980 0.203954 -0.041550 -0.997191 -0.062324 -0.121466 -0.971732 0.202444
0.144943 -0.985611 0.086966 0.331295 -0.883452 0.331295 -0.181237 -0.966595 0.181237 -0.279713 -0.944033 0.174821 -0.109394 -0.984548 0.136743 0.018865 -0.999822 0.000000 0.019992 -0.979608 0.199920 -0.039156 -0.998466 -0.039156 -0.099484 -0.974943 0.198968
0.144518 -0.982725 0.115615 0.324337 -0.900937 0.288300 -0.171219 -0.970241 0.171219 -0.311458 -0.934374 0.173032 -0.094150 -0.988577 0.117688 0.037005 -0.999144 -0.018503 0.039960 -0.979021 0.199800 -0.038426 -0.999077 -0.019213 -0.117670 -0.980581 0.156893
0.140915 -0.986405 0.084549 0.324337 -0.900937 0.288300 -0.135731 -0.977266 0.162878 -0.344628 -0.919007 0.191460 -0.049690 -0.993808 0.099381 0.054464 -0.998516 0.000000 0.061314 -0.981023 0.183942 -0.037012 -0.999315 0.000000 -0.080306 -0.983745 0.160611
0.110389 -0.993505 0.027597 0.319599 -0.923287 0.213066 -0.140028 -0.980196 0.140028 -0.264764 -0.945587 0.189117 -0.023742 -0.997178 0.071227 0.000000 -0.995409 0.095712 0.100201 -0.981966 0.160321 -0.019992 -0.999600 0.019992 -0.080550 -0.986733 0.140962
0.116791 -0.992727 -0.029198 0.277851 -0.937749 0.208389 -0.143978 -0.979051 0.143978 -0.257151 -0.955134 0.146944 -0.023742 -0.997178 0.071227 -0.019992 -0.979608 0.199920 0.102815 -0.987019 0.123377 -0.022130 -0.995829 0.088518 -0.082761 -0.993127 0.082761
0.116052 -0.986440 -0.116052 0.243414 -0.938882 0.243414 -0.112822 -0.987189 0.112822 -0.257151 -0.955134 0.146944 -0.024922 -0.996890 0.074767 -0.021354 -0.939579 0.341665 0.110405 -0.993641 0.022081 -0.022582 -0.948441 0.316147 -0.086609 -0.996007 -0.021652
0.143326 -0.974616 -0.171991 0.275698 -0.930481 0.241236 -0.116395 -0.989359 0.087296 -0.282490 -0.953403 0.105934 -0.025557 -0.996729 0.076671 -0.042954 -0.902027 0.429537 0.123693 -0.989541 -0.074216 0.025633 -0.922774 0.384489 -0.096393 -0.988024 -0.120491
0.171219 -0.970241 -0.171219 0.253750 -0.942499 0.217500 -0.154083 -0.986134 0.061633 -0.241955 -0.967822 0.069130 -0.025557 -0.996729 0.076671 -0.067386 -0.853556 0.516626 0.135086 -0.972618 -0.189120 0.026603 -0.904498 0.425646 -0.107833 -0.970495 -0.215666
0.176930 -0.973117 -0.147442 0.297113 -0.928477 0.222834 -0.154083 -0.986134 0.061633 -0.283909 -0.958194 0.035489 -0.053663 -0.992774 0.107327 -0.068288 -0.819453 0.569064 0.140747 -0.957082 -0.253345 0.000000 -0.836048 0.548656 -0.133535 -0.961454 -0.240363
0.172631 -0.978240 -0.115087 0.262705 -0.938233 0.225176 -0.184202 -0.982409 0.030700 -0.250319 -0.965518 0.071520 -0.053799 -0.995286 0.080699 -0.068644 -0.800850 0.594917 0.166924 -0.945905 -0.278207 0.000000 -0.778413 0.627752 -0.132640 -0.955005 -0.265279
0.116395 -0.989359 -0.087296 0.262705 -0.938233 0.225176 -0.184202 -0.982409 0.030700 -0.283375 -0.956389 0.070844 -0.053663 -0.992774 0.107327 -0.070186 -0.772049 0.631676 0.135037 -0.945256 -0.297080 0.029285 -0.849276 0.527137 -0.133918 -0.937425 -0.321403
0.090167 -0.991837 -0.090167 0.269630 -0.924445 0.269630 -0.159152 -0.986741 0.031830 -0.283909 -0.958194 0.035489 -0.053799 -0.995286 0.080699 -0.070186 -0.772049 0.631676 0.133918 -0.937425 -0.321403 0.058722 -0.880830 0.469776 -0.161398 -0.941486 -0.295896
0.031220 -0.999025 -0.031220 0.262705 -0.938233 0.225176 -0.196116 -0.980581 0.000000 -0.250319 -0.965518 0.071520 -0.052396 -0.995529 0.078594 -0.095673 -0.813220 0.574038 0.158555 -0.951330 -0.264258 0.088891 -0.918544 0.385196 -0.188845 -0.944223 -0.269778
0.031174 -0.997567 -0.062348 0.251610 -0.934551 0.251610 -0.158910 -0.985245 -0.063564 -0.283375 -0.956389 0.070844 -0.051148 -0.997380 0.051148 -0.091742 -0.871550 0.481646 0.156545 -0.965363 -0.208727 0.024296 -0.898970 0.437337 -0.185369 -0.953329 -0.238332
0.000000 -0.998053 -0.062378 0.253750 -0.942499 0.217500 -0.159152 -0.986741 -0.031830 -0.283909 -0.958194 0.035489 -0.049798 -0.995962 0.074697 -0.066243 -0.905318 0.419537 0.106112 -0.981533 -0.159167 0.000000 -0.923742 0.383015 -0.183576 -0.970330 -0.157351
0.000000 -0.998053 -0.062378 0.219382 -0.950654 0.219382 -0.159152 -0.986741 -0.031830 -0.283909 -0.958194 0.035489 -0.024961 -0.998441 0.049922 -0.065248 -0.935225 0.347991 0.099228 -0.992278 -0.074421 -0.021195 -0.932589 0.360318 -0.175771 -0.979294 -0.100440
0.000000 -0.995634 -0.093341 0.227266 -0.946943 0.227266 -0.132092 -0.990687 -0.033023 -0.283909 -0.958194 0.035489 -0.023776 -0.998586 0.047552 -0.042400 -0.953998 0.296799 0.072954 -0.997039 -0.024318 -0.041301 -0.949919 0.309756 -0.144631 -0.988311 -0.048210
0.032092 -0.994837 -0.096275 0.221013 -0.957722 0.184177 -0.096126 -0.993304 -0.064084 -0.274559 -0.960958 0.034320 -0.024354 -0.998516 0.048708 -0.064625 -0.969368 0.236957 0.069430 -0.995168 0.069430 -0.061728 -0.967070 0.246911 -0.118180 -0.992711 0.023636
0.033023 -0.990687 -0.132092 0.229081 -0.954504 0.190901 -0.099286 -0.992855 -0.066190 -0.283909 -0.958194 0.035489 -0.047552 -0.998586 0.023776 -0.042630 -0.980500 0.191837 0.045118 -0.992593 0.112795 -0.083297 -0.978742 0.187419 -0.090167 -0.991837 0.090167
0.032862 -0.985861 -0.164310 0.229081 -0.954504 0.190901 -0.099286 -0.992855 -0.066190 -0.283909 -0.958194 0.035489 -0.047552 -0.998586 0.023776 -0.021487 -0.988391 0.150407 0.021874 -0.984327 0.174991 -0.083881 -0.985604 0.146792 -0.087769 -0.987403 0.131654
0.032669 -0.980057 -0.196011 0.229081 -0.954504 0.190901 -0.099286 -0.992855 -0.066190 -0.283909 -0.958194 0.035489 -0.048708 -0.998516 0.024354 -0.021607 -0.993912 0.108034 0.021688 -0.975957 0.216879 -0.105199 -0.988871 0.105199 -0.065497 -0.982448 0.174658
0.062807 -0.973515 -0.219826 0.229081 -0.954504 0.190901 -0.099015 -0.990148 -0.099015 -0.284088 -0.958798 0.000000 -0.047552 -0.998586 0.023776 0.000000 -0.996241 0.086630 0.000000 -0.972579 0.232573 -0.105574 -0.992392 0.063344 -0.064942 -0.974126 0.216473
0.060057 -0.960913 -0.270257 0.264764 -0.945587 0.189117 -0.095880 -0.990764 -0.095880 -0.284088 -0.958798 0.000000 -0.047552 -0.998586 0.023776 0.000000 -0.999056 0.043437 0.000000 -0.967617 0.252422 -0.105691 -0.993500 0.042277 -0.064625 -0.969368 0.236957
0.060057 -0.960913 -0.270257 0.257151 -0.955134 0.146944 -0.095539 -0.987241 -0.127386 -0.284088 -0.958798 0.000000 -0.024376 -0.999406 0.024376 0.000000 -0.999764 0.021734 0.000000 -0.962309 0.271957 -0.108034 -0.993912 0.021607 -0.064282 -0.964237 0.257130
0.089126 -0.950681 -0.297088 0.258375 -0.959678 0.110732 -0.063564 -0.985245 -0.158910 -0.284088 -0.958798 0.000000 -0.023803 -0.999717 0.000000 0.021729 -0.999528 0.021729 -0.021344 -0.960495 0.277476 -0.110432 -0.993884 0.000000 -0.062636 -0.960420 0.271423
0.088312 -0.941992 -0.323810 0.267848 -0.956598 0.114792 -0.095106 -0.982766 -0.158511 -0.250801 -0.967375 -0.035829 -0.023803 -0.999717 0.000000 0.021729 -0.999528 0.021729 -0.021467 -0.966012 0.257603 -0.110432 -0.993884 0.000000 -0.063917 -0.958750 0.276972
0.088312 -0.941992 -0.323810 0.267848 -0.956598 0.114792 -0.095106 -0.982766 -0.158511 -0.250801 -0.967375 -0.035829 -0.024376 -0.999406 -0.024376 0.021734 -0.999764 0.000000 -0.021344 -0.960495 0.277476 -0.088540 -0.996073 0.000000 -0.085087 -0.957230 0.276533
0.119470 -0.925889 -0.358409 0.258375 -0.959678 0.110732 -0.063564 -0.985245 -0.158910 -0.250801 -0.967375 -0.035829 -0.023803 -0.999717 0.000000 0.021729 -0.999528 0.021729 -0.021344 -0.960495 0.277476 -0.088540 -0.996073 0.000000 -0.085087 -0.957230 0.276533
0.119470 -0.925889 -0.358409 0.267848 -0.956598 0.114792 -0.063214 -0.979816 -0.189642 -0.250319 -0.965518 -0.071520 -0.023803 -0.999717 0.000000 0.021729 -0.999528 0.021729 -0.021791 -0.958790 0.283279 -0.088540 -0.996073 0.000000 -0.085087 -0.957230 0.276533
0.119470 -0.925889 -0.358409 0.268833 -0.960119 0.076810 -0.030700 -0.982409 -0.184202 -0.250801 -0.967375 -0.035829 -0.023803 -0.999717 0.000000 0.021729 -0.999528 0.021729 -0.021791 -0.958790 0.283279 -0.088540 -0.996073 0.000000 -0.085087 -0.957230 0.276533
0.090826 -0.938533 -0.333028 0.268833 -0.960119 0.076810 0.000000 -0.982872 -0.184289 -0.250801 -0.967375 -0.035829 -0.023796 -0.999434 -0.023796 0.021729 -0.999528 0.021729 -0.021791 -0.958790 0.283279 -0.088540 -0.996073 0.000000 -0.086854 -0.955394 0.282275
0.060690 -0.940691 -0.333793 0.268833 -0.960119 0.076810 0.000000 -0.982872 -0.184289 -0.250319 -0.965518 -0.071520 -0.023796 -0.999434 -0.023796 0.021729 -0.999528 0.021729 -0.021791 -0.958790 0.283279 -0.088518 -0.995829 0.022130 -0.087370 -0.961074 0.262111
