-0.309298 -0.850569 0.425285 0.803379 -0.580218 -0.133897 0.331679 -0.928701 0.165840 -0.838054 -0.529297 0.132324 0.000000 -0.807391 0.590017 -0.189358 -0.694314 0.694314 0.290021 -0.676716 -0.676716 0.217643 -0.725476 0.652929 -0.288508 -0.745313 -0.601059
-0.401663 -0.839841 0.365148 0.861858 -0.498970 -0.090722 0.398015 -0.895533 0.199007 -0.857458 -0.496423 0.135388 -0.031220 -0.780488 0.624391 -0.219286 -0.657858 0.720511 0.311741 -0.647462 -0.695422 0.063596 -0.922146 0.381578 -0.317208 -0.704907 -0.634417
-0.414284 -0.828568 0.376622 0.857458 -0.496423 -0.135388 0.425373 -0.883467 0.196326 -0.857458 -0.496423 0.135388 -0.031220 -0.780488 0.624391 -0.204998 -0.614993 0.761420 0.304892 -0.586331 -0.750504 0.030934 -0.928032 0.371213 -0.307465 -0.653363 -0.691796
-0.396155 -0.828325 0.396155 0.857458 -0.496423 -0.135388 0.461316 -0.856729 0.230658 -0.851410 -0.492922 0.179244 -0.031220 -0.780488 0.624391 -0.193624 -0.636195 0.746837 0.307525 -0.544084 -0.780642 0.029540 -0.945274 0.324938 -0.341432 -0.597505 -0.725542
-0.396155 -0.828325 0.396155 0.838054 -0.529297 -0.132324 0.486664 -0.843551 0.227110 -0.863064 -0.474685 0.172613 -0.031220 -0.780488 0.624391 -0.192888 -0.606219 0.771552 0.303559 -0.560417 -0.770574 0.000000 -0.948683 0.316228 -0.310881 -0.577350 -0.754997
-0.400963 -0.842023 0.360867 0.788594 -0.613351 -0.043811 0.445174 -0.858550 0.254385 -0.803379 -0.580218 0.133897 -0.030275 -0.817432 0.575230 -0.173494 -0.636146 0.751809 0.258484 -0.634460 -0.728455 0.000000 -0.957024 0.290007 -0.312737 -0.625474 -0.714827
-0.320815 -0.891154 0.320815 0.727533 -0.684737 -0.042796 0.461316 -0.856729 0.230658 -0.700973 -0.700973 0.131432 -0.030029 -0.840799 0.540514 -0.124696 -0.717002 0.685828 0.224579 -0.748598 -0.623831 0.000000 -0.957024 0.290007 -0.300676 -0.773166 -0.558398
-0.141955 -0.958194 0.248421 0.639602 -0.767523 0.042640 0.257151 -0.955134 0.146944 -0.611593 -0.786334 0.087370 -0.030994 -0.867826 0.495901 -0.096926 -0.807713 0.581554 0.173117 -0.865584 -0.469888 0.031450 -0.912058 0.408854 -0.262334 -0.874446 -0.408075
-0.198571 -0.959760 0.198571 0.508340 -0.860268 0.039103 0.106265 -0.991811 0.070844 -0.461197 -0.883962 0.076866 0.000000 -0.906183 0.422885 -0.061142 -0.886556 0.458563 0.146560 -0.928211 -0.341972 0.031928 -0.893971 0.446986 -0.218668 -0.923266 -0.315854
-0.162995 -0.977972 0.130396 0.358057 -0.930949 0.071611 -0.062348 -0.997567 0.031174 -0.259794 -0.964951 0.037113 0.000000 -0.939793 0.341743 -0.053975 -0.944567 0.323852 0.145521 -0.970143 -0.194029 0.000000 -0.926467 0.376377 -0.204072 -0.952334 -0.226746
-0.096126 -0.993304 0.064084 0.234115 -0.969905 0.066890 -0.189170 -0.977378 -0.094585 -0.127971 -0.991778 0.000000 -0.026755 -0.963173 0.267548 -0.023275 -0.977538 0.209472 0.117917 -0.990500 -0.070750 -0.024671 -0.962157 0.271378 -0.177297 -0.975133 -0.132973
-0.030275 -0.999083 -0.030275 0.127710 -0.989754 0.063855 -0.224294 -0.961262 -0.160210 -0.030234 -0.997712 -0.060467 -0.025230 -0.983958 0.176608 0.000000 -0.989533 0.144307 0.092524 -0.994635 0.046262 -0.021487 -0.988391 0.150407 -0.178841 -0.983624 0.022355
0.028456 -0.995943 -0.085367 0.068640 -0.995277 0.068640 -0.223039 -0.955879 -0.191176 0.033241 -0.997234 -0.066482 -0.024716 -0.988634 0.148295 0.019570 -0.998083 0.058711 0.083881 -0.985604 0.146792 -0.020811 -0.998917 -0.041622 -0.166486 -0.978106 0.124865
0.107482 -0.994207 0.000000 0.039968 -0.999201 0.000000 -0.095539 -0.987241 -0.127386 0.036986 -0.998631 -0.036986 0.000000 -0.995275 0.097100 0.059702 -0.995037 -0.079603 0.038306 -0.976804 0.210683 -0.083297 -0.978742 -0.187419 -0.149383 -0.970988 0.186728
0.085367 -0.995943 0.028456 0.043437 -0.999056 0.000000 -0.029285 -0.995703 -0.087856 -0.039936 -0.998404 -0.039936 0.000000 -0.995037 0.099504 0.081312 -0.975739 -0.203279 0.037113 -0.964951 0.259794 -0.161001 -0.945883 -0.281752 -0.112727 -0.958180 0.263030
0.090371 -0.994084 0.060248 0.079745 -0.996815 0.000000 -0.031174 -0.997567 -0.062348 -0.035669 -0.998727 -0.035669 -0.047445 -0.996335 0.071167 0.105129 -0.967189 -0.231284 0.017538 -0.964615 0.263077 -0.192494 -0.941082 -0.278047 -0.090402 -0.958266 0.271207
0.090167 -0.991837 0.090167 0.099449 -0.994490 -0.033150 -0.093161 -0.993712 -0.062107 -0.066482 -0.997234 -0.033241 -0.069430 -0.995168 0.069430 0.087496 -0.984327 -0.153118 0.035829 -0.967375 0.250801 -0.150130 -0.965123 -0.214472 -0.110189 -0.954973 0.275473
0.096126 -0.993304 0.064084 0.132164 -0.991228 0.000000 -0.099286 -0.992855 -0.066190 -0.099449 -0.994490 -0.033150 -0.048593 -0.996156 0.072889 0.045118 -0.992593 -0.112795 0.036625 -0.970559 0.238062 -0.087769 -0.987403 -0.131654 -0.112727 -0.958180 0.263030
0.066372 -0.995585 0.066372 0.164310 -0.985861 0.032862 -0.132092 -0.990687 -0.033023 -0.146450 -0.988540 -0.036613 -0.024354 -0.998516 0.048708 0.067746 -0.993605 -0.090328 0.018322 -0.971048 0.238182 -0.066259 -0.993884 -0.088345 -0.113268 -0.962778 0.245414
0.068640 -0.995277 0.068640 0.189927 -0.981288 0.031654 -0.196116 -0.980581 0.000000 -0.141333 -0.989331 -0.035333 0.051064 -0.995754 0.076596 0.045303 -0.996659 -0.067954 0.018735 -0.974220 0.224820 -0.067746 -0.993605 -0.090328 -0.111245 -0.964121 0.241030
0.102839 -0.994107 0.034280 0.189927 -0.981288 0.031654 -0.196116 -0.980581 0.000000 -0.175682 -0.983820 -0.035136 0.051064 -0.995754 0.076596 0.044357 -0.998031 -0.044357 0.019164 -0.977342 0.210799 -0.022195 -0.998768 -0.044390 -0.132430 -0.964844 0.227022
0.102839 -0.994107 0.034280 0.189927 -0.981288 0.031654 -0.190022 -0.981780 0.000000 -0.216789 -0.975550 -0.036131 0.049798 -0.995962 0.074697 0.042505 -0.998870 -0.021253 0.037743 -0.981307 0.188713 -0.065018 -0.996942 -0.043345 -0.114249 -0.971120 0.209457
0.154303 -0.987541 -0.030861 0.196011 -0.980057 0.032669 -0.213697 -0.976900 0.000000 -0.209401 -0.977207 -0.034900 -0.026978 -0.998179 0.053956 0.059880 -0.998006 -0.019960 0.056564 -0.980434 0.188545 -0.059880 -0.998006 -0.019960 -0.095398 -0.973063 0.209876
0.119844 -0.988716 -0.089883 0.242390 -0.969561 0.034627 -0.213697 -0.976900 0.000000 -0.216789 -0.975550 -0.036131 -0.080699 -0.995286 0.053799 0.058711 -0.998083 -0.019570 0.075810 -0.985527 0.151620 -0.019960 -0.998006 -0.059880 -0.094006 -0.977658 0.188011
0.086566 -0.981087 -0.173133 0.284088 -0.958798 0.000000 -0.178885 -0.983870 0.000000 -0.250962 -0.967997 0.000000 -0.053897 -0.997091 0.053897 0.039178 -0.999040 0.019589 0.074613 -0.988627 0.130573 0.020366 -0.997924 -0.061097 -0.112588 -0.975763 0.187647
0.086102 -0.975820 -0.200904 0.250962 -0.967997 0.000000 -0.184202 -0.982409 -0.030700 -0.209529 -0.977802 0.000000 -0.047445 -0.996335 0.071167 0.040647 -0.995861 0.081295 0.093332 -0.989316 0.111998 0.041550 -0.997191 0.062324 -0.112967 -0.979043 0.169450
0.027106 -0.975828 -0.216851 0.274721 -0.961524 0.000000 -0.149204 -0.984746 -0.089522 -0.209401 -0.977207 -0.034900 -0.046349 -0.996503 0.069523 0.041310 -0.991431 0.123929 0.079352 -0.991900 0.099190 0.042944 -0.987707 0.150303 -0.115771 -0.984050 0.135066
0.028421 -0.966315 -0.255789 0.265782 -0.963460 -0.033223 -0.145248 -0.987688 -0.058099 -0.169516 -0.983192 -0.067806 -0.023193 -0.997307 0.069580 0.042448 -0.976296 0.212238 0.086548 -0.995307 0.043274 0.067437 -0.966597 0.247269 -0.144032 -0.987646 0.061728
0.058371 -0.963119 -0.262669 0.242390 -0.969561 -0.034627 -0.173133 -0.981087 -0.086566 -0.163605 -0.981630 -0.098163 -0.023742 -0.997178 0.071227 0.043874 -0.943291 0.329055 0.115225 -0.990931 -0.069135 0.045763 -0.938139 0.343222 -0.135079 -0.990579 -0.022513
0.064282 -0.964237 -0.257130 0.241955 -0.967822 -0.069130 -0.157956 -0.979327 -0.126365 -0.164045 -0.984268 -0.065618 -0.049690 -0.993808 0.099381 0.022792 -0.911685 0.410258 0.125709 -0.980531 -0.150851 0.045118 -0.902358 0.428620 -0.143756 -0.982335 -0.119797
0.064786 -0.971795 -0.226752 0.242390 -0.969561 -0.034627 -0.119844 -0.988716 -0.089883 -0.164045 -0.984268 -0.065618 -0.025425 -0.991561 0.127123 0.023281 -0.884678 0.465620 0.128332 -0.975321 -0.179664 0.046524 -0.883960 0.465242 -0.150329 -0.977140 -0.150329
0.065938 -0.989071 -0.131876 0.209401 -0.977207 -0.034900 -0.096126 -0.993304 -0.064084 -0.169516 -0.983192 -0.067806 -0.025425 -0.991561 0.127123 0.023499 -0.869446 0.493469 0.127000 -0.965201 -0.228600 0.046524 -0.883960 0.465242 -0.153443 -0.971807 -0.179017
0.033023 -0.990687 -0.132092 0.216789 -0.975550 0.036131 -0.099286 -0.992855 -0.066190 -0.169516 -0.983192 -0.067806 -0.025425 -0.991561 0.127123 0.023499 -0.869446 0.493469 0.151862 -0.961794 -0.227793 0.069692 -0.882767 0.464614 -0.182761 -0.966021 -0.182761
0.034280 -0.994107 -0.102839 0.215666 -0.970495 0.107833 -0.102359 -0.989467 -0.102359 -0.169809 -0.984892 -0.033962 -0.026082 -0.991117 0.130410 0.046017 -0.874314 0.483174 0.127000 -0.965201 -0.228600 0.045584 -0.888892 0.455842 -0.178261 -0.967701 -0.178261
0.034381 -0.997041 -0.068761 0.180187 -0.973012 0.144150 -0.063855 -0.989754 -0.127710 -0.175791 -0.984428 0.000000 -0.025425 -0.991561 0.127123 0.045118 -0.902358 0.428620 0.122683 -0.981466 -0.147220 0.046512 -0.906977 0.418605 -0.143756 -0.982335 -0.119797
0.033241 -0.997234 -0.066482 0.213470 -0.960617 0.177892 -0.068160 -0.988317 -0.136320 -0.175791 -0.984428 0.000000 0.000000 -0.994781 0.102029 0.066066 -0.924922 0.374373 0.094386 -0.991051 -0.094386 0.045396 -0.930617 0.363168 -0.137867 -0.988049 -0.068934
0.000000 -0.999480 -0.032241 0.213470 -0.960617 0.177892 -0.034280 -0.994107 -0.102839 -0.169907 -0.985460 0.000000 0.000000 -0.995037 0.099504 0.087496 -0.940579 0.328109 0.092524 -0.994635 -0.046262 0.045129 -0.947717 0.315906 -0.135079 -0.990579 -0.022513
0.031235 -0.999512 0.000000 0.179144 -0.967375 0.179144 -0.034280 -0.994107 -0.102839 -0.169907 -0.985460 0.000000 0.000000 -0.995275 0.097100 0.086306 -0.949370 0.302072 0.090513 -0.995638 -0.022628 0.045015 -0.967821 0.247582 -0.132036 -0.990267 0.044012
0.030289 -0.999541 0.000000 0.221013 -0.957722 0.184177 0.000000 -0.994692 -0.102899 -0.209529 -0.977802 0.000000 0.000000 -0.995275 0.097100 0.107310 -0.965790 0.236082 0.066503 -0.997540 0.022168 0.022757 -0.978537 0.204810 -0.084497 -0.992835 0.084497
0.031235 -0.999512 0.000000 0.213470 -0.960617 0.177892 0.000000 -0.994692 -0.102899 -0.175791 -0.984428 0.000000 0.000000 -0.997334 0.072976 0.108312 -0.974812 0.194962 0.064836 -0.994144 0.086447 0.000000 -0.987580 0.157115 -0.063008 -0.987125 0.147019
0.000000 -1.000000 0.000000 0.213470 -0.960617 0.177892 0.000000 -0.995037 -0.099504 -0.182089 -0.983282 0.000000 0.000000 -0.997459 0.071247 0.114407 -0.983902 0.137289 0.061728 -0.987646 0.144032 0.000000 -0.990830 0.135113 -0.062801 -0.983875 0.167468
0.000000 -0.999512 -0.031235 0.213470 -0.960617 0.177892 0.000000 -0.995037 -0.099504 -0.182089 -0.983282 0.000000 0.000000 -0.997334 0.072976 0.137613 -0.986228 0.091742 0.040250 -0.986133 0.161001 -0.022576 -0.993352 0.112881 -0.040919 -0.982049 0.184134
0.000000 -0.997925 -0.064382 0.248421 -0.958194 0.141955 0.000000 -0.995037 -0.099504 -0.182089 -0.983282 0.000000 0.000000 -0.997459 0.071247 0.137867 -0.988049 0.068934 0.040112 -0.982756 0.180506 -0.022576 -0.993352 0.112881 -0.040919 -0.982049 0.184134
-0.030994 -0.991801 -0.123975 0.248421 -0.958194 0.141955 0.000000 -0.981780 -0.190022 -0.216789 -0.975550 0.036131 0.023742 -0.997178 0.071227 0.138050 -0.989356 0.046017 0.059880 -0.978046 0.199601 -0.022628 -0.995638 0.090513 -0.040919 -0.982049 0.184134
-0.029801 -0.983433 -0.178806 0.248421 -0.958194 0.141955 0.000000 -0.981780 -0.190022 -0.175682 -0.983820 0.035136 0.023776 -0.998586 0.047552 0.138050 -0.989356 0.046017 0.059880 -0.978046 0.199601 -0.045222 -0.994874 0.090443 -0.020472 -0.982666 0.184250
0.000000 -0.978234 -0.207504 0.216366 -0.973645 0.072122 -0.031450 -0.974958 -0.220152 -0.175791 -0.984428 0.000000 0.000000 -0.998868 0.047565 0.138050 -0.989356 0.046017 0.059880 -0.978046 0.199601 -0.022669 -0.997427 0.068006 -0.020472 -0.982666 0.184250
-0.029437 -0.971429 -0.235498 0.250319 -0.965518 0.071520 -0.031450 -0.974958 -0.220152 -0.175791 -0.984428 0.000000 0.000000 -0.998868 0.047565 0.138050 -0.989356 0.046017 0.059880 -0.978046 0.199601 -0.022669 -0.997427 0.068006 -0.020892 -0.981941 0.188031
-0.030069 -0.962216 -0.270623 0.241955 -0.967822 0.069130 -0.031450 -0.974958 -0.220152 -0.175791 -0.984428 0.000000 0.000000 -0.998868 0.047565 0.115378 -0.992249 0.046151 0.081312 -0.975739 0.203279 -0.023193 -0.997307 0.069580 -0.020472 -0.982666 0.184250
