-0.413793 -0.827586 0.379310 0.810679 -0.585491 0.000000 0.607919 -0.786718 0.107280 -0.808452 -0.565916 0.161690 0.000000 -0.750714 0.660628 -0.260102 -0.682769 0.682769 0.284988 -0.712470 -0.641223 0.234641 -0.703922 0.670402 -0.426162 -0.662919 -0.615568
-0.402241 -0.838002 0.368721 0.810679 -0.585491 0.000000 0.609872 -0.789246 0.071750 -0.813116 -0.569181 0.121967 0.029907 -0.777593 0.628056 -0.260102 -0.682769 0.682769 0.284988 -0.712470 -0.641223 0.229416 -0.688247 0.688247 -0.419970 -0.653286 -0.629955
-0.407072 -0.848067 0.339227 0.794358 -0.607450 0.000000 0.598671 -0.798228 0.066519 -0.813116 -0.569181 0.121967 0.029050 -0.813390 0.580993 -0.254385 -0.667761 0.699559 0.280668 -0.701670 -0.654892 0.229416 -0.688247 0.688247 -0.406494 -0.669519 -0.621697
-0.334637 -0.903521 0.267710 0.728200 -0.685365 0.000000 0.537834 -0.840366 0.067229 -0.721734 -0.681638 0.120289 0.028149 -0.844484 0.534840 -0.229170 -0.720248 0.654771 0.261460 -0.760612 -0.594228 0.169907 -0.713609 0.679628 -0.330350 -0.755087 -0.566315
-0.262330 -0.950947 0.163956 0.592667 -0.804334 0.042333 0.362462 -0.922631 0.131804 -0.619116 -0.784214 0.041274 0.028273 -0.876462 0.480640 -0.158910 -0.826334 0.540295 0.217898 -0.847381 -0.484218 0.067845 -0.814144 0.576686 -0.241121 -0.868037 -0.434019
-0.164045 -0.984268 0.065618 0.431124 -0.901441 0.039193 0.168359 -0.976481 0.134687 -0.416655 -0.909065 0.000000 0.000000 -0.905459 0.424434 -0.090249 -0.902485 0.421160 0.167860 -0.935222 -0.311741 0.000000 -0.888218 0.459423 -0.191018 -0.931215 -0.310405
-0.030275 -0.999083 -0.030275 0.274075 -0.959264 0.068519 0.000000 -0.995037 0.099504 -0.209401 -0.977207 -0.034900 0.027017 -0.945601 0.324206 -0.053056 -0.955005 0.291807 0.142776 -0.975638 -0.166572 -0.053975 -0.944567 0.323852 -0.165963 -0.972066 -0.165963
0.092626 -0.988012 -0.123502 0.127906 -0.991271 0.031976 -0.159232 -0.987241 0.000000 -0.031174 -0.997567 -0.062348 0.024977 -0.974087 0.224789 -0.022355 -0.983624 0.178841 0.121019 -0.992355 -0.024204 -0.068129 -0.976516 0.204387 -0.168248 -0.985452 -0.024035
0.206689 -0.974389 -0.088581 0.032241 -0.999480 0.000000 -0.195698 -0.978492 -0.065233 0.031174 -0.997567 -0.062348 0.024126 -0.989173 0.144757 -0.019932 -0.996617 0.079729 0.089712 -0.986835 0.134568 -0.079181 -0.989759 0.118771 -0.163277 -0.979663 0.116627
0.173494 -0.983135 -0.057831 0.038433 -0.999261 0.000000 -0.136320 -0.988317 -0.068160 0.066482 -0.997234 -0.033241 0.024868 -0.994729 0.099473 0.000000 -0.999808 -0.019604 0.058244 -0.970737 0.232977 -0.039770 -0.994250 -0.099425 -0.160353 -0.962119 0.220486
0.060385 -0.996347 -0.060385 0.083045 -0.996546 0.000000 -0.032225 -0.998961 -0.032225 0.000000 -0.999363 -0.035692 0.023742 -0.997178 0.071227 0.059316 -0.988598 -0.138404 0.018152 -0.962048 0.272278 -0.080961 -0.971533 -0.222643 -0.128273 -0.952886 0.274871
-0.031174 -0.997567 -0.062348 0.157867 -0.986671 0.039467 0.034442 -0.998813 -0.034442 -0.038433 -0.999261 0.000000 0.024354 -0.998516 0.048708 0.103495 -0.972853 -0.206990 0.000000 -0.952215 0.305428 -0.125218 -0.960001 -0.250435 -0.091516 -0.951768 0.292852
-0.031099 -0.995153 -0.093296 0.220755 -0.971324 0.088302 0.064349 -0.997409 -0.032174 -0.083045 -0.996546 0.000000 0.047511 -0.997740 0.047511 0.088714 -0.975852 -0.199606 0.000000 -0.955403 0.295306 -0.129070 -0.968022 -0.215116 -0.070844 -0.956389 0.283375
-0.030165 -0.995440 -0.090495 0.233197 -0.971653 0.038866 0.033296 -0.998891 -0.033296 -0.076696 -0.997054 0.000000 0.023193 -0.997307 0.069580 0.045859 -0.985969 -0.160507 0.017753 -0.958647 0.284044 -0.068934 -0.988049 -0.137867 -0.069993 -0.962398 0.262472
0.000000 -0.993151 -0.116841 0.232670 -0.969458 0.077557 0.000000 -0.999512 -0.031235 -0.110432 -0.993884 0.000000 0.067867 -0.995383 0.067867 0.023150 -0.995434 -0.092599 0.017840 -0.963365 0.267601 -0.023224 -0.998651 -0.046449 -0.071831 -0.969712 0.233449
-0.029285 -0.995703 -0.087856 0.279108 -0.956943 0.079745 -0.032225 -0.998961 -0.032225 -0.141421 -0.989949 0.000000 0.023696 -0.995216 0.094782 0.023193 -0.997307 -0.069580 0.018322 -0.971048 0.238182 0.000000 -1.000000 0.000000 -0.072122 -0.973645 0.216366
0.000000 -0.995634 -0.093341 0.267848 -0.956598 0.114792 0.000000 -1.000000 0.000000 -0.169809 -0.984892 -0.033962 0.000000 -0.992646 0.121054 0.000000 -0.999730 -0.023250 0.018399 -0.975148 0.220788 -0.023224 -0.998651 -0.046449 -0.073960 -0.979970 0.184900
0.030234 -0.997712 -0.060467 0.222375 -0.963624 0.148250 -0.033315 -0.999445 0.000000 -0.164310 -0.985861 -0.032862 -0.024799 -0.991973 0.123997 0.000000 -0.999730 -0.023250 0.018399 -0.975148 0.220788 -0.022576 -0.993352 -0.112881 -0.075579 -0.982532 0.170054
0.029386 -0.999136 -0.029386 0.247025 -0.952809 0.176446 -0.064382 -0.997925 0.000000 -0.164310 -0.985861 -0.032862 0.048365 -0.991484 0.120913 0.000000 -0.999753 -0.022217 0.036923 -0.978466 0.203078 -0.021487 -0.988391 -0.150407 -0.075579 -0.982532 0.170054
0.028548 -0.999185 0.028548 0.247025 -0.952809 0.176446 -0.066519 -0.997785 0.000000 -0.136637 -0.990621 0.000000 0.026082 -0.991117 0.130410 0.020387 -0.998960 -0.040774 0.056564 -0.980434 0.188545 -0.040919 -0.982049 -0.184134 -0.074613 -0.988627 0.130573
0.029386 -0.999136 0.029386 0.287183 -0.933346 0.215387 -0.031220 -0.999025 -0.031220 -0.175791 -0.984428 0.000000 0.026774 -0.990637 0.133870 0.039936 -0.998404 -0.039936 0.074201 -0.983169 0.166953 -0.060108 -0.981769 -0.180325 -0.093332 -0.989316 0.111998
0.029399 -0.999568 0.000000 0.253750 -0.942499 0.217500 -0.029348 -0.997844 -0.058697 -0.181969 -0.982631 0.036394 0.000000 -0.987763 0.155963 0.058677 -0.997510 -0.039118 0.074201 -0.983169 0.166953 0.000000 -0.983547 -0.180652 -0.111998 -0.989316 0.093332
0.000000 -0.999592 -0.028560 0.251610 -0.934551 0.251610 -0.030275 -0.999083 -0.030275 -0.169907 -0.985460 0.000000 0.024799 -0.991973 0.123997 0.039960 -0.999001 0.019980 0.092880 -0.984525 0.148608 0.041595 -0.998268 -0.041595 -0.128209 -0.989038 0.073262
0.000000 -0.998168 -0.060495 0.237459 -0.949835 0.203536 -0.028513 -0.997965 -0.057027 -0.169907 -0.985460 0.000000 0.000000 -0.992988 0.118213 0.021152 -0.994166 0.105762 0.099015 -0.990148 0.099015 0.041622 -0.998917 0.020811 -0.138539 -0.989566 0.039583
0.000000 -0.988716 -0.149805 0.237459 -0.949835 0.203536 -0.028513 -0.997965 -0.057027 -0.164310 -0.985861 -0.032862 0.000000 -0.992988 0.118213 0.022261 -0.979472 0.200347 0.105762 -0.994166 0.021152 0.044130 -0.992916 0.110324 -0.150407 -0.988391 -0.021487
0.000000 -0.986394 -0.164399 0.237459 -0.949835 0.203536 -0.056957 -0.996751 -0.056957 -0.202145 -0.977035 -0.067382 0.024268 -0.994982 0.097071 0.045129 -0.947717 0.315906 0.092524 -0.994635 -0.046262 0.022858 -0.982873 0.182860 -0.163277 -0.979663 -0.116627
0.000000 -0.986394 -0.164399 0.206406 -0.963229 0.172005 -0.090167 -0.991837 -0.090167 -0.175682 -0.983820 -0.035136 0.024716 -0.988634 0.148295 0.022327 -0.915416 0.401890 0.125709 -0.980531 -0.150851 0.000000 -0.965843 0.259129 -0.149720 -0.973177 -0.174673
0.000000 -0.986394 -0.164399 0.247025 -0.952809 0.176446 -0.090371 -0.994084 -0.060248 -0.209401 -0.977207 -0.034900 0.024716 -0.988634 0.148295 0.022810 -0.889586 0.456198 0.125196 -0.976527 -0.175274 0.000000 -0.955779 0.294086 -0.149025 -0.968664 -0.198700
0.034139 -0.990044 -0.136558 0.213470 -0.960617 0.177892 -0.099449 -0.994490 -0.033150 -0.209529 -0.977802 0.000000 0.024618 -0.984732 0.172328 0.023027 -0.875009 0.483558 0.124611 -0.971967 -0.199378 0.000000 -0.946164 0.323688 -0.148250 -0.963624 -0.222375
0.031976 -0.991271 -0.127906 0.213470 -0.960617 0.177892 -0.099449 -0.994490 -0.033150 -0.209401 -0.977207 0.034900 0.025230 -0.983958 0.176608 0.023281 -0.884678 0.465620 0.100440 -0.979294 -0.175771 0.000000 -0.955779 0.294086 -0.149025 -0.968664 -0.198700
0.034280 -0.994107 -0.102839 0.179144 -0.967375 0.179144 -0.073821 -0.996588 -0.036911 -0.209020 -0.975426 0.069673 0.000000 -0.988936 0.148340 0.022792 -0.911685 0.410258 0.098743 -0.987429 -0.123429 0.000000 -0.971520 0.236956 -0.146735 -0.978232 -0.146735
0.033241 -0.997234 -0.066482 0.181012 -0.977466 0.108607 -0.071247 -0.997459 0.000000 -0.209020 -0.975426 0.069673 0.000000 -0.989461 0.144799 0.022417 -0.941505 0.336252 0.094703 -0.994379 -0.047351 -0.022948 -0.986747 0.160633 -0.141069 -0.987484 -0.070535
0.000000 -0.995037 -0.099504 0.140633 -0.984428 0.105474 -0.068802 -0.997630 0.000000 -0.209401 -0.977207 0.034900 0.000000 -0.995275 0.097100 0.021921 -0.964532 0.263054 0.090443 -0.994874 0.045222 -0.022628 -0.995638 0.090513 -0.110405 -0.993641 0.022081
0.000000 -0.991228 -0.132164 0.140633 -0.984428 0.105474 -0.066482 -0.997234 -0.033241 -0.209020 -0.975426 0.069673 -0.023696 -0.995216 0.094782 0.022261 -0.979472 0.200347 0.064836 -0.994144 0.086447 -0.022698 -0.998711 0.045396 -0.105574 -0.992392 0.063344
-0.031830 -0.986741 -0.159152 0.181012 -0.977466 0.108607 -0.066372 -0.995585 -0.066372 -0.250319 -0.965518 0.071520 -0.023193 -0.997307 0.069580 0.022439 -0.987332 0.157075 0.085907 -0.987935 0.128861 -0.045361 -0.997940 -0.045361 -0.082409 -0.988903 0.123613
0.000000 -0.968277 -0.249878 0.181012 -0.977466 0.108607 -0.066372 -0.995585 -0.066372 -0.250319 -0.965518 0.071520 -0.023193 -0.997307 0.069580 0.044992 -0.989827 0.134976 0.063008 -0.987125 0.147019 -0.067746 -0.993605 -0.090328 -0.060314 -0.985136 0.160839
0.000000 -0.951709 -0.307003 0.175682 -0.983820 0.035136 -0.064084 -0.993304 -0.096126 -0.250319 -0.965518 0.071520 -0.023193 -0.997307 0.069580 0.045118 -0.992593 0.112795 0.062801 -0.983875 0.167468 -0.069135 -0.990931 -0.115225 -0.058948 -0.982472 0.176845
-0.030387 -0.941993 -0.334255 0.209401 -0.977207 0.034900 -0.031830 -0.986741 -0.159152 -0.250801 -0.967375 0.035829 -0.023224 -0.998651 0.046449 0.045118 -0.992593 0.112795 0.062801 -0.983875 0.167468 -0.070535 -0.987484 -0.141069 -0.057628 -0.979683 0.192095
-0.030571 -0.917127 -0.397422 0.216789 -0.975550 0.036131 -0.031830 -0.986741 -0.159152 -0.250962 -0.967997 0.000000 -0.023224 -0.998651 0.046449 0.044227 -0.995098 0.088453 0.062568 -0.980231 0.187704 -0.093530 -0.982070 -0.163678 -0.038306 -0.976804 0.210683
0.000000 -0.917556 -0.397607 0.216930 -0.976187 0.000000 -0.031654 -0.981288 -0.189927 -0.242536 -0.970143 0.000000 -0.023243 -0.999460 0.023243 0.044302 -0.996805 0.066454 0.062568 -0.980231 0.187704 -0.093530 -0.982070 -0.163678 -0.039036 -0.975900 0.214698
-0.031450 -0.912058 -0.408854 0.242390 -0.969561 -0.034627 -0.031450 -0.974958 -0.220152 -0.250801 -0.967375 -0.035829 -0.046449 -0.998651 0.023224 0.044302 -0.996805 0.066454 0.063873 -0.979389 0.191620 -0.095728 -0.981209 -0.167524 -0.038306 -0.976804 0.210683
