-0.270604 -0.913289 0.304430 0.772487 -0.627646 -0.096561 0.392023 -0.882052 0.261349 -0.788594 -0.613351 0.043811 0.000000 -0.832050 0.554700 -0.149270 -0.865768 0.477665 0.212121 -0.848485 -0.484848 0.138509 -0.796425 0.588662 -0.267261 -0.801784 -0.534522
-0.317011 -0.880587 0.352235 0.746937 -0.659062 -0.087875 0.415775 -0.866199 0.277184 -0.788594 -0.613351 0.043811 0.000000 -0.841178 0.540758 -0.188237 -0.878438 0.439219 0.230658 -0.856729 -0.461316 0.064651 -0.905111 0.420230 -0.278277 -0.803910 -0.525634
-0.317011 -0.880587 0.352235 0.768767 -0.633102 -0.090443 0.431183 -0.862366 0.265343 -0.804334 -0.592667 0.042333 0.000000 -0.827476 0.561501 -0.153429 -0.889889 0.429601 0.217500 -0.833749 -0.507500 0.030069 -0.932146 0.360831 -0.282138 -0.775880 -0.564276
-0.327111 -0.872295 0.363456 0.807410 -0.583130 -0.089712 0.443813 -0.853486 0.273115 -0.824530 -0.564152 0.043396 0.000000 -0.817806 0.575493 -0.153429 -0.889889 0.429601 0.231283 -0.809491 -0.539660 0.030069 -0.932146 0.360831 -0.298142 -0.745356 -0.596285
-0.387783 -0.853123 0.349005 0.822210 -0.562565 -0.086548 0.443813 -0.853486 0.273115 -0.822210 -0.562565 0.086548 0.000000 -0.832050 0.554700 -0.157720 -0.883232 0.441616 0.231283 -0.809491 -0.539660 0.029248 -0.935929 0.350973 -0.315244 -0.709299 -0.630488
-0.414870 -0.829740 0.373383 0.822210 -0.562565 -0.086548 0.431183 -0.862366 0.265343 -0.822210 -0.562565 0.086548 0.000000 -0.832050 0.554700 -0.157720 -0.883232 0.441616 0.231283 -0.809491 -0.539660 0.029540 -0.945274 0.324938 -0.332756 -0.707107 -0.623918
-0.354100 -0.865578 0.354100 0.822210 -0.562565 -0.086548 0.447744 -0.861046 0.241093 -0.822210 -0.562565 0.086548 0.000000 -0.832050 0.554700 -0.126745 -0.887214 0.443607 0.205152 -0.820610 -0.533396 0.029540 -0.945274 0.324938 -0.332756 -0.707107 -0.623918
-0.272681 -0.895953 0.350590 0.726421 -0.686064 -0.040357 0.431183 -0.862366 0.265343 -0.762444 -0.642058 0.080257 0.000000 -0.844819 0.535052 -0.118418 -0.888134 0.444067 0.194331 -0.816188 -0.544125 0.059002 -0.944039 0.324513 -0.323117 -0.727013 -0.605844
-0.169224 -0.947656 0.270759 0.664364 -0.747409 0.000000 0.304430 -0.913289 0.270604 -0.637865 -0.765438 0.085049 0.028571 -0.857143 0.514286 -0.115374 -0.894148 0.432652 0.174714 -0.873571 -0.454257 0.058421 -0.934730 0.350524 -0.248421 -0.851728 -0.461353
-0.063214 -0.979816 0.189642 0.478471 -0.877197 0.039873 0.000000 -0.972387 0.233373 -0.495715 -0.867502 0.041310 0.000000 -0.888621 0.458643 -0.147122 -0.853310 0.500216 0.162638 -0.921616 -0.352382 0.061988 -0.898820 0.433913 -0.190586 -0.925706 -0.326720
-0.032174 -0.997409 0.064349 0.315450 -0.946350 0.070100 0.000000 -0.989949 0.141421 -0.338480 -0.940222 0.037609 0.000000 -0.924678 0.380750 -0.140028 -0.868174 0.476095 0.144005 -0.960031 -0.240008 0.060302 -0.904534 0.422116 -0.187215 -0.959475 -0.210616
0.099286 -0.992855 -0.066190 0.127386 -0.987241 0.095539 -0.175791 -0.984428 0.000000 -0.159152 -0.986741 0.031830 0.000000 -0.958536 0.284970 -0.184147 -0.947041 0.263067 0.137289 -0.983902 -0.114407 0.026343 -0.948354 0.316118 -0.178174 -0.979958 -0.089087
0.153213 -0.980562 -0.122570 0.064249 -0.995863 0.064249 -0.093161 -0.993712 -0.062107 -0.031235 -0.999512 0.000000 0.025599 -0.972761 0.230391 -0.085087 -0.957230 0.276533 0.112910 -0.993605 0.000000 0.000000 -0.978791 0.204863 -0.150407 -0.988391 0.021487
0.141196 -0.988369 -0.056478 0.000000 -0.997459 0.071247 0.000000 -0.998053 -0.062378 0.033315 -0.999445 0.000000 0.050621 -0.987105 0.151862 -0.060659 -0.990759 0.121317 0.082182 -0.986186 0.143819 0.000000 -1.000000 0.000000 -0.118011 -0.983422 0.137679
0.082918 -0.995022 -0.055279 0.039841 -0.996024 0.079682 0.093341 -0.995634 0.000000 0.000000 -1.000000 0.000000 0.024204 -0.992355 0.121019 0.019600 -0.999616 -0.019600 0.037743 -0.981307 0.188713 -0.059316 -0.988598 -0.138404 -0.093283 -0.970143 0.223879
0.062257 -0.996116 -0.062257 0.034381 -0.997041 0.068761 0.181969 -0.982631 -0.036394 -0.038405 -0.998524 0.038405 0.024799 -0.991973 0.123997 0.060314 -0.985136 -0.160839 0.035985 -0.971594 0.233902 -0.119785 -0.958277 -0.259533 -0.071191 -0.961073 0.266965
0.000000 -0.999592 -0.028560 0.123613 -0.988903 0.082409 0.154377 -0.988012 0.000000 -0.090536 -0.995893 0.000000 0.025425 -0.991561 0.127123 0.082584 -0.970362 -0.227106 0.000000 -0.967997 0.250962 -0.126295 -0.947211 -0.294688 -0.072063 -0.954839 0.288253
-0.029348 -0.997844 -0.058697 0.201292 -0.966204 0.161034 0.154303 -0.987541 -0.030861 -0.119145 -0.992877 0.000000 0.024268 -0.994982 0.097071 0.045256 -0.973010 -0.226281 0.000000 -0.967997 0.250962 -0.111304 -0.957211 -0.267129 -0.072429 -0.959679 0.271607
0.031235 -0.999512 0.000000 0.202444 -0.971732 0.121466 0.096126 -0.993304 -0.064084 -0.119145 -0.992877 0.000000 0.023696 -0.995216 0.094782 0.046512 -0.976744 -0.209302 0.000000 -0.972224 0.234054 -0.067798 -0.971767 -0.225992 -0.054384 -0.960782 0.271919
0.064382 -0.997925 0.000000 0.230599 -0.960828 0.153732 0.032174 -0.997409 -0.064349 -0.076696 -0.997054 0.000000 0.023150 -0.995434 0.092599 0.023383 -0.982070 -0.187061 0.000000 -0.972224 0.234054 -0.046727 -0.981266 -0.186908 -0.054645 -0.965393 0.255010
0.127906 -0.991271 0.031976 0.222375 -0.963624 0.148250 -0.031174 -0.997567 -0.062348 -0.118771 -0.989759 -0.079181 0.000000 -0.995495 0.094809 0.000000 -0.989949 -0.141421 0.000000 -0.975313 0.220826 -0.048029 -0.984599 -0.168102 -0.055122 -0.973830 0.220490
0.131876 -0.989071 0.065938 0.238976 -0.955904 0.170697 -0.090371 -0.994084 -0.060248 -0.118771 -0.989759 -0.079181 0.000000 -0.995701 0.092623 0.000000 -0.993307 -0.115501 0.000000 -0.982662 0.185408 -0.024035 -0.985452 -0.168248 -0.055122 -0.973830 0.220490
0.153719 -0.983801 0.092231 0.290957 -0.945611 0.145479 -0.090167 -0.991837 -0.090167 -0.151620 -0.985527 -0.075810 0.025499 -0.994458 0.101996 0.022081 -0.993641 -0.110405 0.018881 -0.981831 0.188814 -0.022022 -0.990988 -0.132132 -0.056564 -0.980434 0.188545
0.189642 -0.979816 0.063214 0.248421 -0.958194 0.141955 -0.119844 -0.988716 -0.089883 -0.181608 -0.980684 -0.072643 0.000000 -0.996130 0.087894 0.000000 -0.996546 -0.083045 0.037987 -0.987658 0.151947 -0.042277 -0.993500 -0.105691 -0.055882 -0.987254 0.149019
0.178806 -0.983433 0.029801 0.215666 -0.970495 0.107833 -0.113137 -0.989949 -0.084853 -0.215666 -0.970495 -0.107833 0.000000 -0.996130 0.087894 0.019589 -0.999040 -0.039178 0.057083 -0.989445 0.133194 -0.059596 -0.993269 -0.099327 -0.038090 -0.990341 0.133315
0.123975 -0.991801 -0.030994 0.240239 -0.960958 0.137280 -0.140525 -0.983674 -0.112420 -0.208389 -0.972480 -0.104194 -0.028456 -0.995943 0.085367 0.019227 -0.999815 0.000000 0.076194 -0.990521 0.114291 -0.057554 -0.997605 -0.038369 -0.057333 -0.993772 0.095555
0.093161 -0.993712 -0.062107 0.233463 -0.967204 0.100056 -0.112420 -0.983674 -0.140525 -0.241236 -0.964944 -0.103387 -0.024318 -0.997039 0.072954 0.000000 -0.996938 0.078191 0.076346 -0.992504 0.095433 -0.019996 -0.999800 0.000000 -0.076346 -0.992504 0.095433
0.056682 -0.991935 -0.113364 0.241236 -0.964944 0.103387 -0.082261 -0.987135 -0.137102 -0.241236 -0.964944 -0.103387 0.000000 -0.998868 0.047565 -0.041065 -0.985562 0.164260 0.099425 -0.994250 0.039770 0.000000 -0.997785 0.066519 -0.114436 -0.991781 0.057218
0.028006 -0.980196 -0.196039 0.195180 -0.975900 0.097590 -0.106112 -0.981533 -0.159167 -0.232559 -0.963460 -0.132891 -0.023224 -0.998651 0.046449 -0.043811 -0.963837 0.262865 0.105691 -0.993500 -0.042277 0.000000 -0.989949 0.141421 -0.124008 -0.992066 -0.020668
0.031450 -0.974958 -0.220152 0.202145 -0.977035 0.067382 -0.109394 -0.984548 -0.136743 -0.230034 -0.952999 -0.197172 0.000000 -0.998920 0.046461 -0.090605 -0.951357 0.294468 0.137613 -0.986228 -0.091742 0.000000 -0.965843 0.259129 -0.133897 -0.981908 -0.133897
0.064282 -0.964237 -0.257130 0.202145 -0.977035 0.067382 -0.147442 -0.973117 -0.176930 -0.224294 -0.961262 -0.160210 0.000000 -0.997334 0.072976 -0.103800 -0.960149 0.259500 0.149720 -0.973177 -0.174673 0.000000 -0.941195 0.337865 -0.145521 -0.970143 -0.194029
0.033223 -0.963460 -0.265782 0.209020 -0.975426 0.069673 -0.116395 -0.989359 -0.087296 -0.231413 -0.958710 -0.165295 0.000000 -0.995037 0.099504 -0.141705 -0.963594 0.226728 0.145521 -0.970143 -0.194029 0.000000 -0.921635 0.388057 -0.148250 -0.963624 -0.222375
0.064786 -0.971795 -0.226752 0.175358 -0.982003 0.070143 -0.145248 -0.987688 -0.058099 -0.200782 -0.970448 -0.133855 0.000000 -0.995037 0.099504 -0.141705 -0.963594 0.226728 0.148250 -0.963624 -0.222375 0.000000 -0.917857 0.396911 -0.148250 -0.963624 -0.222375
0.032444 -0.973329 -0.227110 0.181608 -0.980684 0.072643 -0.164399 -0.986394 0.000000 -0.174821 -0.978997 -0.104893 0.000000 -0.991882 0.127164 -0.111369 -0.974481 0.194896 0.127000 -0.965201 -0.228600 0.000000 -0.926739 0.375705 -0.149025 -0.968664 -0.198700
0.000000 -0.979260 -0.202606 0.175358 -0.982003 0.070143 -0.099449 -0.994490 -0.033150 -0.175358 -0.982003 -0.070143 0.000000 -0.995037 0.099504 -0.112420 -0.983674 0.140525 0.095319 -0.977022 -0.190638 0.000000 -0.951034 0.309086 -0.146168 -0.974451 -0.170529
0.000000 -0.991778 -0.127971 0.146450 -0.988540 0.036613 -0.102899 -0.994692 0.000000 -0.169516 -0.983192 -0.067806 0.000000 -0.995037 0.099504 -0.047823 -0.980368 0.191291 0.070750 -0.990500 -0.117917 0.000000 -0.972806 0.231621 -0.144129 -0.984883 -0.096086
-0.029198 -0.992727 -0.116791 0.146450 -0.988540 0.036613 -0.064349 -0.997409 -0.032174 -0.175358 -0.982003 -0.070143 0.000000 -0.995037 0.099504 -0.022858 -0.982873 0.182860 0.045396 -0.998711 -0.022698 -0.022439 -0.987332 0.157075 -0.115470 -0.993042 -0.023094
-0.029948 -0.988272 -0.149738 0.146450 -0.988540 0.036613 -0.064249 -0.995863 -0.064249 -0.169809 -0.984892 -0.033962 0.000000 -0.997334 0.072976 0.021552 -0.991370 0.129309 0.022195 -0.998768 0.044390 -0.022130 -0.995829 0.088518 -0.110324 -0.992916 0.044130
-0.030700 -0.982409 -0.184202 0.141333 -0.989331 0.035333 -0.062257 -0.996116 -0.062257 -0.175682 -0.983820 -0.035136 0.000000 -0.997334 0.072976 0.021152 -0.994166 0.105762 0.021652 -0.996007 0.086609 -0.044401 -0.999014 0.000000 -0.084327 -0.990847 0.105409
-0.030700 -0.982409 -0.184202 0.141333 -0.989331 0.035333 -0.031174 -0.997567 -0.062348 -0.175682 -0.983820 -0.035136 0.000000 -0.998868 0.047565 0.043345 -0.996942 0.065018 0.000000 -0.991600 0.129339 -0.066454 -0.996805 -0.044302 -0.061728 -0.987646 0.144032
-0.030700 -0.982409 -0.184202 0.146450 -0.988540 0.036613 -0.032174 -0.997409 -0.064349 -0.169516 -0.983192 -0.067806 0.000000 -0.998868 0.047565 0.043396 -0.998115 0.043396 0.021040 -0.988871 0.147279 -0.069430 -0.995168 -0.069430 -0.060314 -0.985136 0.160839
-0.030700 -0.982409 -0.184202 0.146450 -0.988540 0.036613 -0.062107 -0.993712 -0.093161 -0.175358 -0.982003 -0.070143 0.000000 -0.998868 0.047565 0.045408 -0.998969 0.000000 0.020546 -0.986186 0.164364 -0.092229 -0.991457 -0.092229 -0.039337 -0.983422 0.177016
-0.030700 -0.982409 -0.184202 0.146549 -0.989203 0.000000 -0.062107 -0.993712 -0.093161 -0.169516 -0.983192 -0.067806 0.000000 -0.998868 0.047565 0.045408 -0.998969 0.000000 0.020546 -0.986186 0.164364 -0.092009 -0.989094 -0.115011 -0.039960 -0.979021 0.199800
-0.060943 -0.975084 -0.213300 0.175791 -0.984428 0.000000 0.000000 -0.992278 -0.124035 -0.209020 -0.975426 -0.069673 -0.023776 -0.998586 0.047552 0.045396 -0.998711 -0.022698 0.020546 -0.986186 0.164364 -0.094150 -0.988577 -0.117688 -0.019608 -0.980392 0.196078
-0.030303 -0.969697 -0.242424 0.182089 -0.983282 0.000000 0.000000 -0.992734 -0.120331 -0.209020 -0.975426 -0.069673 -0.023776 -0.998586 0.047552 0.046449 -0.998651 -0.023224 0.020546 -0.986186 0.164364 -0.094150 -0.988577 -0.117688 -0.019992 -0.979608 0.199920
-0.030964 -0.959886 -0.278677 0.175791 -0.984428 0.000000 0.000000 -0.988012 -0.154377 -0.209020 -0.975426 -0.069673 -0.023776 -0.998586 0.047552 0.046449 -0.998651 -0.023224 0.020546 -0.986186 0.164364 -0.070750 -0.990500 -0.117917 -0.019992 -0.979608 0.199920
-0.030069 -0.962216 -0.270623 0.209529 -0.977802 0.000000 0.000000 -0.988012 -0.154377 -0.209020 -0.975426 -0.069673 -0.023243 -0.999460 0.023243 0.046449 -0.998651 -0.023224 0.020970 -0.985604 0.167762 -0.070535 -0.987484 -0.141069 -0.019992 -0.979608 0.199920
-0.029814 -0.954056 -0.298142 0.216930 -0.976187 0.000000 0.000000 -0.988012 -0.154377 -0.209020 -0.975426 -0.069673 -0.023243 -0.999460 0.023243 0.046461 -0.998920 0.000000 0.021040 -0.988871 0.147279 -0.072211 -0.986878 -0.144421 -0.019608 -0.980392 0.196078
-0.030686 -0.951260 -0.306858 0.209529 -0.977802 0.000000 0.000000 -0.988012 -0.154377 -0.202145 -0.977035 -0.067382 -0.023796 -0.999434 0.023796 0.047565 -0.998868 0.000000 0.020611 -0.989323 0.144276 -0.072211 -0.986878 -0.144421 -0.019992 -0.979608 0.199920
-0.030964 -0.959886 -0.278677 0.209401 -0.977207 -0.034900 0.030994 -0.991801 -0.123975 -0.202145 -0.977035 -0.067382 -0.023796 -0.999434 0.023796 0.047565 -0.998868 0.000000 0.020611 -0.989323 0.144276 -0.072211 -0.986878 -0.144421 -0.019992 -0.979608 0.199920
-0.030964 -0.959886 -0.278677 0.209401 -0.977207 -0.034900 0.000000 -0.992278 -0.124035 -0.175358 -0.982003 -0.070143 -0.023796 -0.999434 0.023796 0.047565 -0.998868 0.000000 0.020611 -0.989323 0.144276 -0.072211 -0.986878 -0.144421 -0.019992 -0.979608 0.199920
-0.030964 -0.959886 -0.278677 0.209401 -0.977207 -0.034900 0.030994 -0.991801 -0.123975 -0.175358 -0.982003 -0.070143 -0.023796 -0.999434 0.023796 0.047565 -0.998868 0.000000 0.020611 -0.989323 0.144276 -0.072211 -0.986878 -0.144421 -0.039960 -0.979021 0.199800
