-0.370370 -0.851852 0.370370 0.794358 -0.607450 0.000000 0.146944 -0.918398 0.367359 -0.754247 -0.612826 0.235702 -0.031830 -0.795759 0.604777 -0.081051 -0.837532 0.540343 0.241100 -0.783573 -0.572611 0.118470 -0.947758 0.296174 -0.235836 -0.808581 -0.539054
-0.439648 -0.839329 0.319744 0.832050 -0.554700 0.000000 0.120580 -0.924448 0.361741 -0.724286 -0.633750 0.271607 -0.031830 -0.795759 0.604777 -0.112066 -0.756448 0.644382 0.266029 -0.744881 -0.611867 0.115230 -0.950649 0.288076 -0.249207 -0.783221 -0.569615
-0.454794 -0.826898 0.330759 0.809858 -0.584898 -0.044992 0.120580 -0.924448 0.361741 -0.745194 -0.605470 0.279448 -0.031830 -0.795759 0.604777 -0.117041 -0.702247 0.702247 0.252699 -0.732828 -0.631748 0.117393 -0.939148 0.322832 -0.256288 -0.768865 -0.585802
-0.487566 -0.797836 0.354594 0.789352 -0.613941 0.000000 0.082479 -0.907265 0.412393 -0.745194 -0.605470 0.279448 0.000000 -0.807391 0.590017 -0.145617 -0.669840 0.728087 0.224579 -0.748598 -0.623831 0.117393 -0.939148 0.322832 -0.298142 -0.745356 -0.596285
-0.495715 -0.784883 0.371787 0.789352 -0.613941 0.000000 0.301511 -0.904534 0.301511 -0.745194 -0.605470 0.279448 0.000000 -0.817806 0.575493 -0.145248 -0.639092 0.755291 0.221096 -0.736987 -0.638722 0.178965 -0.954480 0.238620 -0.298142 -0.745356 -0.596285
-0.427527 -0.816188 0.388661 0.729537 -0.683941 0.000000 0.282138 -0.916949 0.282138 -0.711287 -0.666831 0.222277 -0.030802 -0.831655 0.554437 -0.056232 -0.843482 0.534205 0.216128 -0.802760 -0.555757 0.184202 -0.951709 0.245602 -0.272008 -0.816024 -0.510015
-0.431610 -0.827253 0.359675 0.573462 -0.819232 0.000000 0.231539 -0.926158 0.297694 -0.588464 -0.798630 0.126099 -0.030179 -0.875179 0.482857 -0.056682 -0.821889 0.566820 0.161456 -0.888008 -0.430550 0.097333 -0.940884 0.324443 -0.272266 -0.871252 -0.408400
-0.321911 -0.901352 0.289720 0.462223 -0.885927 0.038519 0.132891 -0.963460 0.232559 -0.445742 -0.891485 0.081044 0.000000 -0.916157 0.400819 -0.081439 -0.868680 0.488633 0.153594 -0.947162 -0.281589 0.063119 -0.946792 0.315597 -0.239594 -0.934417 -0.263553
-0.166482 -0.965594 0.199778 0.295758 -0.952999 0.065724 0.032862 -0.985861 0.164310 -0.274721 -0.961524 0.000000 0.000000 -0.948683 0.316228 -0.073236 -0.927657 0.366181 0.122683 -0.981466 -0.147220 0.029437 -0.971429 0.235498 -0.223719 -0.961990 -0.156603
0.000000 -0.995037 0.099504 0.189642 -0.979816 0.063214 0.000000 -0.999480 0.032241 -0.127906 -0.991271 -0.031976 -0.024830 -0.968365 0.248299 -0.067049 -0.961029 0.268194 0.118213 -0.992988 0.000000 -0.024618 -0.984732 0.172328 -0.182717 -0.982104 -0.045679
0.096275 -0.994837 -0.032092 0.093341 -0.995634 0.000000 0.000000 -0.999512 -0.031235 0.000000 -0.997925 -0.064382 -0.024716 -0.988634 0.148295 -0.060808 -0.972929 0.222963 0.107434 -0.988391 0.107434 -0.044227 -0.995098 0.088453 -0.146792 -0.985604 0.083881
0.113137 -0.989949 -0.084853 0.035669 -0.998727 -0.035669 0.031099 -0.995153 -0.093296 0.036911 -0.996588 -0.073821 0.000000 -0.997199 0.074790 -0.019980 -0.999001 0.039960 0.057406 -0.975909 0.210490 -0.083045 -0.996546 0.000000 -0.092308 -0.978466 0.184616
0.058496 -0.994424 -0.087743 0.034280 -0.994107 -0.102839 0.131519 -0.986394 -0.098639 0.000000 -0.999363 -0.035692 0.000000 -0.997684 0.068024 0.019171 -0.996871 -0.076682 0.054891 -0.969747 0.237862 -0.122756 -0.982049 -0.143215 -0.089658 -0.968308 0.233111
-0.033023 -0.990687 -0.132092 0.065938 -0.989071 -0.131876 0.123797 -0.990375 -0.061898 -0.038405 -0.998524 -0.038405 0.000000 -0.999730 0.023250 0.078206 -0.977577 -0.195515 0.034895 -0.959611 0.279159 -0.182424 -0.952659 -0.243232 -0.071191 -0.961073 0.266965
-0.032862 -0.985861 -0.164310 0.032862 -0.985861 -0.164310 0.060385 -0.996347 -0.060385 -0.038405 -0.998524 -0.038405 0.000000 -0.999730 0.023250 0.081752 -0.960585 -0.265694 0.036102 -0.956704 0.288816 -0.170716 -0.938937 -0.298753 -0.054109 -0.955925 0.288581
-0.029801 -0.983433 -0.178806 0.070535 -0.987484 -0.141069 0.000000 -0.998274 -0.058722 -0.038320 -0.996322 -0.076640 0.000000 -1.000000 0.000000 0.086026 -0.967798 -0.236573 0.017753 -0.958647 0.284044 -0.151709 -0.953597 -0.260072 -0.036102 -0.956704 0.288816
0.000000 -0.982872 -0.184289 0.101419 -0.980379 -0.169031 -0.062257 -0.996116 -0.062257 -0.073671 -0.994558 -0.073671 -0.024984 -0.999376 -0.024984 0.064625 -0.969368 -0.236957 0.018060 -0.957172 0.288957 -0.108979 -0.959018 -0.261550 -0.036736 -0.955134 0.293887
0.000000 -0.987241 -0.159232 0.168359 -0.976481 -0.134687 -0.149738 -0.988272 -0.029948 -0.070844 -0.991811 -0.106265 -0.026307 -0.999654 0.000000 0.064625 -0.969368 -0.236957 0.018474 -0.960660 0.277113 -0.090236 -0.970034 -0.225589 -0.036460 -0.966195 0.255221
0.030861 -0.987541 -0.154303 0.200782 -0.970448 -0.133855 -0.154303 -0.987541 -0.030861 -0.105934 -0.988714 -0.105934 0.000000 -1.000000 0.000000 0.065233 -0.978492 -0.195698 0.018566 -0.965449 0.259929 -0.066340 -0.972985 -0.221133 -0.037790 -0.963637 0.264528
0.089522 -0.984746 -0.149204 0.195698 -0.978492 -0.065233 -0.178885 -0.983870 0.000000 -0.105934 -0.988714 -0.105934 -0.028560 -0.999592 0.000000 0.042052 -0.988215 -0.147181 0.037450 -0.973708 0.224702 -0.021330 -0.981169 -0.191968 -0.037450 -0.973708 0.224702
0.089883 -0.988716 -0.119844 0.226752 -0.971795 -0.064786 -0.207413 -0.977805 0.029630 -0.135926 -0.985460 -0.101944 -0.029399 -0.999568 0.000000 0.040572 -0.994015 -0.101430 0.056564 -0.980434 0.188545 -0.020611 -0.989323 -0.144276 -0.056756 -0.983762 0.170267
0.089522 -0.984746 -0.149204 0.226752 -0.971795 -0.064786 -0.173712 -0.984371 0.028952 -0.169031 -0.980379 -0.101419 0.000000 -1.000000 0.000000 0.019213 -0.999077 -0.038426 0.075810 -0.985527 0.151620 -0.019171 -0.996871 -0.076682 -0.076015 -0.988193 0.133026
0.058099 -0.987688 -0.145248 0.234115 -0.969905 -0.066890 -0.141421 -0.989949 0.000000 -0.201574 -0.974274 -0.100787 -0.027017 -0.999635 0.000000 -0.020829 -0.999783 0.000000 0.093332 -0.989316 0.111998 0.000000 -0.999808 -0.019604 -0.074783 -0.990871 0.112174
0.055945 -0.979045 -0.195809 0.209401 -0.977207 -0.034900 -0.110264 -0.992372 -0.055132 -0.233463 -0.967204 -0.100056 0.000000 -1.000000 0.000000 -0.045396 -0.998711 0.022698 0.093659 -0.992781 0.074927 0.000000 -0.999168 0.040782 -0.075045 -0.994352 0.075045
0.027842 -0.974481 -0.222738 0.234509 -0.971537 -0.033501 -0.080553 -0.993490 -0.080553 -0.224294 -0.961262 -0.160210 -0.022721 -0.999742 0.000000 -0.094570 -0.992988 0.070928 0.121442 -0.991773 0.040481 0.000000 -0.988619 0.150442 -0.078191 -0.996938 0.000000
0.000000 -0.964764 -0.263117 0.234641 -0.972082 0.000000 -0.106525 -0.985354 -0.133156 -0.199778 -0.965594 -0.166482 -0.022721 -0.999742 0.000000 -0.122683 -0.981466 0.147220 0.132036 -0.990267 -0.044012 0.022757 -0.978537 0.204810 -0.107833 -0.992062 -0.064700
-0.029814 -0.954056 -0.298142 0.242390 -0.969561 -0.034627 -0.084182 -0.982124 -0.168364 -0.193548 -0.967742 -0.161290 0.000000 -1.000000 0.000000 -0.153443 -0.971807 0.179017 0.143756 -0.982335 -0.119797 0.023402 -0.959475 0.280822 -0.140028 -0.980196 -0.140028
-0.030387 -0.941993 -0.334255 0.234641 -0.972082 0.000000 -0.114473 -0.973018 -0.200327 -0.206406 -0.963229 -0.172005 0.000000 -0.999717 0.023803 -0.148613 -0.916448 0.371533 0.124611 -0.971967 -0.199378 0.000000 -0.943858 0.330350 -0.123958 -0.966876 -0.223125
-0.060690 -0.940691 -0.333793 0.242536 -0.970143 0.000000 -0.091203 -0.972829 -0.212806 -0.206406 -0.963229 -0.172005 0.000000 -0.999703 0.024383 -0.145822 -0.874931 0.461769 0.127000 -0.965201 -0.228600 0.000000 -0.928477 0.371391 -0.126229 -0.959339 -0.252458
0.000000 -0.957826 -0.287348 0.209401 -0.977207 -0.034900 -0.032444 -0.973329 -0.227110 -0.207514 -0.968400 -0.138343 0.000000 -0.999688 0.024992 -0.165584 -0.938310 0.303571 0.126229 -0.959339 -0.252458 0.000000 -0.916696 0.399585 -0.149953 -0.949703 -0.274914
0.000000 -0.966235 -0.257663 0.175358 -0.982003 -0.070143 -0.033501 -0.971537 -0.234509 -0.174078 -0.974835 -0.139262 0.000000 -0.999688 0.024992 -0.195199 -0.948109 0.250970 0.126229 -0.959339 -0.252458 0.000000 -0.916696 0.399585 -0.153594 -0.947162 -0.281589
0.032444 -0.973329 -0.227110 0.175358 -0.982003 -0.070143 0.000000 -0.970143 -0.242536 -0.215666 -0.970495 -0.107833 0.000000 -1.000000 0.000000 -0.197674 -0.960130 0.197674 0.096561 -0.965609 -0.241402 0.000000 -0.928477 0.371391 -0.175384 -0.952085 -0.250549
0.000000 -0.963993 -0.265929 0.164045 -0.984268 -0.065618 -0.034320 -0.960958 -0.274559 -0.181012 -0.977466 -0.108607 0.000000 -0.999703 -0.024383 -0.146560 -0.928211 0.341972 0.095319 -0.977022 -0.190638 0.000000 -0.946350 0.323144 -0.165267 -0.967994 -0.188877
0.000000 -0.966235 -0.257663 0.140633 -0.984428 -0.105474 0.034320 -0.960958 -0.274559 -0.208389 -0.972480 -0.104194 -0.024376 -0.999406 -0.024376 -0.139084 -0.927229 0.347711 0.068934 -0.988049 -0.137867 -0.022887 -0.961272 0.274649 -0.162791 -0.976744 -0.139535
0.000000 -0.955064 -0.296399 0.175358 -0.982003 -0.070143 0.032915 -0.954547 -0.296239 -0.224231 -0.971666 -0.074744 0.000000 -0.998868 -0.047565 -0.109897 -0.945112 0.307711 0.068006 -0.997427 -0.022669 -0.022757 -0.978537 0.204810 -0.153375 -0.985979 -0.065732
0.000000 -0.960346 -0.278810 0.141069 -0.987484 -0.070535 0.030303 -0.969697 -0.242424 -0.232670 -0.969458 -0.077557 0.000000 -0.998812 -0.048723 -0.087370 -0.961074 0.262111 0.043396 -0.998115 0.043396 -0.044992 -0.989827 0.134976 -0.129339 -0.991600 0.000000
-0.030686 -0.951260 -0.306858 0.175358 -0.982003 -0.070143 0.030303 -0.969697 -0.242424 -0.224231 -0.971666 -0.074744 0.000000 -0.998812 -0.048723 -0.065233 -0.978492 0.195698 0.021607 -0.993912 0.108034 -0.045303 -0.996659 0.067954 -0.123613 -0.988903 0.082409
-0.030686 -0.951260 -0.306858 0.175358 -0.982003 -0.070143 0.058798 -0.970169 -0.235192 -0.232670 -0.969458 -0.077557 -0.023776 -0.998586 -0.047552 -0.043073 -0.990680 0.129219 -0.021040 -0.988871 0.147279 -0.068024 -0.997684 0.000000 -0.100504 -0.984937 0.140705
-0.030686 -0.951260 -0.306858 0.175358 -0.982003 -0.070143 0.062807 -0.973515 -0.219826 -0.224231 -0.971666 -0.074744 -0.023776 -0.998586 -0.047552 -0.021652 -0.996007 0.086609 -0.041065 -0.985562 0.164260 -0.067954 -0.996659 -0.045303 -0.097945 -0.979451 0.176301
-0.030686 -0.951260 -0.306858 0.175358 -0.982003 -0.070143 0.062348 -0.966394 -0.249392 -0.232670 -0.969458 -0.077557 -0.024354 -0.998516 -0.048708 -0.021729 -0.999528 0.021729 -0.040757 -0.978167 0.203785 -0.069430 -0.995168 -0.069430 -0.097590 -0.975900 0.195180
-0.029814 -0.954056 -0.298142 0.188713 -0.981307 -0.037743 0.064786 -0.971795 -0.226752 -0.232670 -0.969458 -0.077557 -0.023776 -0.998586 -0.047552 0.000000 -1.000000 0.000000 -0.039794 -0.974943 0.218865 -0.094386 -0.991051 -0.094386 -0.076444 -0.974661 0.210221
-0.029814 -0.954056 -0.298142 0.188713 -0.981307 -0.037743 0.064786 -0.971795 -0.226752 -0.232670 -0.969458 -0.077557 -0.023193 -0.997307 -0.069580 0.000000 -0.999764 -0.021734 -0.040580 -0.973929 0.223192 -0.094386 -0.991051 -0.094386 -0.076739 -0.978420 0.191847
-0.091713 -0.947698 -0.305709 0.216789 -0.975550 -0.036131 0.066890 -0.969905 -0.234115 -0.224231 -0.971666 -0.074744 -0.023742 -0.997178 -0.071227 0.000000 -0.999014 -0.044401 -0.039614 -0.970535 0.237682 -0.094386 -0.991051 -0.094386 -0.076739 -0.978420 0.191847
-0.059549 -0.952786 -0.297746 0.224702 -0.973708 -0.037450 0.067382 -0.977035 -0.202145 -0.216366 -0.973645 -0.072122 -0.023742 -0.997178 -0.071227 0.000000 -0.997684 -0.068024 -0.039614 -0.970535 0.237682 -0.094150 -0.988577 -0.117688 -0.077894 -0.973677 0.214209
-0.061285 -0.949920 -0.306426 0.216789 -0.975550 -0.036131 0.030994 -0.991801 -0.123975 -0.224231 -0.971666 -0.074744 -0.047511 -0.997740 -0.047511 0.022628 -0.995638 -0.090513 -0.059362 -0.969584 0.237449 -0.094150 -0.988577 -0.117688 -0.058498 -0.974972 0.214494
-0.060057 -0.960913 -0.270257 0.216366 -0.973645 -0.072122 0.030861 -0.987541 -0.154303 -0.216366 -0.973645 -0.072122 -0.046411 -0.997844 -0.046411 -0.045222 -0.994874 -0.090443 -0.059362 -0.969584 0.237449 -0.094150 -0.988577 -0.117688 -0.058733 -0.978888 0.195778
-0.061839 -0.958508 -0.278277 0.209020 -0.975426 -0.069673 0.000000 -0.992278 -0.124035 -0.181608 -0.980684 -0.072643 -0.046411 -0.997844 -0.046411 -0.067591 -0.991333 -0.112651 -0.060523 -0.968364 0.242091 -0.094150 -0.988577 -0.117688 -0.058733 -0.978888 0.195778
-0.060523 -0.968364 -0.242091 0.209020 -0.975426 -0.069673 0.000000 -0.995893 -0.090536 -0.181608 -0.980684 -0.072643 -0.046411 -0.997844 -0.046411 -0.067591 -0.991333 -0.112651 -0.060523 -0.968364 0.242091 -0.094150 -0.988577 -0.117688 -0.058733 -0.978888 0.195778
-0.060943 -0.975084 -0.213300 0.209020 -0.975426 -0.069673 0.000000 -0.992278 -0.124035 -0.175682 -0.983820 -0.035136 -0.047511 -0.997740 -0.047511 -0.023193 -0.997307 -0.069580 -0.059362 -0.969584 0.237449 -0.094150 -0.988577 -0.117688 -0.058733 -0.978888 0.195778
-0.091203 -0.972829 -0.212806 0.216366 -0.973645 -0.072122 0.000000 -0.995350 -0.096324 -0.181969 -0.982631 -0.036394 -0.047511 -0.997740 -0.047511 0.000000 -0.998920 -0.046461 -0.059362 -0.969584 0.237449 -0.094150 -0.988577 -0.117688 -0.058948 -0.982472 0.176845
-0.091203 -0.972829 -0.212806 0.216366 -0.973645 -0.072122 0.000000 -0.995037 -0.099504 -0.181969 -0.982631 -0.036394 -0.047511 -0.997740 -0.047511 -0.023224 -0.998651 -0.046449 -0.039614 -0.970535 0.237682 -0.094386 -0.991051 -0.094386 -0.060108 -0.981769 0.180325
-0.091756 -0.978726 -0.183511 0.216366 -0.973645 -0.072122 0.000000 -0.994692 -0.102899 -0.181969 -0.982631 -0.036394 -0.047552 -0.998586 -0.023776 0.000000 -0.998920 -0.046461 -0.039794 -0.974943 0.218865 -0.094386 -0.991051 -0.094386 -0.060108 -0.981769 0.180325
-0.121942 -0.975537 -0.182913 0.216366 -0.973645 -0.072122 0.000000 -0.994692 -0.102899 -0.181969 -0.982631 -0.036394 -0.047552 -0.998586 -0.023776 0.000000 -0.998920 -0.046461 -0.039794 -0.974943 0.218865 -0.094386 -0.991051 -0.094386 -0.060108 -0.981769 0.180325
-0.091756 -0.978726 -0.183511 0.181608 -0.980684 -0.072643 0.000000 -0.994309 -0.106533 -0.181969 -0.982631 -0.036394 -0.047552 -0.998586 -0.023776 0.000000 -0.998920 -0.046461 -0.039794 -0.974943 0.218865 -0.094386 -0.991051 -0.094386 -0.060314 -0.985136 0.160839
-0.092231 -0.983801 -0.153719 0.181608 -0.980684 -0.072643 0.000000 -0.989949 -0.141421 -0.182089 -0.983282 0.000000 -0.047552 -0.998586 -0.023776 0.000000 -0.999730 -0.023250 -0.039960 -0.979021 0.199800 -0.094386 -0.991051 -0.094386 -0.060314 -0.985136 0.160839
-0.122570 -0.980562 -0.153213 0.181608 -0.980684 -0.072643 0.000000 -0.989949 -0.141421 -0.182089 -0.983282 0.000000 -0.047552 -0.998586 -0.023776 0.000000 -0.999730 -0.023250 -0.039960 -0.979021 0.199800 -0.117917 -0.990500 -0.070750 -0.080550 -0.986733 0.140962
-0.122570 -0.980562 -0.153213 0.181608 -0.980684 -0.072643 0.000000 -0.989949 -0.141421 -0.182089 -0.983282 0.000000 -0.047552 -0.998586 -0.023776 0.000000 -0.999742 -0.022721 -0.040757 -0.978167 0.203785 -0.144421 -0.986878 -0.072211 -0.080550 -0.986733 0.140962
-0.122570 -0.980562 -0.153213 0.146157 -0.986559 -0.073078 -0.035333 -0.989331 -0.141333 -0.182089 -0.983282 0.000000 -0.047552 -0.998586 -0.023776 0.000000 -0.999742 -0.022721 -0.040757 -0.978167 0.203785 -0.144757 -0.989173 -0.024126 -0.100769 -0.987534 0.120923
-0.122570 -0.980562 -0.153213 0.146157 -0.986559 -0.073078 -0.035136 -0.983820 -0.175682 -0.182089 -0.983282 0.000000 -0.047565 -0.998868 0.000000 0.000000 -0.999742 -0.022721 -0.040919 -0.982049 0.184134 -0.141382 -0.989675 -0.023564 -0.123091 -0.984732 0.123091
-0.122570 -0.980562 -0.153213 0.146157 -0.986559 -0.073078 -0.035136 -0.983820 -0.175682 -0.175791 -0.984428 0.000000 -0.047565 -0.998868 0.000000 -0.022716 -0.999484 -0.022716 -0.020472 -0.982666 0.184250 -0.118213 -0.992988 0.000000 -0.143546 -0.984318 0.102533
-0.122570 -0.980562 -0.153213 0.146157 -0.986559 -0.073078 -0.069673 -0.975426 -0.209020 -0.175791 -0.984428 0.000000 -0.047565 -0.998868 0.000000 -0.022698 -0.998711 -0.045396 -0.020472 -0.982666 0.184250 -0.141382 -0.989675 -0.023564 -0.143819 -0.986186 0.082182
-0.122570 -0.980562 -0.153213 0.181969 -0.982631 -0.036394 -0.067382 -0.977035 -0.202145 -0.175791 -0.984428 0.000000 -0.047552 -0.998586 0.023776 -0.022698 -0.998711 -0.045396 -0.020472 -0.982666 0.184250 -0.164354 -0.986122 -0.023479 -0.140962 -0.986733 0.080550
