-0.399778 -0.866186 0.299833 0.793492 -0.606788 -0.046676 0.187120 -0.935601 0.299392 -0.803379 -0.580218 0.133897 0.000000 -0.803557 0.595228 -0.189358 -0.694314 0.694314 0.289852 -0.700475 -0.652166 0.217643 -0.652929 0.725476 -0.267261 -0.801784 -0.534522
-0.382507 -0.869335 0.312961 0.794358 -0.607450 0.000000 0.222834 -0.928477 0.297113 -0.803379 -0.580218 0.133897 0.000000 -0.803557 0.595228 -0.064617 -0.872330 0.484628 0.259010 -0.744652 -0.615148 0.217643 -0.652929 0.725476 -0.272541 -0.792847 -0.545082
-0.371232 -0.877457 0.303735 0.794358 -0.607450 0.000000 0.222834 -0.928477 0.297113 -0.803379 -0.580218 0.133897 0.000000 -0.803557 0.595228 -0.061988 -0.898820 0.433913 0.277851 -0.729360 -0.625166 0.033296 -0.865705 0.499445 -0.231539 -0.793849 -0.562310
-0.411597 -0.857493 0.308697 0.789352 -0.613941 0.000000 0.222834 -0.928477 0.297113 -0.803379 -0.580218 0.133897 0.000000 -0.803557 0.595228 -0.030069 -0.932146 0.360831 0.271244 -0.736235 -0.619987 0.000000 -0.906183 0.422885 -0.269630 -0.770371 -0.577778
-0.371232 -0.877457 0.303735 0.685365 -0.728200 0.000000 0.314102 -0.907406 0.279202 -0.704673 -0.704673 0.082903 0.000000 -0.849640 0.527363 -0.028467 -0.939413 0.341605 0.207257 -0.787575 -0.580319 -0.028940 -0.926079 0.376219 -0.243935 -0.813116 -0.528525
-0.337484 -0.911206 0.236239 0.613351 -0.788594 0.043811 0.259010 -0.938910 0.226633 -0.617540 -0.782218 0.082339 -0.028989 -0.869657 0.492805 -0.062838 -0.879738 0.471288 0.173712 -0.897514 -0.405329 0.000000 -0.868243 0.496139 -0.206869 -0.886581 -0.413738
-0.206406 -0.963229 0.172005 0.430134 -0.899371 0.078206 0.193548 -0.967742 0.161290 -0.461197 -0.883962 0.076866 -0.028284 -0.905097 0.424264 -0.061988 -0.898820 0.433913 0.126229 -0.959339 -0.252458 0.000000 -0.894427 0.447214 -0.184147 -0.947041 -0.263067
-0.033241 -0.997234 0.066482 0.283375 -0.956389 0.070844 0.064349 -0.997409 0.032174 -0.241955 -0.967822 0.069130 -0.027017 -0.945601 0.324206 -0.083398 -0.917375 0.389189 0.136434 -0.977778 -0.159173 -0.027186 -0.924336 0.380609 -0.166572 -0.975638 -0.142776
0.066482 -0.997234 -0.033241 0.127386 -0.987241 0.095539 0.000000 -1.000000 0.000000 -0.031235 -0.999512 0.000000 0.000000 -0.973080 0.230466 -0.069580 -0.950920 0.301511 0.138050 -0.989356 -0.046017 -0.022887 -0.961272 0.274649 -0.187061 -0.982070 -0.023383
0.060467 -0.997712 -0.030234 0.068761 -0.997041 0.034381 0.000000 -0.999445 -0.033315 0.033315 -0.999445 0.000000 0.024126 -0.989173 0.144757 -0.040757 -0.978167 0.203785 0.086306 -0.992523 0.086306 -0.041913 -0.984955 0.167652 -0.149207 -0.980500 0.127891
0.000000 -0.998274 -0.058722 0.000000 -0.999201 -0.039968 0.034442 -0.998813 -0.034442 0.073821 -0.996588 -0.036911 0.024268 -0.994982 0.097071 0.000000 -0.996938 0.078191 0.078492 -0.981147 0.176606 -0.020387 -0.998960 -0.040774 -0.134890 -0.963500 0.231240
-0.110389 -0.993505 -0.027597 0.082974 -0.995688 -0.041487 0.132092 -0.990687 -0.033023 0.000000 -0.999261 -0.038433 0.023742 -0.997178 0.071227 0.058621 -0.996558 -0.058621 0.074744 -0.971666 0.224231 -0.081633 -0.979592 -0.183673 -0.110189 -0.954973 0.275473
-0.164153 -0.984916 -0.054718 0.114291 -0.990521 -0.076194 0.058621 -0.996558 -0.058621 0.000000 -0.998969 -0.045408 0.023742 -0.997178 0.071227 0.099860 -0.978631 -0.179749 0.054384 -0.960782 0.271919 -0.144893 -0.952154 -0.269087 -0.071281 -0.944473 0.320764
-0.177627 -0.976947 -0.118418 0.118771 -0.989759 -0.079181 0.062257 -0.996116 -0.062257 0.000000 -0.999133 -0.041631 0.000000 -0.998920 0.046461 0.106746 -0.960714 -0.256190 0.036102 -0.956704 0.288816 -0.154907 -0.951570 -0.265554 -0.053520 -0.945524 0.321122
-0.122570 -0.980562 -0.153213 0.123613 -0.988903 -0.082409 0.000000 -0.994309 -0.106533 -0.071202 -0.996826 -0.035601 0.000000 -0.998969 0.045408 0.066002 -0.968027 -0.242007 0.036930 -0.960168 0.276972 -0.117655 -0.964773 -0.235310 -0.053821 -0.950835 0.304985
-0.061314 -0.981023 -0.183942 0.146157 -0.986559 -0.073078 -0.064084 -0.993304 -0.096126 -0.038405 -0.998524 -0.038405 0.000000 -0.998812 0.048723 0.023275 -0.977538 -0.209472 0.037113 -0.964951 0.259794 -0.070535 -0.987484 -0.141069 -0.055347 -0.959351 0.276736
0.000000 -0.975441 -0.220261 0.188713 -0.981307 -0.037743 -0.095880 -0.990764 -0.095880 -0.110357 -0.993211 -0.036786 -0.024961 -0.998441 0.049922 0.023383 -0.982070 -0.187061 0.056126 -0.972855 0.224505 -0.047232 -0.991880 -0.118081 -0.055622 -0.964121 0.259571
0.032444 -0.973329 -0.227110 0.216789 -0.975550 -0.036131 -0.127386 -0.987241 -0.095539 -0.106466 -0.993683 -0.035489 -0.024868 -0.994729 0.099473 0.000000 -0.989949 -0.141421 0.056354 -0.976795 0.206630 -0.046262 -0.994635 -0.092524 -0.056126 -0.972855 0.224505
0.065233 -0.978492 -0.195698 0.216789 -0.975550 -0.036131 -0.158910 -0.985245 -0.063564 -0.136558 -0.990044 -0.034139 0.000000 -0.996729 0.080816 0.000000 -0.993307 -0.115501 0.056756 -0.983762 0.170267 -0.023150 -0.995434 -0.092599 -0.056126 -0.972855 0.224505
0.095106 -0.982766 -0.158511 0.242390 -0.969561 -0.034627 -0.154083 -0.986134 -0.061633 -0.164310 -0.985861 -0.032862 0.000000 -0.996347 0.085401 0.000000 -0.996241 -0.086630 0.055882 -0.987254 0.149019 -0.044130 -0.992916 -0.110324 -0.055537 -0.981145 0.185122
0.061633 -0.986134 -0.154083 0.338719 -0.940887 0.000000 -0.123797 -0.990375 -0.061898 -0.181608 -0.980684 -0.072643 -0.027597 -0.993505 0.110389 0.000000 -0.997969 -0.063700 0.074783 -0.990871 0.112174 -0.042277 -0.993500 -0.105691 -0.055882 -0.987254 0.149019
0.091756 -0.978726 -0.183511 0.371135 -0.927837 0.037113 -0.120114 -0.990942 -0.060057 -0.181969 -0.982631 -0.036394 0.000000 -0.996347 0.085401 0.019960 -0.998006 -0.059880 0.075045 -0.994352 0.075045 -0.039841 -0.996024 -0.079682 -0.074783 -0.990871 0.112174
0.060523 -0.968364 -0.242091 0.371135 -0.927837 0.037113 -0.123797 -0.990375 -0.061898 -0.175682 -0.983820 -0.035136 0.000000 -0.996546 0.083045 0.039178 -0.999040 -0.019589 0.093659 -0.992781 0.074927 -0.057554 -0.997605 -0.038369 -0.056264 -0.994002 0.093774
0.060057 -0.960913 -0.270257 0.358979 -0.933346 0.000000 -0.123797 -0.990375 -0.061898 -0.175791 -0.984428 0.000000 0.000000 -0.998542 0.053975 0.019980 -0.999001 0.039960 0.091948 -0.993043 0.073559 -0.019604 -0.999808 0.000000 -0.074783 -0.990871 0.112174
0.029540 -0.945274 -0.324938 0.389640 -0.920967 0.000000 -0.183511 -0.978726 -0.091756 -0.136558 -0.990044 -0.034139 0.000000 -0.998868 0.047565 -0.020611 -0.989323 0.144276 0.116753 -0.992398 0.038918 0.000000 -0.997969 0.063700 -0.076346 -0.992504 0.095433
0.029735 -0.921787 -0.386556 0.335578 -0.939618 -0.067116 -0.201319 -0.977835 -0.057520 -0.136320 -0.988317 -0.068160 -0.023224 -0.998651 0.046449 -0.021238 -0.976956 0.212382 0.126604 -0.991729 -0.021101 0.022355 -0.983624 0.178841 -0.103584 -0.994405 0.020717
0.058421 -0.934730 -0.350524 0.334637 -0.936984 -0.100391 -0.228665 -0.971825 -0.057166 -0.131519 -0.986394 -0.098639 0.000000 -1.000000 0.000000 0.000000 -0.950871 0.309586 0.110003 -0.990028 -0.088002 0.023402 -0.959475 0.280822 -0.110190 -0.991709 -0.066114
0.095154 -0.919824 -0.380617 0.324443 -0.940884 -0.097333 -0.207140 -0.976519 -0.059183 -0.169031 -0.980379 -0.101419 0.000000 -0.999717 0.023803 -0.053819 -0.968736 0.242184 0.118846 -0.974535 -0.190153 0.024246 -0.921364 0.387943 -0.117041 -0.983146 -0.140449
0.095346 -0.953463 -0.286039 0.294963 -0.950437 -0.098321 -0.178568 -0.982125 -0.059523 -0.169031 -0.980379 -0.101419 0.000000 -1.000000 0.000000 -0.029223 -0.964352 0.263005 0.099442 -0.969561 -0.223745 0.025110 -0.903964 0.426872 -0.119352 -0.978690 -0.167093
0.095106 -0.982766 -0.158511 0.273275 -0.956462 -0.102478 -0.178806 -0.983433 0.029801 -0.140633 -0.984428 -0.105474 0.000000 -1.000000 0.000000 -0.060523 -0.968364 0.242091 0.098863 -0.963918 -0.247159 0.024838 -0.894151 0.447076 -0.121662 -0.973297 -0.194659
0.098639 -0.986394 -0.131519 0.274559 -0.960958 -0.034320 -0.127971 -0.991778 0.000000 -0.146450 -0.988540 -0.036613 0.000000 -1.000000 0.000000 -0.062348 -0.966394 0.249392 0.122462 -0.955205 -0.269417 0.024838 -0.894151 0.447076 -0.121662 -0.973297 -0.194659
0.099015 -0.990148 -0.099015 0.242536 -0.970143 0.000000 -0.068761 -0.997041 -0.034381 -0.146549 -0.989203 0.000000 0.000000 -0.999688 0.024992 -0.059183 -0.976519 0.207140 0.123241 -0.961280 -0.246482 0.024296 -0.898970 0.437337 -0.121054 -0.968435 -0.217898
0.064084 -0.993304 -0.096126 0.250801 -0.967375 0.035829 -0.110133 -0.991201 -0.073422 -0.110357 -0.993211 0.036786 0.000000 -0.999703 0.024383 -0.056232 -0.984063 0.168696 0.118846 -0.974535 -0.190153 0.023716 -0.924908 0.379450 -0.116627 -0.979663 -0.163277
0.032092 -0.994837 -0.096275 0.216366 -0.973645 0.072122 -0.102359 -0.989467 -0.102359 -0.110357 -0.993211 0.036786 0.000000 -0.999703 0.024383 -0.052271 -0.993146 0.104542 0.117688 -0.988577 -0.094150 0.023939 -0.957552 0.287266 -0.112452 -0.989576 -0.089961
0.033150 -0.994490 -0.099449 0.216366 -0.973645 0.072122 -0.066372 -0.995585 -0.066372 -0.141333 -0.989331 0.035333 0.000000 -0.999688 0.024992 -0.049798 -0.995962 0.074697 0.112795 -0.992593 -0.045118 0.000000 -0.971520 0.236956 -0.086548 -0.995307 -0.043274
0.032092 -0.994837 -0.096275 0.224231 -0.971666 0.074744 -0.066372 -0.995585 -0.066372 -0.141333 -0.989331 0.035333 0.000000 -0.999717 0.023803 0.000000 -0.987580 0.157115 0.112881 -0.993352 0.022576 -0.024035 -0.985452 0.168248 -0.063643 -0.997070 0.042429
0.000000 -0.995350 -0.096324 0.224231 -0.971666 0.074744 -0.066372 -0.995585 -0.066372 -0.146450 -0.988540 0.036613 0.000000 -1.000000 0.000000 0.021413 -0.984986 0.171302 0.107833 -0.992062 0.064700 -0.024204 -0.992355 0.121019 -0.060908 -0.994834 0.081211
0.000000 -0.995350 -0.096324 0.224231 -0.971666 0.074744 -0.066372 -0.995585 -0.066372 -0.146450 -0.988540 0.036613 0.000000 -0.999717 -0.023803 0.042052 -0.988215 0.147181 0.086126 -0.990450 0.107658 -0.048593 -0.996156 0.072889 -0.040481 -0.991773 0.121442
0.000000 -0.991778 -0.127971 0.224231 -0.971666 0.074744 -0.099286 -0.992855 -0.066190 -0.146450 -0.988540 0.036613 0.000000 -0.999717 -0.023803 0.061728 -0.987646 0.144032 0.085907 -0.987935 0.128861 -0.048665 -0.997629 0.048665 -0.039583 -0.989566 0.138539
0.000000 -0.992278 -0.124035 0.224702 -0.973708 0.037450 -0.068160 -0.988317 -0.136320 -0.146450 -0.988540 0.036613 -0.023803 -0.999717 0.000000 0.063008 -0.987125 0.147019 0.084122 -0.988434 0.126183 -0.072889 -0.996156 0.048593 -0.019803 -0.990148 0.138621
-0.061314 -0.981023 -0.183942 0.250801 -0.967375 0.035829 -0.065618 -0.984268 -0.164045 -0.146450 -0.988540 0.036613 -0.023250 -0.999730 0.000000 0.063189 -0.989967 0.126379 0.083881 -0.985604 0.146792 -0.072954 -0.997039 0.024318 -0.019803 -0.990148 0.138621
-0.063214 -0.979816 -0.189642 0.274721 -0.961524 0.000000 -0.094585 -0.977378 -0.189170 -0.146450 -0.988540 0.036613 -0.023803 -0.999717 0.000000 0.043183 -0.993217 0.107958 0.084122 -0.988434 0.126183 -0.072954 -0.997039 0.024318 0.000000 -0.990342 0.138648
-0.062807 -0.973515 -0.219826 0.284088 -0.958798 0.000000 -0.094585 -0.977378 -0.189170 -0.152057 -0.988372 0.000000 -0.023250 -0.999730 0.000000 0.043274 -0.995307 0.086548 0.085907 -0.987935 0.128861 -0.072954 -0.997039 0.024318 0.000000 -0.989949 0.141421
-0.031450 -0.974958 -0.220152 0.242536 -0.970143 0.000000 -0.094585 -0.977378 -0.189170 -0.152057 -0.988372 0.000000 -0.023243 -0.999460 0.023243 0.064836 -0.994144 0.086447 0.064535 -0.989533 0.129070 -0.072954 -0.997039 0.024318 0.000000 -0.989949 0.141421
-0.031220 -0.967805 -0.249756 0.242536 -0.970143 0.000000 -0.093980 -0.971124 -0.219286 -0.146549 -0.989203 0.000000 -0.023243 -0.999460 0.023243 0.064836 -0.994144 0.086447 0.064700 -0.992062 0.107833 -0.072954 -0.997039 0.024318 0.000000 -0.992586 0.121541
