-0.359443 -0.898606 0.251610 0.960159 -0.218218 -0.174574 0.538575 -0.837783 0.089762 -0.948683 -0.316228 0.000000 0.000000 -0.784046 0.620703 -0.333333 -0.666667 0.666667 0.610389 -0.076299 -0.788419 0.283132 -0.647158 0.707829 -0.455004 -0.101112 -0.884730
-0.386501 -0.878410 0.281091 0.968496 -0.176090 -0.176090 0.591150 -0.806114 -0.026870 -0.948683 -0.316228 0.000000 0.033315 -0.799556 0.599667 -0.328998 -0.657996 0.677349 0.611378 -0.050948 -0.789697 0.275571 -0.649561 0.708612 -0.456025 -0.076004 -0.886716
-0.386501 -0.878410 0.281091 0.975133 -0.177297 -0.132973 0.610389 -0.788419 -0.076299 -0.956730 -0.287019 0.047836 0.033315 -0.799556 0.599667 -0.301999 -0.696921 0.650460 0.639346 -0.051148 -0.767216 0.271755 -0.640565 0.718210 -0.456025 -0.076004 -0.886716
-0.398750 -0.869999 0.290000 0.961074 -0.262111 -0.087370 0.624610 -0.774516 -0.099938 -0.924500 -0.369800 0.092450 0.065198 -0.782378 0.619382 -0.272166 -0.680414 0.680414 0.556890 -0.238667 -0.795557 0.143427 -0.788851 0.597614 -0.419982 -0.229081 -0.878144
-0.443813 -0.853486 0.273115 0.910975 -0.409939 -0.045549 0.588882 -0.805838 -0.061988 -0.790912 -0.604815 0.093048 0.061142 -0.764272 0.641989 -0.217643 -0.652929 0.725476 0.442193 -0.442193 -0.780340 0.144757 -0.699659 0.699659 -0.393038 -0.423272 -0.816310
-0.443813 -0.853486 0.273115 0.767523 -0.639602 -0.042640 0.473016 -0.878459 0.067574 -0.679775 -0.722261 0.127458 0.031342 -0.752207 0.658181 -0.197908 -0.667940 0.717418 0.355600 -0.635001 -0.685801 0.106112 -0.689726 0.716253 -0.314158 -0.656875 -0.685435
-0.467365 -0.876309 0.116841 0.664364 -0.747409 0.000000 0.289241 -0.940032 0.180775 -0.611593 -0.786334 0.087370 0.029907 -0.777593 0.628056 -0.154816 -0.748278 0.645067 0.296862 -0.766895 -0.568986 0.082887 -0.690724 0.718353 -0.254411 -0.788674 -0.559704
-0.314814 -0.944443 0.094444 0.496139 -0.868243 0.000000 0.106938 -0.962446 0.249523 -0.463595 -0.885044 0.042145 0.028375 -0.822881 0.567504 -0.130410 -0.808543 0.573805 0.241121 -0.868037 -0.434019 0.028183 -0.760941 0.648209 -0.213681 -0.878466 -0.427362
-0.131519 -0.986394 0.098639 0.338719 -0.940887 0.000000 -0.074744 -0.971666 0.224231 -0.315981 -0.947943 -0.039498 0.026252 -0.866324 0.498792 -0.098894 -0.890043 0.445021 0.216820 -0.939554 -0.265003 -0.026698 -0.827624 0.560648 -0.162967 -0.931240 -0.325934
0.034442 -0.998813 0.034442 0.195698 -0.978492 0.065233 -0.181608 -0.980684 0.072643 -0.146450 -0.988540 -0.036613 0.025110 -0.903964 0.426872 -0.044455 -0.933564 0.355643 0.174673 -0.973177 -0.149720 -0.047511 -0.902717 0.427603 -0.144799 -0.965328 -0.217199
0.102359 -0.989467 -0.102359 0.127386 -0.987241 0.095539 -0.136558 -0.990044 -0.034139 -0.034442 -0.998813 -0.034442 0.024126 -0.940921 0.337766 -0.065233 -0.978492 0.195698 0.144757 -0.989173 -0.024126 -0.063529 -0.952928 0.296466 -0.120736 -0.990038 -0.072442
0.130396 -0.977972 -0.162995 0.095106 -0.982766 0.158511 -0.127386 -0.987241 -0.095539 0.000000 -1.000000 0.000000 0.049296 -0.961280 0.271130 -0.040706 -0.997304 0.061059 0.115011 -0.989094 0.092009 -0.056354 -0.976795 0.206630 -0.118081 -0.991880 0.047232
0.152570 -0.976445 -0.152570 0.065618 -0.984268 0.164045 -0.060057 -0.990942 -0.120114 0.000000 -0.997630 0.068802 0.024507 -0.980286 0.196057 0.039156 -0.998466 -0.039156 0.086026 -0.967798 0.236573 -0.075244 -0.996988 0.018811 -0.106071 -0.975856 0.190928
0.085091 -0.992733 -0.085091 0.109254 -0.983282 0.145671 -0.026978 -0.998179 -0.053956 -0.043274 -0.995307 0.086548 0.046919 -0.985308 0.164218 0.095087 -0.988908 -0.114105 0.062271 -0.954817 0.290597 -0.116052 -0.986440 -0.116052 -0.100040 -0.960384 0.260104
0.028513 -0.997965 -0.057027 0.199840 -0.959233 0.199840 -0.062348 -0.997567 0.031174 -0.073671 -0.994558 0.073671 0.046262 -0.994635 0.092524 0.096674 -0.986071 -0.135343 0.040250 -0.945883 0.322003 -0.136939 -0.978138 -0.156502 -0.100830 -0.947804 0.302491
0.031235 -0.999512 0.000000 0.213470 -0.960617 0.177892 -0.127710 -0.989754 0.063855 -0.118308 -0.985904 0.118308 0.045222 -0.994874 0.090443 0.120653 -0.985335 -0.120653 0.020528 -0.944298 0.328451 -0.122373 -0.978980 -0.163163 -0.100830 -0.947804 0.302491
0.055449 -0.998077 -0.027724 0.254457 -0.933008 0.254457 -0.219286 -0.971124 0.093980 -0.145671 -0.983282 0.109254 0.043396 -0.998115 0.043396 0.101326 -0.992994 -0.060796 0.042400 -0.953998 0.296799 -0.104944 -0.986472 -0.125933 -0.098937 -0.949797 0.296812
0.062378 -0.998053 0.000000 0.219382 -0.950654 0.219382 -0.232559 -0.963460 0.132891 -0.174821 -0.978997 0.104893 0.022698 -0.998711 0.045396 0.083028 -0.996331 -0.020757 0.041559 -0.955847 0.290910 -0.062324 -0.997191 -0.041550 -0.082903 -0.953381 0.290159
0.064382 -0.997925 0.000000 0.245350 -0.946350 0.210300 -0.263609 -0.955582 0.131804 -0.169031 -0.980379 0.101419 0.000000 -0.998868 0.047565 0.083028 -0.996331 -0.020757 0.041559 -0.955847 0.290910 -0.042505 -0.998870 -0.021253 -0.101998 -0.958784 0.265196
0.093341 -0.995634 0.000000 0.255604 -0.949386 0.182574 -0.240239 -0.960958 0.137280 -0.201574 -0.974274 0.100787 0.000000 -0.998812 0.048723 0.061110 -0.998131 0.000000 0.041803 -0.961468 0.271719 -0.021272 -0.999774 0.000000 -0.102533 -0.963811 0.246079
0.096324 -0.995350 0.000000 0.255604 -0.949386 0.182574 -0.240239 -0.960958 0.137280 -0.233463 -0.967204 0.100056 -0.024961 -0.998441 0.049922 0.061110 -0.998131 0.000000 0.041196 -0.968095 0.247173 -0.020829 -0.999783 0.000000 -0.101015 -0.969746 0.222234
0.149805 -0.988716 0.000000 0.245350 -0.946350 0.210300 -0.200782 -0.970448 0.133855 -0.233463 -0.967204 0.100056 -0.024961 -0.998441 0.049922 0.039968 -0.999201 0.000000 0.039794 -0.974943 0.218865 -0.039936 -0.998404 -0.039936 -0.080961 -0.971533 0.222643
0.145494 -0.989359 0.000000 0.307692 -0.923077 0.230769 -0.183511 -0.978726 0.091756 -0.224231 -0.971666 0.074744 -0.026270 -0.998273 0.052541 0.039960 -0.999001 -0.019980 0.058733 -0.978888 0.195778 -0.039156 -0.998466 -0.039156 -0.080032 -0.980392 0.180072
0.120331 -0.992734 0.000000 0.289241 -0.940032 0.180775 -0.153719 -0.983801 0.092231 -0.268833 -0.960119 0.076810 -0.053956 -0.998179 0.026978 0.039186 -0.999232 0.000000 0.060108 -0.981769 0.180325 -0.037682 -0.998579 -0.037682 -0.080306 -0.983745 0.160611
0.123975 -0.991801 -0.030994 0.247025 -0.952809 0.176446 -0.116791 -0.992727 0.029198 -0.292314 -0.950019 0.109618 -0.048708 -0.998516 0.024354 0.019992 -0.999600 -0.019992 0.078980 -0.987248 0.138215 -0.056473 -0.997694 0.037649 -0.079181 -0.989759 0.118771
0.090371 -0.994084 -0.060248 0.238976 -0.955904 0.170697 -0.083014 -0.996164 0.027671 -0.325183 -0.939418 0.108394 -0.046449 -0.998651 0.023224 0.021229 -0.997744 0.063686 0.079352 -0.991900 0.099190 -0.018946 -0.985174 0.170511 -0.101181 -0.991570 0.080944
0.058321 -0.991460 -0.116642 0.240239 -0.960958 0.137280 -0.083045 -0.996546 0.000000 -0.314485 -0.943456 0.104828 -0.045396 -0.998711 0.022698 0.000000 -0.988372 0.152057 0.103517 -0.993765 0.041407 0.000000 -0.954480 0.298275 -0.124035 -0.992278 0.000000
0.056232 -0.984063 -0.168696 0.248421 -0.958194 0.141955 -0.055449 -0.998077 -0.027724 -0.387458 -0.915811 0.105670 -0.045396 -0.998711 0.022698 -0.023275 -0.907713 0.418945 0.112881 -0.993352 -0.022576 0.045129 -0.947717 0.315906 -0.163992 -0.983955 -0.070282
0.059183 -0.976519 -0.207140 0.241236 -0.964944 0.103387 -0.110389 -0.993505 -0.027597 -0.347105 -0.937184 0.034711 -0.047552 -0.998586 0.023776 -0.076696 -0.920358 0.383482 0.151620 -0.985527 -0.075810 0.096844 -0.944224 0.314741 -0.184852 -0.977073 -0.105630
0.062348 -0.966394 -0.249392 0.216366 -0.973645 0.072122 -0.159152 -0.986741 -0.031830 -0.316228 -0.948683 0.000000 -0.048665 -0.997629 0.048665 -0.071449 -0.833570 0.547774 0.162221 -0.973329 -0.162221 0.104470 -0.914115 0.391764 -0.141705 -0.963594 -0.226728
0.062807 -0.973515 -0.219826 0.249523 -0.962446 0.106938 -0.154303 -0.987541 -0.030861 -0.284088 -0.958798 0.000000 -0.049922 -0.998441 0.024961 -0.136692 -0.874826 0.464752 0.187485 -0.964209 -0.187485 0.112464 -0.899714 0.421741 -0.133535 -0.961454 -0.240363
0.091203 -0.972829 -0.212806 0.215666 -0.970495 0.107833 -0.159152 -0.986741 -0.031830 -0.274721 -0.961524 0.000000 -0.074767 -0.996890 0.024922 -0.147442 -0.884652 0.442326 0.182761 -0.966021 -0.182761 0.113776 -0.910208 0.398216 -0.133535 -0.961454 -0.240363
0.063214 -0.979816 -0.189642 0.258375 -0.959678 0.110732 -0.159152 -0.986741 -0.031830 -0.284088 -0.958798 0.000000 -0.074697 -0.995962 0.049798 -0.147122 -0.912159 0.382518 0.191368 -0.956841 -0.218707 0.116791 -0.905134 0.408770 -0.132640 -0.955005 -0.265279
0.094585 -0.977378 -0.189170 0.223452 -0.968291 0.111726 -0.131876 -0.989071 -0.065938 -0.283909 -0.958194 -0.035489 -0.048665 -0.997629 0.048665 -0.111240 -0.945539 0.305910 0.160586 -0.963518 -0.214115 0.110264 -0.937240 0.330791 -0.130189 -0.963398 -0.234340
0.065233 -0.978492 -0.195698 0.223452 -0.968291 0.111726 -0.099015 -0.990148 -0.099015 -0.284088 -0.958798 0.000000 -0.048665 -0.997629 0.048665 -0.101896 -0.968015 0.229267 0.158059 -0.974697 -0.158059 0.126229 -0.959339 0.252458 -0.156545 -0.965363 -0.208727
0.095106 -0.982766 -0.158511 0.224231 -0.971666 0.074744 -0.063855 -0.989754 -0.127710 -0.242390 -0.969561 -0.034627 -0.048708 -0.998516 0.024354 -0.071940 -0.983182 0.167860 0.151620 -0.985527 -0.075810 0.066194 -0.948786 0.308907 -0.150851 -0.980531 -0.125709
0.067806 -0.983192 -0.169516 0.224231 -0.971666 0.074744 -0.063855 -0.989754 -0.127710 -0.259794 -0.964951 -0.037113 -0.047552 -0.998586 0.023776 -0.046262 -0.994635 0.092524 0.118180 -0.992711 0.023636 0.040505 -0.951877 0.303791 -0.141382 -0.989675 -0.023564
0.033962 -0.984892 -0.169809 0.223452 -0.968291 0.111726 -0.030861 -0.987541 -0.154303 -0.250962 -0.967997 0.000000 -0.022716 -0.999484 0.022716 -0.045303 -0.996659 0.067954 0.115225 -0.990931 0.069135 0.020105 -0.965031 0.261363 -0.112795 -0.992593 0.045118
0.035136 -0.983820 -0.175682 0.215666 -0.970495 0.107833 -0.030861 -0.987541 -0.154303 -0.250962 -0.967997 0.000000 -0.023250 -0.999730 0.000000 -0.022211 -0.999507 0.022211 0.067403 -0.988577 0.134806 0.000000 -0.975716 0.219038 -0.089961 -0.989576 0.112452
0.033962 -0.984892 -0.169809 0.223452 -0.968291 0.111726 -0.031830 -0.986741 -0.159152 -0.216930 -0.976187 0.000000 -0.022721 -0.999742 0.000000 0.000000 -0.999730 -0.023250 0.042796 -0.984309 0.171184 0.000000 -0.983547 0.180652 -0.087496 -0.984327 0.153118
0.033748 -0.978703 -0.202490 0.215666 -0.970495 0.107833 -0.030861 -0.987541 -0.154303 -0.224860 -0.974391 0.000000 -0.022721 -0.999742 0.000000 0.000000 -0.998920 -0.046461 0.042448 -0.976296 0.212238 -0.020611 -0.989323 0.144276 -0.063873 -0.979389 0.191620
0.033501 -0.971537 -0.234509 0.215666 -0.970495 0.107833 0.000000 -0.982872 -0.184289 -0.224860 -0.974391 0.000000 0.000000 -1.000000 0.000000 0.023224 -0.998651 -0.046449 0.021138 -0.972362 0.232521 -0.021101 -0.991729 0.126604 -0.062311 -0.976205 0.207703
0.000000 -0.963993 -0.265929 0.259259 -0.962963 0.074074 0.029630 -0.977805 -0.207413 -0.224702 -0.973708 -0.037450 -0.023250 -0.999730 0.000000 0.023224 -0.998651 -0.046449 0.020915 -0.962099 0.271898 -0.042362 -0.995504 0.084724 -0.021031 -0.967403 0.252366
0.032915 -0.954547 -0.296239 0.304555 -0.951734 0.038069 0.029437 -0.971429 -0.235498 -0.216366 -0.973645 -0.072122 0.000000 -0.999730 -0.023250 0.046411 -0.997844 -0.046411 0.000000 -0.960714 0.277540 -0.043274 -0.995307 0.086548 -0.021031 -0.967403 0.252366
0.031607 -0.948209 -0.316070 0.316228 -0.948683 0.000000 0.000000 -0.971850 -0.235600 -0.216366 -0.973645 -0.072122 0.000000 -0.999730 -0.023250 0.047511 -0.997740 -0.047511 0.021344 -0.960495 0.277476 -0.043396 -0.998115 0.043396 -0.021344 -0.960495 0.277476
0.031607 -0.948209 -0.316070 0.338719 -0.940887 0.000000 0.000000 -0.973417 -0.229039 -0.188311 -0.979217 -0.075324 0.000000 -0.999730 -0.023250 0.047511 -0.997740 -0.047511 0.021344 -0.960495 0.277476 -0.043396 -0.998115 0.043396 -0.021791 -0.958790 0.283279
0.096275 -0.930654 -0.353007 0.304776 -0.952424 0.000000 0.000000 -0.964764 -0.263117 -0.181012 -0.977466 -0.108607 0.022716 -0.999484 -0.022716 0.047511 -0.997740 -0.047511 0.021791 -0.958790 0.283279 -0.043437 -0.999056 0.000000 -0.021791 -0.958790 0.283279
0.096275 -0.930654 -0.353007 0.304776 -0.952424 0.000000 0.000000 -0.971850 -0.235600 -0.181012 -0.977466 -0.108607 0.023224 -0.998651 -0.046449 0.047511 -0.997740 -0.047511 0.021791 -0.958790 0.283279 -0.043437 -0.999056 0.000000 -0.021791 -0.958790 0.283279
0.096275 -0.930654 -0.353007 0.304776 -0.952424 0.000000 0.029437 -0.971429 -0.235498 -0.187647 -0.975763 -0.112588 0.000000 -0.998920 -0.046461 0.047511 -0.997740 -0.047511 0.021791 -0.958790 0.283279 -0.043437 -0.999056 0.000000 -0.022255 -0.956974 0.289318
