-0.487179 -0.871795 0.051282 0.879599 -0.395820 -0.263880 0.267710 -0.903521 0.334637 -0.890871 -0.445435 -0.089087 -0.062715 -0.721219 0.689862 -0.145432 -0.901681 0.407211 0.442193 -0.442193 -0.780340 0.317772 -0.703637 0.635543 -0.467730 -0.363790 -0.805535
-0.487179 -0.871795 0.051282 0.894427 -0.357771 -0.268328 0.267710 -0.903521 0.334637 -0.890871 -0.445435 -0.089087 -0.031404 -0.722285 0.690882 -0.115230 -0.950649 0.288076 0.451292 -0.451292 -0.769851 0.250974 -0.684475 0.684475 -0.394600 -0.368294 -0.841814
-0.487179 -0.871795 0.051282 0.894427 -0.357771 -0.268328 0.276026 -0.897085 0.345033 -0.872872 -0.480079 -0.087287 -0.031404 -0.722285 0.690882 -0.085575 -0.969846 0.228199 0.456633 -0.429772 -0.778962 0.225589 -0.654209 0.721886 -0.360280 -0.386014 -0.849230
-0.487179 -0.871795 0.051282 0.894427 -0.357771 -0.268328 0.276026 -0.897085 0.345033 -0.872872 -0.480079 -0.087287 -0.030069 -0.721662 0.691592 -0.251896 -0.755689 0.604551 0.472866 -0.394055 -0.788110 0.222277 -0.666831 0.711287 -0.363790 -0.363790 -0.857505
-0.487179 -0.871795 0.051282 0.863868 -0.431934 -0.259161 0.279202 -0.907406 0.314102 -0.804334 -0.592667 -0.042333 -0.061314 -0.735767 0.674453 -0.266242 -0.750317 0.605095 0.445827 -0.472052 -0.760529 0.204229 -0.680764 0.703456 -0.333773 -0.462147 -0.821594
-0.467257 -0.882596 0.051917 0.771035 -0.599694 -0.214176 0.301511 -0.904534 0.301511 -0.764911 -0.644136 0.000000 -0.059949 -0.749363 0.659440 -0.306925 -0.684679 0.661069 0.438646 -0.567659 -0.696673 0.185296 -0.694862 0.694862 -0.301037 -0.551900 -0.777678
-0.341589 -0.931605 0.124214 0.722806 -0.677631 -0.135526 0.170697 -0.955904 0.238976 -0.644136 -0.764911 0.000000 -0.089403 -0.774826 0.625821 -0.360694 -0.804625 0.471677 0.433060 -0.662326 -0.611378 0.135086 -0.891566 0.432275 -0.276648 -0.704194 -0.653894
-0.071067 -0.994937 0.071067 0.514496 -0.857493 0.000000 0.000000 -0.984428 0.175791 -0.478852 -0.877896 0.000000 -0.058371 -0.788006 0.612894 -0.276289 -0.911755 0.303918 0.354800 -0.785629 -0.506857 0.132360 -0.820634 0.555914 -0.252780 -0.808896 -0.530838
0.141069 -0.987484 0.070535 0.328521 -0.944497 0.000000 -0.102839 -0.994107 0.034280 -0.316228 -0.948683 0.000000 -0.028149 -0.844484 0.534840 -0.225733 -0.959366 0.169300 0.277527 -0.883039 -0.378445 0.081081 -0.972973 0.216216 -0.205602 -0.899508 -0.385503
0.169907 -0.985460 0.000000 0.216789 -0.975550 0.036131 -0.241955 -0.967822 -0.069130 -0.146450 -0.988540 -0.036613 -0.027257 -0.899480 0.436111 -0.130057 -0.988431 0.078034 0.209370 -0.942163 -0.261712 0.026270 -0.998273 0.052541 -0.180799 -0.955654 -0.232456
0.102359 -0.989467 -0.102359 0.099449 -0.994490 0.033150 -0.199778 -0.965594 -0.166482 -0.034442 -0.998813 -0.034442 -0.025880 -0.931692 0.362325 -0.069580 -0.997307 0.023193 0.129750 -0.986099 -0.103800 0.000000 -1.000000 0.000000 -0.151620 -0.985527 -0.075810
0.035333 -0.989331 -0.141333 0.032174 -0.997409 0.064349 -0.104194 -0.972480 -0.208389 0.066482 -0.997234 -0.033241 0.000000 -0.958536 0.284970 -0.041550 -0.997191 -0.062324 0.096986 -0.994104 0.048493 0.000000 -0.998053 -0.062378 -0.144631 -0.988311 0.048210
-0.033023 -0.990687 -0.132092 -0.034381 -0.997041 0.068761 0.033023 -0.990687 -0.132092 0.034442 -0.998813 -0.034442 0.000000 -0.973080 0.230466 0.059785 -0.996419 -0.059785 0.021874 -0.984327 0.174991 -0.078132 -0.996177 -0.039066 -0.130158 -0.976187 0.173544
-0.063855 -0.989754 -0.127710 0.000000 -0.997459 0.071247 0.101944 -0.985460 -0.135926 0.000000 -0.999406 0.034462 0.024507 -0.980286 0.196057 0.094323 -0.980957 -0.169781 0.020207 -0.969944 0.242486 -0.132548 -0.984644 -0.113613 -0.120386 -0.963087 0.240772
-0.060248 -0.994084 -0.090371 0.073671 -0.994558 0.073671 0.031099 -0.995153 -0.093296 0.000000 -0.997268 0.073872 0.025335 -0.988054 0.152008 0.152140 -0.969890 -0.190175 0.019396 -0.950427 0.310343 -0.172219 -0.975909 -0.133948 -0.079290 -0.951475 0.297336
0.000000 -0.995634 -0.093341 0.113308 -0.982006 0.151078 -0.030275 -0.999083 -0.030275 -0.039684 -0.992095 0.119051 0.024716 -0.988634 0.148295 0.156055 -0.975343 -0.156055 0.020528 -0.944298 0.328451 -0.154246 -0.983318 -0.096404 -0.103429 -0.951543 0.289600
0.031220 -0.999025 -0.031220 0.156055 -0.975343 0.156055 -0.062378 -0.998053 0.000000 -0.073078 -0.986559 0.146157 0.024204 -0.992355 0.121019 0.159968 -0.979804 -0.119976 0.020934 -0.942008 0.334936 -0.138404 -0.988598 -0.059316 -0.105503 -0.949528 0.295409
0.090536 -0.995893 0.000000 0.193746 -0.968730 0.154997 -0.189170 -0.977378 0.094585 -0.078750 -0.984374 0.157500 0.023636 -0.992711 0.118180 0.123929 -0.991431 -0.041310 0.021077 -0.948473 0.316158 -0.121442 -0.991773 -0.040481 -0.105503 -0.949528 0.295409
0.154303 -0.987541 0.030861 0.192450 -0.962250 0.192450 -0.219286 -0.971124 0.093980 -0.122373 -0.978980 0.163163 0.000000 -0.992988 0.118213 0.124008 -0.992066 -0.020668 0.021077 -0.948473 0.316158 -0.121541 -0.992586 0.000000 -0.106746 -0.960714 0.256190
0.183942 -0.981023 0.061314 0.227266 -0.946943 0.227266 -0.255551 -0.958315 0.127775 -0.122373 -0.978980 0.163163 0.000000 -0.992646 0.121054 0.101514 -0.994834 0.000000 0.043550 -0.958108 0.283077 -0.124035 -0.992278 0.000000 -0.104599 -0.962309 0.251037
0.183942 -0.981023 0.061314 0.227266 -0.946943 0.227266 -0.247950 -0.960807 0.123975 -0.168880 -0.971061 0.168880 0.000000 -0.992646 0.121054 0.061097 -0.997924 0.020366 0.064282 -0.964237 0.257130 -0.103606 -0.994618 0.000000 -0.105129 -0.967189 0.231284
0.183942 -0.981023 0.061314 0.260333 -0.929760 0.260333 -0.247950 -0.960807 0.123975 -0.168880 -0.971061 0.168880 0.000000 -0.992988 0.118213 0.039960 -0.999001 0.019980 0.063302 -0.970628 0.232107 -0.101514 -0.994834 0.000000 -0.105621 -0.971711 0.211241
0.173133 -0.981087 0.086566 0.262705 -0.938233 0.225176 -0.225338 -0.965734 0.128765 -0.149383 -0.970988 0.186728 -0.024268 -0.994982 0.097071 0.038405 -0.998524 -0.038405 0.060808 -0.972929 0.222963 -0.099504 -0.995037 0.000000 -0.101850 -0.977761 0.183330
0.137361 -0.988996 0.054944 0.247025 -0.952809 0.176446 -0.195180 -0.975900 0.097590 -0.173136 -0.969561 0.173136 -0.048493 -0.994104 0.096986 0.038999 -0.994471 -0.097497 0.059880 -0.978046 0.199601 -0.078191 -0.996938 0.000000 -0.100201 -0.981966 0.160321
0.116791 -0.992727 0.029198 0.240239 -0.960958 0.137280 -0.153719 -0.983801 0.092231 -0.213470 -0.960617 0.177892 -0.048493 -0.994104 0.096986 0.059467 -0.991120 -0.118934 0.060108 -0.981769 0.180325 -0.057554 -0.997605 0.038369 -0.120337 -0.982756 0.140394
0.113547 -0.993533 0.000000 0.240239 -0.960958 0.137280 -0.116791 -0.992727 0.029198 -0.207514 -0.968400 0.138343 -0.048493 -0.994104 0.096986 0.020400 -0.999584 0.020400 0.080550 -0.986733 0.140962 -0.058321 -0.991460 0.116642 -0.120653 -0.985335 0.120653
0.120114 -0.990942 -0.060057 0.201574 -0.974274 0.100787 -0.123975 -0.991801 -0.030994 -0.232559 -0.963460 0.132891 -0.024799 -0.991973 0.123997 -0.040919 -0.982049 0.184134 0.103406 -0.992702 0.062044 0.000000 -0.993884 0.110432 -0.146792 -0.985604 0.083881
0.144518 -0.982725 -0.115615 0.201574 -0.974274 0.100787 -0.064349 -0.997409 -0.032174 -0.264616 -0.959235 0.099231 -0.025335 -0.988054 0.152008 -0.060696 -0.950903 0.303480 0.115470 -0.993042 -0.023094 0.023027 -0.990142 0.138159 -0.164354 -0.986122 0.023479
0.156403 -0.969697 -0.187683 0.241955 -0.967822 0.069130 -0.093296 -0.995153 -0.031099 -0.274075 -0.959264 0.068519 -0.025230 -0.983958 0.176608 -0.083171 -0.914882 0.395062 0.131625 -0.974022 -0.184274 0.050621 -0.987105 0.151862 -0.189120 -0.972618 -0.135086
0.155417 -0.963588 -0.217584 0.250319 -0.965518 0.071520 -0.164399 -0.986394 0.000000 -0.265782 -0.963460 0.033223 -0.050173 -0.978369 0.200691 -0.104875 -0.880947 0.461448 0.190164 -0.950820 -0.244497 0.084549 -0.986405 0.140915 -0.197674 -0.960130 -0.197674
0.156403 -0.969697 -0.187683 0.259259 -0.962963 0.074074 -0.189927 -0.981288 -0.031654 -0.265343 -0.961869 0.066336 -0.051434 -0.977255 0.205738 -0.106525 -0.932091 0.346205 0.184147 -0.947041 -0.263067 0.092231 -0.983801 0.153719 -0.195199 -0.948109 -0.250970
0.150893 -0.965715 -0.211250 0.258375 -0.959678 0.110732 -0.184202 -0.982409 -0.030700 -0.274559 -0.960958 0.034320 -0.051691 -0.982138 0.180920 -0.110264 -0.937240 0.330791 0.187418 -0.937089 -0.294514 0.095106 -0.982766 0.158511 -0.193773 -0.941182 -0.276818
0.118418 -0.976947 -0.177627 0.258375 -0.959678 0.110732 -0.190022 -0.981780 0.000000 -0.274559 -0.960958 0.034320 -0.050411 -0.983020 0.176439 -0.148741 -0.951943 0.267734 0.213049 -0.932091 -0.292943 0.098163 -0.981630 0.163605 -0.188845 -0.944223 -0.269778
0.063214 -0.979816 -0.189642 0.257151 -0.955134 0.146944 -0.227230 -0.973841 0.000000 -0.242390 -0.969561 0.034627 -0.050621 -0.987105 0.151862 -0.114473 -0.973018 0.200327 0.214654 -0.939111 -0.268317 0.095106 -0.982766 0.158511 -0.188845 -0.944223 -0.269778
0.065618 -0.984268 -0.164045 0.222375 -0.963624 0.148250 -0.195698 -0.978492 -0.065233 -0.250801 -0.967375 0.035829 -0.025335 -0.988054 0.152008 -0.109764 -0.987878 0.109764 0.216137 -0.945601 -0.243154 0.000000 -0.938343 0.345705 -0.216137 -0.945601 -0.243154
0.032862 -0.985861 -0.164310 0.221013 -0.957722 0.184177 -0.163605 -0.981630 -0.098163 -0.250319 -0.965518 0.071520 -0.025425 -0.991561 0.127123 -0.101896 -0.993490 0.050948 0.158059 -0.974697 -0.158059 -0.044455 -0.933564 0.355643 -0.183576 -0.970330 -0.157351
0.033023 -0.990687 -0.132092 0.222375 -0.963624 0.148250 -0.127386 -0.987241 -0.095539 -0.259259 -0.962963 0.074074 -0.024799 -0.991973 0.123997 -0.044845 -0.986587 0.156957 0.101731 -0.991882 -0.076299 -0.083460 -0.938927 0.333841 -0.147220 -0.981466 -0.122683
0.065938 -0.989071 -0.131876 0.214697 -0.966136 0.143131 -0.131876 -0.989071 -0.065938 -0.268833 -0.960119 0.076810 -0.024204 -0.992355 0.121019 -0.021413 -0.984986 0.171302 0.072976 -0.997334 0.000000 -0.100040 -0.960384 0.260104 -0.121019 -0.992355 -0.024204
0.065938 -0.989071 -0.131876 0.181012 -0.977466 0.108607 -0.131519 -0.986394 -0.098639 -0.267848 -0.956598 0.114792 -0.024268 -0.994982 0.097071 0.000000 -0.989090 0.147311 0.046349 -0.996503 0.069523 -0.101451 -0.973929 0.202902 -0.118081 -0.991880 0.047232
0.067806 -0.983192 -0.169516 0.187647 -0.975763 0.112588 -0.131519 -0.986394 -0.098639 -0.267848 -0.956598 0.114792 -0.024268 -0.994982 0.097071 0.020668 -0.992066 0.124008 0.023094 -0.993042 0.115470 -0.122756 -0.982049 0.143215 -0.092009 -0.989094 0.115011
0.033962 -0.984892 -0.169809 0.223452 -0.968291 0.111726 -0.127386 -0.987241 -0.095539 -0.279108 -0.956943 0.079745 -0.024268 -0.994982 0.097071 0.020717 -0.994405 0.103584 0.022439 -0.987332 0.157075 -0.101181 -0.991570 0.080944 -0.091430 -0.982873 0.160003
0.032669 -0.980057 -0.196011 0.231800 -0.965834 0.115900 -0.123091 -0.984732 -0.123091 -0.278006 -0.953162 0.119145 -0.024268 -0.994982 0.097071 0.042277 -0.993500 0.105691 0.000000 -0.987580 0.157115 -0.126604 -0.991729 0.021101 -0.066650 -0.977536 0.199951
0.065233 -0.978492 -0.195698 0.231800 -0.965834 0.115900 -0.122570 -0.980562 -0.153213 -0.278006 -0.953162 0.119145 -0.024318 -0.997039 0.072954 0.042362 -0.995504 0.084724 0.000000 -0.984563 0.175033 -0.126632 -0.991950 0.000000 -0.066340 -0.972985 0.221133
0.064282 -0.964237 -0.257130 0.232670 -0.969458 0.077557 -0.152570 -0.976445 -0.152570 -0.278006 -0.953162 0.119145 -0.024318 -0.997039 0.072954 0.043345 -0.996942 0.065018 0.000000 -0.984563 0.175033 -0.126519 -0.991067 -0.042173 -0.066002 -0.968027 0.242007
0.062348 -0.966394 -0.249392 0.232670 -0.969458 0.077557 -0.151794 -0.971483 -0.182153 -0.279108 -0.956943 0.079745 -0.023742 -0.997178 0.071227 0.044357 -0.998031 0.044357 0.000000 -0.984563 0.175033 -0.126379 -0.989967 -0.063189 -0.066002 -0.968027 0.242007
0.061839 -0.958508 -0.278277 0.242338 -0.969351 0.040390 -0.125677 -0.973996 -0.188515 -0.303895 -0.949671 0.075974 -0.024318 -0.997039 0.072954 0.044357 -0.998031 0.044357 0.000000 -0.984563 0.175033 -0.107833 -0.992062 -0.064700 -0.066002 -0.968027 0.242007
0.092538 -0.956226 -0.277614 0.242338 -0.969351 0.040390 -0.125677 -0.973996 -0.188515 -0.304555 -0.951734 0.038069 -0.024318 -0.997039 0.072954 0.044357 -0.998031 0.044357 0.000000 -0.988116 0.153707 -0.107833 -0.992062 -0.064700 -0.066002 -0.968027 0.242007
