-0.351123 -0.936329 0.000000 0.910975 -0.409939 0.045549 0.295758 -0.952999 0.065724 -0.911922 -0.410365 0.000000 0.030614 -0.765346 0.642891 -0.426208 -0.660622 0.618001 0.642024 -0.197546 -0.740797 0.313363 -0.671492 0.671492 -0.469458 -0.271791 -0.840083
-0.360831 -0.932146 0.030069 0.928477 -0.371391 0.000000 0.365652 -0.930751 0.000000 -0.911922 -0.410365 0.000000 0.030614 -0.765346 0.642891 -0.407966 -0.687100 0.601213 0.630141 -0.176439 -0.756169 0.318100 -0.658921 0.681642 -0.466196 -0.294440 -0.834246
-0.375748 -0.924917 0.057807 0.943858 -0.330350 0.000000 0.382158 -0.923548 -0.031846 -0.911922 -0.410365 0.000000 0.029907 -0.777593 0.628056 -0.407966 -0.687100 0.601213 0.630141 -0.176439 -0.756169 0.333169 -0.688549 0.644126 -0.472496 -0.248682 -0.845520
-0.350134 -0.923080 0.159152 0.865426 -0.501036 0.000000 0.420891 -0.906533 -0.032376 -0.856706 -0.514024 0.042835 0.000000 -0.777941 0.628337 -0.389833 -0.693037 0.606407 0.591105 -0.308403 -0.745307 0.328109 -0.699966 0.634344 -0.481979 -0.329775 -0.811754
-0.203536 -0.949835 0.237459 0.771136 -0.635053 0.045361 0.393073 -0.917170 -0.065512 -0.744845 -0.662085 0.082761 0.000000 -0.763386 0.645942 -0.358569 -0.717137 0.597614 0.513496 -0.539171 -0.667545 0.296529 -0.729917 0.615867 -0.475665 -0.475665 -0.739923
0.072500 -0.942499 0.326250 0.613351 -0.788594 0.043811 0.306009 -0.952029 0.000000 -0.642058 -0.762444 0.080257 0.029223 -0.789015 0.613678 -0.279400 -0.762001 0.584201 0.409852 -0.717242 -0.563547 0.223745 -0.770677 0.596653 -0.344863 -0.689726 -0.636670
0.251610 -0.934551 0.251610 0.413449 -0.909588 0.041345 0.169809 -0.984892 0.033962 -0.505259 -0.855054 0.116598 0.027918 -0.809626 0.586281 -0.214886 -0.832684 0.510355 0.323587 -0.846305 -0.423153 0.154868 -0.825961 0.542037 -0.254000 -0.838201 -0.482600
0.140028 -0.980196 0.140028 0.316033 -0.948098 0.035115 0.034381 -0.997041 0.068761 -0.326250 -0.942499 0.072500 0.026861 -0.859544 0.510355 -0.107134 -0.883858 0.455321 0.215387 -0.933346 -0.287183 0.101112 -0.884730 0.455004 -0.221834 -0.911983 -0.345075
0.106533 -0.994309 0.000000 0.195180 -0.975900 0.097590 -0.071202 -0.996826 0.035601 -0.202145 -0.977035 0.067382 0.024799 -0.917575 0.396789 -0.071611 -0.930949 0.358057 0.169875 -0.970714 -0.169875 0.023402 -0.936073 0.351027 -0.145521 -0.970143 -0.194029
0.035333 -0.989331 -0.141333 0.126365 -0.979327 0.157956 -0.136637 -0.990621 0.000000 -0.098639 -0.986394 0.131519 0.024126 -0.940921 0.337766 -0.021214 -0.954642 0.297000 0.120736 -0.990038 -0.072442 0.000000 -0.967617 0.252422 -0.099381 -0.993808 -0.049690
0.123502 -0.988012 -0.092626 0.098163 -0.981630 0.163605 -0.189927 -0.981288 0.031654 -0.065618 -0.984268 0.164045 0.000000 -0.965843 0.259129 0.000000 -0.976644 0.214862 0.090167 -0.991837 0.090167 -0.019803 -0.990148 0.138621 -0.092009 -0.989094 0.115011
0.120114 -0.990942 -0.060057 0.035829 -0.967375 0.250801 -0.189170 -0.977378 0.094585 -0.067382 -0.977035 0.202145 0.023275 -0.977538 0.209472 0.058621 -0.996558 0.058621 0.062311 -0.976205 0.207703 -0.057597 -0.998340 0.000000 -0.066002 -0.968027 0.242007
0.064349 -0.997409 0.032174 0.152277 -0.951734 0.266485 -0.216437 -0.958508 0.185518 -0.114792 -0.956598 0.267848 0.025872 -0.983124 0.181102 0.078057 -0.995229 -0.058543 0.040748 -0.957590 0.285239 -0.077659 -0.990151 -0.116488 -0.086854 -0.933680 0.347416
0.064084 -0.993304 0.096126 0.165948 -0.954201 0.248922 -0.213597 -0.945931 0.244111 -0.150649 -0.941554 0.301297 -0.022513 -0.990579 0.135079 0.096909 -0.988476 -0.116291 0.040748 -0.937215 0.346362 -0.078980 -0.987248 -0.138215 -0.083844 -0.922288 0.377300
0.099015 -0.990148 0.099015 0.182574 -0.949386 0.255604 -0.249756 -0.905366 0.343415 -0.145479 -0.945611 0.290957 0.070750 -0.990500 0.117917 0.098552 -0.985521 -0.137973 0.040153 -0.923516 0.381452 -0.082761 -0.993127 -0.082761 -0.061301 -0.919517 0.388241
0.169031 -0.980379 0.101419 0.187120 -0.935601 0.299392 -0.244111 -0.884903 0.396681 -0.146944 -0.955134 0.257151 0.000000 -0.992278 0.124035 0.082885 -0.994618 -0.062164 0.041231 -0.927687 0.371075 -0.042505 -0.998870 0.021253 -0.062980 -0.923710 0.377881
0.127386 -0.987241 0.095539 0.248282 -0.910366 0.331042 -0.227921 -0.911685 0.341882 -0.156174 -0.937043 0.312348 0.000000 -0.987763 0.155963 0.063686 -0.997744 0.021229 0.042362 -0.931961 0.360076 -0.021652 -0.996007 0.086609 -0.041541 -0.934665 0.353096
0.195180 -0.975900 0.097590 0.248282 -0.910366 0.331042 -0.252149 -0.896531 0.364216 -0.162088 -0.932007 0.324176 0.000000 -0.987105 0.160071 0.064942 -0.995774 0.064942 0.041840 -0.941390 0.334716 0.000000 -0.991600 0.129339 -0.042679 -0.938937 0.341432
0.202145 -0.977035 0.067382 0.208878 -0.919063 0.334205 -0.252149 -0.896531 0.364216 -0.201129 -0.925196 0.321807 0.000000 -0.981615 0.190870 0.066372 -0.995585 0.066372 0.042126 -0.947841 0.315947 0.000000 -0.988619 0.150442 -0.043274 -0.952033 0.302920
0.202490 -0.978703 0.033748 0.248282 -0.910366 0.331042 -0.252149 -0.896531 0.364216 -0.201129 -0.925196 0.321807 -0.028006 -0.980196 0.196039 0.064836 -0.994144 0.086447 0.063529 -0.952928 0.296466 0.000000 -0.991600 0.129339 -0.021214 -0.954642 0.297000
0.190022 -0.981780 0.000000 0.248282 -0.910366 0.331042 -0.209513 -0.916620 0.340459 -0.203616 -0.936632 0.285062 -0.027106 -0.975828 0.216851 0.062257 -0.996116 0.062257 0.062271 -0.954817 0.290597 0.000000 -0.996685 0.081362 -0.021791 -0.958790 0.283279
0.154083 -0.986134 -0.061633 0.262705 -0.938233 0.225176 -0.133918 -0.937425 0.321403 -0.242140 -0.928204 0.282497 -0.027106 -0.975828 0.216851 0.039936 -0.998404 0.039936 0.082182 -0.965640 0.246546 0.000000 -0.999792 0.020404 -0.020207 -0.969944 0.242486
0.058496 -0.994424 -0.087743 0.311458 -0.934374 0.173032 -0.110013 -0.962614 0.247529 -0.229658 -0.918630 0.321521 -0.024383 -0.975320 0.219447 0.039186 -0.999232 0.000000 0.101015 -0.969746 0.222234 -0.019600 -0.999616 -0.019600 -0.039794 -0.974943 0.218865
0.000000 -0.993533 -0.113547 0.355335 -0.923870 0.142134 -0.055258 -0.967013 0.248661 -0.264906 -0.927173 0.264906 0.022261 -0.979472 0.200347 0.020336 -0.996478 -0.081345 0.097590 -0.975900 0.195180 -0.020299 -0.994629 -0.101493 -0.058733 -0.978888 0.195778
-0.027597 -0.993505 -0.110389 0.416777 -0.903017 0.104194 -0.027842 -0.974481 0.222738 -0.244745 -0.938190 0.244745 0.042630 -0.980500 0.191837 0.000000 -0.999792 -0.020404 0.119570 -0.976491 0.179355 0.000000 -0.994144 -0.108059 -0.060498 -0.988136 0.141162
-0.028273 -0.989554 -0.141365 0.388666 -0.918665 0.070667 0.000000 -0.981615 0.190870 -0.262705 -0.938233 0.225176 0.044488 -0.978745 0.200198 -0.042944 -0.987707 0.150303 0.121144 -0.989344 0.080763 0.023250 -0.999730 0.000000 -0.060796 -0.992994 0.101326
-0.027390 -0.986024 -0.164337 0.402469 -0.914702 0.036588 -0.027390 -0.986024 0.164337 -0.253750 -0.942499 0.217500 0.046512 -0.976744 0.209302 -0.088692 -0.953439 0.288249 0.153670 -0.987878 -0.021953 0.023402 -0.959475 0.280822 -0.066503 -0.997540 -0.022168
0.000000 -0.980581 -0.196116 0.401663 -0.912871 0.073030 -0.028149 -0.985232 0.168897 -0.277851 -0.937749 0.208389 0.024246 -0.969857 0.242464 -0.067437 -0.921639 0.382143 0.147220 -0.981466 -0.122683 0.022810 -0.889586 0.456198 -0.073677 -0.982353 -0.171912
0.059523 -0.982125 -0.178568 0.358057 -0.930949 0.071611 -0.084182 -0.982124 0.168364 -0.344628 -0.919007 0.191460 0.026082 -0.965035 0.260820 -0.045502 -0.864530 0.500517 0.132640 -0.955005 -0.265279 0.023557 -0.824500 0.565371 -0.106449 -0.958043 -0.266123
0.089522 -0.984746 -0.149204 0.398488 -0.905654 0.144905 -0.115615 -0.982725 0.144518 -0.299392 -0.935601 0.187120 0.000000 -0.965363 0.260909 -0.047075 -0.823815 0.564901 0.133918 -0.937425 -0.321403 0.047714 -0.763421 0.644136 -0.133918 -0.937425 -0.321403
0.116791 -0.992727 -0.029198 0.365148 -0.912871 0.182574 -0.148152 -0.977805 0.148152 -0.299392 -0.935601 0.187120 0.000000 -0.965363 0.260909 -0.048252 -0.796164 0.603154 0.105519 -0.923293 -0.369317 0.047823 -0.741254 0.669519 -0.136083 -0.925363 -0.353815
0.120277 -0.992285 0.030069 0.362500 -0.906249 0.217500 -0.151794 -0.971483 0.182153 -0.323708 -0.935155 0.143870 0.026755 -0.963173 0.267548 -0.099449 -0.861892 0.497245 0.104470 -0.914115 -0.391764 0.047878 -0.718164 0.694225 -0.131488 -0.920415 -0.368166
0.123502 -0.988012 0.092626 0.327544 -0.909843 0.254756 -0.152570 -0.976445 0.152570 -0.323708 -0.935155 0.143870 0.026082 -0.965035 0.260820 -0.056077 -0.785081 0.616849 0.104470 -0.914115 -0.391764 0.050411 -0.730963 0.680552 -0.131488 -0.920415 -0.368166
0.092937 -0.991325 0.092937 0.335178 -0.893807 0.297936 -0.157251 -0.974958 0.157251 -0.334945 -0.930404 0.148865 0.000000 -0.978550 0.206010 -0.053956 -0.782356 0.620490 0.103005 -0.927047 -0.360518 0.076797 -0.742371 0.665574 -0.156174 -0.937043 -0.312348
0.093161 -0.993712 0.062107 0.257674 -0.920263 0.294484 -0.162995 -0.977972 0.130396 -0.325183 -0.939418 0.108394 0.000000 -0.987763 0.155963 -0.025206 -0.831786 0.554524 0.106449 -0.958043 -0.266123 0.048956 -0.807766 0.587466 -0.133535 -0.961454 -0.240363
0.093296 -0.995153 0.031099 0.254756 -0.909843 0.327544 -0.163605 -0.981630 0.098163 -0.325183 -0.939418 0.108394 -0.024799 -0.991973 0.123997 -0.047933 -0.862786 0.503292 0.128332 -0.975321 -0.179664 0.068698 -0.847279 0.526687 -0.157351 -0.970330 -0.183576
0.032225 -0.998961 0.032225 0.215387 -0.933346 0.287183 -0.164310 -0.985861 0.032862 -0.325183 -0.939418 0.108394 -0.024268 -0.994982 0.097071 -0.045118 -0.902358 0.428620 0.129750 -0.986099 -0.103800 0.045106 -0.879575 0.473617 -0.123429 -0.987429 -0.098743
0.031220 -0.999025 0.031220 0.225176 -0.938233 0.262705 -0.132164 -0.991228 0.000000 -0.325183 -0.939418 0.108394 -0.046262 -0.994635 0.092524 -0.044455 -0.933564 0.355643 0.121054 -0.992646 0.000000 0.043727 -0.918266 0.393543 -0.118213 -0.992988 0.000000
0.000000 -0.999480 -0.032241 0.192450 -0.962250 0.192450 -0.096126 -0.993304 -0.064084 -0.325183 -0.939418 0.108394 -0.045396 -0.998711 0.022698 -0.021487 -0.988391 0.150407 0.086447 -0.972533 0.216118 0.042248 -0.971711 0.232366 -0.108312 -0.974812 0.194962
-0.030994 -0.991801 -0.123975 0.201292 -0.966204 0.161034 -0.064249 -0.995863 -0.064249 -0.293294 -0.953206 0.073324 -0.022217 -0.999753 0.000000 -0.021713 -0.998821 -0.043427 0.061481 -0.942710 0.327899 0.020717 -0.994405 0.103584 -0.084029 -0.945328 0.315109
-0.060943 -0.975084 -0.213300 0.201292 -0.966204 0.161034 -0.063855 -0.989754 -0.127710 -0.293294 -0.953206 0.073324 -0.022716 -0.999484 -0.022716 -0.022513 -0.990579 -0.135079 0.059502 -0.932202 0.357014 0.020788 -0.997837 0.062365 -0.081295 -0.934890 0.345503
-0.059549 -0.952786 -0.297746 0.203279 -0.975739 0.081312 -0.061633 -0.986134 -0.154083 -0.304555 -0.951734 0.038069 -0.022716 -0.999484 -0.022716 -0.021652 -0.996007 -0.086609 0.059074 -0.925491 0.374135 0.020788 -0.997837 0.062365 -0.081295 -0.934890 0.345503
-0.088891 -0.918544 -0.385196 0.241747 -0.966988 0.080582 -0.060943 -0.975084 -0.213300 -0.327111 -0.944986 0.000000 -0.022698 -0.998711 -0.045396 0.000000 -0.997880 -0.065079 0.039421 -0.926389 0.374498 0.000000 -0.997969 0.063700 -0.060622 -0.929530 0.363729
-0.060302 -0.904534 -0.422116 0.269630 -0.962964 0.000000 -0.058798 -0.970169 -0.235192 -0.316228 -0.948683 0.000000 0.000000 -0.998969 -0.045408 0.000000 -0.999014 -0.044401 0.040153 -0.923516 0.381452 0.000000 -0.997785 0.066519 -0.060622 -0.929530 0.363729
-0.061142 -0.886556 -0.458563 0.269630 -0.962964 0.000000 -0.060057 -0.960913 -0.270257 -0.304555 -0.951734 -0.038069 0.000000 -0.998969 -0.045408 0.000000 -1.000000 0.000000 0.040456 -0.930480 0.364101 -0.022628 -0.995638 0.090513 -0.040748 -0.937215 0.346362
-0.060275 -0.873986 -0.482199 0.269430 -0.962250 -0.038490 -0.061839 -0.958508 -0.278277 -0.304555 -0.951734 -0.038069 0.000000 -0.997575 -0.069598 0.000000 -0.999742 0.022721 0.040748 -0.937215 0.346362 -0.022628 -0.995638 0.090513 -0.041541 -0.934665 0.353096
-0.061898 -0.866578 -0.495188 0.259794 -0.964951 -0.037113 -0.030964 -0.959886 -0.278677 -0.293887 -0.955134 -0.036736 0.000000 -0.997684 -0.068024 0.000000 -0.997684 0.068024 0.042126 -0.947841 0.315947 -0.023094 -0.993042 0.115470 -0.041840 -0.941390 0.334716
-0.030994 -0.867826 -0.495901 0.259794 -0.964951 -0.037113 0.000000 -0.960346 -0.278810 -0.293887 -0.955134 -0.036736 0.000000 -0.997684 -0.068024 0.000000 -0.996073 0.088540 0.042126 -0.947841 0.315947 -0.023094 -0.993042 0.115470 -0.041840 -0.941390 0.334716
0.000000 -0.881480 -0.472221 0.233197 -0.971653 -0.038866 0.000000 -0.960346 -0.278810 -0.259794 -0.964951 -0.037113 0.000000 -0.997575 -0.069598 0.000000 -0.993605 0.112910 0.020793 -0.956467 0.291099 -0.023094 -0.993042 0.115470 -0.041840 -0.941390 0.334716
0.000000 -0.894427 -0.447214 0.233197 -0.971653 -0.038866 0.061839 -0.958508 -0.278277 -0.269430 -0.962250 -0.038490 0.000000 -0.997575 -0.069598 0.000000 -0.993605 0.112910 0.020793 -0.956467 0.291099 -0.023094 -0.993042 0.115470 -0.041840 -0.941390 0.334716
-0.033223 -0.930238 -0.365451 0.224702 -0.973708 -0.037450 0.062348 -0.966394 -0.249392 -0.269430 -0.962250 -0.038490 0.000000 -0.997684 -0.068024 0.000000 -0.993605 0.112910 0.020793 -0.956467 0.291099 -0.023094 -0.993042 0.115470 -0.041840 -0.941390 0.334716
-0.033223 -0.963460 -0.265782 0.224702 -0.973708 -0.037450 0.093296 -0.964054 -0.248788 -0.269430 -0.962250 -0.038490 0.000000 -0.998969 -0.045408 0.000000 -0.993605 0.112910 0.020793 -0.956467 0.291099 -0.023094 -0.993042 0.115470 -0.041840 -0.941390 0.334716
-0.033501 -0.971537 -0.234509 0.224860 -0.974391 0.000000 0.093296 -0.964054 -0.248788 -0.269430 -0.962250 -0.038490 0.000000 -0.998969 -0.045408 0.000000 -0.993605 0.112910 0.020793 -0.956467 0.291099 -0.023094 -0.993042 0.115470 -0.041840 -0.941390 0.334716
-0.032862 -0.985861 -0.164310 0.224860 -0.974391 0.000000 0.093296 -0.964054 -0.248788 -0.269430 -0.962250 -0.038490 0.000000 -0.998969 -0.045408 0.000000 -0.993605 0.112910 0.020793 -0.956467 0.291099 -0.023094 -0.993042 0.115470 -0.041840 -0.941390 0.334716
