-0.490261 -0.871576 0.000000 0.979958 -0.178174 -0.089087 0.436328 -0.898322 0.051333 -0.991431 -0.123929 0.041310 -0.162221 -0.713774 0.681330 -0.216857 -0.709713 0.670284 0.444758 -0.104649 -0.889516 -0.143870 -0.935155 0.323708 -0.260870 -0.565217 -0.782609
-0.501940 -0.864453 -0.027886 0.933564 -0.355643 -0.044455 0.396424 -0.916729 0.049553 -0.947717 -0.315906 0.045129 -0.098163 -0.687141 0.719862 -0.223009 -0.689299 0.689299 0.442193 -0.260113 -0.858374 -0.030303 -0.969697 0.242424 -0.350150 -0.568995 -0.744070
-0.457791 -0.888652 -0.026929 0.809858 -0.584898 -0.044992 0.417374 -0.908403 0.024551 -0.831890 -0.540729 0.124784 -0.031404 -0.722285 0.690882 -0.226144 -0.698991 0.678432 0.421345 -0.395010 -0.816355 0.130410 -0.808543 0.573805 -0.398216 -0.455104 -0.796432
-0.353919 -0.933060 0.064349 0.683941 -0.729537 0.000000 0.370869 -0.927173 -0.052981 -0.679775 -0.722261 0.127458 0.000000 -0.768221 0.640184 -0.242890 -0.728670 0.640347 0.383482 -0.613572 -0.690268 0.103940 -0.831520 0.545685 -0.378124 -0.639903 -0.668989
-0.174078 -0.974835 0.139262 0.533465 -0.844653 -0.044455 0.226160 -0.969256 0.096926 -0.505259 -0.855054 0.116598 0.000000 -0.780869 0.624695 -0.215387 -0.789754 0.574367 0.325713 -0.801756 -0.501097 0.127702 -0.817295 0.561890 -0.358974 -0.743590 -0.564103
0.000000 -0.989203 0.146549 0.398726 -0.917070 0.000000 0.106265 -0.991811 0.070844 -0.370370 -0.925926 0.074074 0.000000 -0.841178 0.540758 -0.167572 -0.861797 0.478776 0.267895 -0.901100 -0.340957 0.077745 -0.881113 0.466472 -0.291386 -0.874157 -0.388514
0.035333 -0.989331 0.141333 0.259973 -0.965616 0.000000 -0.114624 -0.993409 0.000000 -0.202490 -0.978703 0.033748 -0.055815 -0.893033 0.446516 -0.149025 -0.968664 0.198700 0.250549 -0.952085 -0.175384 0.000000 -0.925169 0.379556 -0.246632 -0.937201 -0.246632
0.035601 -0.996826 0.071202 0.136558 -0.990044 0.034139 -0.208389 -0.972480 -0.104194 -0.064382 -0.997925 0.000000 -0.026519 -0.928150 0.371260 -0.115378 -0.992249 0.046151 0.186908 -0.981266 -0.046727 -0.041803 -0.961468 0.271719 -0.195180 -0.975900 -0.097590
0.000000 -0.999363 -0.035692 0.099449 -0.994490 0.033150 -0.179144 -0.967375 -0.179144 0.000000 -0.999480 0.032241 -0.026556 -0.956014 0.292115 0.000000 -0.999133 0.041631 0.112452 -0.989576 0.089961 -0.056929 -0.986769 0.151811 -0.163992 -0.983955 0.070282
-0.064084 -0.993304 -0.096126 0.106265 -0.991811 0.070844 -0.126365 -0.979327 -0.157956 0.000000 -0.999363 0.035692 -0.025743 -0.978225 0.205942 0.076570 -0.995409 -0.057427 0.042448 -0.976296 0.212238 -0.096909 -0.988476 -0.116291 -0.123902 -0.970569 0.206504
-0.092626 -0.988012 -0.123502 0.118771 -0.989759 0.079181 -0.033150 -0.994490 -0.099449 -0.035669 -0.998727 0.035669 -0.025985 -0.987429 0.155910 0.134740 -0.981677 -0.134740 0.038999 -0.955473 0.292492 -0.136006 -0.971469 -0.194294 -0.116930 -0.954928 0.272837
-0.065938 -0.989071 -0.131876 0.163846 -0.983078 0.081923 -0.093161 -0.993712 -0.062107 -0.073671 -0.994558 0.073671 -0.025425 -0.991561 0.127123 0.154390 -0.964935 -0.212286 0.020004 -0.940188 0.340068 -0.177119 -0.964313 -0.196799 -0.098937 -0.949797 0.296812
-0.061633 -0.986134 -0.154083 0.240772 -0.963087 0.120386 -0.159232 -0.987241 0.000000 -0.076472 -0.994135 0.076472 -0.023636 -0.992711 0.118180 0.139610 -0.977267 -0.159554 0.000000 -0.939793 0.341743 -0.137334 -0.980958 -0.137334 -0.126295 -0.947211 0.294688
0.000000 -0.992278 -0.124035 0.249523 -0.962446 0.106938 -0.257130 -0.964237 0.064282 -0.145671 -0.983282 0.109254 -0.023193 -0.997307 0.069580 0.101181 -0.991570 -0.080944 0.021077 -0.948473 0.316158 -0.123613 -0.988903 -0.082409 -0.123823 -0.949312 0.288921
0.063855 -0.989754 -0.127710 0.281265 -0.949269 0.140633 -0.256468 -0.961756 0.096176 -0.174821 -0.978997 0.104893 -0.023224 -0.998651 0.046449 0.063643 -0.997070 -0.042429 0.021214 -0.954642 0.297000 -0.123929 -0.991431 -0.041310 -0.124541 -0.954817 0.269840
0.092626 -0.988012 -0.123502 0.323708 -0.935155 0.143870 -0.285033 -0.950110 0.126681 -0.248421 -0.958194 0.141955 -0.023224 -0.998651 0.046449 0.062378 -0.998053 0.000000 0.021344 -0.960495 0.277476 -0.103584 -0.994405 -0.020717 -0.125218 -0.960001 0.250435
0.153213 -0.980562 -0.122570 0.311458 -0.934374 0.173032 -0.321745 -0.933060 0.160872 -0.240239 -0.960958 0.137280 -0.023193 -0.997307 0.069580 0.020829 -0.999783 0.000000 0.041803 -0.961468 0.271719 -0.105786 -0.994389 0.000000 -0.123351 -0.966252 0.226144
0.153213 -0.980562 -0.122570 0.311458 -0.934374 0.173032 -0.283755 -0.945850 0.157642 -0.270759 -0.947656 0.169224 -0.023776 -0.998586 0.047552 0.000000 -0.999783 0.020829 0.042033 -0.966762 0.252199 -0.105762 -0.994166 -0.021152 -0.123351 -0.966252 0.226144
0.153719 -0.983801 -0.092231 0.342193 -0.923921 0.171096 -0.274115 -0.944175 0.182743 -0.313150 -0.939450 0.139178 -0.024354 -0.998516 0.048708 0.000000 -0.999800 0.019996 0.040390 -0.969351 0.242338 -0.099425 -0.994250 -0.039770 -0.121466 -0.971732 0.202444
0.168696 -0.984063 -0.056232 0.357154 -0.912727 0.198419 -0.245602 -0.951709 0.184202 -0.377695 -0.906467 0.188847 -0.024354 -0.998516 0.048708 0.000000 -1.000000 0.000000 0.039794 -0.974943 0.218865 -0.079682 -0.996024 -0.039841 -0.119570 -0.976491 0.179355
0.168696 -0.984063 -0.056232 0.359712 -0.919265 0.159872 -0.233087 -0.961482 0.145679 -0.438250 -0.876501 0.199205 0.000000 -0.998618 0.052559 0.018861 -0.999644 -0.018861 0.019992 -0.979608 0.199920 -0.076682 -0.996871 -0.019171 -0.139610 -0.977267 0.159554
0.136743 -0.984548 -0.109394 0.357154 -0.912727 0.198419 -0.200327 -0.973018 0.114473 -0.438250 -0.876501 0.199205 0.000000 -0.999654 0.026307 0.018515 -0.999829 0.000000 0.039960 -0.979021 0.199800 -0.072536 -0.997366 0.000000 -0.140028 -0.980196 0.140028
0.111935 -0.979428 -0.167902 0.374766 -0.899438 0.224860 -0.228665 -0.971825 0.057166 -0.377695 -0.906467 0.188847 -0.026298 -0.999308 0.026298 0.036911 -0.996588 0.073821 0.019803 -0.990148 0.138621 -0.071202 -0.996826 0.035601 -0.140394 -0.982756 0.120337
0.171219 -0.970241 -0.171219 0.289241 -0.940032 0.180775 -0.262669 -0.963119 0.058371 -0.332877 -0.924658 0.184932 -0.025599 -0.998360 0.051198 0.021195 -0.996174 0.084781 0.040572 -0.994015 0.101430 -0.037987 -0.987658 0.151947 -0.140962 -0.986733 0.080550
0.169300 -0.959366 -0.225733 0.290957 -0.945611 0.145479 -0.228946 -0.973018 0.028618 -0.355335 -0.923870 0.142134 -0.025599 -0.998360 0.051198 0.000000 -0.990830 0.135113 0.066503 -0.997540 0.022168 -0.020207 -0.969944 0.242486 -0.150407 -0.988391 -0.021487
0.168166 -0.952938 -0.252248 0.282490 -0.953403 0.105934 -0.228946 -0.973018 0.028618 -0.358057 -0.930949 0.071611 -0.051064 -0.995754 0.076596 -0.023932 -0.981209 0.191456 0.099228 -0.992278 -0.074421 -0.021507 -0.946291 0.322599 -0.163277 -0.979663 -0.116627
0.174004 -0.957024 -0.232006 0.259259 -0.962963 0.074074 -0.287202 -0.957338 0.031911 -0.377075 -0.925548 0.034280 -0.051064 -0.995754 0.076596 -0.052450 -0.970330 0.236026 0.132221 -0.978439 -0.158666 -0.021688 -0.910894 0.412071 -0.151862 -0.961794 -0.227793
0.198707 -0.965146 -0.170320 0.293887 -0.955134 0.036736 -0.220152 -0.974958 0.031450 -0.406138 -0.913812 0.000000 -0.076596 -0.995754 0.051064 -0.071147 -0.877477 0.474312 0.163785 -0.955414 -0.245678 -0.022355 -0.894204 0.447102 -0.158555 -0.951330 -0.264258
0.205262 -0.967663 -0.146616 0.250801 -0.967375 0.035829 -0.213697 -0.976900 0.000000 -0.377297 -0.926092 0.000000 -0.078594 -0.995529 0.052396 -0.067867 -0.837027 0.542936 0.161398 -0.941486 -0.295896 -0.022570 -0.880247 0.473979 -0.161398 -0.941486 -0.295896
0.148152 -0.977805 -0.148152 0.259973 -0.965616 0.000000 -0.184289 -0.982872 0.000000 -0.389640 -0.920967 0.000000 -0.078460 -0.993825 0.078460 -0.088109 -0.815010 0.572709 0.164153 -0.930199 -0.328305 -0.046958 -0.868727 0.493061 -0.157405 -0.944430 -0.288576
0.061314 -0.981023 -0.183942 0.294086 -0.955779 0.000000 -0.159152 -0.986741 -0.031830 -0.389640 -0.920967 0.000000 -0.078460 -0.993825 0.078460 -0.081529 -0.896819 0.434821 0.158666 -0.925550 -0.343776 -0.046017 -0.874314 0.483174 -0.160071 -0.933748 -0.320142
0.062348 -0.966394 -0.249392 0.259794 -0.964951 0.037113 -0.127710 -0.989754 -0.063855 -0.402739 -0.915315 0.000000 -0.051148 -0.997380 0.051148 -0.085126 -0.936382 0.340503 0.130632 -0.940554 -0.313518 -0.044677 -0.893534 0.446767 -0.187418 -0.937089 -0.294514
0.031607 -0.948209 -0.316070 0.250319 -0.965518 0.071520 -0.162995 -0.977972 -0.130396 -0.371391 -0.928477 0.000000 -0.025557 -0.996729 0.076671 -0.081081 -0.972973 0.216216 0.132640 -0.955005 -0.265279 -0.044621 -0.914732 0.401590 -0.184147 -0.947041 -0.263067
0.000000 -0.951709 -0.307003 0.224231 -0.971666 0.074744 -0.157251 -0.974958 -0.157251 -0.371135 -0.927837 0.037113 -0.051064 -0.995754 0.076596 -0.080351 -0.990992 0.107134 0.130946 -0.968998 -0.209513 -0.042362 -0.931961 0.360076 -0.180799 -0.955654 -0.232456
0.000000 -0.948683 -0.316228 0.216366 -0.973645 0.072122 -0.130396 -0.977972 -0.162995 -0.384331 -0.922395 0.038433 -0.049875 -0.997509 0.049875 -0.076472 -0.994135 0.076472 0.100855 -0.983332 -0.151282 -0.041559 -0.955847 0.290910 -0.170529 -0.974451 -0.146168
0.029814 -0.954056 -0.298142 0.224231 -0.971666 0.074744 -0.157251 -0.974958 -0.157251 -0.384331 -0.922395 0.038433 -0.048708 -0.998516 0.024354 -0.048665 -0.997629 0.048665 0.074582 -0.994422 -0.074582 -0.041398 -0.972853 0.227689 -0.191018 -0.978969 -0.071632
0.030686 -0.951260 -0.306858 0.232670 -0.969458 0.077557 -0.126365 -0.979327 -0.157956 -0.371135 -0.927837 0.037113 -0.048708 -0.998516 0.024354 -0.063302 -0.970628 0.232107 0.072954 -0.997039 -0.024318 -0.061314 -0.981023 0.183942 -0.164399 -0.986394 0.000000
0.000000 -0.951709 -0.307003 0.268833 -0.960119 0.076810 -0.129641 -0.972306 -0.194461 -0.384331 -0.922395 0.038433 -0.048708 -0.998516 0.024354 -0.041196 -0.968095 0.247173 0.046411 -0.997844 0.046411 -0.060659 -0.990759 0.121317 -0.117917 -0.990500 0.070750
0.000000 -0.960346 -0.278810 0.269430 -0.962250 0.038490 -0.129641 -0.972306 -0.194461 -0.384331 -0.922395 0.038433 -0.048708 -0.998516 0.024354 -0.020303 -0.974531 0.223330 0.022628 -0.995638 0.090513 -0.062164 -0.994618 0.082885 -0.137289 -0.983902 0.114407
0.000000 -0.960346 -0.278810 0.269430 -0.962250 0.038490 -0.129641 -0.972306 -0.194461 -0.350857 -0.935617 0.038984 -0.047552 -0.998586 0.023776 -0.020806 -0.977894 0.208063 0.022022 -0.990988 0.132132 -0.082974 -0.995688 0.041487 -0.111887 -0.984609 0.134265
0.000000 -0.960346 -0.278810 0.279776 -0.959233 0.039968 -0.129641 -0.972306 -0.194461 -0.350857 -0.935617 0.038984 -0.048708 -0.998516 0.024354 0.000000 -0.982155 0.188072 0.000000 -0.988619 0.150442 -0.083028 -0.996331 0.020757 -0.111525 -0.981419 0.156135
-0.030964 -0.959886 -0.278677 0.315981 -0.947943 0.039498 -0.128765 -0.965734 -0.225338 -0.351123 -0.936329 0.000000 -0.047552 -0.998586 0.023776 0.000000 -0.988619 0.150442 0.000000 -0.985212 0.171341 -0.084800 -0.996398 0.000000 -0.087183 -0.980814 0.174367
0.000000 -0.942428 -0.334410 0.315981 -0.947943 0.039498 -0.128765 -0.965734 -0.225338 -0.351123 -0.936329 0.000000 -0.048665 -0.997629 0.048665 0.000000 -0.991600 0.129339 0.000000 -0.981393 0.192012 -0.084781 -0.996174 -0.021195 -0.088714 -0.975852 0.199606
0.031281 -0.938417 -0.344086 0.316228 -0.948683 0.000000 -0.128765 -0.965734 -0.225338 -0.338719 -0.940887 0.000000 -0.048665 -0.997629 0.048665 0.000000 -0.996241 0.086630 0.000000 -0.981393 0.192012 -0.086548 -0.995307 -0.043274 -0.108312 -0.974812 0.194962
0.031281 -0.938417 -0.344086 0.316228 -0.948683 0.000000 -0.127775 -0.958315 -0.255551 -0.338719 -0.940887 0.000000 -0.047445 -0.996335 0.071167 0.022168 -0.997540 0.066503 0.000000 -0.976187 0.216930 -0.086548 -0.995307 -0.043274 -0.108312 -0.974812 0.194962
0.030934 -0.928032 -0.371213 0.316228 -0.948683 0.000000 -0.131804 -0.955582 -0.263609 -0.338719 -0.940887 0.000000 -0.047511 -0.997740 0.047511 -0.088345 -0.993884 0.066259 0.000000 -0.976187 0.216930 -0.086548 -0.995307 -0.043274 -0.111111 -0.977778 0.177778
0.031281 -0.938417 -0.344086 0.316228 -0.948683 0.000000 -0.096926 -0.969256 -0.226160 -0.338719 -0.940887 0.000000 -0.047445 -0.996335 0.071167 -0.066503 -0.997540 0.022168 0.000000 -0.976187 0.216930 -0.086447 -0.994144 -0.064836 -0.111111 -0.977778 0.177778
0.062470 -0.937043 -0.343582 0.316228 -0.948683 0.000000 -0.062807 -0.973515 -0.219826 -0.338480 -0.940222 -0.037609 -0.048493 -0.994104 0.096986 -0.044401 -0.999014 0.000000 0.000000 -0.976187 0.216930 -0.108059 -0.994144 0.000000 -0.111525 -0.981419 0.156135
