-0.131804 -0.922631 0.362462 0.890871 -0.445435 -0.089087 0.579042 -0.810658 0.086856 -0.793492 -0.606788 0.046676 -0.030700 -0.736807 0.675406 -0.272026 -0.702733 0.657395 0.445827 -0.472052 -0.760529 0.259057 -0.682968 0.682968 -0.462757 -0.437048 -0.771262
-0.095154 -0.919824 0.380617 0.828517 -0.552345 -0.092057 0.540621 -0.835504 -0.098295 -0.728780 -0.683231 0.045549 -0.059949 -0.749363 0.659440 -0.215509 -0.888975 0.404079 0.403933 -0.619364 -0.673221 0.053663 -0.858616 0.509803 -0.348790 -0.662701 -0.662701
-0.062470 -0.937043 0.343582 0.700140 -0.700140 -0.140028 0.397422 -0.917127 0.030571 -0.604815 -0.790912 0.093048 -0.058371 -0.788006 0.612894 -0.263432 -0.790295 0.553207 0.342937 -0.738635 -0.580356 -0.026603 -0.904498 0.425646 -0.251610 -0.826718 -0.503220
-0.033223 -0.963460 0.265782 0.514024 -0.856706 -0.042835 0.249756 -0.967805 0.031220 -0.512615 -0.854358 0.085436 -0.028375 -0.822881 0.567504 -0.236318 -0.915734 0.324938 0.251577 -0.855363 -0.452839 -0.027257 -0.899480 0.436111 -0.225643 -0.902573 -0.366670
0.035333 -0.989331 0.141333 0.350857 -0.935617 0.038984 0.038320 -0.996322 0.076640 -0.351123 -0.936329 0.000000 0.000000 -0.877896 0.478852 -0.170320 -0.965146 0.198707 0.178434 -0.943154 -0.280397 -0.077434 -0.929206 0.361358 -0.180799 -0.955654 -0.232456
0.140633 -0.984428 0.105474 0.175358 -0.982003 0.070143 -0.110357 -0.993211 -0.036786 -0.146549 -0.989203 0.000000 0.025270 -0.934988 0.353779 -0.101502 -0.989644 0.101502 0.129358 -0.983124 -0.129358 -0.090605 -0.951357 0.294468 -0.126148 -0.983958 -0.126148
0.106466 -0.993683 0.035489 0.102359 -0.989467 0.102359 -0.202145 -0.977035 -0.067382 -0.034462 -0.999406 0.000000 0.000000 -0.960564 0.278058 -0.066503 -0.997540 0.022168 0.049922 -0.998441 0.024961 -0.080961 -0.971533 0.222643 -0.121019 -0.992355 0.024204
0.034442 -0.998813 0.034442 0.073422 -0.991201 0.110133 -0.225338 -0.965734 -0.128765 0.033296 -0.998891 0.033296 0.000000 -0.979603 0.200944 0.000000 -0.999168 0.040782 0.064342 -0.986570 0.150130 -0.093121 -0.987083 0.130369 -0.109135 -0.982214 0.152789
-0.096324 -0.995350 0.000000 0.113878 -0.986947 0.113878 -0.154083 -0.986134 -0.061633 0.034442 -0.998813 0.034442 0.000000 -0.992646 0.121054 0.099425 -0.994250 -0.039770 0.040185 -0.964447 0.261204 -0.133388 -0.990881 -0.019055 -0.080582 -0.966988 0.241747
-0.066519 -0.997785 0.000000 0.157500 -0.984374 0.078750 -0.061898 -0.990375 -0.123797 -0.038320 -0.996322 0.076640 0.024268 -0.994982 0.097071 0.156893 -0.980581 -0.117670 0.019503 -0.936151 0.351057 -0.172219 -0.975909 -0.133948 -0.059549 -0.952786 0.297746
-0.063855 -0.989754 -0.127710 0.146157 -0.986559 0.073078 -0.031976 -0.991271 -0.127906 -0.082761 -0.993127 0.082761 0.023193 -0.997307 0.069580 0.157226 -0.982662 -0.098266 0.020240 -0.931052 0.364325 -0.182424 -0.972929 -0.141885 -0.061481 -0.942710 0.327899
-0.031654 -0.981288 -0.189927 0.203279 -0.975739 0.081312 -0.095880 -0.990764 -0.095880 -0.079493 -0.993661 0.079493 0.023193 -0.997307 0.069580 0.140962 -0.986733 -0.080550 0.021622 -0.929743 0.367573 -0.123797 -0.990375 -0.061898 -0.086306 -0.949370 0.302072
0.032444 -0.973329 -0.227110 0.175682 -0.983820 0.035136 -0.153719 -0.983801 -0.092231 -0.163163 -0.978980 0.122373 0.023224 -0.998651 0.046449 0.105691 -0.993500 -0.042277 0.020934 -0.942008 0.334936 -0.105762 -0.994166 -0.021152 -0.084572 -0.951436 0.296002
0.096176 -0.961756 -0.256468 0.188311 -0.979217 0.075324 -0.158511 -0.982766 -0.095106 -0.231800 -0.965834 0.115900 0.046349 -0.996503 0.069523 0.084800 -0.996398 0.000000 0.000000 -0.956674 0.291162 -0.086609 -0.996007 -0.021652 -0.103429 -0.951543 0.289600
0.127775 -0.958315 -0.255551 0.224231 -0.971666 0.074744 -0.189642 -0.979816 -0.063214 -0.181608 -0.980684 0.072643 0.024354 -0.998516 0.048708 0.063686 -0.997744 0.021229 0.000000 -0.962309 0.271957 -0.086630 -0.996241 0.000000 -0.082182 -0.965640 0.246546
0.128765 -0.965734 -0.225338 0.224231 -0.971666 0.074744 -0.189642 -0.979816 -0.063214 -0.209020 -0.975426 0.069673 0.024354 -0.998516 0.048708 0.021229 -0.997744 0.063686 0.020611 -0.968712 0.247331 -0.084781 -0.996174 0.021195 -0.082584 -0.970362 0.227106
0.160210 -0.961262 -0.224294 0.233197 -0.971653 0.038866 -0.189642 -0.979816 -0.063214 -0.209020 -0.975426 0.069673 0.024354 -0.998516 0.048708 0.021229 -0.997744 0.063686 0.020303 -0.974531 0.223330 -0.065064 -0.997645 0.021688 -0.079399 -0.972636 0.218347
0.128765 -0.965734 -0.225338 0.315244 -0.945732 0.078811 -0.158910 -0.985245 -0.063564 -0.283375 -0.956389 0.070844 0.000000 -0.998542 0.053975 0.039156 -0.998466 0.039156 0.020303 -0.974531 0.223330 -0.059880 -0.998006 0.019960 -0.082956 -0.974735 0.207390
0.094585 -0.977378 -0.189170 0.364101 -0.930480 0.040456 -0.123797 -0.990375 -0.061898 -0.350059 -0.933492 0.077791 -0.028456 -0.995943 0.085367 0.038405 -0.998524 0.038405 0.019992 -0.979608 0.199920 -0.057586 -0.998156 0.019195 -0.081312 -0.975739 0.203279
0.059183 -0.976519 -0.207140 0.446844 -0.893689 0.040622 -0.092231 -0.983801 -0.153719 -0.375653 -0.918262 0.125218 -0.028456 -0.995943 0.085367 0.036986 -0.998631 0.036986 0.040112 -0.982756 0.180506 -0.037682 -0.998579 0.037682 -0.102533 -0.984318 0.143546
0.028421 -0.966315 -0.255789 0.481919 -0.876216 0.000000 -0.086566 -0.981087 -0.173133 -0.388018 -0.905374 0.172452 -0.029198 -0.992727 0.116791 0.071202 -0.996826 0.035601 0.041065 -0.985562 0.164260 -0.054384 -0.997038 0.054384 -0.082409 -0.988903 0.123613
0.000000 -0.930408 -0.366525 0.481457 -0.875376 0.043769 -0.085575 -0.969846 -0.228199 -0.357154 -0.912727 0.198419 -0.026162 -0.994165 0.104649 0.053283 -0.994623 0.088806 0.060659 -0.990759 0.121317 0.000000 -0.999261 0.038433 -0.100769 -0.987534 0.120923
0.000000 -0.924678 -0.380750 0.446767 -0.893534 -0.044677 -0.056773 -0.965146 -0.255480 -0.406294 -0.886460 0.221615 -0.025425 -0.991561 0.127123 0.020757 -0.996331 0.083028 0.082974 -0.995688 0.041487 0.042277 -0.993500 0.105691 -0.121442 -0.991773 0.040481
0.027587 -0.882780 -0.468977 0.393543 -0.918266 -0.043727 -0.085575 -0.969846 -0.228199 -0.383669 -0.906854 0.174395 -0.025425 -0.991561 0.127123 0.000000 -0.990830 0.135113 0.088453 -0.995098 -0.044227 0.046017 -0.989356 0.138050 -0.108034 -0.993912 -0.021607
0.083559 -0.891299 -0.445650 0.354594 -0.930809 -0.088648 -0.118993 -0.981691 -0.148741 -0.345444 -0.932700 0.103633 -0.024716 -0.988634 0.148295 -0.023932 -0.981209 0.191456 0.103418 -0.982467 -0.155126 0.098029 -0.980286 0.171550 -0.147620 -0.984136 -0.098414
0.145432 -0.901681 -0.407211 0.350059 -0.933492 -0.077791 -0.189170 -0.977378 -0.094585 -0.377075 -0.925548 0.034280 -0.049386 -0.987730 0.148159 -0.026407 -0.977073 0.211259 0.107833 -0.970495 -0.215666 0.107833 -0.970495 0.215666 -0.128885 -0.979525 -0.154662
0.177627 -0.917738 -0.355254 0.326895 -0.944363 -0.036322 -0.183942 -0.981023 -0.061314 -0.389396 -0.920390 0.035400 -0.050621 -0.987105 0.151862 -0.055620 -0.973349 0.222480 0.104470 -0.966351 -0.235058 0.102029 -0.918260 0.382608 -0.128332 -0.975321 -0.179664
0.154303 -0.956681 -0.246885 0.338719 -0.940887 0.000000 -0.189927 -0.981288 -0.031654 -0.358748 -0.932745 0.035875 -0.025335 -0.988054 0.152008 -0.056773 -0.965146 0.255480 0.132640 -0.955005 -0.265279 0.112066 -0.924547 0.364216 -0.127702 -0.970538 -0.204324
0.151794 -0.971483 -0.182153 0.315981 -0.947943 0.039498 -0.132092 -0.990687 -0.033023 -0.347105 -0.937184 0.034711 -0.024716 -0.988634 0.148295 -0.082729 -0.965173 0.248187 0.133535 -0.961454 -0.240363 0.142278 -0.939032 0.313011 -0.153443 -0.971807 -0.179017
0.095106 -0.982766 -0.158511 0.292314 -0.950019 0.109618 -0.099449 -0.994490 -0.033150 -0.358057 -0.930949 0.071611 -0.049386 -0.987730 0.148159 -0.052760 -0.976053 0.211038 0.107833 -0.970495 -0.215666 0.137051 -0.959354 0.246691 -0.158059 -0.974697 -0.158059
0.032092 -0.994837 -0.096275 0.281265 -0.949269 0.140633 -0.034381 -0.997041 -0.068761 -0.358057 -0.930949 0.071611 -0.049553 -0.991059 0.123882 -0.050621 -0.987105 0.151862 0.099015 -0.990148 -0.099015 0.118879 -0.951034 0.285310 -0.147620 -0.984136 -0.098414
0.000000 -0.997925 -0.064382 0.255604 -0.949386 0.182574 -0.033150 -0.994490 -0.099449 -0.290957 -0.945611 0.145479 -0.049553 -0.991059 0.123882 -0.024868 -0.994729 0.099473 0.071227 -0.997178 -0.023742 0.066634 -0.955084 0.288746 -0.115470 -0.993042 -0.023094
-0.032092 -0.994837 -0.096275 0.262705 -0.938233 0.225176 -0.034280 -0.994107 -0.102839 -0.290957 -0.945611 0.145479 -0.048365 -0.991484 0.120913 0.000000 -0.998868 0.047565 0.069523 -0.996503 0.046349 0.063917 -0.958750 0.276972 -0.112881 -0.993352 0.022576
-0.032092 -0.994837 -0.096275 0.272268 -0.933492 0.233373 -0.033150 -0.994490 -0.099449 -0.290957 -0.945611 0.145479 -0.048365 -0.991484 0.120913 0.000000 -0.999717 0.023803 0.066259 -0.993884 0.088345 0.042248 -0.971711 0.232366 -0.088195 -0.992191 0.088195
-0.033150 -0.994490 -0.099449 0.227266 -0.946943 0.227266 0.000000 -0.991228 -0.132164 -0.290957 -0.945611 0.145479 -0.048365 -0.991484 0.120913 0.023803 -0.999717 0.000000 0.043183 -0.993217 0.107958 0.020892 -0.981941 0.188031 -0.065938 -0.989071 0.131876
-0.032092 -0.994837 -0.096275 0.235702 -0.942809 0.235702 0.000000 -0.991778 -0.127971 -0.290957 -0.945611 0.145479 -0.048365 -0.991484 0.120913 0.023803 -0.999717 0.000000 0.042052 -0.988215 0.147181 -0.020970 -0.985604 0.167762 -0.043874 -0.987165 0.153559
-0.031976 -0.991271 -0.127906 0.227266 -0.946943 0.227266 0.031976 -0.991271 -0.127906 -0.325183 -0.939418 0.108394 -0.024268 -0.994982 0.097071 0.023796 -0.999434 -0.023796 0.041913 -0.984955 0.167652 -0.042173 -0.991067 0.126519 -0.021330 -0.981169 0.191968
-0.032862 -0.985861 -0.164310 0.262705 -0.938233 0.225176 0.000000 -0.976900 -0.213697 -0.293294 -0.953206 0.073324 -0.024268 -0.994982 0.097071 0.023776 -0.998586 -0.047552 0.042630 -0.980500 0.191837 0.000000 -0.999742 0.022721 -0.021238 -0.976956 0.212382
-0.031654 -0.981288 -0.189927 0.272268 -0.933492 0.233373 0.030303 -0.969697 -0.242424 -0.303895 -0.949671 0.075974 -0.024318 -0.997039 0.072954 0.023742 -0.997178 -0.071227 0.042448 -0.976296 0.212238 0.000000 -0.999742 0.022721 -0.021138 -0.972362 0.232521
-0.031830 -0.986741 -0.159152 0.266485 -0.951734 0.152277 0.030303 -0.969697 -0.242424 -0.293887 -0.955134 0.036736 0.000000 -0.998812 0.048723 0.023776 -0.998586 -0.047552 0.043345 -0.975270 0.216727 -0.022716 -0.999484 0.022716 0.000000 -0.960714 0.277540
-0.032669 -0.980057 -0.196011 0.301297 -0.941554 0.150649 0.031220 -0.967805 -0.249756 -0.294086 -0.955779 0.000000 0.000000 -0.998812 0.048723 0.023776 -0.998586 -0.047552 0.043345 -0.975270 0.216727 -0.044390 -0.998768 0.022195 0.000000 -0.960714 0.277540
0.000000 -0.979260 -0.202606 0.257151 -0.955134 0.146944 0.030964 -0.959886 -0.278677 -0.284088 -0.958798 0.000000 0.000000 -0.998812 0.048723 0.023776 -0.998586 -0.047552 0.043345 -0.975270 0.216727 -0.044357 -0.998031 0.044357 0.000000 -0.959018 0.283346
0.000000 -0.979260 -0.202606 0.257151 -0.955134 0.146944 0.000000 -0.960346 -0.278810 -0.224860 -0.974391 0.000000 0.000000 -0.997334 0.072976 0.023796 -0.999434 -0.023796 0.044488 -0.978745 0.200198 -0.044357 -0.998031 0.044357 0.000000 -0.952926 0.303204
0.033501 -0.971537 -0.234509 0.267848 -0.956598 0.114792 0.000000 -0.968277 -0.249878 -0.216930 -0.976187 0.000000 0.000000 -0.997334 0.072976 0.047351 -0.994379 0.094703 0.043716 -0.983621 0.174866 -0.044357 -0.998031 0.044357 0.021652 -0.952702 0.303133
