-0.562003 -0.826475 0.033059 0.924500 -0.369800 0.092450 0.418704 -0.867315 -0.269167 -0.793492 -0.606788 0.046676 0.102658 -0.752825 0.650167 -0.247082 -0.673860 0.696322 0.462757 -0.257087 -0.848388 0.201198 -0.653894 0.729343 -0.382360 -0.382360 -0.841191
-0.537834 -0.840366 0.067229 0.942809 -0.329983 0.047140 0.421924 -0.843848 -0.331512 -0.790912 -0.604815 0.093048 0.062348 -0.779350 0.623480 -0.247082 -0.673860 0.696322 0.473029 -0.262794 -0.840941 0.227508 -0.591520 0.773527 -0.419657 -0.345600 -0.839314
-0.487417 -0.870388 0.069631 0.884652 -0.442326 0.147442 0.396681 -0.854389 -0.335653 -0.768767 -0.633102 0.090443 0.000000 -0.796162 0.605083 -0.247082 -0.673860 0.696322 0.472052 -0.340927 -0.812979 0.030275 -0.817432 0.575230 -0.286251 -0.613396 -0.736075
-0.496139 -0.868243 0.000000 0.764866 -0.629890 0.134976 0.301511 -0.904534 -0.301511 -0.703985 -0.703985 0.093865 -0.031220 -0.780488 0.624391 -0.221498 -0.713714 0.664493 0.397081 -0.502969 -0.767690 0.031607 -0.821781 0.568926 -0.256288 -0.768865 -0.585802
-0.446516 -0.893033 -0.055815 0.703985 -0.703985 0.093865 0.227736 -0.939413 -0.256203 -0.624020 -0.768025 0.144005 -0.030614 -0.765346 0.642891 -0.162638 -0.786084 0.596340 0.321173 -0.695874 -0.642345 0.000000 -0.948683 0.316228 -0.221464 -0.848945 -0.479839
-0.360831 -0.932146 0.030069 0.613351 -0.788594 0.043811 0.257663 -0.966235 0.000000 -0.531891 -0.842160 0.088648 -0.029050 -0.813390 0.580993 -0.110897 -0.859455 0.499038 0.237006 -0.816355 -0.526681 0.058798 -0.970169 0.235192 -0.259161 -0.863868 -0.431934
-0.162995 -0.977972 0.130396 0.430134 -0.899371 0.078206 0.135926 -0.985460 0.101944 -0.377300 -0.922288 0.083844 0.000000 -0.852601 0.522562 -0.083398 -0.917375 0.389189 0.178319 -0.917067 -0.356637 0.027973 -0.951072 0.307700 -0.238249 -0.926523 -0.291193
0.035136 -0.983820 0.175682 0.234509 -0.971537 0.033501 -0.035333 -0.989331 0.141333 -0.224860 -0.974391 0.000000 0.025976 -0.909168 0.415619 -0.073324 -0.953206 0.293294 0.172276 -0.959823 -0.221498 0.000000 -0.948683 0.316228 -0.201773 -0.958423 -0.201773
0.140028 -0.980196 0.140028 0.127710 -0.989754 0.063855 -0.110357 -0.993211 0.036786 -0.102899 -0.994692 0.000000 0.025491 -0.943154 0.331378 -0.042448 -0.976296 0.212238 0.147934 -0.986227 -0.073967 -0.021344 -0.960495 0.277476 -0.175771 -0.979294 -0.100440
0.175358 -0.982003 0.070143 0.033241 -0.997234 0.066482 -0.175682 -0.983820 -0.035136 0.000000 -1.000000 0.000000 0.025441 -0.966762 0.254411 -0.037987 -0.987658 0.151947 0.141264 -0.988851 0.047088 -0.019164 -0.977342 0.210799 -0.168102 -0.984599 0.048029
0.127906 -0.991271 -0.031976 0.073671 -0.994558 0.073671 -0.092937 -0.991325 -0.092937 0.071202 -0.996826 0.035601 0.025230 -0.983958 0.176608 0.000000 -0.998340 0.057597 0.124865 -0.978106 0.166486 -0.078176 -0.996748 -0.019544 -0.127458 -0.977176 0.169944
0.066482 -0.997234 -0.033241 0.076472 -0.994135 0.076472 0.030234 -0.997712 -0.060467 0.043274 -0.995307 0.086548 0.024716 -0.988634 0.148295 0.076472 -0.994135 -0.076472 0.080582 -0.966988 0.241747 -0.116863 -0.973862 -0.194772 -0.121442 -0.951292 0.283364
0.032174 -0.997409 -0.064349 0.150329 -0.977140 0.150329 0.066190 -0.992855 -0.099286 0.000000 -0.992278 0.124035 0.024126 -0.989173 0.144757 0.137334 -0.980958 -0.137334 0.061059 -0.956597 0.284944 -0.193746 -0.968730 -0.154997 -0.102126 -0.939558 0.326803
0.062257 -0.996116 -0.062257 0.162221 -0.973329 0.162221 -0.065618 -0.984268 -0.164045 -0.036786 -0.993211 0.110357 0.023094 -0.993042 0.115470 0.123091 -0.984732 -0.123091 0.063119 -0.946792 0.315597 -0.198536 -0.972828 -0.119122 -0.085730 -0.943026 0.321486
0.066519 -0.997785 0.000000 0.180187 -0.973012 0.144150 -0.204298 -0.963119 -0.175113 0.000000 -0.994309 0.106533 0.023094 -0.993042 0.115470 0.099190 -0.991900 -0.079352 0.063917 -0.958750 0.276972 -0.147181 -0.988215 -0.042052 -0.081295 -0.955214 0.284532
0.132092 -0.990687 0.033023 0.185567 -0.964951 0.185567 -0.232006 -0.957024 -0.174004 0.000000 -0.993409 0.114624 0.000000 -0.992988 0.118213 0.083028 -0.996331 -0.020757 0.064625 -0.969368 0.236957 -0.105786 -0.994389 0.000000 -0.084572 -0.951436 0.296002
0.159152 -0.986741 0.031830 0.185567 -0.964951 0.185567 -0.239796 -0.959185 -0.149873 0.000000 -0.993884 0.110432 -0.024799 -0.991973 0.123997 0.083045 -0.996546 0.000000 0.063302 -0.970628 0.232107 -0.103584 -0.994405 0.020717 -0.083388 -0.958958 0.271010
0.127710 -0.989754 0.063855 0.221013 -0.957722 0.184177 -0.261337 -0.958234 -0.116150 0.000000 -0.997268 0.073872 0.000000 -0.991454 0.130455 0.063643 -0.997070 0.042429 0.062568 -0.980231 0.187704 -0.084724 -0.995504 0.042362 -0.081752 -0.960585 0.265694
0.158910 -0.985245 0.063564 0.179144 -0.967375 0.179144 -0.240772 -0.963087 -0.120386 -0.036911 -0.996588 0.073821 0.026774 -0.990637 0.133870 0.041595 -0.998268 0.041595 0.081633 -0.979592 0.183673 -0.084724 -0.995504 0.042362 -0.082182 -0.965640 0.246546
0.159152 -0.986741 0.031830 0.179144 -0.967375 0.179144 -0.242424 -0.969697 -0.030303 -0.035601 -0.996826 0.071202 0.000000 -0.990992 0.133918 0.039896 -0.997410 0.059845 0.081633 -0.979592 0.183673 -0.079682 -0.996024 0.039841 -0.082182 -0.965640 0.246546
0.096275 -0.994837 0.032092 0.238976 -0.955904 0.170697 -0.196116 -0.980581 0.000000 -0.073671 -0.994558 0.073671 -0.024126 -0.989173 0.144757 0.039896 -0.997410 0.059845 0.081633 -0.979592 0.183673 -0.078176 -0.996748 0.019544 -0.081312 -0.975739 0.203279
0.062257 -0.996116 -0.062257 0.255604 -0.949386 0.182574 -0.164337 -0.986024 0.027390 -0.151078 -0.982006 0.113308 0.000000 -0.987007 0.160676 0.039156 -0.998466 0.039156 0.101850 -0.977761 0.183330 -0.078191 -0.996938 0.000000 -0.083297 -0.978742 0.187419
0.029285 -0.995703 -0.087856 0.276483 -0.947943 0.157991 -0.107443 -0.993848 0.026861 -0.156893 -0.980581 0.117670 0.000000 -0.984271 0.176664 0.019195 -0.998156 0.057586 0.122373 -0.978980 0.163163 -0.059880 -0.998006 -0.019960 -0.082182 -0.986186 0.143819
0.000000 -0.993533 -0.113547 0.278006 -0.953162 0.119145 -0.078702 -0.996898 0.000000 -0.154997 -0.968730 0.193746 0.025110 -0.979294 0.200881 0.019600 -0.999616 -0.019600 0.102211 -0.981228 0.163538 -0.038405 -0.998524 0.038405 -0.102815 -0.987019 0.123377
-0.057831 -0.983135 -0.173494 0.314027 -0.942082 0.117760 0.000000 -0.998460 -0.055470 -0.153732 -0.960828 0.230599 0.025110 -0.979294 0.200881 0.000000 -0.995037 0.099504 0.123377 -0.987019 0.102815 -0.038454 -0.980588 0.192272 -0.105574 -0.992392 0.063344
-0.114473 -0.973018 -0.200327 0.348743 -0.929981 0.116248 0.062257 -0.996116 -0.062257 -0.227266 -0.946943 0.227266 0.000000 -0.968664 0.248375 -0.020502 -0.963609 0.266530 0.129309 -0.991370 0.021552 0.000000 -0.977176 0.212430 -0.135079 -0.990579 -0.022513
-0.148741 -0.951943 -0.267734 0.382080 -0.916993 0.114624 0.131519 -0.986394 -0.098639 -0.272268 -0.933492 0.233373 0.025270 -0.960258 0.277969 -0.042126 -0.947841 0.315947 0.120913 -0.991484 -0.048365 0.000000 -0.937994 0.346650 -0.150851 -0.980531 -0.125709
-0.184550 -0.922749 -0.338341 0.411953 -0.898807 0.149801 0.276483 -0.947943 -0.157991 -0.357154 -0.912727 0.198419 0.025898 -0.958215 0.284875 -0.042136 -0.905916 0.421356 0.135086 -0.972618 -0.189120 -0.020507 -0.902291 0.430639 -0.163785 -0.955414 -0.245678
-0.154598 -0.927589 -0.340116 0.457164 -0.876230 0.152388 0.352865 -0.926270 -0.132324 -0.359712 -0.919265 0.159872 0.027017 -0.945601 0.324206 -0.063686 -0.870373 0.488258 0.138568 -0.942266 -0.304851 -0.021432 -0.857296 0.514378 -0.165584 -0.938310 -0.303571
-0.156174 -0.937043 -0.312348 0.457164 -0.876230 0.152388 0.346925 -0.925132 -0.154189 -0.436436 -0.872872 0.218218 0.027247 -0.953640 0.299715 -0.064625 -0.840119 0.538538 0.139591 -0.921299 -0.362936 -0.021979 -0.835215 0.549484 -0.166795 -0.917375 -0.361390
-0.096926 -0.969256 -0.226160 0.499262 -0.844905 0.192024 0.380143 -0.912343 -0.152057 -0.457540 -0.873485 0.166378 0.027247 -0.953640 0.299715 -0.098743 -0.864000 0.493714 0.138145 -0.911755 -0.386805 0.000000 -0.821370 0.570396 -0.193624 -0.912801 -0.359588
-0.096926 -0.969256 -0.226160 0.495261 -0.838133 0.228582 0.367359 -0.918398 -0.146944 -0.457540 -0.873485 0.166378 0.027247 -0.953640 0.299715 -0.103108 -0.850640 0.515539 0.134742 -0.916246 -0.377278 -0.023243 -0.813514 0.581081 -0.187016 -0.908364 -0.374032
-0.064786 -0.971795 -0.226752 0.495261 -0.838133 0.228582 0.311458 -0.934374 -0.173032 -0.460336 -0.878823 0.125546 0.027462 -0.961161 0.274618 -0.150376 -0.852133 0.501255 0.165082 -0.907951 -0.385191 -0.023557 -0.824500 0.565371 -0.188845 -0.917245 -0.350711
-0.097590 -0.975900 -0.195180 0.450669 -0.863783 0.225335 0.299392 -0.935601 -0.187120 -0.459504 -0.880716 0.114876 0.000000 -0.978550 0.206010 -0.120526 -0.867785 0.482103 0.133918 -0.937425 -0.321403 -0.022948 -0.849062 0.527795 -0.187418 -0.937089 -0.294514
-0.064786 -0.971795 -0.226752 0.419982 -0.878144 0.229081 0.221013 -0.957722 -0.184177 -0.445976 -0.891953 0.074329 0.000000 -0.983453 0.181162 -0.113257 -0.906054 0.407724 0.133535 -0.961454 -0.240363 -0.022130 -0.885181 0.464720 -0.187485 -0.964209 -0.187485
-0.096926 -0.969256 -0.226160 0.374766 -0.899438 0.224860 0.101419 -0.980379 -0.169031 -0.370370 -0.925926 0.074074 0.000000 -0.988936 0.148340 -0.086186 -0.926500 0.366291 0.132221 -0.978439 -0.158666 -0.021267 -0.914480 0.404072 -0.184852 -0.977073 -0.105630
-0.131804 -0.955582 -0.263609 0.362500 -0.906249 0.217500 0.063855 -0.989754 -0.127710 -0.358057 -0.930949 0.071611 -0.024204 -0.992355 0.121019 -0.084029 -0.945328 0.315109 0.127000 -0.990601 -0.050800 -0.020137 -0.946458 0.322198 -0.181102 -0.983124 -0.025872
-0.127775 -0.958315 -0.255551 0.362500 -0.906249 0.217500 0.028375 -0.993133 -0.113501 -0.326895 -0.944363 0.036322 -0.024204 -0.992355 0.121019 -0.062271 -0.954817 0.290597 0.097100 -0.995275 0.000000 0.000000 -0.963811 0.266586 -0.168102 -0.984599 0.048029
-0.158991 -0.953945 -0.254385 0.357154 -0.912727 0.198419 0.000000 -0.988716 -0.149805 -0.293294 -0.953206 0.073324 -0.024204 -0.992355 0.121019 -0.061728 -0.967070 0.246911 0.094570 -0.992988 0.070928 -0.020391 -0.978777 0.203912 -0.140449 -0.983146 0.117041
-0.157642 -0.945850 -0.283755 0.357154 -0.912727 0.198419 0.000000 -0.988716 -0.149805 -0.293294 -0.953206 0.073324 -0.024204 -0.992355 0.121019 -0.021330 -0.981169 0.191968 0.067403 -0.988577 0.134806 -0.040250 -0.986133 0.161001 -0.139535 -0.976744 0.162791
-0.182743 -0.944175 -0.274115 0.357154 -0.912727 0.198419 0.000000 -0.992278 -0.124035 -0.259794 -0.964951 0.037113 -0.024268 -0.994982 0.097071 -0.021330 -0.981169 0.191968 0.065732 -0.985979 0.153375 -0.060659 -0.990759 0.121317 -0.113083 -0.972512 0.203549
-0.181154 -0.935962 -0.301923 0.370524 -0.905726 0.205847 0.030994 -0.991801 -0.123975 -0.259794 -0.964951 0.037113 -0.024268 -0.994982 0.097071 0.000000 -0.988619 0.150442 0.043540 -0.979651 0.195930 -0.082761 -0.993127 0.082761 -0.087854 -0.966391 0.241598
-0.153069 -0.949029 -0.275525 0.324176 -0.932007 0.162088 0.061633 -0.986134 -0.154083 -0.259794 -0.964951 0.037113 -0.048365 -0.991484 0.120913 0.000000 -0.991600 0.129339 0.042448 -0.976296 0.212238 -0.103406 -0.992702 0.062044 -0.065638 -0.962683 0.262550
-0.181154 -0.935962 -0.301923 0.338971 -0.932170 0.127114 0.094585 -0.977378 -0.189170 -0.259794 -0.964951 0.037113 -0.024268 -0.994982 0.097071 0.021652 -0.996007 0.086609 0.021467 -0.966012 0.257603 -0.103584 -0.994405 0.020717 -0.065248 -0.956974 0.282742
-0.179445 -0.927130 -0.328982 0.338971 -0.932170 0.127114 0.121212 -0.969697 -0.212121 -0.269630 -0.962964 0.000000 -0.024268 -0.994982 0.097071 0.021688 -0.997645 0.065064 0.021467 -0.966012 0.257603 -0.126632 -0.991950 0.000000 -0.042400 -0.953998 0.296799
-0.189927 -0.917979 -0.348199 0.304555 -0.951734 0.038069 0.120386 -0.963087 -0.240772 -0.269630 -0.962964 0.000000 -0.024922 -0.996890 0.074767 0.021688 -0.997645 0.065064 0.021467 -0.966012 0.257603 -0.105786 -0.994389 0.000000 -0.043274 -0.952033 0.302920
-0.159152 -0.923080 -0.350134 0.269430 -0.962250 0.038490 0.119470 -0.955756 -0.268806 -0.233373 -0.972387 0.000000 -0.024318 -0.997039 0.072954 0.021713 -0.998821 0.043427 0.021791 -0.958790 0.283279 -0.105762 -0.994166 -0.021152 -0.042983 -0.945635 0.322376
-0.126428 -0.916602 -0.379284 0.259973 -0.965616 0.000000 0.122975 -0.953057 -0.276694 -0.224860 -0.974391 0.000000 -0.024318 -0.997039 0.072954 0.021713 -0.998821 0.043427 0.000000 -0.959018 0.283346 -0.105762 -0.994166 -0.021152 -0.043874 -0.943291 0.329055
-0.096275 -0.930654 -0.353007 0.250962 -0.967997 0.000000 0.121886 -0.944613 -0.304714 -0.224702 -0.973708 -0.037450 -0.024961 -0.998441 0.049922 0.021729 -0.999528 0.021729 0.000000 -0.952926 0.303204 -0.105762 -0.994166 -0.021152 -0.043874 -0.943291 0.329055
-0.065060 -0.943370 -0.325300 0.216930 -0.976187 0.000000 0.125491 -0.941184 -0.313728 -0.224702 -0.973708 -0.037450 -0.024354 -0.998516 0.048708 0.021729 -0.999528 0.021729 0.000000 -0.952926 0.303204 -0.105762 -0.994166 -0.021152 -0.043874 -0.943291 0.329055
