-0.484628 -0.872330 0.064617 0.870063 -0.483368 -0.096674 0.367607 -0.882258 0.294086 -0.822951 -0.565779 -0.051434 0.062715 -0.721219 0.689862 -0.292375 -0.719692 0.629730 0.481979 -0.329775 -0.811754 0.221096 -0.736987 0.638722 -0.403804 -0.378566 -0.832845
-0.432853 -0.899002 0.066593 0.890043 -0.445021 -0.098894 0.386501 -0.878410 0.281091 -0.860828 -0.506370 -0.050637 0.064084 -0.736968 0.672883 -0.279845 -0.710376 0.645796 0.485903 -0.306886 -0.818363 0.217643 -0.725476 0.652929 -0.428496 -0.352879 -0.831786
-0.471288 -0.879738 0.062838 0.849473 -0.519122 -0.094386 0.356009 -0.890024 0.284808 -0.799002 -0.599251 -0.049938 0.030614 -0.765346 0.642891 -0.246833 -0.718059 0.650741 0.442642 -0.390567 -0.807171 0.194429 -0.729110 0.656199 -0.378566 -0.403804 -0.832845
-0.156055 -0.975343 0.156055 0.749110 -0.660979 -0.044065 0.327544 -0.909843 0.254756 -0.685365 -0.728200 0.000000 0.029907 -0.777593 0.628056 -0.228934 -0.732590 0.641016 0.393919 -0.551487 -0.735316 0.157405 -0.760791 0.629620 -0.334545 -0.540419 -0.772028
0.000000 -0.984428 0.175791 0.611593 -0.786334 -0.087370 0.238976 -0.955904 0.170697 -0.564152 -0.824530 0.043396 0.029050 -0.813390 0.580993 -0.175771 -0.778413 0.602642 0.309426 -0.721995 -0.618853 0.112822 -0.817957 0.564108 -0.286416 -0.703020 -0.650945
0.068160 -0.988317 0.136320 0.490653 -0.868079 -0.075485 0.136320 -0.988317 0.068160 -0.364399 -0.931243 0.000000 0.026861 -0.859544 0.510355 -0.103108 -0.850640 0.515539 0.227793 -0.860553 -0.455587 0.055815 -0.893033 0.446516 -0.230014 -0.843386 -0.485586
0.102839 -0.994107 0.034280 0.316228 -0.948683 0.000000 0.034462 -0.999406 0.000000 -0.181969 -0.982631 -0.036394 0.025110 -0.903964 0.426872 -0.024551 -0.908403 0.417374 0.175715 -0.928781 -0.326328 0.000000 -0.926739 0.375705 -0.176664 -0.908558 -0.378566
0.068439 -0.992360 -0.102658 0.196011 -0.980057 0.032669 -0.065938 -0.989071 -0.131876 -0.068640 -0.995277 -0.068640 0.024126 -0.940921 0.337766 0.000000 -0.950871 0.309586 0.152696 -0.967075 -0.203595 -0.023402 -0.959475 0.280822 -0.148250 -0.963624 -0.222375
0.100056 -0.967204 -0.233463 0.131876 -0.989071 0.065938 -0.125677 -0.973996 -0.188515 0.034381 -0.997041 -0.068761 0.047062 -0.964773 0.258841 0.000000 -0.971297 0.237869 0.147934 -0.986227 -0.073967 -0.040757 -0.978167 0.203785 -0.123882 -0.991059 -0.049553
0.132891 -0.963460 -0.232559 0.135926 -0.985460 0.101944 -0.123091 -0.984732 -0.123091 0.066482 -0.997234 -0.033241 0.024035 -0.985452 0.168248 0.038713 -0.987179 0.154852 0.110003 -0.990028 0.088002 -0.038999 -0.994471 0.097497 -0.112197 -0.987332 0.112197
0.121942 -0.975537 -0.182913 0.154997 -0.968730 0.193746 -0.062107 -0.993712 -0.093161 0.000000 -0.999261 0.038433 0.046017 -0.989356 0.138050 0.057586 -0.998156 -0.019195 0.103919 -0.976838 0.187054 -0.096674 -0.986071 -0.135343 -0.084271 -0.969119 0.231746
0.099286 -0.992855 -0.066190 0.193746 -0.968730 0.154997 -0.116841 -0.993151 0.000000 -0.110133 -0.991201 0.073422 0.045118 -0.992593 0.112795 0.077252 -0.984967 -0.154505 0.099504 -0.955236 0.278610 -0.135470 -0.967641 -0.212881 -0.078811 -0.945732 0.315244
0.110432 -0.993884 0.000000 0.223452 -0.968291 0.111726 -0.183942 -0.981023 0.061314 -0.105474 -0.984428 0.140633 0.094570 -0.992988 0.070928 0.077557 -0.969458 -0.232670 0.100830 -0.947804 0.302491 -0.138621 -0.970345 -0.198030 -0.039246 -0.941901 0.333590
0.093296 -0.995153 -0.031099 0.324617 -0.927478 0.185496 -0.251354 -0.942576 0.219934 -0.109254 -0.983282 0.145671 0.000000 -0.995037 0.099504 0.059362 -0.969584 -0.237449 0.104828 -0.943456 0.314485 -0.122756 -0.982049 -0.143215 -0.020137 -0.946458 0.322198
0.099449 -0.994490 -0.033150 0.298753 -0.938937 0.170716 -0.314102 -0.907406 0.279202 -0.143131 -0.966136 0.214697 0.000000 -0.994781 0.102029 0.040390 -0.969351 -0.242338 0.084029 -0.945328 0.315109 -0.103252 -0.991219 -0.082602 -0.020664 -0.950527 0.309954
0.099449 -0.994490 -0.033150 0.350486 -0.920027 0.175243 -0.273275 -0.922302 0.273275 -0.182574 -0.949386 0.255604 -0.053490 -0.989574 0.133726 0.041398 -0.972853 -0.227689 0.084572 -0.951436 0.296002 -0.082885 -0.994618 -0.062164 -0.020915 -0.962099 0.271898
0.060467 -0.997712 -0.030234 0.393654 -0.885722 0.246034 -0.238837 -0.921228 0.307076 -0.196116 -0.941357 0.274563 -0.028149 -0.985232 0.168897 0.041586 -0.977260 -0.207928 0.086854 -0.955394 0.282275 -0.082885 -0.994618 -0.062164 0.000000 -0.960714 0.277540
0.064349 -0.997409 -0.032174 0.420542 -0.887812 0.186908 -0.246564 -0.915811 0.317011 -0.193892 -0.930680 0.310227 0.000000 -0.979457 0.201653 0.042944 -0.987707 -0.150303 0.087370 -0.961074 0.262111 -0.063643 -0.997070 -0.042429 0.000000 -0.966235 0.257663
0.064249 -0.995863 -0.064249 0.440225 -0.880451 0.176090 -0.206284 -0.928279 0.309426 -0.203616 -0.936632 0.285062 -0.028796 -0.979051 0.201569 0.062164 -0.994618 -0.082885 0.086026 -0.967798 0.236573 -0.062324 -0.997191 -0.041550 0.000000 -0.964764 0.263117
0.062107 -0.993712 -0.093161 0.408248 -0.898146 0.163299 -0.126681 -0.950110 0.285033 -0.239236 -0.917070 0.318981 -0.028796 -0.979051 0.201569 0.062365 -0.997837 -0.020788 0.103033 -0.968506 0.226672 -0.039936 -0.998404 -0.039936 0.000000 -0.972579 0.232573
0.092937 -0.991325 -0.092937 0.334945 -0.930404 0.148865 -0.084348 -0.955947 0.281161 -0.251533 -0.922288 0.293455 -0.026861 -0.993848 0.107443 0.041622 -0.998917 -0.020811 0.099073 -0.970916 0.217961 -0.020336 -0.996478 -0.081345 -0.020303 -0.974531 0.223330
0.089522 -0.984746 -0.149204 0.336581 -0.934947 0.112194 -0.053819 -0.968736 0.242184 -0.308457 -0.925371 0.220326 0.024961 -0.998441 0.049922 0.021729 -0.999528 -0.021729 0.116863 -0.973862 0.194772 0.000000 -0.994389 -0.105786 -0.058733 -0.978888 0.195778
0.028149 -0.985232 -0.168897 0.350059 -0.933492 0.077791 -0.053037 -0.981187 0.185630 -0.257012 -0.942376 0.214176 0.022716 -0.999484 0.022716 0.000000 -0.992278 0.124035 0.136496 -0.974972 0.175495 0.043345 -0.996942 -0.065018 -0.080306 -0.983745 0.160611
-0.028796 -0.979051 -0.201569 0.338480 -0.940222 0.037609 -0.054944 -0.988996 0.137361 -0.244745 -0.938190 0.244745 0.021729 -0.999528 0.021729 -0.021874 -0.984327 0.174991 0.136939 -0.978138 0.156502 0.045361 -0.997940 0.045361 -0.079181 -0.989759 0.118771
-0.055258 -0.967013 -0.248661 0.293887 -0.955134 0.036736 -0.026861 -0.993848 0.107443 -0.229081 -0.954504 0.190901 0.000000 -0.999753 0.022217 -0.021791 -0.936999 0.348651 0.140705 -0.984937 0.100504 0.048210 -0.988311 0.144631 -0.062257 -0.996116 0.062257
-0.082138 -0.958275 -0.273793 0.327111 -0.944986 0.000000 -0.055385 -0.996928 0.055385 -0.255604 -0.949386 0.182574 0.000000 -0.999742 0.022721 -0.021492 -0.902652 0.429834 0.134976 -0.989827 0.044992 0.048897 -0.929043 0.366727 -0.088540 -0.996073 0.000000
-0.081499 -0.950820 -0.298829 0.316228 -0.948683 0.000000 -0.116791 -0.992727 0.029198 -0.214697 -0.966136 0.143131 0.000000 -0.998969 0.045408 -0.022081 -0.861156 0.507861 0.148295 -0.988634 -0.024716 0.023402 -0.842465 0.538242 -0.096645 -0.990616 -0.096645
-0.030387 -0.941993 -0.334255 0.274721 -0.961524 0.000000 -0.123797 -0.990375 0.061898 -0.249523 -0.962446 0.106938 0.000000 -0.997334 0.072976 0.000000 -0.828589 0.559857 0.129750 -0.986099 -0.103800 0.022513 -0.810474 0.585342 -0.100440 -0.979294 -0.175771
0.029437 -0.971429 -0.235498 0.250962 -0.967997 0.000000 -0.123975 -0.991801 0.030994 -0.249523 -0.962446 0.106938 0.000000 -0.995275 0.097100 0.000000 -0.828589 0.559857 0.106525 -0.985354 -0.133156 0.000000 -0.791782 0.610803 -0.079002 -0.974359 -0.210672
0.059523 -0.982125 -0.178568 0.216789 -0.975550 0.036131 -0.127906 -0.991271 0.031976 -0.216366 -0.973645 0.072122 0.000000 -0.995275 0.097100 0.000000 -0.821370 0.570396 0.106112 -0.981533 -0.159167 0.000000 -0.770022 0.638018 -0.078540 -0.968666 -0.235621
0.063564 -0.985245 -0.158910 0.250319 -0.965518 0.071520 -0.102899 -0.994692 0.000000 -0.215666 -0.970495 0.107833 0.000000 -0.995037 0.099504 -0.022669 -0.838746 0.544051 0.108947 -0.980522 -0.163420 0.000000 -0.800000 0.600000 -0.105081 -0.972003 -0.210163
0.099015 -0.990148 -0.099015 0.248421 -0.958194 0.141955 -0.068802 -0.997630 0.000000 -0.188311 -0.979217 0.075324 0.000000 -0.995275 0.097100 -0.043305 -0.866093 0.498004 0.132733 -0.982224 -0.132733 0.000000 -0.845489 0.533993 -0.102971 -0.978225 -0.180199
0.099015 -0.990148 -0.099015 0.253750 -0.942499 0.217500 -0.034381 -0.997041 -0.068761 -0.224231 -0.971666 0.074744 0.024268 -0.994982 0.097071 -0.043800 -0.897906 0.438003 0.126796 -0.989007 -0.076077 0.000000 -0.894427 0.447214 -0.099015 -0.990148 -0.099015
0.099449 -0.994490 -0.033150 0.251610 -0.934551 0.251610 0.000000 -0.994692 -0.102899 -0.224702 -0.973708 0.037450 0.000000 -0.997459 0.071247 -0.043727 -0.918266 0.393543 0.115501 -0.993307 0.000000 0.000000 -0.926947 0.375193 -0.094703 -0.994379 -0.047351
0.064382 -0.997925 0.000000 0.269630 -0.924445 0.269630 0.033023 -0.990687 -0.132092 -0.224702 -0.973708 0.037450 0.000000 -0.998868 0.047565 -0.042983 -0.945635 0.322376 0.110003 -0.990028 0.088002 0.000000 -0.950871 0.309586 -0.088453 -0.995098 0.044227
0.064382 -0.997925 0.000000 0.266679 -0.914327 0.304776 0.066890 -0.969905 -0.234115 -0.216789 -0.975550 0.036131 0.000000 -0.999730 0.023250 -0.042904 -0.965345 0.257425 0.106843 -0.982960 0.149581 0.000000 -0.971399 0.237453 -0.087769 -0.987403 0.131654
0.064382 -0.997925 0.000000 0.276268 -0.907738 0.315735 0.066890 -0.969905 -0.234115 -0.224860 -0.974391 0.000000 0.000000 -0.999730 0.023250 -0.042248 -0.971711 0.232366 0.083606 -0.982370 0.167212 0.000000 -0.985212 0.171341 -0.085358 -0.981616 0.170716
0.064382 -0.997925 0.000000 0.276268 -0.907738 0.315735 0.096275 -0.930654 -0.353007 -0.233373 -0.972387 0.000000 0.000000 -0.999730 0.023250 -0.043345 -0.975270 0.216727 0.081633 -0.979592 0.183673 0.000000 -0.991950 0.126632 -0.084667 -0.973668 0.211667
0.031235 -0.999512 0.000000 0.312110 -0.897315 0.312110 0.128499 -0.899490 -0.417620 -0.233373 -0.972387 0.000000 0.000000 -0.999742 0.022721 -0.021330 -0.981169 0.191968 0.061072 -0.977153 0.203574 0.000000 -0.994389 0.105786 -0.083844 -0.964210 0.251533
0.030289 -0.999541 0.000000 0.323381 -0.889297 0.323381 0.190693 -0.858116 -0.476731 -0.233197 -0.971653 -0.038866 0.000000 -0.999742 0.022721 -0.021413 -0.984986 0.171302 0.060523 -0.968364 0.242091 0.000000 -0.994389 0.105786 -0.082182 -0.965640 0.246546
0.000000 -0.999541 -0.030289 0.363210 -0.887848 0.282497 0.214297 -0.826574 -0.520435 -0.233197 -0.971653 -0.038866 0.000000 -0.999730 -0.023250 -0.021487 -0.988391 0.150407 0.060217 -0.963475 0.260941 0.000000 -0.996398 0.084800 -0.083388 -0.958958 0.271010
-0.030165 -0.995440 -0.090495 0.363210 -0.887848 0.282497 0.231617 -0.781706 -0.579042 -0.252199 -0.966762 -0.042033 0.000000 -0.999730 -0.023250 0.000000 -0.988116 0.153707 0.040185 -0.964447 0.261204 0.000000 -0.996398 0.084800 -0.084572 -0.951436 0.296002
-0.058099 -0.987688 -0.145248 0.401610 -0.883541 0.240966 0.227736 -0.768610 -0.597808 -0.302072 -0.949370 -0.086306 0.000000 -0.999730 -0.023250 0.000000 -0.988116 0.153707 0.041803 -0.961468 0.271719 0.000000 -0.996241 0.086630 -0.105503 -0.949528 0.295409
-0.030700 -0.982409 -0.184202 0.380143 -0.912343 0.152057 0.255480 -0.738053 -0.624506 -0.302072 -0.949370 -0.086306 0.000000 -0.998920 -0.046461 0.021953 -0.987878 0.153670 0.020915 -0.962099 0.271898 -0.021607 -0.993912 0.108034 -0.085730 -0.943026 0.321486
0.000000 -0.982872 -0.184289 0.334945 -0.930404 0.148865 0.228665 -0.743161 -0.628828 -0.302072 -0.949370 -0.086306 0.000000 -0.998920 -0.046461 0.022355 -0.983624 0.178841 0.000000 -0.967617 0.252422 -0.022081 -0.993641 0.110405 -0.084029 -0.945328 0.315109
0.000000 -0.975441 -0.220261 0.301297 -0.941554 0.150649 0.172774 -0.777482 -0.604708 -0.260870 -0.956522 -0.130435 0.000000 -0.998920 -0.046461 0.022355 -0.983624 0.178841 0.000000 -0.967617 0.252422 -0.022081 -0.993641 0.110405 -0.085730 -0.943026 0.321486
0.030700 -0.982409 -0.184202 0.267848 -0.956598 0.114792 0.122341 -0.825800 -0.550533 -0.250435 -0.960001 -0.125218 0.000000 -0.998920 -0.046461 0.044677 -0.982888 0.178707 -0.021031 -0.967403 0.252366 -0.022081 -0.993641 0.110405 -0.085730 -0.943026 0.321486
0.062807 -0.973515 -0.219826 0.223452 -0.968291 0.111726 0.064651 -0.905111 -0.420230 -0.210725 -0.969334 -0.126435 0.000000 -0.997575 -0.069598 0.044677 -0.982888 0.178707 -0.021467 -0.966012 0.257603 -0.022081 -0.993641 0.110405 -0.085730 -0.943026 0.321486
0.062348 -0.966394 -0.249392 0.224231 -0.971666 0.074744 0.065724 -0.952999 -0.295758 -0.250435 -0.960001 -0.125218 0.000000 -0.997575 -0.069598 0.022261 -0.979472 0.200347 -0.021467 -0.966012 0.257603 -0.022022 -0.990988 0.132132 -0.085730 -0.943026 0.321486
0.030686 -0.951260 -0.306858 0.188311 -0.979217 0.075324 0.065618 -0.984268 -0.164045 -0.240772 -0.963087 -0.120386 0.000000 -0.997575 -0.069598 0.021688 -0.975957 0.216879 -0.021582 -0.971173 0.237398 -0.022439 -0.987332 0.157075 -0.085087 -0.957230 0.276533
