-0.423999 -0.847998 0.317999 0.974176 -0.221404 0.044281 0.313150 -0.939450 0.139178 -0.944835 -0.314945 0.089984 -0.032791 -0.754200 0.655826 -0.350457 -0.642505 0.681445 0.639346 -0.051148 -0.767216 0.062807 -0.910708 0.408248 -0.442904 -0.265742 -0.856281
-0.378188 -0.859518 0.343807 0.944835 -0.314945 0.089984 0.303218 -0.943344 0.134763 -0.944835 -0.314945 0.089984 0.000000 -0.796162 0.605083 -0.354856 -0.630856 0.689999 0.659762 -0.152253 -0.735889 0.221498 -0.713714 0.664493 -0.490079 -0.217813 -0.844026
-0.363054 -0.858128 0.363054 0.881104 -0.463739 0.092748 0.262330 -0.950947 0.163956 -0.876405 -0.461266 0.138380 -0.031039 -0.807002 0.589732 -0.359282 -0.618764 0.698604 0.613773 -0.332460 -0.716068 0.214225 -0.714083 0.666478 -0.475893 -0.300564 -0.826551
-0.324443 -0.875996 0.356887 0.746937 -0.659062 0.087875 0.208389 -0.972480 0.104194 -0.741677 -0.659269 0.123613 -0.060858 -0.791155 0.608581 -0.364770 -0.705223 0.607950 0.513496 -0.539171 -0.667545 0.185296 -0.694862 0.694862 -0.407585 -0.458534 -0.789697
-0.259828 -0.909398 0.324785 0.660979 -0.749110 0.044065 0.127386 -0.987241 0.095539 -0.662085 -0.744845 0.082761 -0.058371 -0.788006 0.612894 -0.330762 -0.811869 0.481108 0.381000 -0.736601 -0.558801 0.122943 -0.737655 0.663890 -0.327673 -0.655346 -0.680552
-0.100056 -0.967204 0.233463 0.431455 -0.902134 0.000000 0.066372 -0.995585 0.066372 -0.478852 -0.877896 0.000000 -0.056232 -0.843482 0.534205 -0.256997 -0.899490 0.353371 0.269175 -0.856465 -0.440468 0.076596 -0.765964 0.638304 -0.245959 -0.787070 -0.565707
0.031976 -0.991271 0.127906 0.293887 -0.955134 0.036736 -0.033296 -0.998891 0.033296 -0.338480 -0.940222 -0.037609 -0.026298 -0.894118 0.447059 -0.177627 -0.947343 0.266440 0.218668 -0.923266 -0.315854 0.028940 -0.926079 0.376219 -0.194659 -0.900299 -0.389319
0.099286 -0.992855 0.066190 0.132092 -0.990687 0.033023 -0.139262 -0.974835 -0.174078 -0.202490 -0.978703 -0.033748 -0.024686 -0.938057 0.345600 -0.128885 -0.979525 0.154662 0.173170 -0.964803 -0.197908 0.000000 -0.978550 0.206010 -0.150946 -0.955994 -0.251577
0.098639 -0.986394 -0.131519 0.095880 -0.990764 0.095880 -0.199778 -0.965594 -0.166482 -0.096324 -0.995350 0.000000 0.000000 -0.967075 0.254493 -0.066259 -0.993884 0.088345 0.147934 -0.986227 -0.073967 -0.042630 -0.980500 0.191837 -0.175771 -0.979294 -0.100440
0.065233 -0.978492 -0.195698 0.066190 -0.992855 0.099286 -0.193548 -0.967742 -0.161290 -0.066519 -0.997785 0.000000 0.000000 -0.980581 0.196116 -0.039896 -0.997410 0.059845 0.094703 -0.994379 0.047351 -0.019960 -0.998006 0.059880 -0.164218 -0.985308 0.046919
0.063214 -0.979816 -0.189642 0.070844 -0.991811 0.106265 -0.177627 -0.976947 -0.118418 -0.035601 -0.996826 0.071202 0.000000 -0.992988 0.118213 0.058722 -0.998274 0.000000 0.064121 -0.983184 0.170989 -0.059596 -0.993269 -0.099327 -0.150791 -0.969368 0.193874
0.098639 -0.986394 -0.131519 0.070844 -0.991811 0.106265 -0.178885 -0.983870 0.000000 -0.073671 -0.994558 0.073671 0.023193 -0.997307 0.069580 0.154505 -0.984967 -0.077252 0.019722 -0.966374 0.256385 -0.122373 -0.978980 -0.163163 -0.116930 -0.954928 0.272837
0.087556 -0.992304 -0.087556 0.156893 -0.980581 0.117670 -0.201574 -0.974274 0.100787 -0.114291 -0.990521 0.076194 0.045361 -0.997940 0.045361 0.137973 -0.985521 -0.098552 0.019881 -0.954291 0.298216 -0.140394 -0.982756 -0.120337 -0.098937 -0.949797 0.296812
0.133870 -0.990637 -0.026774 0.157500 -0.984374 0.078750 -0.224294 -0.961262 0.160210 -0.140633 -0.984428 0.105474 0.023243 -0.999460 0.023243 0.101326 -0.992994 -0.060796 0.039968 -0.959233 0.279776 -0.099484 -0.994840 -0.019897 -0.119145 -0.953162 0.278006
0.220152 -0.974958 0.031450 0.174821 -0.978997 0.104893 -0.186681 -0.964521 0.186681 -0.223452 -0.968291 0.111726 0.044390 -0.998768 0.022195 0.062378 -0.998053 0.000000 0.040979 -0.963002 0.266362 -0.061097 -0.997924 0.020366 -0.101998 -0.958784 0.265196
0.207140 -0.976519 0.059183 0.145000 -0.978749 0.145000 -0.197172 -0.952999 0.230034 -0.215666 -0.970495 0.107833 -0.048708 -0.998516 0.024354 0.062365 -0.997837 0.020788 0.021031 -0.967403 0.252366 -0.042429 -0.997070 0.063643 -0.100040 -0.960384 0.260104
0.219286 -0.971124 0.093980 0.181012 -0.977466 0.108607 -0.228436 -0.946379 0.228436 -0.208389 -0.972480 0.104194 -0.076596 -0.995754 0.051064 0.063643 -0.997070 0.042429 0.021138 -0.972362 0.232521 -0.021688 -0.997645 0.065064 -0.100040 -0.960384 0.260104
0.219286 -0.971124 0.093980 0.140028 -0.980196 0.140028 -0.226633 -0.938910 0.259010 -0.175358 -0.982003 0.070143 -0.107327 -0.992774 0.053663 0.043396 -0.998115 0.043396 0.020712 -0.973479 0.227836 -0.022195 -0.998768 0.044390 -0.080582 -0.966988 0.241747
0.225338 -0.965734 0.128765 0.140028 -0.980196 0.140028 -0.195594 -0.945373 0.260793 -0.216366 -0.973645 0.072122 -0.110055 -0.990492 0.082541 0.043396 -0.998115 0.043396 0.020712 -0.973479 0.227836 -0.022211 -0.999507 0.022211 -0.060523 -0.968364 0.242091
0.217584 -0.963588 0.155417 0.109254 -0.983282 0.145671 -0.197172 -0.952999 0.230034 -0.209020 -0.975426 0.069673 -0.113137 -0.989949 0.084853 0.021253 -0.998870 0.042505 0.040757 -0.978167 0.203785 -0.020824 -0.999566 0.020824 -0.060808 -0.972929 0.222963
0.186681 -0.964521 0.186681 0.105474 -0.984428 0.140633 -0.192450 -0.962250 0.192450 -0.175358 -0.982003 0.070143 -0.106866 -0.988514 0.106866 0.020811 -0.998917 0.041622 0.060108 -0.981769 0.180325 -0.019604 -0.999808 0.000000 -0.081312 -0.975739 0.203279
0.171219 -0.970241 0.171219 0.134687 -0.976481 0.168359 -0.177627 -0.976947 0.118418 -0.202145 -0.977035 0.067382 -0.055279 -0.995022 0.082918 0.040782 -0.999168 0.000000 0.060108 -0.981769 0.180325 -0.058711 -0.998083 0.019570 -0.080306 -0.983745 0.160611
0.176090 -0.968496 0.176090 0.166482 -0.965594 0.199778 -0.144518 -0.982725 0.115615 -0.216366 -0.973645 0.072122 0.000000 -0.996729 0.080816 0.039960 -0.999001 0.019980 0.080032 -0.980392 0.180072 -0.057586 -0.998156 0.019195 -0.080306 -0.983745 0.160611
0.187485 -0.964209 0.187485 0.185567 -0.964951 0.185567 -0.140915 -0.986405 0.084549 -0.224231 -0.971666 0.074744 0.027724 -0.998077 0.055449 0.038369 -0.997605 0.057554 0.080306 -0.983745 0.160611 -0.073671 -0.994558 0.073671 -0.100504 -0.984937 0.140705
0.194220 -0.971099 0.138728 0.144150 -0.973012 0.180187 -0.085263 -0.994736 0.056842 -0.216789 -0.975550 0.036131 0.048593 -0.996156 0.072889 0.000000 -0.984784 0.173785 0.080550 -0.986733 0.140962 -0.096404 -0.983318 0.154246 -0.100769 -0.987534 0.120923
0.173133 -0.981087 0.086566 0.180187 -0.973012 0.144150 -0.078594 -0.995529 0.052396 -0.250962 -0.967997 0.000000 0.046411 -0.997844 0.046411 -0.044488 -0.978745 0.200198 0.103252 -0.991219 0.082602 -0.044488 -0.978745 0.200198 -0.105691 -0.993500 0.042277
0.173494 -0.983135 0.057831 0.208389 -0.972480 0.104194 -0.078675 -0.996555 0.026225 -0.242390 -0.969561 -0.034627 0.046411 -0.997844 0.046411 -0.042865 -0.921593 0.385783 0.092623 -0.995701 0.000000 -0.023551 -0.965575 0.259057 -0.118180 -0.992711 -0.023636
0.178885 -0.983870 0.000000 0.263609 -0.955582 0.131804 -0.083045 -0.996546 0.000000 -0.293294 -0.953206 -0.073324 0.046262 -0.994635 0.092524 -0.087287 -0.872872 0.480079 0.151620 -0.985527 -0.075810 0.000000 -0.951223 0.308505 -0.129358 -0.983124 -0.129358
0.227110 -0.973329 0.032444 0.273275 -0.956462 0.102478 -0.113501 -0.993133 -0.028375 -0.250801 -0.967375 -0.035829 0.024868 -0.994729 0.099473 -0.107958 -0.820484 0.561384 0.187485 -0.964209 -0.187485 0.030069 -0.932146 0.360831 -0.133535 -0.961454 -0.240363
0.184289 -0.982872 0.000000 0.282490 -0.953403 0.105934 -0.116791 -0.992727 -0.029198 -0.250319 -0.965518 -0.071520 0.025499 -0.994458 0.101996 -0.112395 -0.786765 0.606933 0.212000 -0.953998 -0.212000 0.032225 -0.934512 0.354470 -0.136083 -0.952579 -0.272166
0.159152 -0.986741 -0.031830 0.273275 -0.956462 0.102478 -0.116642 -0.991460 -0.058321 -0.283909 -0.958194 -0.035489 0.025499 -0.994458 0.101996 -0.114407 -0.777969 0.617799 0.209370 -0.942163 -0.261712 0.069296 -0.935495 0.346479 -0.106449 -0.958043 -0.266123
0.154303 -0.987541 -0.030861 0.283375 -0.956389 0.070844 -0.123797 -0.990375 -0.061898 -0.250801 -0.967375 -0.035829 0.025499 -0.994458 0.101996 -0.136328 -0.795249 0.590757 0.240021 -0.933416 -0.266690 0.066336 -0.928701 0.364847 -0.107482 -0.940466 -0.322446
0.131519 -0.986394 -0.098639 0.274075 -0.959264 0.068519 -0.127710 -0.989754 -0.063855 -0.250319 -0.965518 -0.071520 0.000000 -0.997334 0.072976 -0.111276 -0.823443 0.556380 0.217491 -0.951523 -0.217491 0.031607 -0.948209 0.316070 -0.131670 -0.948025 -0.289674
0.131519 -0.986394 -0.098639 0.242390 -0.969561 0.034627 -0.127386 -0.987241 -0.095539 -0.209401 -0.977207 -0.034900 0.024318 -0.997039 0.072954 -0.121879 -0.901903 0.414388 0.182761 -0.966021 -0.182761 0.056344 -0.957841 0.281718 -0.152696 -0.967075 -0.203595
0.101944 -0.985460 -0.135926 0.202145 -0.977035 0.067382 -0.127710 -0.989754 -0.063855 -0.181969 -0.982631 -0.036394 0.024354 -0.998516 0.048708 -0.069468 -0.926234 0.370493 0.151620 -0.985527 -0.075810 -0.022716 -0.931337 0.363449 -0.103800 -0.986099 -0.129750
0.065938 -0.989071 -0.131876 0.216789 -0.975550 0.036131 -0.123975 -0.991801 -0.030994 -0.181969 -0.982631 -0.036394 0.023776 -0.998586 0.047552 -0.021507 -0.946291 0.322599 0.121019 -0.992355 0.024204 -0.061059 -0.936244 0.346003 -0.099473 -0.994729 -0.024868
0.101944 -0.985460 -0.135926 0.182089 -0.983282 0.000000 -0.099286 -0.992855 -0.066190 -0.209401 -0.977207 0.034900 0.023243 -0.999460 0.023243 -0.021214 -0.954642 0.297000 0.112651 -0.991333 0.067591 -0.059189 -0.947020 0.315673 -0.094703 -0.994379 0.047351
0.068160 -0.988317 -0.136320 0.175682 -0.983820 0.035136 -0.066482 -0.997234 -0.033241 -0.216930 -0.976187 0.000000 0.000000 -0.999730 0.023250 0.000000 -0.972579 0.232573 0.087496 -0.984327 0.153118 -0.057375 -0.956248 0.286875 -0.092009 -0.989094 0.115011
0.070844 -0.991811 -0.106265 0.175791 -0.984428 0.000000 -0.064349 -0.997409 -0.032174 -0.216789 -0.975550 0.036131 0.000000 -0.999730 0.023250 0.021238 -0.976956 0.212382 0.063873 -0.979389 0.191620 -0.057972 -0.966195 0.251211 -0.091430 -0.982873 0.160003
0.070844 -0.991811 -0.106265 0.209529 -0.977802 0.000000 -0.064349 -0.997409 -0.032174 -0.216789 -0.975550 0.036131 0.000000 -1.000000 0.000000 0.042796 -0.984309 0.171184 0.041398 -0.972853 0.227689 -0.057628 -0.979683 0.192095 -0.090675 -0.974759 0.204019
0.068160 -0.988317 -0.136320 0.209529 -0.977802 0.000000 -0.066482 -0.997234 -0.033241 -0.216789 -0.975550 0.036131 0.000000 -1.000000 0.000000 0.064342 -0.986570 0.150130 0.020611 -0.968712 0.247331 -0.039467 -0.986671 0.157867 -0.090236 -0.970034 0.225589
0.097590 -0.975900 -0.195180 0.209401 -0.977207 -0.034900 -0.096126 -0.993304 -0.064084 -0.209401 -0.977207 0.034900 0.000000 -1.000000 0.000000 0.064535 -0.989533 0.129070 0.020502 -0.963609 0.266530 -0.040373 -0.989142 0.141306 -0.087854 -0.966391 0.241598
0.093296 -0.964054 -0.248788 0.250801 -0.967375 -0.035829 -0.060057 -0.990942 -0.120114 -0.242390 -0.969561 0.034627 0.000000 -1.000000 0.000000 0.064535 -0.989533 0.129070 0.020387 -0.958186 0.285417 -0.021713 -0.998821 0.043427 -0.065638 -0.962683 0.262550
0.121886 -0.944613 -0.304714 0.268833 -0.960119 -0.076810 -0.089522 -0.984746 -0.149204 -0.250962 -0.967997 0.000000 0.000000 -0.999730 0.023250 0.087769 -0.987403 0.131654 0.020793 -0.956467 0.291099 -0.043396 -0.998115 0.043396 -0.044477 -0.956264 0.289103
0.122975 -0.953057 -0.276694 0.267848 -0.956598 -0.114792 -0.089522 -0.984746 -0.149204 -0.250962 -0.967997 0.000000 0.000000 -1.000000 0.000000 0.066114 -0.991709 0.110190 0.021077 -0.948473 0.316158 -0.044357 -0.998031 0.044357 -0.044183 -0.949943 0.309284
0.156174 -0.937043 -0.312348 0.266485 -0.951734 -0.152277 -0.061314 -0.981023 -0.183942 -0.250962 -0.967997 0.000000 0.023250 -0.999730 0.000000 0.066259 -0.993884 0.088345 0.021354 -0.939579 0.341665 -0.043345 -0.996942 0.065018 -0.045129 -0.947717 0.315906
0.151724 -0.940691 -0.303449 0.266485 -0.951734 -0.152277 -0.061314 -0.981023 -0.183942 -0.250962 -0.967997 0.000000 0.000000 -1.000000 0.000000 0.067746 -0.993605 0.090328 0.020934 -0.942008 0.334936 -0.044357 -0.998031 0.044357 -0.043874 -0.943291 0.329055
0.126681 -0.950110 -0.285033 0.257151 -0.955134 -0.146944 -0.060943 -0.975084 -0.213300 -0.259973 -0.965616 0.000000 0.000000 -1.000000 0.000000 0.089961 -0.989576 0.112452 0.000000 -0.939793 0.341743 -0.044302 -0.996805 0.066454 -0.044800 -0.940796 0.335999
0.093296 -0.964054 -0.248788 0.266485 -0.951734 -0.152277 -0.060943 -0.975084 -0.213300 -0.259794 -0.964951 -0.037113 0.000000 -1.000000 0.000000 0.089961 -0.989576 0.112452 0.000000 -0.939793 0.341743 -0.044302 -0.996805 0.066454 -0.022417 -0.941505 0.336252
