-0.618274 -0.766660 -0.173117 0.890871 -0.445435 0.089087 0.366871 -0.900500 0.233463 -0.910975 -0.409939 0.045549 -0.031993 -0.767828 0.639857 -0.307465 -0.691796 0.653363 0.507615 -0.106866 -0.854931 0.175771 -0.778413 0.602642 -0.415191 -0.296565 -0.860038
-0.592869 -0.800373 -0.088930 0.807410 -0.583130 0.089712 0.366871 -0.900500 0.233463 -0.822210 -0.562565 0.086548 -0.061142 -0.764272 0.641989 -0.293610 -0.704664 0.645942 0.512316 -0.256158 -0.819705 0.196946 -0.763167 0.615457 -0.385191 -0.412705 -0.825410
-0.513657 -0.856095 -0.057073 0.659062 -0.746937 0.087875 0.304430 -0.913289 0.270604 -0.684394 -0.724653 0.080517 -0.061142 -0.764272 0.641989 -0.250844 -0.706923 0.661315 0.409852 -0.563547 -0.717242 0.216381 -0.769355 0.601059 -0.379049 -0.530669 -0.758098
-0.360994 -0.932568 0.000000 0.554109 -0.831163 0.046176 0.166482 -0.965594 0.199778 -0.598089 -0.797452 0.079745 -0.089403 -0.774826 0.625821 -0.200691 -0.752591 0.627160 0.302564 -0.756409 -0.579914 0.171447 -0.808251 0.563326 -0.322292 -0.669376 -0.669376
-0.068160 -0.988317 0.136320 0.447214 -0.894427 0.000000 0.032862 -0.985861 0.164310 -0.507178 -0.858302 0.078027 -0.058371 -0.788006 0.612894 -0.107794 -0.835400 0.538968 0.192785 -0.891631 -0.409668 0.121915 -0.877788 0.463277 -0.272541 -0.792847 -0.545082
0.104893 -0.978997 0.174821 0.351123 -0.936329 0.000000 -0.036911 -0.996588 0.073821 -0.389396 -0.920390 0.035400 -0.079250 -0.845331 0.528332 -0.050173 -0.903110 0.426469 0.169080 -0.942018 -0.289852 0.069468 -0.926234 0.370493 -0.220498 -0.881993 -0.416497
0.102359 -0.989467 0.102359 0.224860 -0.974391 0.000000 -0.114624 -0.993409 0.000000 -0.242390 -0.969561 0.034627 -0.076873 -0.896846 0.435611 0.000000 -0.941742 0.336336 0.122206 -0.977647 -0.171088 0.000000 -0.971399 0.237453 -0.151862 -0.961794 -0.227793
0.000000 -0.999363 -0.035692 0.182089 -0.983282 0.000000 -0.102359 -0.989467 -0.102359 -0.164045 -0.984268 0.065618 -0.076274 -0.940712 0.330520 -0.021040 -0.988871 0.147279 0.120913 -0.991484 -0.048365 -0.019367 -0.987734 0.154939 -0.123882 -0.991059 -0.049553
-0.033241 -0.997234 -0.066482 0.152057 -0.988372 0.000000 -0.126936 -0.983755 -0.126936 -0.102658 -0.992360 0.068439 -0.049296 -0.961280 0.271130 0.019195 -0.998156 0.057586 0.092229 -0.991457 0.092229 -0.056513 -0.998402 0.000000 -0.089712 -0.986835 0.134568
-0.031976 -0.991271 -0.127906 0.114624 -0.993409 0.000000 -0.095539 -0.987241 -0.127386 -0.110133 -0.991201 0.073422 -0.048970 -0.979404 0.195881 0.095555 -0.993772 -0.057333 0.062311 -0.976205 0.207703 -0.095398 -0.973063 -0.209876 -0.060217 -0.963475 0.260941
0.031830 -0.986741 -0.159152 0.076472 -0.994135 0.076472 -0.090371 -0.994084 -0.060248 -0.076640 -0.996322 0.038320 -0.024799 -0.991973 0.123997 0.099484 -0.974943 -0.198968 0.021214 -0.954642 0.297000 -0.153028 -0.956423 -0.248670 -0.040250 -0.945883 0.322003
0.000000 -0.986394 -0.164399 0.123091 -0.984732 0.123091 -0.066372 -0.995585 -0.066372 -0.079682 -0.996024 0.039841 -0.023094 -0.993042 0.115470 0.080032 -0.980392 -0.180072 0.043550 -0.936333 0.348403 -0.139140 -0.973980 -0.178894 -0.061481 -0.942710 0.327899
0.031976 -0.991271 -0.127906 0.156893 -0.980581 0.117670 -0.102658 -0.992360 -0.068439 -0.076640 -0.996322 0.038320 -0.022130 -0.995829 0.088518 0.080763 -0.989344 -0.121144 0.022244 -0.934257 0.355907 -0.085358 -0.981616 -0.170716 -0.062691 -0.940361 0.334351
0.030165 -0.995440 -0.090495 0.193746 -0.968730 0.154997 -0.132164 -0.991228 0.000000 -0.106533 -0.994309 0.000000 0.000000 -0.997684 0.068024 0.062164 -0.994618 -0.082885 0.021507 -0.946291 0.322599 -0.061097 -0.997924 -0.020366 -0.064836 -0.950921 0.302566
0.096275 -0.994837 -0.032092 0.221013 -0.957722 0.184177 -0.136558 -0.990044 -0.034139 -0.102839 -0.994107 0.034280 0.000000 -0.997684 0.068024 0.020824 -0.999566 -0.020824 0.022108 -0.950639 0.309510 -0.020811 -0.998917 0.041622 -0.085087 -0.957230 0.276533
0.093341 -0.995634 0.000000 0.272268 -0.933492 0.233373 -0.169809 -0.984892 0.033962 -0.106533 -0.994309 0.000000 -0.045361 -0.997940 0.045361 0.020829 -0.999783 0.000000 0.043811 -0.963837 0.262865 -0.021729 -0.999528 -0.021729 -0.086854 -0.955394 0.282275
0.090495 -0.995440 0.030165 0.307692 -0.923077 0.230769 -0.132092 -0.990687 0.033023 -0.175682 -0.983820 0.035136 -0.045303 -0.996659 0.067954 0.020824 -0.999566 0.020824 0.021921 -0.964532 0.263054 -0.042505 -0.998870 0.021253 -0.065248 -0.956974 0.282742
0.087743 -0.994424 0.058496 0.341882 -0.911685 0.227921 -0.164045 -0.984268 0.065618 -0.146450 -0.988540 0.036613 -0.046411 -0.997844 0.046411 0.000000 -0.998340 0.057597 0.022157 -0.974893 0.221567 -0.041595 -0.998268 0.041595 -0.062980 -0.965696 0.251921
0.123975 -0.991801 0.030994 0.307692 -0.923077 0.230769 -0.178174 -0.979958 0.089087 -0.171184 -0.984309 0.042796 -0.046349 -0.996503 0.069523 0.019996 -0.999800 0.000000 0.021238 -0.976956 0.212382 -0.059845 -0.997410 0.039896 -0.084271 -0.969119 0.231746
0.116791 -0.992727 0.029198 0.350590 -0.895953 0.272681 -0.153719 -0.983801 0.092231 -0.232670 -0.969458 0.077557 -0.024922 -0.996890 0.074767 0.019604 -0.999808 0.000000 0.041586 -0.977260 0.207928 -0.081345 -0.996478 0.020336 -0.060808 -0.972929 0.222963
0.113501 -0.993133 0.028375 0.387783 -0.891902 0.232670 -0.172631 -0.978240 0.115087 -0.195515 -0.977577 0.078206 -0.027597 -0.993505 0.110389 0.039156 -0.998466 -0.039156 0.060108 -0.981769 0.180325 -0.058677 -0.997510 0.039118 -0.081633 -0.979592 0.183673
0.116841 -0.993151 0.000000 0.319599 -0.923287 0.213066 -0.116395 -0.989359 0.087296 -0.223452 -0.968291 0.111726 0.000000 -0.991454 0.130455 0.059785 -0.996419 -0.059785 0.060314 -0.985136 0.160839 -0.056354 -0.995580 0.075138 -0.081923 -0.983078 0.163846
0.145432 -0.988941 -0.029086 0.279713 -0.944033 0.174821 -0.119844 -0.988716 0.089883 -0.240239 -0.960958 0.137280 0.000000 -0.991882 0.127164 0.000000 -0.992586 0.121541 0.079181 -0.989759 0.118771 -0.038590 -0.984050 0.173656 -0.100995 -0.989748 0.100995
0.149537 -0.986945 -0.059815 0.270759 -0.947656 0.169224 -0.113137 -0.989949 0.084853 -0.281265 -0.949269 0.140633 0.000000 -0.991882 0.127164 0.000000 -0.991228 0.132164 0.110003 -0.990028 0.088002 -0.020105 -0.965031 0.261363 -0.108034 -0.993912 0.021607
0.153719 -0.983801 -0.092231 0.299833 -0.932815 0.199889 -0.137102 -0.987135 0.082261 -0.258375 -0.959678 0.110732 0.000000 -0.988372 0.152057 -0.023816 -0.976467 0.214346 0.144757 -0.989173 -0.024126 -0.021195 -0.932589 0.360318 -0.120736 -0.990038 -0.072442
0.154303 -0.987541 -0.030861 0.301681 -0.938562 0.167600 -0.172631 -0.978240 0.115087 -0.293887 -0.955134 0.036736 -0.025335 -0.988054 0.152008 -0.077485 -0.955654 0.284113 0.183576 -0.970330 -0.157351 0.000000 -0.914687 0.404164 -0.131625 -0.974022 -0.184274
0.189642 -0.979816 0.063214 0.311458 -0.934374 0.173032 -0.178174 -0.979958 0.089087 -0.283909 -0.958194 0.035489 -0.025872 -0.983124 0.181102 -0.082918 -0.939743 0.331674 0.190164 -0.950820 -0.244497 0.021703 -0.889834 0.455768 -0.168166 -0.952938 -0.252248
0.163605 -0.981630 0.098163 0.342193 -0.923921 0.171096 -0.183511 -0.978726 0.091756 -0.283909 -0.958194 0.035489 0.000000 -0.983453 0.181162 -0.095346 -0.953463 0.286039 0.214654 -0.939111 -0.268317 0.022327 -0.870761 0.491199 -0.162638 -0.948722 -0.271063
0.131519 -0.986394 0.098639 0.340010 -0.918028 0.204006 -0.183511 -0.978726 0.091756 -0.283909 -0.958194 0.035489 0.000000 -0.987763 0.155963 -0.130605 -0.946884 0.293860 0.240021 -0.933416 -0.266690 0.023027 -0.875009 0.483558 -0.162638 -0.948722 -0.271063
0.127710 -0.989754 0.063855 0.327544 -0.909843 0.254756 -0.189170 -0.977378 0.094585 -0.284088 -0.958798 0.000000 -0.025872 -0.983124 0.181102 -0.130605 -0.946884 0.293860 0.238249 -0.926523 -0.291193 0.046017 -0.874314 0.483174 -0.161398 -0.941486 -0.295896
0.132092 -0.990687 0.033023 0.294484 -0.920263 0.257674 -0.169809 -0.984892 0.033962 -0.283909 -0.958194 0.035489 -0.025335 -0.988054 0.152008 -0.121212 -0.969697 0.212121 0.216137 -0.945601 -0.243154 0.043800 -0.897906 0.438003 -0.162638 -0.948722 -0.271063
0.127906 -0.991271 0.031976 0.260333 -0.929760 0.260333 -0.136558 -0.990044 0.034139 -0.241955 -0.967822 0.069130 0.000000 -0.991882 0.127164 -0.107833 -0.970495 0.215666 0.213125 -0.959063 -0.186484 0.043727 -0.918266 0.393543 -0.156545 -0.965363 -0.208727
0.096275 -0.994837 -0.032092 0.262705 -0.938233 0.225176 -0.169809 -0.984892 0.033962 -0.209401 -0.977207 0.034900 0.000000 -0.992278 0.124035 -0.098029 -0.980286 0.171550 0.184274 -0.974022 -0.131625 0.021507 -0.946291 0.322599 -0.126148 -0.983958 -0.126148
0.064249 -0.995863 -0.064249 0.262705 -0.938233 0.225176 -0.164399 -0.986394 0.000000 -0.209020 -0.975426 0.069673 -0.024868 -0.994729 0.099473 -0.072211 -0.986878 0.144421 0.148159 -0.987730 -0.049386 0.021344 -0.960495 0.277476 -0.096844 -0.992646 -0.072633
0.064249 -0.995863 -0.064249 0.264764 -0.945587 0.189117 -0.132164 -0.991228 0.000000 -0.224231 -0.971666 0.074744 -0.024268 -0.994982 0.097071 -0.047232 -0.991880 0.118081 0.121054 -0.992646 0.000000 0.000000 -0.977176 0.212430 -0.071247 -0.997459 0.000000
0.032092 -0.994837 -0.096275 0.274563 -0.941357 0.196116 -0.102839 -0.994107 -0.034280 -0.259794 -0.964951 0.037113 -0.024268 -0.994982 0.097071 -0.022261 -0.979472 0.200347 0.094703 -0.994379 0.047351 -0.021101 -0.991729 0.126604 -0.047351 -0.994379 0.094703
0.032862 -0.985861 -0.164310 0.274563 -0.941357 0.196116 -0.102839 -0.994107 -0.034280 -0.259794 -0.964951 0.037113 -0.023696 -0.995216 0.094782 0.000000 -0.976187 0.216930 0.069301 -0.993307 0.092401 -0.042362 -0.995504 0.084724 -0.023027 -0.990142 0.138159
0.032862 -0.985861 -0.164310 0.276483 -0.947943 0.157991 -0.066482 -0.997234 -0.033241 -0.259794 -0.964951 0.037113 -0.024318 -0.997039 0.072954 0.000000 -0.980581 0.196116 0.067183 -0.985349 0.156760 -0.063643 -0.997070 0.042429 0.000000 -0.983130 0.182908
0.000000 -0.973841 -0.227230 0.266485 -0.951734 0.152277 -0.099286 -0.992855 -0.066190 -0.259794 -0.964951 0.037113 -0.023742 -0.997178 0.071227 0.021874 -0.984327 0.174991 0.044677 -0.982888 0.178707 -0.063686 -0.997744 0.021229 0.000000 -0.979715 0.200396
0.032444 -0.973329 -0.227110 0.267848 -0.956598 0.114792 -0.096126 -0.993304 -0.064084 -0.259794 -0.964951 0.037113 -0.023742 -0.997178 0.071227 0.021786 -0.980348 0.196070 0.043716 -0.983621 0.174866 -0.063700 -0.997969 0.000000 0.000000 -0.975133 0.221621
0.000000 -0.966235 -0.257663 0.302804 -0.946264 0.113552 -0.095880 -0.990764 -0.095880 -0.250801 -0.967375 0.035829 -0.023776 -0.998586 0.047552 0.021413 -0.984986 0.171302 0.044488 -0.978745 0.200198 -0.063686 -0.997744 -0.021229 0.000000 -0.968803 0.247833
0.000000 -0.957826 -0.287348 0.337764 -0.938233 0.075059 -0.098639 -0.986394 -0.131519 -0.250962 -0.967997 0.000000 -0.023776 -0.998586 0.047552 0.000000 -0.984563 0.175033 0.044488 -0.978745 0.200198 -0.063686 -0.997744 -0.021229 -0.022525 -0.968557 0.247770
0.000000 -0.951709 -0.307003 0.350059 -0.933492 0.077791 -0.095539 -0.987241 -0.127386 -0.250962 -0.967997 0.000000 -0.023776 -0.998586 0.047552 0.000000 -0.988116 0.153707 0.044488 -0.978745 0.200198 -0.063686 -0.997744 -0.021229 -0.022525 -0.968557 0.247770
0.000000 -0.942428 -0.334410 0.350059 -0.933492 0.077791 -0.063564 -0.985245 -0.158910 -0.250962 -0.967997 0.000000 -0.023796 -0.999434 0.023796 0.000000 -0.988116 0.153707 0.044488 -0.978745 0.200198 -0.063686 -0.997744 -0.021229 -0.022525 -0.968557 0.247770
0.000000 -0.942428 -0.334410 0.350059 -0.933492 0.077791 -0.065618 -0.984268 -0.164045 -0.242536 -0.970143 0.000000 0.000000 -0.999717 0.023803 0.000000 -0.991228 0.132164 0.044488 -0.978745 0.200198 -0.063686 -0.997744 -0.021229 -0.023027 -0.967116 0.253292
0.000000 -0.942428 -0.334410 0.350857 -0.935617 0.038984 -0.065618 -0.984268 -0.164045 -0.242390 -0.969561 -0.034627 0.000000 -0.998868 0.047565 0.000000 -0.991228 0.132164 0.044488 -0.978745 0.200198 -0.063643 -0.997070 -0.042429 -0.022887 -0.961272 0.274649
0.000000 -0.938876 -0.344255 0.338719 -0.940887 0.000000 -0.065618 -0.984268 -0.164045 -0.250801 -0.967375 -0.035829 0.000000 -0.998868 0.047565 0.000000 -0.991228 0.132164 0.045478 -0.977778 0.204651 -0.065018 -0.996942 -0.043345 -0.022394 -0.962955 0.268732
