-0.466149 -0.832409 0.299667 0.864530 -0.500517 -0.045502 0.183920 -0.965581 0.183920 -0.790875 -0.571187 0.219687 0.000000 -0.822192 0.569210 -0.269167 -0.568241 0.777593 0.316979 -0.682724 -0.658341 0.088007 -0.968079 0.234686 -0.286251 -0.613396 -0.736075
-0.466149 -0.832409 0.299667 0.864530 -0.500517 -0.045502 0.138972 -0.972806 0.185296 -0.752773 -0.619930 0.221404 0.000000 -0.832050 0.554700 -0.267261 -0.534522 0.801784 0.311920 -0.671828 -0.671828 0.088581 -0.974389 0.206689 -0.293455 -0.586911 -0.754599
-0.466149 -0.832409 0.299667 0.865426 -0.501036 0.000000 0.137649 -0.963546 0.229416 -0.773527 -0.591520 0.227508 0.000000 -0.822192 0.569210 -0.267261 -0.534522 0.801784 0.311920 -0.671828 -0.671828 0.088581 -0.974389 0.206689 -0.293455 -0.586911 -0.754599
-0.399778 -0.866186 0.299833 0.789352 -0.613941 0.000000 0.121466 -0.971732 0.202444 -0.738433 -0.651558 0.173749 0.030029 -0.840799 0.540514 -0.208700 -0.596285 0.775170 0.240493 -0.721479 -0.649331 0.086675 -0.953423 0.288916 -0.315735 -0.670936 -0.670936
-0.298347 -0.895041 0.331497 0.706496 -0.706496 0.041559 0.075324 -0.979217 0.188311 -0.675521 -0.717741 0.168880 0.000000 -0.849640 0.527363 -0.189358 -0.694314 0.694314 0.221297 -0.811421 -0.540947 0.088007 -0.968079 0.234686 -0.298142 -0.745356 -0.596285
-0.182743 -0.944175 0.274115 0.611593 -0.786334 0.087370 0.065233 -0.978492 0.195698 -0.617540 -0.782218 0.082339 0.000000 -0.870022 0.493013 -0.123975 -0.774845 0.619876 0.173170 -0.890587 -0.420555 0.061314 -0.981023 0.183942 -0.224294 -0.865136 -0.448589
-0.229081 -0.954504 0.190901 0.461197 -0.883962 0.076866 0.126936 -0.983755 0.126936 -0.446844 -0.893689 0.040622 0.000000 -0.905459 0.424434 -0.060275 -0.873986 0.482199 0.122462 -0.955205 -0.269417 0.065618 -0.984268 0.164045 -0.179902 -0.925208 -0.334103
-0.105934 -0.988714 0.105934 0.250801 -0.967375 0.035829 0.093296 -0.995153 0.031099 -0.250962 -0.967997 0.000000 0.000000 -0.934052 0.357137 -0.026519 -0.928150 0.371260 0.096086 -0.984883 -0.144129 0.092626 -0.988012 0.123502 -0.182195 -0.956524 -0.227744
-0.032225 -0.998961 0.032225 0.127906 -0.991271 0.031976 0.032092 -0.994837 -0.096275 -0.062257 -0.996116 -0.062257 -0.026252 -0.971333 0.236270 -0.072442 -0.990038 0.120736 0.094809 -0.995495 0.000000 0.053897 -0.997091 0.053897 -0.156135 -0.981419 -0.111525
-0.032225 -0.998961 -0.032225 0.034462 -0.999406 0.000000 0.031830 -0.986741 -0.159152 0.032174 -0.997409 -0.064349 0.000000 -0.988372 0.152057 -0.065079 -0.997880 0.000000 0.069135 -0.990931 0.115225 0.045361 -0.997940 -0.045361 -0.156957 -0.986587 0.044845
-0.032241 -0.999480 0.000000 -0.039968 -0.999201 0.000000 0.065618 -0.984268 -0.164045 0.076472 -0.994135 -0.076472 0.000000 -0.995037 0.099504 0.000000 -0.999201 -0.039968 0.062568 -0.980231 0.187704 -0.021487 -0.988391 -0.150407 -0.124865 -0.978106 0.166486
-0.106466 -0.993683 0.035489 0.041631 -0.999133 0.000000 0.123797 -0.990375 -0.061898 0.000000 -0.999056 -0.043437 0.000000 -0.997575 0.069598 0.039684 -0.992095 -0.119051 0.060808 -0.972929 0.222963 -0.084667 -0.973668 -0.211667 -0.115900 -0.965834 0.231800
-0.116642 -0.991460 -0.058321 0.079745 -0.996815 0.000000 0.093296 -0.995153 -0.031099 0.000000 -0.999133 -0.041631 -0.024318 -0.997039 0.072954 0.100201 -0.981966 -0.160321 0.055122 -0.973830 0.220490 -0.166775 -0.958958 -0.229316 -0.089271 -0.964132 0.249960
-0.118993 -0.981691 -0.148741 0.146549 -0.989203 0.000000 0.060467 -0.997712 -0.030234 -0.043396 -0.998115 -0.043396 0.000000 -0.997054 0.076696 0.103919 -0.976838 -0.187054 0.054891 -0.969747 0.237862 -0.129641 -0.972306 -0.194461 -0.090402 -0.958266 0.271207
-0.097590 -0.975900 -0.195180 0.181969 -0.982631 0.036394 0.030275 -0.999083 -0.030275 -0.071202 -0.996826 -0.035601 0.025499 -0.994458 0.101996 0.089087 -0.979958 -0.178174 0.054891 -0.969747 0.237862 -0.086126 -0.990450 -0.107658 -0.092450 -0.961480 0.258860
-0.032444 -0.973329 -0.227110 0.188713 -0.981307 0.037743 -0.066519 -0.997785 0.000000 -0.034442 -0.998813 -0.034442 0.026162 -0.994165 0.104649 0.092009 -0.989094 -0.115011 0.056126 -0.972855 0.224505 -0.044227 -0.995098 -0.088453 -0.092880 -0.965949 0.241487
0.000000 -0.966235 -0.257663 0.216366 -0.973645 0.072122 -0.093341 -0.995634 0.000000 -0.073671 -0.994558 -0.073671 0.000000 -0.994207 0.107482 0.092229 -0.991457 -0.092229 0.056126 -0.972855 0.224505 -0.022168 -0.997540 -0.066503 -0.076125 -0.970593 0.228375
0.032444 -0.973329 -0.227110 0.283375 -0.956389 0.070844 -0.124035 -0.992278 0.000000 -0.036911 -0.996588 -0.073821 0.027597 -0.993505 0.110389 0.071067 -0.994937 -0.071067 0.056354 -0.976795 0.206630 -0.021713 -0.998821 -0.043427 -0.077894 -0.973677 0.214209
0.096926 -0.969256 -0.226160 0.283375 -0.956389 0.070844 -0.149805 -0.988716 0.000000 -0.038320 -0.996322 -0.076640 0.000000 -0.990492 0.137568 0.047445 -0.996335 -0.071167 0.075045 -0.975591 0.206375 -0.022698 -0.998711 -0.045396 -0.057628 -0.979683 0.192095
0.126365 -0.979327 -0.157956 0.250319 -0.965518 0.071520 -0.136637 -0.990621 0.000000 -0.068439 -0.992360 -0.102658 0.000000 -0.990992 0.133918 0.068006 -0.997427 -0.022669 0.075324 -0.979217 0.188311 -0.021229 -0.997744 -0.063686 -0.057831 -0.983135 0.173494
0.118993 -0.981691 -0.148741 0.274075 -0.959264 0.068519 -0.093296 -0.995153 -0.031099 -0.099286 -0.992855 -0.066190 -0.026225 -0.996555 0.078675 0.061097 -0.997924 -0.020366 0.075324 -0.979217 0.188311 -0.039896 -0.997410 -0.059845 -0.037987 -0.987658 0.151947
0.106525 -0.985354 -0.133156 0.274075 -0.959264 0.068519 -0.060467 -0.997712 -0.030234 -0.135379 -0.981501 -0.135379 -0.078675 -0.996555 0.026225 0.058711 -0.998083 -0.019570 0.094323 -0.980957 0.169781 -0.056503 -0.998225 -0.018834 -0.056028 -0.989833 0.130733
0.111935 -0.979428 -0.167902 0.274075 -0.959264 0.068519 -0.058621 -0.996558 -0.058621 -0.145000 -0.978749 -0.145000 -0.026298 -0.999308 0.026298 0.038426 -0.999077 0.019213 0.094609 -0.983938 0.151375 -0.039936 -0.998404 -0.039936 -0.057218 -0.991781 0.114436
0.057520 -0.977835 -0.201319 0.242390 -0.969561 0.034627 -0.029285 -0.995703 -0.087856 -0.134687 -0.976481 -0.168359 0.000000 -1.000000 0.000000 0.039770 -0.994250 0.099425 0.094865 -0.986591 0.132810 0.000000 -0.999774 -0.021272 -0.076472 -0.994135 0.076472
0.057166 -0.971825 -0.228665 0.242390 -0.969561 0.034627 0.000000 -0.996347 -0.085401 -0.100787 -0.974274 -0.201574 0.024376 -0.999406 0.024376 0.020970 -0.985604 0.167762 0.118562 -0.988019 0.098802 -0.021552 -0.991370 0.129309 -0.081295 -0.995861 0.040647
0.060523 -0.968364 -0.242091 0.242536 -0.970143 0.000000 0.000000 -0.989949 -0.141421 -0.097590 -0.975900 -0.195180 0.023803 -0.999717 0.000000 -0.022525 -0.968557 0.247770 0.126604 -0.991729 0.021101 -0.022394 -0.962955 0.268732 -0.108034 -0.993912 -0.021607
0.096926 -0.969256 -0.226160 0.209529 -0.977802 0.000000 0.000000 -0.979457 -0.201653 -0.100787 -0.974274 -0.201574 0.023796 -0.999434 0.023796 -0.022716 -0.931337 0.363449 0.137613 -0.986228 -0.091742 -0.044455 -0.933564 0.355643 -0.117688 -0.988577 -0.094150
0.064786 -0.971795 -0.226752 0.250801 -0.967375 0.035829 -0.031220 -0.967805 -0.249756 -0.100787 -0.974274 -0.201574 0.024922 -0.996890 0.074767 -0.023275 -0.907713 0.418945 0.146735 -0.978232 -0.146735 -0.067591 -0.901212 0.428076 -0.100855 -0.983332 -0.151282
0.095106 -0.982766 -0.158511 0.224702 -0.973708 0.037450 0.031654 -0.981288 -0.189927 -0.107833 -0.970495 -0.215666 0.051064 -0.995754 0.076596 -0.048029 -0.888540 0.456278 0.152696 -0.967075 -0.203595 -0.070340 -0.867532 0.492383 -0.104470 -0.966351 -0.235058
0.089883 -0.988716 -0.119844 0.224702 -0.973708 0.037450 0.065618 -0.984268 -0.164045 -0.104194 -0.972480 -0.208389 0.076472 -0.994135 0.076472 -0.049073 -0.883319 0.466196 0.152696 -0.967075 -0.203595 -0.073302 -0.855186 0.513112 -0.101896 -0.968015 -0.229267
0.064084 -0.993304 -0.096126 0.224231 -0.971666 0.074744 0.070143 -0.982003 -0.175358 -0.108607 -0.977466 -0.181012 0.051064 -0.995754 0.076596 -0.048507 -0.873128 0.485071 0.151862 -0.961794 -0.227793 -0.024492 -0.857236 0.514341 -0.126229 -0.959339 -0.252458
0.102658 -0.992360 -0.068439 0.195515 -0.977577 0.078206 0.104194 -0.972480 -0.208389 -0.113878 -0.986947 -0.113878 0.051064 -0.995754 0.076596 -0.049553 -0.867177 0.495529 0.151862 -0.961794 -0.227793 -0.025016 -0.850532 0.525328 -0.126229 -0.959339 -0.252458
0.105934 -0.988714 -0.105934 0.181012 -0.977466 0.108607 0.097590 -0.975900 -0.195180 -0.151620 -0.985527 -0.075810 0.051064 -0.995754 0.076596 -0.024559 -0.884118 0.466618 0.124611 -0.971967 -0.199378 -0.024275 -0.873900 0.485500 -0.123958 -0.966876 -0.223125
0.102658 -0.992360 -0.068439 0.216366 -0.973645 0.072122 0.035136 -0.983820 -0.175682 -0.175358 -0.982003 -0.070143 0.048665 -0.997629 0.048665 -0.023776 -0.903482 0.427965 0.119352 -0.978690 -0.167093 -0.023776 -0.903482 0.427965 -0.122206 -0.977647 -0.171088
0.095880 -0.990764 -0.095880 0.181608 -0.980684 0.072643 0.031654 -0.981288 -0.189927 -0.216789 -0.975550 -0.036131 0.024354 -0.998516 0.048708 -0.023206 -0.928227 0.371291 0.140449 -0.983146 -0.117041 -0.023002 -0.920087 0.391037 -0.117395 -0.986122 -0.117395
0.095539 -0.987241 -0.127386 0.175358 -0.982003 0.070143 0.000000 -0.987241 -0.159232 -0.216366 -0.973645 -0.072122 0.024376 -0.999406 0.024376 0.000000 -0.939123 0.343582 0.112452 -0.989576 -0.089961 -0.022899 -0.938877 0.343491 -0.112651 -0.991333 -0.067591
0.095539 -0.987241 -0.127386 0.175358 -0.982003 0.070143 -0.031830 -0.986741 -0.159152 -0.216366 -0.973645 -0.072122 0.000000 -0.999703 0.024383 -0.022739 -0.955039 0.295607 0.112881 -0.993352 -0.022576 -0.022739 -0.955039 0.295607 -0.112881 -0.993352 -0.022576
0.032862 -0.985861 -0.164310 0.209401 -0.977207 0.034900 -0.031830 -0.986741 -0.159152 -0.209020 -0.975426 -0.069673 0.000000 -0.999703 0.024383 0.000000 -0.968803 0.247833 0.088518 -0.995829 0.022130 -0.046017 -0.966347 0.253091 -0.086609 -0.996007 0.021652
0.032669 -0.980057 -0.196011 0.216789 -0.975550 0.036131 -0.031976 -0.991271 -0.127906 -0.209020 -0.975426 -0.069673 0.000000 -0.999703 0.024383 0.000000 -0.974008 0.226513 0.086548 -0.995307 0.043274 -0.046727 -0.981266 0.186908 -0.084629 -0.994389 0.063472
0.000000 -0.972082 -0.234641 0.216789 -0.975550 0.036131 -0.031976 -0.991271 -0.127906 -0.209020 -0.975426 -0.069673 0.000000 -0.999703 0.024383 0.022355 -0.983624 0.178841 0.064836 -0.994144 0.086447 -0.047088 -0.988851 0.141264 -0.082602 -0.991219 0.103252
0.000000 -0.970143 -0.242536 0.216789 -0.975550 0.036131 -0.031976 -0.991271 -0.127906 -0.209020 -0.975426 -0.069673 0.000000 -1.000000 0.000000 0.022948 -0.986747 0.160633 0.062044 -0.992702 0.103406 -0.047232 -0.991880 0.118081 -0.061898 -0.990375 0.123797
0.000000 -0.963993 -0.265929 0.216789 -0.975550 0.036131 -0.031830 -0.986741 -0.159152 -0.216366 -0.973645 -0.072122 0.000000 -1.000000 0.000000 0.046017 -0.989356 0.138050 0.041310 -0.991431 0.123929 -0.070928 -0.992988 0.094570 -0.040373 -0.989142 0.141306
-0.033981 -0.951479 -0.305832 0.216789 -0.975550 0.036131 0.000000 -0.981780 -0.190022 -0.216366 -0.973645 -0.072122 0.000000 -1.000000 0.000000 0.046151 -0.992249 0.115378 0.041196 -0.988693 0.144184 -0.071067 -0.994937 0.071067 -0.040250 -0.986133 0.161001
-0.033615 -0.941210 -0.336146 0.216789 -0.975550 0.036131 0.000000 -0.980581 -0.196116 -0.181608 -0.980684 -0.072643 0.000000 -1.000000 0.000000 0.069135 -0.990931 0.115225 0.041196 -0.988693 0.144184 -0.071167 -0.996335 0.047445 -0.040112 -0.982756 0.180506
-0.032582 -0.944871 -0.325818 0.224860 -0.974391 0.000000 0.000000 -0.981780 -0.190022 -0.188311 -0.979217 -0.075324 0.000000 -1.000000 0.000000 0.069135 -0.990931 0.115225 0.041196 -0.988693 0.144184 -0.072889 -0.996156 0.048593 -0.039337 -0.983422 0.177016
-0.032582 -0.944871 -0.325818 0.224702 -0.973708 -0.037450 0.031654 -0.981288 -0.189927 -0.224231 -0.971666 -0.074744 0.000000 -1.000000 0.000000 0.070928 -0.992988 0.094570 0.060314 -0.985136 0.160839 -0.072889 -0.996156 0.048593 -0.039337 -0.983422 0.177016
-0.062470 -0.937043 -0.343582 0.224702 -0.973708 -0.037450 0.031654 -0.981288 -0.189927 -0.223452 -0.968291 -0.111726 0.000000 -1.000000 0.000000 0.070928 -0.992988 0.094570 0.060314 -0.985136 0.160839 -0.072889 -0.996156 0.048593 -0.039337 -0.983422 0.177016
