-0.451944
-0.852509
0.120647
0.878460
-0.436752
-0.041511
0.395011
-0.876252
0.140209
-0.852832
-0.463700
0.062594
-0.008996
-0.778826
0.622163
-0.229962
-0.715940
0.629147
0.411455
-0.433688
-0.744281
0.177179
-0.734356
0.621385
-0.369056
-0.451942
-0.763188
0.001035
-0.950181
-0.286753
0.260247
-0.961370
0.014284
-0.019554
-0.972162
-0.212249
-0.234840
-0.968186
-0.034240
-0.017484
-0.998240
0.023206
0.036955
-0.991990
0.042094
0.026077
-0.970476
0.223918
-0.070055
-0.992588
-0.003958
-0.050520
-0.966424
0.238268
1.292183
0.603928
0.568618
