-0.418040 -0.766406 0.487713 0.757266 -0.631055 -0.168281 0.272639 -0.886078 0.374879 -0.824530 -0.564152 -0.043396 0.000000 -0.765705 0.643192 -0.060057 -0.960913 0.270257 0.113552 -0.643459 -0.757011 -0.058421 -0.934730 0.350524 -0.272063 -0.660724 -0.699590
-0.407072 -0.780222 0.474917 0.777482 -0.604708 -0.172774 0.303735 -0.877457 0.371232 -0.824530 -0.564152 -0.043396 0.000000 -0.777941 0.628337 -0.058371 -0.963119 0.262669 0.119145 -0.595726 -0.794301 -0.059002 -0.944039 0.324513 -0.287213 -0.656488 -0.697518
-0.423788 -0.782378 0.456387 0.777482 -0.604708 -0.172774 0.303735 -0.877457 0.371232 -0.824530 -0.564152 -0.043396 0.000000 -0.777941 0.628337 -0.058798 -0.970169 0.235192 0.122988 -0.614940 -0.778924 -0.057401 -0.947119 0.315706 -0.295015 -0.632175 -0.716465
-0.284356 -0.771822 0.568711 0.717741 -0.675521 -0.168880 0.273275 -0.922302 0.273275 -0.767523 -0.639602 -0.042640 0.000000 -0.813733 0.581238 -0.057166 -0.971825 0.228665 0.116863 -0.662226 -0.740135 -0.085925 -0.945175 0.315058 -0.241747 -0.725241 -0.644658
-0.342376 -0.874961 0.342376 0.677631 -0.722806 -0.135526 0.197172 -0.952999 0.230034 -0.684737 -0.727533 -0.042796 -0.029540 -0.827115 0.561256 -0.061056 -0.915844 0.396866 0.111629 -0.781404 -0.613960 0.000000 -0.874157 0.485643 -0.228199 -0.827222 -0.513448
-0.210300 -0.946350 0.245350 0.531891 -0.842160 -0.088648 0.264616 -0.959235 0.099231 -0.526355 -0.850265 0.000000 -0.028989 -0.869657 0.492805 -0.090249 -0.902485 0.421160 0.127329 -0.865838 -0.483851 0.000000 -0.874157 0.485643 -0.197006 -0.886527 -0.418638
-0.095106 -0.982766 0.158511 0.371391 -0.928477 0.000000 0.066482 -0.997234 -0.033241 -0.327111 -0.944986 0.000000 -0.053741 -0.913596 0.403057 -0.089087 -0.890871 0.445435 0.112881 -0.925623 -0.361219 0.000000 -0.906183 0.422885 -0.185496 -0.927478 -0.324617
0.000000 -0.999541 0.030289 0.202490 -0.978703 0.033748 -0.134687 -0.976481 -0.168359 -0.159232 -0.987241 0.000000 -0.025086 -0.953283 0.301037 -0.076274 -0.940712 0.330520 0.111943 -0.962713 -0.246276 0.000000 -0.945946 0.324324 -0.176090 -0.968496 -0.176090
0.058697 -0.997844 -0.029348 0.064349 -0.997409 0.032174 -0.237252 -0.949008 -0.207595 -0.062348 -0.997567 -0.031174 -0.048450 -0.969003 0.242251 -0.114738 -0.986747 0.114738 0.115011 -0.989094 -0.092009 -0.045478 -0.977778 0.204651 -0.157075 -0.987332 -0.022439
0.112822 -0.987189 -0.112822 -0.032241 -0.999480 0.000000 -0.226728 -0.963594 -0.141705 0.000000 -0.999445 -0.033315 -0.048210 -0.988311 0.144631 -0.062365 -0.997837 0.020788 0.084629 -0.994389 0.063472 -0.041407 -0.993765 0.103517 -0.143215 -0.982049 0.122756
0.133156 -0.985354 -0.106525 -0.073821 -0.996588 -0.036911 -0.195809 -0.979045 -0.055945 0.000000 -1.000000 0.000000 -0.024204 -0.992355 0.121019 -0.019306 -0.984600 -0.173753 0.057831 -0.983135 0.173494 -0.079352 -0.991900 -0.099190 -0.130054 -0.966116 0.222950
0.055279 -0.995022 -0.082918 0.000000 -0.997268 -0.073872 -0.071202 -0.996826 0.035601 -0.099504 -0.995037 0.000000 -0.023696 -0.995216 0.094782 0.037596 -0.958687 -0.281967 0.037113 -0.964951 0.259794 -0.078659 -0.963567 -0.255640 -0.107746 -0.951755 0.287322
0.057027 -0.997965 -0.028513 0.000000 -0.999406 -0.034462 -0.064349 -0.997409 0.032174 -0.110432 -0.993884 0.000000 -0.023150 -0.995434 0.092599 0.038999 -0.955473 -0.292492 0.036930 -0.960168 0.276972 -0.099504 -0.955236 -0.278610 -0.089471 -0.948396 0.304203
0.028456 -0.995943 -0.085367 0.071247 -0.997459 0.000000 -0.064249 -0.995863 0.064249 -0.136637 -0.990621 0.000000 -0.024922 -0.996890 0.074767 0.020915 -0.962099 -0.271898 0.036930 -0.960168 0.276972 -0.040757 -0.978167 -0.203785 -0.089948 -0.953447 0.287833
0.085091 -0.992733 -0.085091 0.114541 -0.992685 0.038180 -0.093161 -0.993712 0.062107 -0.146549 -0.989203 0.000000 -0.023193 -0.997307 0.069580 0.000000 -0.980581 -0.196116 0.037113 -0.964951 0.259794 -0.021152 -0.994166 -0.105762 -0.072429 -0.959679 0.271607
0.087743 -0.994424 -0.058496 0.141421 -0.989949 0.000000 -0.096126 -0.993304 0.064084 -0.141421 -0.989949 0.000000 -0.023193 -0.997307 0.069580 -0.022439 -0.987332 -0.157075 0.036625 -0.970559 0.238062 -0.021229 -0.997744 -0.063686 -0.055882 -0.968627 0.242157
0.113364 -0.991935 -0.056682 0.181969 -0.982631 0.036394 -0.127386 -0.987241 0.095539 -0.141421 -0.989949 0.000000 -0.024354 -0.998516 0.048708 -0.022576 -0.993352 -0.112881 0.036625 -0.970559 0.238062 0.000000 -0.997969 -0.063700 -0.055882 -0.968627 0.242157
0.120277 -0.992285 -0.030069 0.209020 -0.975426 0.069673 -0.123797 -0.990375 0.061898 -0.182089 -0.983282 0.000000 -0.051148 -0.997380 0.051148 -0.022669 -0.997427 -0.068006 0.018811 -0.978177 0.206922 0.000000 -0.999056 -0.043437 -0.056126 -0.972855 0.224505
0.087856 -0.995703 -0.029285 0.216366 -0.973645 0.072122 -0.127710 -0.989754 0.063855 -0.141421 -0.989949 0.000000 -0.053956 -0.998179 0.026978 -0.045303 -0.996659 -0.067954 0.037602 -0.977658 0.206812 0.000000 -0.997880 -0.065079 -0.056126 -0.972855 0.224505
0.116791 -0.992727 -0.029198 0.215666 -0.970495 0.107833 -0.123502 -0.988012 0.092626 -0.175682 -0.983820 -0.035136 -0.053897 -0.997091 0.053897 -0.022195 -0.998768 -0.044390 0.037743 -0.981307 0.188713 0.000000 -0.998205 -0.059892 -0.038306 -0.976804 0.210683
0.087743 -0.994424 -0.058496 0.249523 -0.962446 0.106938 -0.058621 -0.996558 0.058621 -0.209529 -0.977802 0.000000 -0.027007 -0.999270 0.027007 0.000000 -0.999096 -0.042515 0.057628 -0.979683 0.192095 0.000000 -0.999232 -0.039186 -0.038454 -0.980588 0.192272
0.090371 -0.994084 -0.060248 0.201574 -0.974274 0.100787 -0.085401 -0.996347 0.000000 -0.242536 -0.970143 0.000000 -0.027724 -0.998077 0.055449 0.000000 -0.999800 0.019996 0.094609 -0.983938 0.151375 0.000000 -0.999829 -0.018515 -0.056564 -0.980434 0.188545
0.087296 -0.989359 -0.116395 0.169031 -0.980379 0.101419 -0.057050 -0.998371 0.000000 -0.234509 -0.971537 -0.033501 -0.027756 -0.999229 0.027756 -0.020824 -0.999566 0.020824 0.113613 -0.984644 0.132548 0.019600 -0.999616 -0.019600 -0.056929 -0.986769 0.151811
0.086966 -0.985611 -0.144943 0.169031 -0.980379 0.101419 -0.083014 -0.996164 -0.027671 -0.226160 -0.969256 -0.096926 -0.024354 -0.998516 0.048708 -0.022195 -0.998768 0.044390 0.118562 -0.988019 0.098802 0.020829 -0.999783 0.000000 -0.057083 -0.989445 0.133194
0.057520 -0.977835 -0.201319 0.202145 -0.977035 0.067382 -0.107134 -0.990992 -0.080351 -0.195180 -0.975900 -0.097590 -0.023224 -0.998651 0.046449 -0.022628 -0.995638 0.090513 0.112651 -0.991333 0.067591 0.023742 -0.997178 0.071227 -0.058543 -0.995229 0.078057
0.058798 -0.970169 -0.235192 0.202145 -0.977035 0.067382 -0.082761 -0.993127 -0.082761 -0.225338 -0.965734 -0.128765 -0.023243 -0.999460 0.023243 -0.049192 -0.983838 0.172172 0.123997 -0.991973 -0.024799 0.052111 -0.990107 0.130277 -0.084800 -0.996398 0.000000
0.030069 -0.962216 -0.270623 0.234509 -0.971537 0.033501 -0.119470 -0.985624 -0.119470 -0.195180 -0.975900 -0.097590 -0.023224 -0.998651 0.046449 -0.024799 -0.917575 0.396789 0.100855 -0.983332 -0.151282 0.054153 -0.974755 0.216612 -0.069301 -0.993307 -0.092401
0.031911 -0.957338 -0.287202 0.241955 -0.967822 0.069130 -0.116052 -0.986440 -0.116052 -0.201574 -0.974274 -0.100787 -0.024318 -0.997039 0.072954 -0.023402 -0.842465 0.538242 0.101896 -0.968015 -0.229267 0.056773 -0.965146 0.255480 -0.073967 -0.986227 -0.147934
0.032191 -0.965734 -0.257529 0.242390 -0.969561 0.034627 -0.116052 -0.986440 -0.116052 -0.207514 -0.968400 -0.138343 -0.024318 -0.997039 0.072954 0.000000 -0.813733 0.581238 0.074307 -0.965986 -0.247689 0.089126 -0.950681 0.297088 -0.073345 -0.977940 -0.195588
0.032444 -0.973329 -0.227110 0.242390 -0.969561 0.034627 -0.116052 -0.986440 -0.116052 -0.207514 -0.968400 -0.138343 -0.024318 -0.997039 0.072954 0.000000 -0.802744 0.596324 0.074307 -0.965986 -0.247689 0.087370 -0.961074 0.262111 -0.075141 -0.976833 -0.200376
0.032444 -0.973329 -0.227110 0.216789 -0.975550 0.036131 -0.118993 -0.981691 -0.148741 -0.180187 -0.973012 -0.144150 -0.024268 -0.994982 0.097071 -0.055090 -0.908984 0.413175 0.074307 -0.965986 -0.247689 0.087370 -0.961074 0.262111 -0.077024 -0.975643 -0.205398
0.033981 -0.951479 -0.305832 0.216366 -0.973645 0.072122 -0.092231 -0.983801 -0.153719 -0.207514 -0.968400 -0.138343 -0.024318 -0.997039 0.072954 -0.024799 -0.867976 0.495986 0.072569 -0.967585 -0.241896 0.086102 -0.975820 0.200904 -0.073677 -0.982353 -0.171912
0.032225 -0.934512 -0.354470 0.209401 -0.977207 0.034900 -0.061633 -0.986134 -0.154083 -0.207514 -0.968400 -0.138343 -0.024318 -0.997039 0.072954 -0.056344 -0.957841 0.281718 0.073677 -0.982353 -0.171912 0.081923 -0.983078 0.163846 -0.072211 -0.986878 -0.144421
0.061780 -0.926703 -0.370681 0.175358 -0.982003 0.070143 -0.063214 -0.979816 -0.189642 -0.208389 -0.972480 -0.104194 -0.024961 -0.998441 0.049922 0.000000 -0.920331 0.391141 0.075810 -0.985527 -0.151620 0.080093 -0.987809 0.133488 -0.071067 -0.994937 -0.071067
0.092450 -0.924500 -0.369800 0.188311 -0.979217 0.075324 -0.059523 -0.982125 -0.178568 -0.249523 -0.962446 -0.106938 -0.024961 -0.998441 0.049922 0.022716 -0.931337 0.363449 0.050948 -0.993490 -0.101896 0.078273 -0.991454 0.104364 -0.069523 -0.996503 -0.046349
