-0.481330 -0.790756 0.378188 0.782609 -0.608696 -0.130435 0.161034 -0.966204 0.201292 -0.844653 -0.533465 0.044455 0.000000 -0.780869 0.624695 -0.323932 -0.745043 0.583077 0.287348 -0.766261 -0.574696 0.173972 -0.835067 0.521917 -0.245959 -0.787070 -0.565707
-0.481330 -0.790756 0.378188 0.807410 -0.583130 -0.089712 0.148250 -0.963624 0.222375 -0.844653 -0.533465 0.044455 0.000000 -0.807391 0.590017 -0.312348 -0.687165 0.655930 0.289852 -0.700475 -0.652166 0.086530 -0.922992 0.374965 -0.271851 -0.713609 -0.645646
-0.507093 -0.777542 0.371868 0.854358 -0.512615 -0.085436 0.185567 -0.964951 0.185567 -0.824530 -0.564152 0.043396 0.000000 -0.807391 0.590017 -0.292854 -0.614993 0.732134 0.280668 -0.654892 -0.701670 0.176700 -0.765700 0.618450 -0.302536 -0.660078 -0.687582
-0.500556 -0.767520 0.400445 0.850487 -0.510292 -0.127573 0.186728 -0.970988 0.149383 -0.824530 -0.564152 0.043396 0.029748 -0.803202 0.594964 -0.280607 -0.589274 0.757638 0.275516 -0.619912 -0.734711 0.224929 -0.674786 0.702902 -0.321503 -0.618274 -0.717198
-0.500556 -0.767520 0.400445 0.822210 -0.562565 -0.086548 0.222375 -0.963624 0.148250 -0.804334 -0.592667 0.042333 0.030275 -0.817432 0.575230 -0.268996 -0.564892 0.780089 0.279448 -0.605470 -0.745194 0.220527 -0.661581 0.716713 -0.320524 -0.591736 -0.739671
-0.493999 -0.790398 0.362266 0.822210 -0.562565 -0.086548 0.248421 -0.958194 0.141955 -0.824530 -0.564152 0.043396 0.029540 -0.827115 0.561256 -0.240021 -0.586719 0.773402 0.261460 -0.594228 -0.760612 0.220026 -0.632575 0.742588 -0.315854 -0.607412 -0.728894
-0.429767 -0.826475 0.363649 0.767523 -0.639602 -0.042640 0.207514 -0.968400 0.138343 -0.765438 -0.637865 0.085049 0.000000 -0.813733 0.581238 -0.220026 -0.632575 0.742588 0.244704 -0.660702 -0.709643 0.056478 -0.875413 0.480065 -0.240239 -0.686398 -0.686398
-0.348899 -0.856388 0.380617 0.706417 -0.706417 -0.044151 0.231413 -0.958710 0.165295 -0.685745 -0.723842 0.076194 -0.028375 -0.822881 0.567504 -0.173931 -0.724714 0.666737 0.199938 -0.774758 -0.599813 0.027576 -0.910020 0.413646 -0.199889 -0.799556 -0.566352
-0.254772 -0.923548 0.286618 0.564684 -0.825307 0.000000 0.134687 -0.976481 0.168359 -0.552967 -0.829450 0.078995 -0.056232 -0.843482 0.534205 -0.146176 -0.818587 0.555470 0.175109 -0.875547 -0.450282 0.000000 -0.916157 0.400819 -0.141705 -0.906912 -0.396774
-0.139262 -0.974835 0.174078 0.384615 -0.923077 0.000000 0.031976 -0.991271 0.127906 -0.416356 -0.908413 0.037851 -0.054453 -0.898479 0.435626 -0.083559 -0.891299 0.445650 0.121626 -0.948683 -0.291903 -0.028467 -0.939413 0.341605 -0.101896 -0.968015 -0.229267
0.146450 -0.988540 -0.036613 0.169809 -0.984892 0.033962 -0.033296 -0.998891 0.033296 -0.227110 -0.973329 0.032444 -0.050492 -0.934093 0.353441 -0.049736 -0.944993 0.323287 0.093865 -0.985579 -0.140797 0.000000 -0.967075 0.254493 -0.117395 -0.986122 -0.117395
0.140028 -0.980196 -0.140028 0.064349 -0.997409 0.032174 -0.099449 -0.994490 -0.033150 -0.127971 -0.991778 0.000000 -0.048450 -0.969003 0.242251 -0.043345 -0.975270 0.216727 0.092599 -0.995434 0.023150 -0.022355 -0.983624 0.178841 -0.090513 -0.995638 0.022628
0.091756 -0.978726 -0.183511 0.000000 -0.999445 0.033315 -0.071202 -0.996826 -0.035601 -0.033315 -0.999445 0.000000 -0.024618 -0.984732 0.172328 0.000000 -0.990342 0.138648 0.063008 -0.987125 0.147019 -0.020757 -0.996331 0.083028 -0.080550 -0.986733 0.140962
0.000000 -0.984784 -0.173785 -0.038433 -0.999261 0.000000 -0.033296 -0.998891 -0.033296 -0.036986 -0.998631 0.036986 -0.048365 -0.991484 0.120913 0.019224 -0.999630 -0.019224 0.038866 -0.971653 0.233197 -0.039896 -0.997410 -0.059845 -0.073410 -0.972682 0.220230
-0.143978 -0.979051 -0.143978 0.036986 -0.998631 -0.036986 0.033315 -0.999445 0.000000 -0.114541 -0.992685 0.038180 -0.047351 -0.994379 0.094703 0.020137 -0.986733 -0.161099 0.053934 -0.970809 0.233713 -0.076739 -0.978420 -0.191847 -0.054384 -0.960782 0.271919
-0.152570 -0.976445 -0.152570 0.076640 -0.996322 -0.038320 0.033315 -0.999445 0.000000 -0.136558 -0.990044 0.034139 -0.047511 -0.997740 0.047511 0.039614 -0.970535 -0.237682 0.036102 -0.956704 0.288816 -0.096782 -0.967823 -0.232277 -0.035909 -0.951601 0.305231
-0.115087 -0.978240 -0.172631 0.129339 -0.991600 0.000000 -0.033296 -0.998891 0.033296 -0.141333 -0.989331 0.035333 -0.047511 -0.997740 0.047511 0.041586 -0.977260 -0.207928 0.035489 -0.958194 0.283909 -0.099484 -0.974943 -0.198968 -0.036102 -0.956704 0.288816
-0.086566 -0.981087 -0.173133 0.171341 -0.985212 0.000000 -0.096126 -0.993304 0.064084 -0.151947 -0.987658 0.037987 -0.049875 -0.997509 0.049875 0.022355 -0.983624 -0.178841 0.036286 -0.961572 0.272143 -0.042052 -0.988215 -0.147181 -0.055347 -0.959351 0.276736
-0.055132 -0.992372 -0.110264 0.221621 -0.975133 0.000000 -0.127710 -0.989754 0.063855 -0.152057 -0.988372 0.000000 -0.025599 -0.998360 0.051198 0.000000 -0.991228 -0.132164 0.036930 -0.960168 0.276972 -0.044012 -0.990267 -0.132036 -0.055622 -0.964121 0.259571
-0.028513 -0.997965 -0.057027 0.221404 -0.974176 0.044281 -0.158511 -0.982766 0.095106 -0.188847 -0.982006 0.000000 -0.025599 -0.998360 0.051198 0.000000 -0.996073 -0.088540 0.037973 -0.968316 0.246826 -0.065938 -0.989071 -0.131876 -0.055622 -0.964121 0.259571
0.000000 -0.999592 -0.028560 0.221404 -0.974176 0.044281 -0.158511 -0.982766 0.095106 -0.188847 -0.982006 0.000000 -0.026270 -0.998273 0.052541 0.000000 -0.995893 -0.090536 0.037973 -0.968316 0.246826 -0.067403 -0.988577 -0.134806 -0.055882 -0.968627 0.242157
-0.029348 -0.997844 -0.058697 0.273576 -0.957518 0.091192 -0.158511 -0.982766 0.095106 -0.216930 -0.976187 0.000000 -0.026978 -0.998179 0.053956 0.021652 -0.996007 -0.086609 0.057166 -0.971825 0.228665 -0.089420 -0.983624 -0.156486 -0.074744 -0.971666 0.224231
0.000000 -0.998053 -0.062378 0.273576 -0.957518 0.091192 -0.158511 -0.982766 0.095106 -0.224860 -0.974391 0.000000 -0.026978 -0.998179 0.053956 0.042277 -0.993500 -0.105691 0.037602 -0.977658 0.206812 -0.104645 -0.983660 -0.146503 -0.073960 -0.979970 0.184900
-0.030234 -0.997712 -0.060467 0.241747 -0.966988 0.080582 -0.096126 -0.993304 0.064084 -0.202606 -0.979260 0.000000 -0.027007 -0.999270 0.027007 0.039770 -0.994250 -0.099425 0.056756 -0.983762 0.170267 -0.118562 -0.988019 -0.098802 -0.075810 -0.985527 0.151620
-0.031099 -0.995153 -0.093296 0.188713 -0.981307 0.037743 -0.090495 -0.995440 0.030165 -0.209401 -0.977207 -0.034900 -0.027007 -0.999270 0.027007 0.019544 -0.996748 -0.078176 0.074419 -0.986057 0.148839 -0.112312 -0.992085 -0.056156 -0.074783 -0.990871 0.112174
-0.060057 -0.990942 -0.120114 0.141421 -0.989949 0.000000 -0.085401 -0.996347 0.000000 -0.202145 -0.977035 -0.067382 -0.053956 -0.998179 0.026978 0.019224 -0.999630 -0.019224 0.093511 -0.991217 0.093511 -0.072536 -0.997366 0.000000 -0.095087 -0.988908 0.114105
-0.059523 -0.982125 -0.178568 0.146549 -0.989203 0.000000 -0.085367 -0.995943 -0.028456 -0.195180 -0.975900 -0.097590 -0.048708 -0.998516 0.024354 0.000000 -0.999201 0.039968 0.112312 -0.992085 0.056156 -0.038320 -0.996322 0.076640 -0.112174 -0.990871 0.074783
-0.058798 -0.970169 -0.235192 0.141333 -0.989331 -0.035333 -0.104364 -0.991454 -0.078273 -0.195180 -0.975900 -0.097590 -0.047552 -0.998586 0.023776 0.000000 -0.989090 0.147311 0.119145 -0.992877 0.000000 -0.020546 -0.986186 0.164364 -0.097553 -0.995039 0.019511
-0.094444 -0.944443 -0.314814 0.175358 -0.982003 -0.070143 -0.101209 -0.986789 -0.126511 -0.194461 -0.972306 -0.129641 -0.047552 -0.998586 0.023776 0.000000 -0.976187 0.216930 0.131876 -0.989071 -0.065938 0.000000 -0.974008 0.226513 -0.129219 -0.990680 -0.043073
-0.153429 -0.889889 -0.429601 0.175682 -0.983820 -0.035136 -0.147442 -0.973117 -0.176930 -0.188515 -0.973996 -0.125677 -0.047511 -0.997740 0.047511 -0.051434 -0.977255 0.205738 0.144799 -0.965328 -0.217199 0.084182 -0.982124 0.168364 -0.143305 -0.979248 -0.143305
-0.099613 -0.896520 -0.431658 0.181608 -0.980684 -0.072643 -0.114473 -0.973018 -0.200327 -0.233463 -0.967204 -0.100056 -0.050948 -0.993490 0.101896 -0.024551 -0.908403 0.417374 0.154868 -0.929206 -0.335547 0.000000 -0.919145 0.393919 -0.155647 -0.959826 -0.233471
-0.123267 -0.893684 -0.431433 0.188311 -0.979217 -0.075324 -0.145679 -0.961482 -0.233087 -0.233463 -0.967204 -0.100056 -0.052111 -0.990107 0.130277 -0.057166 -0.914659 0.400163 0.130189 -0.911322 -0.390567 0.122859 -0.921443 0.368577 -0.181406 -0.932943 -0.310981
-0.123267 -0.893684 -0.431433 0.188311 -0.979217 -0.075324 -0.141705 -0.963594 -0.226728 -0.233463 -0.967204 -0.100056 -0.051917 -0.986431 0.155752 -0.095154 -0.919824 0.380617 0.130410 -0.886789 -0.443394 0.057904 -0.868562 0.492185 -0.211333 -0.924581 -0.316999
-0.063596 -0.922146 -0.381578 0.195515 -0.977577 -0.078206 -0.116991 -0.965176 -0.233982 -0.233463 -0.967204 -0.100056 -0.026082 -0.991117 0.130410 -0.104828 -0.943456 0.314485 0.127453 -0.892172 -0.433341 0.056682 -0.821889 0.566820 -0.204591 -0.920659 -0.332460
-0.092450 -0.924500 -0.369800 0.232670 -0.969458 -0.077557 -0.128765 -0.965734 -0.225338 -0.232559 -0.963460 -0.132891 -0.026082 -0.991117 0.130410 -0.055385 -0.830773 0.553849 0.150708 -0.879131 -0.452124 0.027918 -0.809626 0.586281 -0.204591 -0.920659 -0.332460
-0.059002 -0.944039 -0.324513 0.232670 -0.969458 -0.077557 -0.156403 -0.969697 -0.187683 -0.232559 -0.963460 -0.132891 -0.052271 -0.993146 0.104542 -0.056232 -0.843482 0.534205 0.149025 -0.894151 -0.422238 0.027918 -0.809626 0.586281 -0.195355 -0.927934 -0.317451
-0.028989 -0.956622 -0.289886 0.181608 -0.980684 -0.072643 -0.128765 -0.965734 -0.225338 -0.273275 -0.956462 -0.102478 -0.052396 -0.995529 0.078594 -0.053131 -0.876656 0.478176 0.121482 -0.923266 -0.364447 0.026861 -0.859544 0.510355 -0.221834 -0.936631 -0.271130
0.000000 -0.954480 -0.298275 0.175682 -0.983820 -0.035136 -0.127775 -0.958315 -0.255551 -0.241955 -0.967822 -0.069130 -0.049875 -0.997509 0.049875 0.000000 -0.908677 0.417500 0.073324 -0.953206 -0.293294 0.000000 -0.908677 0.417500 -0.220498 -0.955492 -0.195998
0.031220 -0.967805 -0.249756 0.146549 -0.989203 0.000000 -0.131804 -0.955582 -0.263609 -0.209020 -0.975426 -0.069673 -0.048708 -0.998516 0.024354 0.000000 -0.946350 0.323144 0.072976 -0.973009 -0.218927 -0.046765 -0.935305 0.350739 -0.190153 -0.974535 -0.118846
0.030514 -0.976445 -0.213597 0.146549 -0.989203 0.000000 -0.100056 -0.967204 -0.233463 -0.209401 -0.977207 -0.034900 -0.048708 -0.998516 0.024354 0.000000 -0.957211 0.289390 0.047088 -0.988851 -0.141264 -0.068519 -0.959264 0.274075 -0.160507 -0.985969 -0.045859
0.000000 -0.981780 -0.190022 0.169907 -0.985460 0.000000 -0.067382 -0.977035 -0.202145 -0.234509 -0.971537 -0.033501 -0.047552 -0.998586 0.023776 0.000000 -0.975133 0.221621 0.045303 -0.996659 -0.067954 -0.088302 -0.971324 0.220755 -0.153707 -0.988116 0.000000
-0.030861 -0.987541 -0.154303 0.175791 -0.984428 0.000000 -0.033962 -0.984892 -0.169809 -0.242390 -0.969561 -0.034627 -0.048723 -0.998812 0.000000 0.000000 -0.988619 0.150442 0.044390 -0.998768 -0.022195 -0.109135 -0.982214 0.152789 -0.129070 -0.989533 0.064535
-0.030994 -0.991801 -0.123975 0.182089 -0.983282 0.000000 0.033023 -0.990687 -0.132092 -0.250801 -0.967375 -0.035829 -0.047565 -0.998868 0.000000 0.000000 -0.996241 0.086630 0.042429 -0.997070 0.063643 -0.110003 -0.990028 0.088002 -0.122756 -0.982049 0.143215
-0.030069 -0.992285 -0.120277 0.188847 -0.982006 0.000000 0.063855 -0.989754 -0.127710 -0.259973 -0.965616 0.000000 -0.048723 -0.998812 0.000000 0.000000 -0.999774 0.021272 0.042173 -0.991067 0.126519 -0.132036 -0.990267 0.044012 -0.099860 -0.978631 0.179749
-0.060057 -0.990942 -0.120114 0.188847 -0.982006 0.000000 0.063855 -0.989754 -0.127710 -0.250962 -0.967997 0.000000 -0.047552 -0.998586 -0.023776 0.021713 -0.998821 -0.043427 0.020472 -0.982666 0.184250 -0.153707 -0.988116 0.000000 -0.077894 -0.973677 0.214209
-0.089883 -0.988716 -0.119844 0.224860 -0.974391 0.000000 0.095880 -0.990764 -0.095880 -0.250801 -0.967375 -0.035829 -0.048708 -0.998516 -0.024354 0.043345 -0.996942 -0.065018 0.000000 -0.979804 0.199960 -0.156957 -0.986587 -0.044845 -0.075783 -0.966228 0.246293
-0.089883 -0.988716 -0.119844 0.224860 -0.974391 0.000000 0.092626 -0.988012 -0.123502 -0.250801 -0.967375 -0.035829 -0.047552 -0.998586 -0.023776 0.045222 -0.994874 -0.090443 0.000000 -0.976644 0.214862 -0.156760 -0.985349 -0.067183 -0.075418 -0.961580 0.263963
-0.089522 -0.984746 -0.149204 0.233373 -0.972387 0.000000 0.061898 -0.990375 -0.123797 -0.224702 -0.973708 -0.037450 -0.047552 -0.998586 -0.023776 0.045118 -0.992593 -0.112795 0.000000 -0.972387 0.233373 -0.156760 -0.985349 -0.067183 -0.075418 -0.961580 0.263963
-0.122570 -0.980562 -0.153213 0.224860 -0.974391 0.000000 0.061633 -0.986134 -0.154083 -0.224860 -0.974391 0.000000 -0.047552 -0.998586 -0.023776 0.045118 -0.992593 -0.112795 0.000000 -0.971297 0.237869 -0.160003 -0.982873 -0.091430 -0.075032 -0.956661 0.281371
-0.118418 -0.976947 -0.177627 0.233373 -0.972387 0.000000 0.059815 -0.986945 -0.149537 -0.224702 -0.973708 -0.037450 -0.046449 -0.998651 -0.023224 0.023094 -0.993042 -0.115470 0.000000 -0.971297 0.237869 -0.182148 -0.979044 -0.091074 -0.057375 -0.956248 0.286875
-0.118418 -0.976947 -0.177627 0.224860 -0.974391 0.000000 0.060057 -0.990942 -0.120114 -0.224702 -0.973708 -0.037450 -0.047552 -0.998586 -0.023776 0.023094 -0.993042 -0.115470 0.000000 -0.971297 0.237869 -0.182148 -0.979044 -0.091074 -0.057682 -0.961361 0.269181
-0.117749 -0.971429 -0.206061 0.259973 -0.965616 0.000000 0.060057 -0.990942 -0.120114 -0.224702 -0.973708 -0.037450 -0.046449 -0.998651 -0.023224 0.023094 -0.993042 -0.115470 0.000000 -0.971297 0.237869 -0.182148 -0.979044 -0.091074 -0.057682 -0.961361 0.269181
