-0.581814 -0.805589 -0.111887 0.989827 -0.134976 -0.044992 0.456468 -0.886086 0.080553 -0.979958 -0.178174 -0.089087 0.030614 -0.765346 0.642891 -0.345789 -0.734802 0.583520 0.594055 -0.077485 -0.800683 0.240578 -0.601445 0.761831 -0.385503 -0.205602 -0.899508
-0.592441 -0.797517 -0.113931 0.990830 -0.135113 0.000000 0.466472 -0.881113 0.077745 -0.974176 -0.221404 -0.044281 0.058621 -0.762073 0.644831 -0.283077 -0.740356 0.609705 0.463985 -0.128885 -0.876417 0.029424 -0.735612 0.676763 -0.302156 -0.528773 -0.793159
-0.574038 -0.813220 -0.095673 0.944835 -0.314945 0.089984 0.373182 -0.901857 0.217690 -0.933564 -0.355643 -0.044455 0.000000 -0.737154 0.675725 -0.260287 -0.780860 0.567898 0.469636 -0.287000 -0.834909 0.117041 -0.702247 0.702247 -0.307820 -0.447739 -0.839510
-0.576517 -0.816732 -0.024022 0.861858 -0.498970 0.090722 0.279202 -0.907406 0.314102 -0.824530 -0.564152 -0.043396 0.000000 -0.707107 0.707107 -0.240021 -0.773402 0.586719 0.393919 -0.551487 -0.735316 0.057236 -0.887164 0.457891 -0.299827 -0.572396 -0.763195
-0.524097 -0.786146 0.327561 0.746937 -0.659062 0.087875 0.206284 -0.928279 0.309426 -0.707107 -0.707107 0.000000 -0.030069 -0.721662 0.691592 -0.202580 -0.810319 0.549859 0.331378 -0.739228 -0.586285 0.028989 -0.956622 0.289886 -0.257770 -0.695978 -0.670201
-0.247025 -0.811652 0.529339 0.591080 -0.802181 0.084440 0.177892 -0.960617 0.213470 -0.544988 -0.838444 0.000000 -0.058621 -0.762073 0.644831 -0.155493 -0.870759 0.466478 0.243541 -0.852392 -0.462727 0.000000 -0.984784 0.173785 -0.215387 -0.789754 -0.574367
-0.033672 -0.841794 0.538748 0.445742 -0.891485 0.081044 0.105934 -0.988714 0.105934 -0.398726 -0.917070 0.000000 -0.082138 -0.793999 0.602344 -0.090577 -0.966155 0.241539 0.189565 -0.924129 -0.331739 0.000000 -0.989949 0.141421 -0.167716 -0.886498 -0.431269
0.138343 -0.899229 0.415029 0.282490 -0.953403 0.105934 -0.034462 -0.999406 0.000000 -0.182089 -0.983282 0.000000 -0.052450 -0.865430 0.498278 -0.082761 -0.993127 0.082761 0.148250 -0.963624 -0.222375 -0.026774 -0.990637 0.133870 -0.147755 -0.935779 -0.320135
0.105474 -0.984428 0.140633 0.163605 -0.981630 0.098163 -0.068439 -0.992360 -0.102658 -0.066482 -0.997234 -0.033241 0.000000 -0.923077 0.384615 -0.071247 -0.997459 0.000000 0.120736 -0.990038 -0.072442 -0.047232 -0.991880 0.118081 -0.149720 -0.973177 -0.174673
0.102899 -0.994692 0.000000 0.099015 -0.990148 0.099015 -0.067382 -0.977035 -0.202145 0.032241 -0.999480 0.000000 0.025086 -0.953283 0.301037 -0.020757 -0.996331 0.083028 0.090443 -0.994874 0.045222 -0.021229 -0.997744 0.063686 -0.144799 -0.989461 0.000000
0.031099 -0.995153 -0.093296 0.099015 -0.990148 0.099015 0.000000 -0.981780 -0.190022 0.033296 -0.998891 0.033296 0.024977 -0.974087 0.224789 0.039178 -0.999040 0.019589 0.083606 -0.982370 0.167212 -0.039960 -0.999001 0.019980 -0.133465 -0.978745 0.155709
-0.061898 -0.990375 -0.123797 0.141069 -0.987484 0.070535 0.061898 -0.990375 -0.123797 0.000000 -0.999445 0.033315 0.024035 -0.985452 0.168248 0.094609 -0.983938 -0.151375 0.061728 -0.967070 0.246911 -0.097110 -0.990525 -0.097110 -0.100544 -0.965226 0.241307
-0.123091 -0.984732 -0.123091 0.146450 -0.988540 0.036613 0.090167 -0.991837 -0.090167 -0.035669 -0.998727 0.035669 0.024126 -0.989173 0.144757 0.131053 -0.973537 -0.187219 0.060314 -0.944926 0.321677 -0.137334 -0.980958 -0.137334 -0.077820 -0.953300 0.291827
-0.122570 -0.980562 -0.153213 0.212238 -0.976296 0.042448 0.062257 -0.996116 -0.062257 -0.068761 -0.997041 0.034381 0.023150 -0.995434 0.092599 0.134740 -0.981677 -0.134740 0.061885 -0.948908 0.309426 -0.137334 -0.980958 -0.137334 -0.077368 -0.947756 0.309471
-0.152570 -0.976445 -0.152570 0.252199 -0.966762 0.042033 -0.028513 -0.997965 -0.057027 -0.076640 -0.996322 0.038320 0.023696 -0.995216 0.094782 0.116488 -0.990151 -0.077659 0.064836 -0.950921 0.302566 -0.099190 -0.991900 -0.079352 -0.082903 -0.953381 0.290159
-0.111935 -0.979428 -0.167902 0.262111 -0.961074 0.087370 -0.060467 -0.997712 -0.030234 -0.073671 -0.994558 0.073671 0.023150 -0.995434 0.092599 0.099425 -0.994250 -0.039770 0.063917 -0.958750 0.276972 -0.040774 -0.998960 -0.020387 -0.085573 -0.962691 0.256718
-0.108947 -0.980522 -0.163420 0.290159 -0.953381 0.082903 -0.116841 -0.993151 0.000000 -0.151078 -0.982006 0.113308 0.023150 -0.995434 0.092599 0.081345 -0.996478 -0.020336 0.086026 -0.967798 0.236573 -0.040782 -0.999168 0.000000 -0.064625 -0.969368 0.236957
-0.056232 -0.984063 -0.168696 0.327418 -0.941327 0.081855 -0.145432 -0.988941 0.029086 -0.151078 -0.982006 0.113308 0.022628 -0.995638 0.090513 0.081345 -0.996478 0.020336 0.088714 -0.975852 0.199606 -0.020824 -0.999566 0.020824 -0.063600 -0.975198 0.212000
-0.054944 -0.988996 -0.137361 0.327418 -0.941327 0.081855 -0.113364 -0.991935 0.056682 -0.224231 -0.971666 0.074744 0.023094 -0.993042 0.115470 0.081295 -0.995861 0.040647 0.087183 -0.980814 0.174367 -0.020824 -0.999566 0.020824 -0.063873 -0.979389 0.191620
-0.027503 -0.990118 -0.137516 0.315244 -0.945732 0.078811 -0.141196 -0.988369 0.056478 -0.223452 -0.968291 0.111726 0.000000 -0.993307 0.115501 0.061059 -0.997304 0.040706 0.106843 -0.982960 0.149581 -0.019992 -0.999600 0.019992 -0.063873 -0.979389 0.191620
0.000000 -0.994505 -0.104685 0.302072 -0.949370 0.086306 -0.116642 -0.991460 0.058321 -0.231800 -0.965834 0.115900 0.023564 -0.989675 0.141382 0.059845 -0.997410 0.039896 0.104645 -0.983660 0.146503 -0.019996 -0.999800 0.000000 -0.060314 -0.985136 0.160839
0.000000 -0.993533 -0.113547 0.328244 -0.943701 0.041030 -0.110264 -0.992372 0.055132 -0.230599 -0.960828 0.153732 0.024799 -0.991973 0.123997 0.058711 -0.998083 0.019570 0.120337 -0.982756 0.140394 -0.038426 -0.999077 0.019213 -0.059143 -0.985712 0.157714
0.028375 -0.993133 -0.113501 0.269430 -0.962250 0.038490 -0.052486 -0.997241 0.052486 -0.230599 -0.960828 0.153732 0.000000 -0.995037 0.099504 0.061059 -0.997304 -0.040706 0.098552 -0.985521 0.137973 -0.019992 -0.999600 -0.019992 -0.059316 -0.988598 0.138404
0.000000 -0.996130 -0.087894 0.250962 -0.967997 0.000000 -0.057027 -0.997965 0.028513 -0.186728 -0.970988 0.149383 -0.024922 -0.996890 0.074767 0.039186 -0.999232 0.000000 0.118011 -0.983422 0.137679 -0.019570 -0.998083 0.058711 -0.058321 -0.991460 0.116642
-0.030069 -0.992285 -0.120277 0.234641 -0.972082 0.000000 -0.055470 -0.998460 0.000000 -0.222375 -0.963624 0.148250 0.000000 -0.994781 0.102029 0.021253 -0.998870 0.042505 0.140394 -0.982756 0.120337 0.000000 -0.994389 0.105786 -0.081094 -0.993402 0.081094
-0.087296 -0.989359 -0.116395 0.274721 -0.961524 0.000000 -0.078675 -0.996555 0.026225 -0.215666 -0.970495 0.107833 -0.025499 -0.994458 0.101996 -0.022157 -0.974893 0.221567 0.167468 -0.983875 0.062801 0.021791 -0.958790 0.283279 -0.108034 -0.993912 0.021607
-0.059523 -0.982125 -0.178568 0.265929 -0.963993 0.000000 -0.053956 -0.998179 0.026978 -0.241955 -0.967822 0.069130 -0.025425 -0.991561 0.127123 -0.042983 -0.945635 0.322376 0.196116 -0.980581 0.000000 0.049296 -0.961280 0.271130 -0.121019 -0.992355 -0.024204
-0.032669 -0.980057 -0.196011 0.265929 -0.963993 0.000000 -0.113137 -0.989949 0.084853 -0.242390 -0.969561 0.034627 -0.025425 -0.991561 0.127123 -0.104828 -0.943456 0.314485 0.235058 -0.966351 -0.104470 0.058798 -0.970169 0.235192 -0.136743 -0.984548 -0.109394
0.000000 -0.983870 -0.178885 0.326895 -0.944363 0.036322 -0.113137 -0.989949 0.084853 -0.234641 -0.972082 0.000000 -0.025335 -0.988054 0.152008 -0.140971 -0.930408 0.338330 0.269778 -0.944223 -0.188845 0.062807 -0.973515 0.219826 -0.161456 -0.968736 -0.188365
0.030069 -0.992285 -0.120277 0.326250 -0.942499 0.072500 -0.140525 -0.983674 0.112420 -0.209529 -0.977802 0.000000 0.000000 -0.987105 0.160071 -0.150278 -0.931725 0.330612 0.273485 -0.929851 -0.246137 0.100056 -0.967204 0.233463 -0.164833 -0.961524 -0.219777
0.029198 -0.992727 -0.116791 0.325183 -0.939418 0.108394 -0.144518 -0.982725 0.115615 -0.242536 -0.970143 0.000000 0.000000 -0.987763 0.155963 -0.191957 -0.927792 0.319928 0.264906 -0.927173 -0.264906 0.103387 -0.964944 0.241236 -0.158555 -0.951330 -0.264258
0.060057 -0.990942 -0.120114 0.323708 -0.935155 0.143870 -0.148741 -0.981691 0.118993 -0.242536 -0.970143 0.000000 0.000000 -0.987763 0.155963 -0.199889 -0.932815 0.299833 0.262976 -0.920415 -0.289273 0.129302 -0.937437 0.323254 -0.158555 -0.951330 -0.264258
0.095880 -0.990764 -0.095880 0.281265 -0.949269 0.140633 -0.123797 -0.990375 0.061898 -0.250801 -0.967375 0.035829 0.000000 -0.991882 0.127164 -0.157642 -0.945850 0.283755 0.238249 -0.926523 -0.291193 0.121886 -0.944613 0.304714 -0.161398 -0.941486 -0.295896
0.066190 -0.992855 -0.099286 0.281265 -0.949269 0.140633 -0.164310 -0.985861 0.032862 -0.202490 -0.978703 0.033748 -0.024868 -0.994729 0.099473 -0.114473 -0.973018 0.200327 0.210745 -0.948354 -0.237089 0.089883 -0.958754 0.269650 -0.129358 -0.957252 -0.258717
0.066190 -0.992855 -0.099286 0.272166 -0.952579 0.136083 -0.164310 -0.985861 -0.032862 -0.209529 -0.977802 0.000000 0.000000 -0.992278 0.124035 -0.048956 -0.954633 0.293733 0.203595 -0.967075 -0.152696 0.047988 -0.911767 0.407896 -0.124611 -0.971967 -0.199378
0.000000 -0.990621 -0.136637 0.279713 -0.944033 0.174821 -0.092937 -0.991325 -0.092937 -0.209401 -0.977207 0.034900 -0.024268 -0.994982 0.097071 -0.022255 -0.956974 0.289318 0.171912 -0.982353 -0.073677 0.046449 -0.952202 0.301918 -0.074216 -0.989541 -0.123693
0.000000 -0.991228 -0.132164 0.248421 -0.958194 0.141955 -0.089883 -0.988716 -0.119844 -0.224702 -0.973708 0.037450 -0.024268 -0.994982 0.097071 0.000000 -0.960714 0.277540 0.141382 -0.989675 -0.023564 0.020934 -0.942008 0.334936 -0.072782 -0.994689 -0.072782
0.000000 -0.990621 -0.136637 0.248421 -0.958194 0.141955 -0.061633 -0.986134 -0.154083 -0.216789 -0.975550 0.036131 -0.023742 -0.997178 0.071227 0.042248 -0.971711 0.232366 0.115378 -0.992249 0.046151 0.000000 -0.956674 0.291162 -0.047552 -0.998586 0.023776
-0.035136 -0.983820 -0.175682 0.248421 -0.958194 0.141955 -0.063564 -0.985245 -0.158910 -0.216789 -0.975550 0.036131 -0.023742 -0.997178 0.071227 0.062568 -0.980231 0.187704 0.092229 -0.991457 0.092229 -0.020611 -0.968712 0.247331 -0.045222 -0.994874 0.090443
-0.067806 -0.983192 -0.169516 0.248421 -0.958194 0.141955 -0.031654 -0.981288 -0.189927 -0.216789 -0.975550 0.036131 -0.023193 -0.997307 0.069580 0.083881 -0.985604 0.146792 0.067403 -0.988577 0.134806 -0.041757 -0.981299 0.187908 -0.022439 -0.987332 0.157075
-0.065233 -0.978492 -0.195698 0.258375 -0.959678 0.110732 -0.031654 -0.981288 -0.189927 -0.216789 -0.975550 0.036131 -0.023742 -0.997178 0.071227 0.064700 -0.992062 0.107833 0.064121 -0.983184 0.170989 -0.020970 -0.985604 0.167762 -0.021786 -0.980348 0.196070
-0.096926 -0.969256 -0.226160 0.258375 -0.959678 0.110732 -0.030514 -0.976445 -0.213597 -0.224702 -0.973708 0.037450 -0.023776 -0.998586 0.047552 0.064942 -0.995774 0.064942 0.063873 -0.979389 0.191620 -0.022716 -0.999484 0.022716 0.000000 -0.971399 0.237453
-0.096926 -0.969256 -0.226160 0.258375 -0.959678 0.110732 -0.029437 -0.971429 -0.235498 -0.224702 -0.973708 -0.037450 -0.023776 -0.998586 0.047552 0.086548 -0.995307 0.043274 0.042448 -0.976296 0.212238 0.000000 -1.000000 0.000000 0.000000 -0.960714 0.277540
-0.096176 -0.961756 -0.256468 0.268833 -0.960119 0.076810 -0.029223 -0.964352 -0.263005 -0.224702 -0.973708 -0.037450 0.000000 -0.999717 0.023803 0.086630 -0.996241 0.000000 0.042448 -0.976296 0.212238 0.000000 -0.999742 -0.022721 0.000000 -0.954857 0.297067
-0.093296 -0.964054 -0.248788 0.279776 -0.959233 0.039968 -0.028989 -0.956622 -0.289886 -0.224231 -0.971666 -0.074744 0.000000 -0.998868 0.047565 0.086630 -0.996241 0.000000 0.043345 -0.975270 0.216727 -0.022721 -0.999742 0.000000 0.000000 -0.952926 0.303204
-0.093296 -0.964054 -0.248788 0.279776 -0.959233 0.039968 0.000000 -0.959366 -0.282166 -0.268833 -0.960119 -0.076810 0.000000 -0.999703 0.024383 0.086609 -0.996007 -0.021652 0.043133 -0.970495 0.237232 -0.022716 -0.999484 -0.022716 0.000000 -0.952926 0.303204
-0.096176 -0.961756 -0.256468 0.304776 -0.952424 0.000000 0.000000 -0.957024 -0.290007 -0.258375 -0.959678 -0.110732 0.000000 -0.999717 0.023803 0.086609 -0.996007 -0.021652 0.044281 -0.974176 0.221404 -0.022716 -0.999484 -0.022716 0.000000 -0.950871 0.309586
-0.096176 -0.961756 -0.256468 0.316228 -0.948683 0.000000 0.000000 -0.957024 -0.290007 -0.258375 -0.959678 -0.110732 0.000000 -0.999717 0.023803 0.086609 -0.996007 -0.021652 0.066340 -0.972985 0.221133 -0.022217 -0.999753 0.000000 0.000000 -0.957211 0.289390
-0.093296 -0.964054 -0.248788 0.316228 -0.948683 0.000000 0.000000 -0.948683 -0.316228 -0.258375 -0.959678 -0.110732 0.000000 -0.999717 0.023803 0.086609 -0.996007 -0.021652 0.066650 -0.977536 0.199951 -0.022721 -0.999742 0.000000 0.000000 -0.959018 0.283346
-0.032191 -0.965734 -0.257529 0.269430 -0.962250 -0.038490 0.000000 -0.954480 -0.298275 -0.215666 -0.970495 -0.107833 0.000000 -0.998920 0.046461 0.086609 -0.996007 -0.021652 0.066650 -0.977536 0.199951 -0.022721 -0.999742 0.000000 0.000000 -0.964764 0.263117
-0.032191 -0.965734 -0.257529 0.304776 -0.952424 0.000000 0.000000 -0.954480 -0.298275 -0.223452 -0.968291 -0.111726 -0.023243 -0.999460 0.023243 0.086548 -0.995307 -0.043274 0.066650 -0.977536 0.199951 -0.022721 -0.999742 0.000000 0.000000 -0.964764 0.263117
-0.033501 -0.971537 -0.234509 0.304776 -0.952424 0.000000 0.000000 -0.962651 -0.270746 -0.223452 -0.968291 -0.111726 0.000000 -0.998920 0.046461 0.086548 -0.995307 -0.043274 0.066650 -0.977536 0.199951 -0.022721 -0.999742 0.000000 0.000000 -0.970143 0.242536
0.000000 -0.972082 -0.234641 0.293887 -0.955134 -0.036736 0.000000 -0.970143 -0.242536 -0.223452 -0.968291 -0.111726 0.000000 -0.999730 0.023250 0.086548 -0.995307 -0.043274 0.066650 -0.977536 0.199951 -0.022721 -0.999742 0.000000 -0.022043 -0.969907 0.242477
