-0.608432 -0.793606 0.000000 0.960518 -0.274434 -0.045739 0.352235 -0.880587 0.317011 -0.915644 -0.392419 -0.087204 0.000000 -0.807391 0.590017 -0.029285 -0.849276 0.527137 0.364405 -0.416463 -0.832927 0.301086 -0.622244 0.722606 -0.501255 -0.150376 -0.852133
-0.583077 -0.809829 0.064786 0.918266 -0.393543 -0.043727 0.341593 -0.888143 0.307434 -0.910975 -0.409939 -0.045549 0.000000 -0.792624 0.609711 -0.254646 -0.717639 0.648190 0.508426 -0.299074 -0.807501 0.288249 -0.643017 0.709536 -0.485903 -0.306886 -0.818363
-0.557452 -0.819782 0.131165 0.825307 -0.564684 0.000000 0.328089 -0.885841 0.328089 -0.825307 -0.564684 0.000000 0.000000 -0.763386 0.645942 -0.276392 -0.690980 0.667947 0.460639 -0.460639 -0.758699 0.259057 -0.682968 0.682968 -0.442193 -0.442193 -0.780340
-0.491157 -0.866748 0.086675 0.771930 -0.635707 0.000000 0.254772 -0.923548 0.286618 -0.746937 -0.659062 0.087875 -0.029424 -0.735612 0.676763 -0.267993 -0.692316 0.669983 0.389780 -0.560309 -0.730838 0.208444 -0.729553 0.651386 -0.383985 -0.639975 -0.665574
-0.310685 -0.932055 0.186411 0.639602 -0.767523 -0.042640 0.193851 -0.936947 0.290777 -0.619116 -0.784214 0.041274 0.000000 -0.775235 0.631673 -0.228934 -0.732590 0.641016 0.311204 -0.718164 -0.622409 0.108585 -0.814388 0.570072 -0.334545 -0.772028 -0.540419
-0.187683 -0.969697 0.156403 0.447214 -0.894427 0.000000 0.066890 -0.969905 0.234115 -0.398726 -0.917070 0.000000 -0.027298 -0.818927 0.573249 -0.193291 -0.773163 0.604034 0.260214 -0.827953 -0.496772 0.054393 -0.870285 0.489535 -0.251498 -0.880242 -0.402396
-0.033150 -0.994490 0.099449 0.306009 -0.952029 0.000000 -0.034139 -0.990044 0.136558 -0.216930 -0.976187 0.000000 0.000000 -0.872943 0.487821 -0.162638 -0.921616 0.352382 0.213862 -0.926734 -0.308911 -0.025880 -0.931692 0.362325 -0.170226 -0.948403 -0.267498
0.034462 -0.999406 0.000000 0.189642 -0.979816 0.063214 -0.132092 -0.990687 -0.033023 -0.066519 -0.997785 0.000000 0.025039 -0.926449 0.375587 -0.103418 -0.982467 0.155126 0.169875 -0.970714 -0.169875 -0.044477 -0.956264 0.289103 -0.174673 -0.973177 -0.149720
0.033962 -0.984892 -0.169809 0.131876 -0.989071 0.065938 -0.187683 -0.969697 -0.156403 0.032225 -0.998961 0.032225 0.024500 -0.955492 0.293998 -0.066519 -0.997785 0.000000 0.144757 -0.989173 0.024126 -0.042173 -0.991067 0.126519 -0.121054 -0.992646 0.000000
0.066336 -0.961869 -0.265343 0.099015 -0.990148 0.099015 -0.231413 -0.958710 -0.165295 0.032092 -0.994837 0.096275 0.000000 -0.981491 0.191510 0.000000 -0.994618 -0.103606 0.089087 -0.979958 0.178174 -0.038405 -0.998524 0.038405 -0.114407 -0.983902 0.137289
0.031911 -0.957338 -0.287202 0.102359 -0.989467 0.102359 -0.123502 -0.988012 -0.092626 -0.034139 -0.990044 0.136558 0.000000 -0.992646 0.121054 0.078750 -0.984374 -0.157500 0.039968 -0.959233 0.279776 -0.077820 -0.992210 -0.097276 -0.100544 -0.965226 0.241307
0.063119 -0.946792 -0.315597 0.073422 -0.991201 0.110133 -0.145432 -0.988941 -0.029086 -0.073422 -0.991201 0.110133 -0.023696 -0.995216 0.094782 0.099073 -0.970916 -0.217961 0.039246 -0.941901 0.333590 -0.115087 -0.978240 -0.172631 -0.098342 -0.944085 0.314695
0.030700 -0.982409 -0.184202 0.156893 -0.980581 0.117670 -0.227110 -0.973329 0.032444 -0.113878 -0.986947 0.113878 -0.025557 -0.996729 0.076671 0.118011 -0.983422 -0.137679 0.020528 -0.944298 0.328451 -0.121942 -0.975537 -0.182913 -0.095959 -0.940397 0.326260
0.061633 -0.986134 -0.154083 0.163163 -0.978980 0.122373 -0.287202 -0.957338 0.031911 -0.113308 -0.982006 0.151078 -0.023224 -0.998651 0.046449 0.079729 -0.996617 -0.019932 0.021507 -0.946291 0.322599 -0.103406 -0.992702 -0.062044 -0.098937 -0.949797 0.296812
0.087556 -0.992304 -0.087556 0.156893 -0.980581 0.117670 -0.277614 -0.956226 0.092538 -0.203279 -0.975739 0.081312 -0.023193 -0.997307 0.069580 0.061059 -0.997304 0.040706 0.020915 -0.962099 0.271898 -0.083045 -0.996546 0.000000 -0.119785 -0.958277 0.259533
0.060248 -0.994084 -0.090371 0.193746 -0.968730 0.154997 -0.262111 -0.961074 0.087370 -0.195515 -0.977577 0.078206 -0.023224 -0.998651 0.046449 0.040647 -0.995861 0.081295 0.021467 -0.966012 0.257603 -0.061059 -0.997304 0.040706 -0.120386 -0.963087 0.240772
0.093161 -0.993712 -0.062107 0.229081 -0.954504 0.190901 -0.269650 -0.958754 0.089883 -0.216789 -0.975550 0.036131 0.000000 -0.998920 0.046461 0.041407 -0.993765 0.103517 0.041196 -0.968095 0.247173 -0.060908 -0.994834 0.081211 -0.101015 -0.969746 0.222234
0.093161 -0.993712 -0.062107 0.219382 -0.950654 0.219382 -0.269650 -0.958754 0.089883 -0.224702 -0.973708 0.037450 -0.023776 -0.998586 0.047552 0.020668 -0.992066 0.124008 0.041398 -0.972853 0.227689 -0.062257 -0.996116 0.062257 -0.099073 -0.970916 0.217961
0.096126 -0.993304 -0.064084 0.219382 -0.950654 0.219382 -0.269650 -0.958754 0.089883 -0.216789 -0.975550 0.036131 0.000000 -0.998812 0.048723 0.019960 -0.998006 0.059880 0.040580 -0.973929 0.223192 -0.062257 -0.996116 0.062257 -0.099860 -0.978631 0.179749
0.062107 -0.993712 -0.093161 0.253750 -0.942499 0.217500 -0.234686 -0.968079 0.088007 -0.216789 -0.975550 0.036131 0.000000 -0.998542 0.053975 0.018851 -0.999111 0.037702 0.040112 -0.982756 0.180506 -0.039178 -0.999040 0.019589 -0.119570 -0.976491 0.179355
0.029348 -0.997844 -0.058697 0.247016 -0.946895 0.205847 -0.213300 -0.975084 0.060943 -0.224231 -0.971666 0.074744 -0.027724 -0.998077 0.055449 0.000000 -0.999822 0.018865 0.060314 -0.985136 0.160839 -0.057597 -0.998340 0.000000 -0.120337 -0.982756 0.140394
0.028375 -0.993133 -0.113501 0.207793 -0.955847 0.207793 -0.207140 -0.976519 0.059183 -0.224231 -0.971666 0.074744 -0.056957 -0.996751 0.056957 0.039156 -0.998466 -0.039156 0.059316 -0.988598 0.138404 -0.038426 -0.999077 0.019213 -0.120923 -0.987534 0.100769
0.027503 -0.990118 -0.137516 0.122373 -0.978980 0.163163 -0.178806 -0.983433 0.029801 -0.292314 -0.950019 0.109618 -0.085263 -0.994736 0.056842 0.039156 -0.998466 0.039156 0.059596 -0.993269 0.099327 -0.037682 -0.998579 0.037682 -0.140705 -0.984937 0.100504
0.028006 -0.980196 -0.196039 0.075810 -0.985527 0.151620 -0.173712 -0.984371 0.028952 -0.282490 -0.953403 0.105934 -0.099015 -0.990148 0.099015 0.042362 -0.995504 0.084724 0.081211 -0.994834 0.060908 -0.019422 -0.990525 0.135954 -0.141162 -0.988136 0.060498
0.027247 -0.953640 -0.299715 0.149383 -0.970988 0.186728 -0.173712 -0.984371 0.028952 -0.295758 -0.952999 0.065724 -0.094386 -0.991051 0.094386 0.044845 -0.986587 0.156957 0.084800 -0.996398 0.000000 0.019996 -0.959808 0.279944 -0.171184 -0.984309 -0.042796
0.056299 -0.928933 -0.365943 0.149383 -0.970988 0.186728 -0.173494 -0.983135 0.057831 -0.325818 -0.944871 0.032582 -0.094150 -0.988577 0.117688 0.071287 -0.974259 0.213862 0.072782 -0.994689 -0.072782 0.091742 -0.963293 0.252291 -0.217898 -0.968435 -0.121054
0.086784 -0.896763 -0.433918 0.185567 -0.964951 0.185567 -0.235192 -0.970169 0.058798 -0.296399 -0.955064 0.000000 -0.119797 -0.982335 0.143756 0.051350 -0.949968 0.308098 0.102971 -0.978225 -0.180199 0.073324 -0.953206 0.293294 -0.212000 -0.953998 -0.212000
0.118418 -0.888134 -0.444067 0.210300 -0.946350 0.245350 -0.248788 -0.964054 0.093296 -0.306009 -0.952029 0.000000 -0.100440 -0.979294 0.175771 0.000000 -0.939793 0.341743 0.137051 -0.959354 -0.246691 0.110264 -0.937240 0.330791 -0.220193 -0.935819 -0.275241
0.088312 -0.941992 -0.323810 0.227266 -0.946943 0.227266 -0.234686 -0.968079 0.088007 -0.316228 -0.948683 0.000000 -0.075497 -0.981462 0.176160 -0.029386 -0.910977 0.411409 0.132640 -0.955005 -0.265279 0.116248 -0.929981 0.348743 -0.213049 -0.932091 -0.292943
0.061285 -0.949920 -0.306426 0.253750 -0.942499 0.217500 -0.212806 -0.972829 0.091203 -0.316228 -0.948683 0.000000 -0.077408 -0.980502 0.180619 -0.029801 -0.894030 0.447015 0.131670 -0.948025 -0.289674 0.122859 -0.921443 0.368577 -0.207880 -0.935459 -0.285835
0.064786 -0.971795 -0.226752 0.212000 -0.953998 0.212000 -0.219286 -0.971124 0.093980 -0.274559 -0.960958 0.034320 -0.077408 -0.980502 0.180619 -0.029801 -0.894030 0.447015 0.131670 -0.948025 -0.289674 0.092450 -0.924500 0.369800 -0.179902 -0.925208 -0.334103
0.065938 -0.989071 -0.131876 0.237459 -0.949835 0.203536 -0.202145 -0.977035 0.067382 -0.242390 -0.969561 0.034627 -0.024204 -0.992355 0.121019 -0.055090 -0.908984 0.413175 0.132640 -0.955005 -0.265279 0.085925 -0.945175 0.315058 -0.187418 -0.937089 -0.294514
0.066190 -0.992855 -0.099286 0.212000 -0.953998 0.212000 -0.164310 -0.985861 0.032862 -0.202490 -0.978703 0.033748 -0.024204 -0.992355 0.121019 -0.050932 -0.942236 0.331056 0.128332 -0.975321 -0.179664 0.052450 -0.970330 0.236026 -0.155647 -0.959826 -0.233471
0.064249 -0.995863 -0.064249 0.213470 -0.960617 0.177892 -0.164310 -0.985861 -0.032862 -0.175358 -0.982003 0.070143 -0.024318 -0.997039 0.072954 -0.048154 -0.963087 0.264849 0.101502 -0.989644 -0.101502 0.050411 -0.983020 0.176439 -0.150329 -0.977140 -0.150329
0.062107 -0.993712 -0.093161 0.213470 -0.960617 0.177892 -0.159152 -0.986741 -0.031830 -0.175358 -0.982003 0.070143 0.000000 -0.998812 0.048723 -0.068129 -0.976516 0.204387 0.121019 -0.992355 -0.024204 0.022887 -0.961272 0.274649 -0.137867 -0.988049 -0.068934
0.064084 -0.993304 -0.096126 0.180187 -0.973012 0.144150 -0.127906 -0.991271 -0.031976 -0.188311 -0.979217 0.075324 0.000000 -0.998969 0.045408 -0.041803 -0.961468 0.271719 0.092524 -0.994635 0.046262 -0.020915 -0.962099 0.271898 -0.115501 -0.993307 0.000000
0.033023 -0.990687 -0.132092 0.185567 -0.964951 0.185567 -0.127906 -0.991271 -0.031976 -0.188311 -0.979217 0.075324 0.000000 -0.999730 0.023250 -0.042630 -0.980500 0.191837 0.089961 -0.989576 0.112452 -0.020611 -0.968712 0.247331 -0.112651 -0.991333 0.067591
0.033023 -0.990687 -0.132092 0.229081 -0.954504 0.190901 -0.093161 -0.993712 -0.062107 -0.188311 -0.979217 0.075324 0.000000 -0.999742 0.022721 -0.043073 -0.990680 0.129219 0.089420 -0.983624 0.156486 -0.039960 -0.979021 0.199800 -0.089712 -0.986835 0.134568
0.000000 -0.986394 -0.164399 0.221013 -0.957722 0.184177 -0.093161 -0.993712 -0.062107 -0.188311 -0.979217 0.075324 0.000000 -0.999742 0.022721 -0.021688 -0.997645 0.065064 0.064625 -0.969368 0.236957 -0.040112 -0.982756 0.180506 -0.087496 -0.984327 0.153118
0.000000 -0.986394 -0.164399 0.230599 -0.960828 0.153732 -0.120114 -0.990942 -0.060057 -0.188311 -0.979217 0.075324 0.000000 -0.999753 0.022217 0.000000 -0.998969 0.045408 0.041196 -0.968095 0.247173 -0.060659 -0.990759 0.121317 -0.063873 -0.979389 0.191620
0.031220 -0.967805 -0.249756 0.222375 -0.963624 0.148250 -0.092937 -0.991325 -0.092937 -0.216366 -0.973645 0.072122 0.000000 -0.999742 0.022721 0.000000 -1.000000 0.000000 0.041196 -0.968095 0.247173 -0.062044 -0.992702 0.103406 -0.063600 -0.975198 0.212000
0.000000 -0.954480 -0.298275 0.267848 -0.956598 0.114792 -0.112420 -0.983674 -0.140525 -0.224702 -0.973708 0.037450 0.000000 -1.000000 0.000000 0.000000 -0.997880 0.065079 0.041803 -0.961468 0.271719 -0.062257 -0.996116 0.062257 -0.064625 -0.969368 0.236957
0.029540 -0.945274 -0.324938 0.315981 -0.947943 0.039498 -0.111935 -0.979428 -0.167902 -0.216930 -0.976187 0.000000 0.000000 -0.999717 -0.023803 0.021652 -0.996007 0.086609 0.042400 -0.953998 0.296799 -0.043427 -0.998821 -0.021713 -0.045256 -0.973010 0.226281
0.000000 -0.922194 -0.386727 0.350857 -0.935617 0.038984 -0.114473 -0.973018 -0.200327 -0.216789 -0.975550 -0.036131 0.023250 -0.999730 0.000000 0.043183 -0.993217 0.107958 0.021214 -0.954642 0.297000 -0.044357 -0.998031 -0.044357 -0.022525 -0.968557 0.247770
0.000000 -0.932568 -0.360994 0.351123 -0.936329 0.000000 -0.114473 -0.973018 -0.200327 -0.216366 -0.973645 -0.072122 0.023250 -0.999730 0.000000 0.043183 -0.993217 0.107958 0.043274 -0.952033 0.302920 -0.045361 -0.997940 -0.045361 -0.022394 -0.962955 0.268732
0.030571 -0.917127 -0.397422 0.338719 -0.940887 0.000000 -0.086102 -0.975820 -0.200904 -0.216366 -0.973645 -0.072122 0.023250 -0.999730 0.000000 0.043274 -0.995307 0.086548 0.042983 -0.945635 0.322376 -0.044302 -0.996805 -0.066454 -0.022887 -0.961272 0.274649
