-0.363848 -0.893081 0.264616 0.832050 -0.554700 0.000000 0.214697 -0.966136 0.143131 -0.807410 -0.583130 0.089712 0.000000 -0.777941 0.628337 -0.210390 -0.691280 0.691280 0.306925 -0.661069 -0.684679 0.098163 -0.687141 0.719862 -0.289852 -0.700475 -0.652166
-0.360510 -0.884889 0.294963 0.852325 -0.520865 -0.047351 0.342193 -0.923921 0.171096 -0.807410 -0.583130 0.089712 0.000000 -0.777941 0.628337 -0.233982 -0.672699 0.701946 0.333145 -0.642493 -0.690085 0.000000 -0.875578 0.483077 -0.296399 -0.658665 -0.691598
-0.360510 -0.884889 0.294963 0.853282 -0.521450 0.000000 0.383669 -0.906854 0.174395 -0.807410 -0.583130 0.089712 0.000000 -0.777941 0.628337 -0.224929 -0.674786 0.702902 0.332580 -0.617649 -0.712672 0.061142 -0.764272 0.641989 -0.296864 -0.647703 -0.701678
-0.360510 -0.884889 0.294963 0.883960 -0.465242 -0.046524 0.410152 -0.888662 0.205076 -0.828517 -0.552345 0.092057 0.000000 -0.777941 0.628337 -0.216533 -0.676665 0.703732 0.331646 -0.592224 -0.734358 0.089883 -0.719066 0.689105 -0.304506 -0.634387 -0.710513
-0.367279 -0.868115 0.333890 0.864530 -0.500517 -0.045502 0.422944 -0.881134 0.211472 -0.807410 -0.583130 0.089712 0.000000 -0.777941 0.628337 -0.216533 -0.676665 0.703732 0.336301 -0.576517 -0.744668 0.000000 -0.870022 0.493013 -0.301850 -0.603701 -0.737856
-0.337869 -0.878459 0.337869 0.845489 -0.533993 0.000000 0.410152 -0.888662 0.205076 -0.803379 -0.580218 0.133897 0.028701 -0.774916 0.631413 -0.246506 -0.657349 0.712128 0.326999 -0.607284 -0.724070 -0.028284 -0.905097 0.424264 -0.324337 -0.612637 -0.720750
-0.307434 -0.888143 0.341593 0.749838 -0.661622 0.000000 0.434785 -0.869570 0.234115 -0.741677 -0.659269 0.123613 0.028701 -0.774916 0.631413 -0.205704 -0.734659 0.646500 0.271791 -0.716541 -0.642416 0.030802 -0.831655 0.554437 -0.312631 -0.738947 -0.596841
-0.282138 -0.916949 0.282138 0.640184 -0.768221 0.000000 0.327385 -0.916679 0.229170 -0.614940 -0.778924 0.122988 0.029050 -0.813390 0.580993 -0.153429 -0.797831 0.583031 0.217898 -0.847381 -0.484218 0.000000 -0.854788 0.518978 -0.262794 -0.840941 -0.473029
-0.138343 -0.968400 0.207514 0.462566 -0.886585 0.000000 0.133855 -0.970448 0.200782 -0.461197 -0.883962 0.076866 0.000000 -0.876812 0.480833 -0.119898 -0.869261 0.479593 0.166572 -0.928045 -0.333145 0.000000 -0.854788 0.518978 -0.232747 -0.907713 -0.349121
0.000000 -0.995350 0.096324 0.274075 -0.959264 0.068519 -0.033150 -0.994490 0.099449 -0.250801 -0.967375 0.035829 0.000000 -0.924678 0.380750 -0.080093 -0.934414 0.347068 0.142776 -0.975638 -0.166572 -0.055090 -0.908984 0.413175 -0.205076 -0.957020 -0.205076
0.099504 -0.995037 0.000000 0.158511 -0.982766 0.095106 -0.164310 -0.985861 -0.032862 -0.064349 -0.997409 0.032174 0.000000 -0.953583 0.301131 -0.045256 -0.973010 0.226281 0.118180 -0.992711 -0.023636 -0.070052 -0.957380 0.280209 -0.182479 -0.980826 -0.068430
0.116395 -0.989359 -0.087296 0.064084 -0.993304 0.096126 -0.169516 -0.983192 -0.067806 0.000000 -0.999512 0.031235 0.000000 -0.974391 0.224860 0.000000 -0.992586 0.121541 0.067403 -0.988577 0.134806 -0.081633 -0.979592 0.183673 -0.156486 -0.983624 0.089420
0.110055 -0.990492 -0.082541 0.036786 -0.993211 0.110357 -0.127906 -0.991271 -0.031976 0.034462 -0.999406 0.000000 0.000000 -0.985030 0.172380 0.039178 -0.999040 -0.019589 0.039614 -0.970535 0.237682 -0.119145 -0.992877 0.000000 -0.140734 -0.965031 0.221153
0.087743 -0.994424 -0.058496 0.043073 -0.990680 0.129219 -0.031220 -0.999025 -0.031220 0.000000 -0.999201 0.039968 0.024716 -0.988634 0.148295 0.079181 -0.989759 -0.118771 0.018808 -0.959196 0.282116 -0.136939 -0.978138 -0.156502 -0.116291 -0.949712 0.290728
0.026298 -0.999308 -0.026298 0.133897 -0.981908 0.133897 0.000000 -1.000000 0.000000 -0.082974 -0.995688 0.041487 0.050621 -0.987105 0.151862 0.102211 -0.981228 -0.163538 0.000000 -0.957328 0.289005 -0.146406 -0.962099 -0.230067 -0.109019 -0.944830 0.308887
0.000000 -0.999592 -0.028560 0.150329 -0.977140 0.150329 0.030289 -0.999541 0.000000 -0.141333 -0.989331 0.035333 0.000000 -0.989461 0.144799 0.064535 -0.989533 -0.129070 0.000000 -0.963518 0.267644 -0.132421 -0.971087 -0.198631 -0.088430 -0.955042 0.282975
0.031235 -0.999512 0.000000 0.229081 -0.954504 0.190901 0.000000 -1.000000 0.000000 -0.141333 -0.989331 0.035333 -0.024618 -0.984732 0.172328 0.000000 -0.997575 -0.069598 0.017923 -0.967841 0.250922 -0.114407 -0.983902 -0.137289 -0.072429 -0.959679 0.271607
0.029386 -0.999136 -0.029386 0.293455 -0.922288 0.251533 0.000000 -1.000000 0.000000 -0.195965 -0.979827 0.039193 -0.025872 -0.983124 0.181102 -0.023796 -0.999434 -0.023796 0.018322 -0.971048 0.238182 -0.070750 -0.990500 -0.117917 -0.072775 -0.964274 0.254714
0.030275 -0.999083 -0.030275 0.276268 -0.907738 0.315735 0.000000 -1.000000 0.000000 -0.188311 -0.979217 0.075324 -0.051434 -0.977255 0.205738 -0.023796 -0.999434 -0.023796 0.018322 -0.971048 0.238182 -0.072442 -0.990038 -0.120736 -0.072775 -0.964274 0.254714
0.030234 -0.997712 -0.060467 0.318981 -0.877197 0.358854 -0.031220 -0.999025 0.031220 -0.224231 -0.971666 0.074744 -0.052760 -0.976053 0.211038 -0.023803 -0.999717 0.000000 0.018399 -0.975148 0.220788 -0.096645 -0.990616 -0.096645 -0.054891 -0.969747 0.237862
0.062348 -0.997567 -0.031174 0.318981 -0.877197 0.358854 -0.064249 -0.995863 0.064249 -0.216789 -0.975550 0.036131 -0.052450 -0.970330 0.236026 0.000000 -0.999730 -0.023250 0.018811 -0.978177 0.206922 -0.094150 -0.988577 -0.117688 -0.056126 -0.972855 0.224505
0.062348 -0.997567 -0.031174 0.314270 -0.864242 0.392837 -0.099286 -0.992855 0.066190 -0.181969 -0.982631 0.036394 -0.052450 -0.970330 0.236026 0.044357 -0.998031 -0.044357 0.018881 -0.981831 0.188814 -0.067403 -0.988577 -0.134806 -0.056126 -0.972855 0.224505
0.064349 -0.997409 -0.032174 0.312961 -0.869335 0.382507 -0.093161 -0.993712 0.062107 -0.216366 -0.973645 0.072122 -0.051148 -0.971807 0.230165 0.041550 -0.997191 -0.062324 0.037743 -0.981307 0.188713 -0.082602 -0.991219 -0.103252 -0.056354 -0.976795 0.206630
0.066482 -0.997234 -0.033241 0.259973 -0.891338 0.371391 -0.087743 -0.994424 0.058496 -0.234115 -0.969905 0.066890 0.024507 -0.980286 0.196057 0.059785 -0.996419 -0.059785 0.055718 -0.984355 0.167155 -0.077953 -0.993905 -0.077953 -0.073960 -0.979970 0.184900
0.066519 -0.997785 0.000000 0.232670 -0.891902 0.387783 -0.085401 -0.996347 0.000000 -0.274075 -0.959264 0.068519 0.024618 -0.984732 0.172328 0.062044 -0.992702 -0.103406 0.075579 -0.982532 0.170054 -0.040481 -0.991773 -0.121442 -0.112967 -0.979043 0.169450
0.032241 -0.999480 0.000000 0.259973 -0.891338 0.371391 -0.057027 -0.997965 -0.028513 -0.250801 -0.967375 0.035829 0.068934 -0.988049 0.137867 0.044302 -0.996805 -0.066454 0.092880 -0.984525 0.148608 0.000000 -0.991600 -0.129339 -0.129121 -0.977634 0.166013
0.000000 -1.000000 0.000000 0.259973 -0.891338 0.371391 -0.027724 -0.998077 -0.055449 -0.283909 -0.958194 0.035489 0.047088 -0.988851 0.141264 0.000000 -0.999753 0.022217 0.092880 -0.984525 0.148608 0.000000 -0.998969 -0.045408 -0.135066 -0.984050 0.115771
0.031235 -0.999512 0.000000 0.210559 -0.912421 0.350931 -0.056842 -0.994736 -0.085263 -0.202606 -0.979260 0.000000 0.023094 -0.993042 0.115470 -0.022355 -0.983624 0.178841 0.100995 -0.989748 0.100995 0.023776 -0.998586 0.047552 -0.144032 -0.987646 0.061728
0.030275 -0.999083 0.030275 0.206284 -0.928279 0.309426 -0.026861 -0.993848 -0.107443 -0.202490 -0.978703 -0.033748 0.024268 -0.994982 0.097071 -0.023402 -0.959475 0.280822 0.126379 -0.989967 0.063189 0.000000 -0.991882 0.127164 -0.110405 -0.993641 0.022081
0.064349 -0.997409 0.032174 0.208389 -0.937749 0.277851 -0.092626 -0.988012 -0.123502 -0.175682 -0.983820 -0.035136 0.000000 -0.992646 0.121054 -0.023402 -0.936073 0.351027 0.118213 -0.992988 0.000000 0.000000 -0.982570 0.185892 -0.144757 -0.989173 -0.024126
0.099286 -0.992855 0.066190 0.174821 -0.944033 0.279713 -0.092626 -0.988012 -0.123502 -0.202490 -0.978703 -0.033748 0.000000 -0.988936 0.148340 -0.023275 -0.907713 0.418945 0.118180 -0.992711 -0.023636 0.027661 -0.968122 0.248946 -0.141264 -0.988851 -0.047088
0.092937 -0.991325 0.092937 0.217500 -0.942499 0.253750 -0.095880 -0.990764 -0.095880 -0.169809 -0.984892 -0.033962 0.000000 -0.988936 0.148340 0.000000 -0.894427 0.447214 0.094703 -0.994379 -0.047351 0.000000 -0.968493 0.249041 -0.120913 -0.991484 -0.048365
0.092626 -0.988012 0.123502 0.159617 -0.957704 0.239426 -0.036986 -0.998631 -0.036986 -0.175791 -0.984428 0.000000 0.024716 -0.988634 0.148295 0.000000 -0.894427 0.447214 0.069523 -0.996503 -0.046349 0.000000 -0.971668 0.236352 -0.118180 -0.992711 -0.023636
0.105474 -0.984428 0.140633 0.153732 -0.960828 0.230599 -0.037012 -0.999315 0.000000 -0.141333 -0.989331 0.035333 0.000000 -0.985736 0.168296 0.022576 -0.903047 0.428947 0.045396 -0.998711 -0.022698 -0.071147 -0.948624 0.308303 -0.138159 -0.990142 0.023027
0.065618 -0.984268 0.164045 0.153732 -0.960828 0.230599 0.000000 -1.000000 0.000000 -0.146157 -0.986559 0.073078 0.024035 -0.985452 0.168248 0.000000 -0.915644 0.401990 0.043396 -0.998115 0.043396 -0.089331 -0.937977 0.334992 -0.131876 -0.989071 0.065938
0.032862 -0.985861 0.164310 0.148250 -0.963624 0.222375 0.000000 -1.000000 0.000000 -0.181012 -0.977466 0.108607 0.024035 -0.985452 0.168248 0.000000 -0.944200 0.329372 0.020717 -0.994405 0.103584 -0.107658 -0.947387 0.301441 -0.125933 -0.986472 0.104944
0.061633 -0.986134 0.154083 0.148250 -0.963624 0.222375 0.000000 -1.000000 0.000000 -0.151078 -0.982006 0.113308 0.000000 -0.986394 0.164399 0.000000 -0.950871 0.309586 0.020199 -0.989748 0.141393 -0.066340 -0.972985 0.221133 -0.120923 -0.987534 0.100769
0.032174 -0.997409 0.064349 0.184177 -0.957722 0.221013 -0.034462 -0.999406 0.000000 -0.145671 -0.983282 0.109254 0.000000 -0.986394 0.164399 0.021791 -0.958790 0.283279 0.019745 -0.987248 0.157960 -0.022628 -0.995638 0.090513 -0.118011 -0.983422 0.137679
0.066519 -0.997785 0.000000 0.177892 -0.960617 0.213470 0.000000 -0.999406 -0.034462 -0.180187 -0.973012 0.144150 0.000000 -0.989949 0.141421 0.022043 -0.969907 0.242477 0.019680 -0.983993 0.177119 0.022211 -0.999507 -0.022211 -0.118011 -0.983422 0.137679
