-0.358590 -0.912774 0.195594 0.972806 -0.231621 0.000000 0.347105 -0.937184 -0.034711 -0.928477 -0.371391 0.000000 -0.031830 -0.795759 0.604777 -0.315244 -0.709299 0.630488 0.582886 -0.050686 -0.810972 0.303631 -0.628950 0.715702 -0.467748 -0.196946 -0.861640
-0.495344 -0.858596 0.132092 0.902027 -0.429537 0.042954 0.326895 -0.944363 -0.036322 -0.875376 -0.481457 0.043769 -0.029748 -0.803202 0.594964 -0.305487 -0.712803 0.631340 0.569177 -0.181102 -0.802022 0.272166 -0.680414 0.680414 -0.456172 -0.304114 -0.836315
-0.493013 -0.870022 0.000000 0.807410 -0.583130 0.089712 0.316033 -0.948098 0.035115 -0.784214 -0.619116 0.041274 -0.061988 -0.805838 0.588882 -0.272026 -0.702733 0.657395 0.495727 -0.469636 -0.730545 0.232810 -0.721711 0.651868 -0.420907 -0.447214 -0.789200
-0.344086 -0.938417 0.031281 0.635053 -0.771136 0.045361 0.163605 -0.981630 0.098163 -0.663792 -0.746766 0.041487 -0.060467 -0.816310 0.574440 -0.200691 -0.752591 0.627160 0.367152 -0.708079 -0.603178 0.156759 -0.783795 0.600909 -0.315680 -0.683974 -0.657667
-0.163605 -0.981630 0.098163 0.478852 -0.877896 0.000000 0.093161 -0.993712 0.062107 -0.478471 -0.877197 0.039873 -0.028571 -0.857143 0.514286 -0.133203 -0.799219 0.586094 0.271791 -0.840083 -0.469458 0.084182 -0.841820 0.533153 -0.227140 -0.832845 -0.504754
0.033296 -0.998891 0.033296 0.293887 -0.955134 0.036736 -0.032174 -0.997409 0.064349 -0.259794 -0.964951 -0.037113 -0.026298 -0.894118 0.447059 -0.051282 -0.871795 0.487179 0.193801 -0.920553 -0.339151 0.000000 -0.899814 0.436274 -0.149953 -0.924711 -0.349891
0.169907 -0.985460 0.000000 0.132164 -0.991228 0.000000 -0.140633 -0.984428 -0.105474 -0.099504 -0.995037 0.000000 0.000000 -0.946164 0.323688 0.000000 -0.920331 0.391141 0.145521 -0.970143 -0.194029 -0.024126 -0.940921 0.337766 -0.148250 -0.963624 -0.222375
0.173136 -0.969561 -0.173136 0.093296 -0.995153 0.031099 -0.173136 -0.969561 -0.173136 0.000000 -1.000000 0.000000 0.024383 -0.975320 0.219447 0.000000 -0.950730 0.310021 0.096844 -0.992646 -0.072633 -0.041196 -0.968095 0.247173 -0.151620 -0.985527 -0.075810
0.132891 -0.963460 -0.232559 0.066372 -0.995585 0.066372 -0.167506 -0.971537 -0.167506 0.000000 -1.000000 0.000000 0.024204 -0.992355 0.121019 0.019529 -0.976458 0.214821 0.088453 -0.995098 0.044227 -0.037987 -0.987658 0.151947 -0.140797 -0.985579 0.093865
0.094585 -0.977378 -0.189170 0.036911 -0.996588 0.073821 -0.123091 -0.984732 -0.123091 0.000000 -0.999363 0.035692 0.023742 -0.997178 0.071227 0.057554 -0.997605 0.038369 0.062568 -0.980231 0.187704 -0.095642 -0.994680 -0.038257 -0.103495 -0.972853 0.206990
0.062107 -0.993712 -0.093161 0.110133 -0.991201 0.073422 -0.173133 -0.981087 -0.086566 -0.038320 -0.996322 0.076640 0.023243 -0.999460 0.023243 0.080550 -0.986733 -0.140962 0.059362 -0.969584 0.237449 -0.131492 -0.976795 -0.169061 -0.101430 -0.953443 0.284004
0.131519 -0.986394 -0.098639 0.135926 -0.985460 0.101944 -0.195698 -0.978492 -0.065233 -0.106265 -0.991811 0.070844 0.046411 -0.997844 0.046411 0.121466 -0.971732 -0.202444 0.039739 -0.953726 0.298039 -0.134367 -0.978961 -0.153562 -0.082903 -0.953381 0.290159
0.164310 -0.985861 -0.032862 0.169031 -0.980379 0.101419 -0.265929 -0.963993 0.000000 -0.106265 -0.991811 0.070844 0.023243 -0.999460 0.023243 0.102533 -0.984318 -0.143546 0.041559 -0.955847 0.290910 -0.101326 -0.992994 -0.060796 -0.084572 -0.951436 0.296002
0.207413 -0.977805 0.029630 0.241236 -0.964944 0.103387 -0.249756 -0.967805 0.031220 -0.209020 -0.975426 0.069673 0.000000 -0.999753 0.022217 0.082761 -0.993127 -0.082761 0.042660 -0.959840 0.277287 -0.040774 -0.998960 0.020387 -0.085573 -0.962691 0.256718
0.242424 -0.969697 0.030303 0.240239 -0.960958 0.137280 -0.286764 -0.955879 0.063725 -0.209020 -0.975426 0.069673 0.000000 -0.999742 0.022721 0.061097 -0.997924 -0.020366 0.042033 -0.966762 0.252199 -0.020757 -0.996331 0.083028 -0.082956 -0.974735 0.207390
0.242091 -0.968364 0.060523 0.272166 -0.952579 0.136083 -0.248788 -0.964054 0.093296 -0.283375 -0.956389 0.070844 0.000000 -0.999742 0.022721 0.062324 -0.997191 0.041550 0.042248 -0.971711 0.232366 -0.020757 -0.996331 0.083028 -0.084667 -0.973668 0.211667
0.242091 -0.968364 0.060523 0.240239 -0.960958 0.137280 -0.256468 -0.961756 0.096176 -0.274075 -0.959264 0.068519 -0.023796 -0.999434 0.023796 0.021229 -0.997744 0.063686 0.062031 -0.971813 0.227446 -0.021152 -0.994166 0.105762 -0.083297 -0.978742 0.187419
0.212806 -0.972829 0.091203 0.270759 -0.947656 0.169224 -0.226160 -0.969256 0.096926 -0.241955 -0.967822 0.069130 -0.048708 -0.998516 0.024354 0.021152 -0.994166 0.105762 0.062311 -0.976205 0.207703 -0.021152 -0.994166 0.105762 -0.083606 -0.982370 0.167212
0.212806 -0.972829 0.091203 0.272166 -0.952579 0.136083 -0.183511 -0.978726 0.091756 -0.241955 -0.967822 0.069130 -0.048665 -0.997629 0.048665 0.020199 -0.989748 0.141393 0.061533 -0.984525 0.164087 -0.020336 -0.996478 0.081345 -0.081923 -0.983078 0.163846
0.195180 -0.975900 0.097590 0.269069 -0.941742 0.201802 -0.144943 -0.985611 0.086966 -0.216366 -0.973645 0.072122 -0.046411 -0.997844 0.046411 0.019803 -0.990148 0.138621 0.100201 -0.981966 0.160321 -0.019570 -0.998083 0.058711 -0.083606 -0.982370 0.167212
0.195180 -0.975900 0.097590 0.245350 -0.946350 0.210300 -0.113137 -0.989949 0.084853 -0.203279 -0.975739 0.081312 -0.022195 -0.998768 0.044390 0.019854 -0.992681 0.119122 0.080032 -0.980392 0.180072 -0.039066 -0.996177 0.078132 -0.083881 -0.985604 0.146792
0.158511 -0.982766 0.095106 0.177892 -0.960617 0.213470 -0.049875 -0.997509 0.049875 -0.272166 -0.952579 0.136083 0.000000 -0.997575 0.069598 0.038180 -0.992685 0.114541 0.080032 -0.980392 0.180072 -0.039968 -0.999201 0.000000 -0.065732 -0.985979 0.153375
0.154083 -0.986134 0.061633 0.144150 -0.973012 0.180187 -0.027756 -0.999229 0.027756 -0.250435 -0.960001 0.125218 -0.023776 -0.998586 0.047552 0.019101 -0.993228 0.114603 0.078750 -0.984374 0.157500 0.019996 -0.999800 0.000000 -0.150851 -0.980531 0.125709
0.154377 -0.988012 0.000000 0.138343 -0.968400 0.207514 -0.027767 -0.999614 0.000000 -0.266485 -0.951734 0.152277 0.000000 -0.998920 0.046461 0.021552 -0.991370 0.129309 0.082409 -0.988903 0.123613 0.019992 -0.979608 0.199920 -0.137613 -0.986228 0.091742
0.116841 -0.993151 0.000000 0.173136 -0.969561 0.173136 -0.030275 -0.999083 0.030275 -0.249523 -0.962446 0.106938 0.000000 -0.997459 0.071247 0.000000 -0.980581 0.196116 0.086447 -0.994144 0.064836 0.020387 -0.958186 0.285417 -0.141264 -0.988851 0.047088
0.087743 -0.994424 -0.058496 0.247025 -0.952809 0.176446 -0.060385 -0.996347 0.060385 -0.283375 -0.956389 0.070844 0.000000 -0.998812 0.048723 0.000000 -0.980581 0.196116 0.097071 -0.994982 0.024268 0.020699 -0.890057 0.455378 -0.172172 -0.983838 -0.049192
0.087556 -0.992304 -0.087556 0.245350 -0.946350 0.210300 -0.087856 -0.995703 0.029285 -0.283375 -0.956389 0.070844 0.000000 -0.997334 0.072976 -0.028736 -0.948292 0.316097 0.106866 -0.988514 -0.106866 0.021832 -0.851455 0.523973 -0.184274 -0.974022 -0.131625
0.119844 -0.988716 -0.089883 0.237459 -0.949835 0.203536 -0.145432 -0.988941 0.029086 -0.259259 -0.962963 0.074074 -0.026225 -0.996555 0.078675 -0.024853 -0.820145 0.571616 0.107833 -0.970495 -0.215666 0.022513 -0.810474 0.585342 -0.187485 -0.964209 -0.187485
0.123797 -0.990375 -0.061898 0.279713 -0.944033 0.174821 -0.154083 -0.986134 0.061633 -0.283909 -0.958194 0.035489 -0.026225 -0.996555 0.078675 -0.052182 -0.834909 0.547909 0.132640 -0.955005 -0.265279 0.108306 -0.866449 0.487377 -0.186484 -0.959063 -0.213125
0.093296 -0.995153 -0.031099 0.279713 -0.944033 0.174821 -0.154083 -0.986134 0.061633 -0.283909 -0.958194 0.035489 -0.026162 -0.994165 0.104649 -0.023877 -0.764074 0.644687 0.131670 -0.948025 -0.289674 0.076472 -0.841191 0.535303 -0.185369 -0.953329 -0.238332
0.096275 -0.994837 -0.032092 0.270759 -0.947656 0.169224 -0.154083 -0.986134 0.061633 -0.284088 -0.958798 0.000000 0.000000 -0.997054 0.076696 -0.044065 -0.749110 0.660979 0.160071 -0.933748 -0.320142 0.049984 -0.849734 0.524836 -0.190164 -0.950820 -0.244497
0.099286 -0.992855 -0.066190 0.238976 -0.955904 0.170697 -0.164310 -0.985861 -0.032862 -0.242390 -0.969561 0.034627 0.000000 -0.998752 0.049938 -0.055111 -0.881774 0.468442 0.132640 -0.955005 -0.265279 0.047351 -0.852325 0.520865 -0.184147 -0.947041 -0.263067
0.102359 -0.989467 -0.102359 0.207514 -0.968400 0.138343 -0.158910 -0.985245 -0.063564 -0.250962 -0.967997 0.000000 0.000000 -0.999703 0.024383 -0.026774 -0.937089 0.348062 0.134352 -0.967337 -0.214964 0.022130 -0.885181 0.464720 -0.181834 -0.961120 -0.207810
0.068160 -0.988317 -0.136320 0.207514 -0.968400 0.138343 -0.127710 -0.989754 -0.063855 -0.216930 -0.976187 0.000000 0.000000 -0.999703 0.024383 -0.045015 -0.922806 0.382627 0.129358 -0.983124 -0.129358 0.000000 -0.918062 0.396436 -0.179017 -0.971807 -0.153443
0.031830 -0.986741 -0.159152 0.207514 -0.968400 0.138343 -0.127386 -0.987241 -0.095539 -0.209529 -0.977802 0.000000 0.000000 -0.999717 0.023803 -0.022417 -0.941505 0.336252 0.096986 -0.994104 -0.048493 -0.020240 -0.931052 0.364325 -0.147620 -0.984136 -0.098414
0.065938 -0.989071 -0.131876 0.181012 -0.977466 0.108607 -0.095880 -0.990764 -0.095880 -0.216930 -0.976187 0.000000 0.000000 -1.000000 0.000000 -0.020934 -0.942008 0.334936 0.092599 -0.995434 0.023150 -0.020387 -0.958186 0.285417 -0.141382 -0.989675 0.023564
0.034139 -0.990044 -0.136558 0.181608 -0.980684 0.072643 -0.095880 -0.990764 -0.095880 -0.216930 -0.976187 0.000000 0.000000 -1.000000 0.000000 0.000000 -0.960714 0.277540 0.067591 -0.991333 0.112651 -0.040390 -0.969351 0.242338 -0.117917 -0.990500 0.070750
0.032862 -0.985861 -0.164310 0.181608 -0.980684 0.072643 -0.092937 -0.991325 -0.092937 -0.224860 -0.974391 0.000000 0.000000 -0.999730 -0.023250 0.021138 -0.972362 0.232521 0.042796 -0.984309 0.171184 -0.040757 -0.978167 0.203785 -0.112197 -0.987332 0.112197
0.032862 -0.985861 -0.164310 0.146157 -0.986559 0.073078 -0.062107 -0.993712 -0.093161 -0.259973 -0.965616 0.000000 0.000000 -0.999730 -0.023250 0.021238 -0.976956 0.212382 0.042630 -0.980500 0.191837 -0.061728 -0.987646 0.144032 -0.089087 -0.979958 0.178174
0.033748 -0.978703 -0.202490 0.146450 -0.988540 0.036613 -0.061898 -0.990375 -0.123797 -0.250962 -0.967997 0.000000 0.000000 -0.999742 -0.022721 0.042630 -0.980500 0.191837 0.020712 -0.973479 0.227836 -0.064535 -0.989533 0.129070 -0.063600 -0.975198 0.212000
0.000000 -0.955064 -0.296399 0.141421 -0.989949 0.000000 -0.030700 -0.982409 -0.184202 -0.216930 -0.976187 0.000000 0.022716 -0.999484 -0.022716 0.042796 -0.984309 0.171184 0.020611 -0.968712 0.247331 -0.043183 -0.993217 0.107958 -0.063302 -0.970628 0.232107
-0.031281 -0.938417 -0.344086 0.216930 -0.976187 0.000000 -0.029630 -0.977805 -0.207413 -0.216930 -0.976187 0.000000 0.023243 -0.999460 -0.023243 0.042796 -0.984309 0.171184 0.021031 -0.967403 0.252366 -0.064836 -0.994144 0.086447 -0.042904 -0.965345 0.257425
-0.031450 -0.912058 -0.408854 0.216930 -0.976187 0.000000 -0.029437 -0.971429 -0.235498 -0.216930 -0.976187 0.000000 0.023243 -0.999460 -0.023243 0.065938 -0.989071 0.131876 0.021344 -0.960495 0.277476 -0.064836 -0.994144 0.086447 -0.043811 -0.963837 0.262865
-0.031450 -0.912058 -0.408854 0.224702 -0.973708 -0.037450 -0.029437 -0.971429 -0.235498 -0.216789 -0.975550 -0.036131 0.000000 -0.999730 -0.023250 0.065938 -0.989071 0.131876 0.021921 -0.964532 0.263054 -0.066372 -0.995585 0.066372 -0.043550 -0.958108 0.283077
-0.030192 -0.905770 -0.422693 0.259794 -0.964951 -0.037113 -0.029223 -0.964352 -0.263005 -0.216789 -0.975550 -0.036131 0.000000 -0.998969 -0.045408 0.067403 -0.988577 0.134806 0.021467 -0.966012 0.257603 -0.066372 -0.995585 0.066372 -0.043550 -0.958108 0.283077
-0.031039 -0.900118 -0.434540 0.250801 -0.967375 -0.035829 -0.029223 -0.964352 -0.263005 -0.216789 -0.975550 -0.036131 0.000000 -0.999730 -0.023250 0.044992 -0.989827 0.134976 0.021467 -0.966012 0.257603 -0.066454 -0.996805 0.044302 -0.043274 -0.952033 0.302920
-0.031039 -0.900118 -0.434540 0.259794 -0.964951 -0.037113 0.000000 -0.964764 -0.263117 -0.216789 -0.975550 -0.036131 0.000000 -0.999730 -0.023250 0.044992 -0.989827 0.134976 0.021467 -0.966012 0.257603 -0.066454 -0.996805 0.044302 -0.044477 -0.956264 0.289103
-0.031039 -0.900118 -0.434540 0.259794 -0.964951 -0.037113 0.029437 -0.971429 -0.235498 -0.224702 -0.973708 -0.037450 0.023243 -0.999460 -0.023243 0.044992 -0.989827 0.134976 0.022043 -0.969907 0.242477 -0.066372 -0.995585 0.066372 -0.044477 -0.956264 0.289103
-0.031450 -0.912058 -0.408854 0.259794 -0.964951 -0.037113 0.060523 -0.968364 -0.242091 -0.216789 -0.975550 -0.036131 0.023243 -0.999460 -0.023243 0.044992 -0.989827 0.134976 0.022043 -0.969907 0.242477 -0.066372 -0.995585 0.066372 -0.022255 -0.956974 0.289318
