-0.510539 -0.859855 0.000000 0.942809 -0.329983 -0.047140 0.422885 -0.906183 0.000000 -0.902717 -0.427603 -0.047511 0.000000 -0.754606 0.656179 -0.289346 -0.723364 0.626916 0.535652 -0.357101 -0.765216 0.116395 -0.843865 0.523778 -0.465340 -0.426562 -0.775567
-0.530474 -0.842517 0.093613 0.942809 -0.329983 -0.047140 0.410877 -0.909799 -0.058697 -0.920553 -0.387601 -0.048450 0.000000 -0.784046 0.620703 -0.284988 -0.712470 0.641223 0.540419 -0.334545 -0.772028 0.031846 -0.859855 0.509544 -0.384111 -0.512148 -0.768221
-0.531564 -0.830569 0.166114 0.960518 -0.274434 -0.045739 0.420891 -0.906533 0.032376 -0.920553 -0.387601 -0.048450 0.000000 -0.784046 0.620703 -0.276392 -0.667947 0.690980 0.551297 -0.341279 -0.761315 0.000000 -0.874157 0.485643 -0.358849 -0.538274 -0.762554
-0.481543 -0.842701 0.240772 0.960518 -0.274434 -0.045739 0.405906 -0.913289 0.033826 -0.920553 -0.387601 -0.048450 0.000000 -0.784046 0.620703 -0.297459 -0.663562 0.686443 0.544949 -0.311400 -0.778499 0.000000 -0.881480 0.472221 -0.367452 -0.505247 -0.780836
-0.406164 -0.857458 0.315906 0.911922 -0.410365 0.000000 0.406138 -0.913812 0.000000 -0.853282 -0.521450 0.000000 0.000000 -0.768221 0.640184 -0.276392 -0.667947 0.690980 0.507020 -0.405616 -0.760530 0.200691 -0.752591 0.627160 -0.437037 -0.378766 -0.815803
-0.400099 -0.844653 0.355643 0.789352 -0.613941 0.000000 0.365451 -0.930238 -0.033223 -0.749838 -0.661622 0.000000 -0.031220 -0.780488 0.624391 -0.210847 -0.702825 0.679397 0.436904 -0.539705 -0.719607 0.217136 -0.747911 0.627280 -0.429772 -0.456633 -0.778962
-0.327418 -0.900400 0.286491 0.661622 -0.749838 0.000000 0.274559 -0.960958 0.034320 -0.663792 -0.746766 0.041487 -0.030471 -0.792256 0.609428 -0.170478 -0.754976 0.633205 0.361840 -0.646144 -0.671989 0.217136 -0.747911 0.627280 -0.391176 -0.586764 -0.709006
-0.150329 -0.977140 0.150329 0.544510 -0.837708 -0.041885 0.140633 -0.984428 0.105474 -0.536875 -0.843661 0.000000 -0.029540 -0.827115 0.561256 -0.098954 -0.816372 0.568986 0.277969 -0.783368 -0.555939 0.150518 -0.802764 0.576987 -0.315854 -0.728894 -0.607412
0.000000 -0.999406 0.034462 0.384615 -0.923077 0.000000 0.131876 -0.989071 0.065938 -0.402469 -0.914702 -0.036588 -0.027587 -0.882780 0.468977 -0.050157 -0.877747 0.476491 0.225352 -0.876370 -0.425666 0.098743 -0.864000 0.493714 -0.285310 -0.832155 -0.475517
0.035136 -0.983820 -0.175682 0.234509 -0.971537 0.033501 -0.035669 -0.998727 -0.035669 -0.202145 -0.977035 -0.067382 0.000000 -0.923077 0.384615 0.000000 -0.923742 0.383015 0.152449 -0.940104 -0.304899 -0.023206 -0.928227 0.371291 -0.193801 -0.920553 -0.339151
0.066336 -0.928701 -0.364847 0.131876 -0.989071 0.065938 -0.135379 -0.981501 -0.135379 -0.099286 -0.992855 -0.066190 0.000000 -0.955779 0.294086 0.000000 -0.979715 0.200396 0.125196 -0.976527 -0.175274 -0.022355 -0.983624 0.178841 -0.174673 -0.973177 -0.149720
0.093980 -0.908471 -0.407245 0.096126 -0.993304 0.064084 -0.186681 -0.964521 -0.186681 -0.032225 -0.998961 -0.032225 0.000000 -0.975610 0.219512 0.021713 -0.998821 0.043427 0.092599 -0.995434 -0.023150 -0.040572 -0.994015 0.101430 -0.141421 -0.989949 0.000000
0.148741 -0.922194 -0.356978 0.070844 -0.991811 0.106265 -0.157956 -0.979327 -0.126365 -0.034442 -0.998813 -0.034442 0.000000 -0.989461 0.144799 0.059785 -0.996419 -0.059785 0.042173 -0.991067 0.126519 -0.078176 -0.996748 -0.019544 -0.103919 -0.976838 0.187054
0.153069 -0.949029 -0.275525 0.073422 -0.991201 0.110133 -0.154083 -0.986134 -0.061633 -0.071202 -0.996826 0.035601 0.047351 -0.994379 0.094703 0.077469 -0.987734 -0.135571 0.039193 -0.979827 0.195965 -0.118011 -0.983422 -0.137679 -0.098152 -0.961894 0.255196
0.118418 -0.976947 -0.177627 0.168880 -0.971061 0.168880 -0.227230 -0.973841 0.000000 -0.073671 -0.994558 0.073671 0.047351 -0.994379 0.094703 0.097590 -0.975900 -0.195180 0.019353 -0.967641 0.251587 -0.158548 -0.971107 -0.178367 -0.096547 -0.946165 0.308952
0.149204 -0.984746 -0.089522 0.192450 -0.962250 0.192450 -0.265343 -0.961869 0.066336 -0.109764 -0.987878 0.109764 0.021652 -0.996007 0.086609 0.096404 -0.983318 -0.154246 0.020387 -0.958186 0.285417 -0.120923 -0.987534 -0.100769 -0.100201 -0.941886 0.320642
0.184202 -0.982409 0.030700 0.184177 -0.957722 0.221013 -0.262330 -0.950947 0.163956 -0.140633 -0.984428 0.105474 0.000000 -0.998920 0.046461 0.063344 -0.992392 -0.105574 0.039968 -0.959233 0.279776 -0.060996 -0.996273 -0.060996 -0.078811 -0.945732 0.315244
0.206061 -0.971429 0.117749 0.184177 -0.957722 0.221013 -0.269069 -0.941742 0.201802 -0.174821 -0.978997 0.104893 0.000000 -0.998812 0.048723 0.041595 -0.998268 -0.041595 0.020502 -0.963609 0.266530 -0.021267 -0.999548 -0.021267 -0.078251 -0.958576 0.273879
0.199593 -0.969452 0.142566 0.189117 -0.945587 0.264764 -0.264906 -0.927173 0.264906 -0.181012 -0.977466 0.108607 -0.024922 -0.996890 0.074767 0.042505 -0.998870 -0.021253 0.020502 -0.963609 0.266530 0.000000 -0.999774 -0.021272 -0.078251 -0.958576 0.273879
0.170320 -0.965146 0.198707 0.217500 -0.942499 0.253750 -0.226633 -0.938910 0.259010 -0.222375 -0.963624 0.148250 -0.026162 -0.994165 0.104649 0.021267 -0.999548 -0.021267 0.020502 -0.963609 0.266530 0.000000 -1.000000 0.000000 -0.078659 -0.963567 0.255640
0.170320 -0.965146 0.198707 0.222834 -0.928477 0.297113 -0.224641 -0.930654 0.288824 -0.222375 -0.963624 0.148250 -0.026861 -0.993848 0.107443 0.020824 -0.999566 -0.020824 0.020611 -0.968712 0.247331 0.000000 -0.999774 -0.021272 -0.080177 -0.962119 0.260574
0.136083 -0.952579 0.272166 0.189117 -0.945587 0.264764 -0.193851 -0.936947 0.290777 -0.213470 -0.960617 0.177892 -0.027390 -0.986024 0.164337 0.020400 -0.999584 -0.020400 0.020303 -0.974531 0.223330 -0.020387 -0.998960 -0.040774 -0.080961 -0.971533 0.222643
0.162638 -0.948722 0.271063 0.143870 -0.935155 0.323708 -0.176166 -0.939552 0.293610 -0.213470 -0.960617 0.177892 -0.025335 -0.988054 0.152008 0.000000 -0.999261 -0.038433 0.040390 -0.969351 0.242338 -0.039118 -0.997510 -0.058677 -0.101451 -0.973929 0.202902
0.162638 -0.948722 0.271063 0.176666 -0.918665 0.353333 -0.113776 -0.967096 0.227552 -0.221013 -0.957722 0.184177 0.000000 -0.987007 0.160676 0.037649 -0.997694 -0.056473 0.040390 -0.969351 0.242338 -0.076472 -0.994135 -0.076472 -0.100201 -0.981966 0.160321
0.133535 -0.961454 0.240363 0.188847 -0.906467 0.377695 -0.111369 -0.974481 0.194896 -0.230599 -0.960828 0.153732 0.022948 -0.986747 0.160633 0.037682 -0.998579 -0.037682 0.039614 -0.970535 0.237682 -0.058321 -0.991460 -0.116642 -0.120337 -0.982756 0.140394
0.090577 -0.966155 0.241539 0.184932 -0.924658 0.332877 -0.086966 -0.985611 0.144943 -0.179144 -0.967375 0.179144 0.046919 -0.985308 0.164218 0.019195 -0.998156 0.057586 0.040580 -0.973929 0.223192 -0.058677 -0.997510 -0.039118 -0.140394 -0.982756 0.120337
0.117749 -0.971429 0.206061 0.148865 -0.930404 0.334945 -0.030069 -0.992285 0.120277 -0.214697 -0.966136 0.143131 0.024035 -0.985452 0.168248 0.000000 -0.996241 0.086630 0.062568 -0.980231 0.187704 -0.060659 -0.990759 0.121317 -0.147019 -0.987125 0.063008
0.118993 -0.981691 0.148741 0.178800 -0.929758 0.321839 -0.056842 -0.994736 0.085263 -0.223452 -0.968291 0.111726 0.024618 -0.984732 0.172328 -0.023479 -0.986122 0.164354 0.089961 -0.989576 0.112452 0.000000 -0.990830 0.135113 -0.187061 -0.982070 0.023383
0.149204 -0.984746 0.089522 0.173032 -0.934374 0.311458 -0.060385 -0.996347 0.060385 -0.250319 -0.965518 0.071520 0.000000 -0.983453 0.181162 -0.075617 -0.957814 0.277262 0.121054 -0.992646 0.000000 -0.044800 -0.940796 0.335999 -0.175771 -0.979294 -0.100440
0.149537 -0.986945 0.059815 0.174821 -0.944033 0.279713 -0.087856 -0.995703 0.029285 -0.259794 -0.964951 0.037113 0.000000 -0.983453 0.181162 -0.079444 -0.953329 0.291295 0.155491 -0.984773 -0.077745 -0.045549 -0.910975 0.409939 -0.187485 -0.964209 -0.187485
0.154303 -0.987541 0.030861 0.208389 -0.937749 0.277851 -0.093296 -0.995153 0.031099 -0.250801 -0.967375 0.035829 -0.025872 -0.983124 0.181102 -0.137361 -0.934052 0.329665 0.184274 -0.974022 -0.131625 -0.046053 -0.898036 0.437505 -0.186484 -0.959063 -0.213125
0.154303 -0.987541 0.030861 0.215387 -0.933346 0.287183 -0.090536 -0.995893 0.000000 -0.259794 -0.964951 0.037113 -0.025110 -0.979294 0.200881 -0.144760 -0.926467 0.347425 0.183576 -0.970330 -0.157351 -0.046958 -0.868727 0.493061 -0.184147 -0.947041 -0.263067
0.159152 -0.986741 -0.031830 0.206284 -0.928279 0.309426 -0.120277 -0.992285 0.030069 -0.250962 -0.967997 0.000000 -0.025230 -0.983958 0.176608 -0.139591 -0.921299 0.362936 0.186484 -0.959063 -0.213125 0.000000 -0.924678 0.380750 -0.157405 -0.944430 -0.288576
0.131519 -0.986394 -0.098639 0.213066 -0.923287 0.319599 -0.093341 -0.995634 0.000000 -0.250962 -0.967997 0.000000 -0.025230 -0.983958 0.176608 -0.111240 -0.945539 0.305910 0.187485 -0.964209 -0.187485 -0.025375 -0.913517 0.406008 -0.161398 -0.941486 -0.295896
0.098639 -0.986394 -0.131519 0.215387 -0.933346 0.287183 -0.132092 -0.990687 -0.033023 -0.216930 -0.976187 0.000000 -0.024716 -0.988634 0.148295 -0.078034 -0.962420 0.260113 0.161456 -0.968736 -0.188365 -0.047809 -0.932278 0.358569 -0.129358 -0.957252 -0.258717
0.065618 -0.984268 -0.164045 0.177892 -0.960617 0.213470 -0.127906 -0.991271 -0.031976 -0.250962 -0.967997 0.000000 -0.049553 -0.991059 0.123882 -0.050173 -0.978369 0.200691 0.129358 -0.983124 -0.129358 -0.045443 -0.954299 0.295378 -0.131625 -0.974022 -0.184274
0.097590 -0.975900 -0.195180 0.112588 -0.975763 0.187647 -0.096126 -0.993304 -0.064084 -0.242390 -0.969561 0.034627 -0.049690 -0.993808 0.099381 -0.050621 -0.987105 0.151862 0.096844 -0.992646 -0.072633 -0.045015 -0.967821 0.247582 -0.122683 -0.981466 -0.147220
0.067382 -0.977035 -0.202145 0.109254 -0.983282 0.145671 -0.099015 -0.990148 -0.099015 -0.250801 -0.967375 0.035829 -0.048493 -0.994104 0.096986 -0.024204 -0.992355 0.121019 0.047565 -0.998868 0.000000 -0.065497 -0.982448 0.174658 -0.118081 -0.991880 -0.047232
0.067806 -0.983192 -0.169516 0.110133 -0.991201 0.073422 -0.099015 -0.990148 -0.099015 -0.250801 -0.967375 0.035829 -0.048593 -0.996156 0.072889 0.000000 -0.998868 0.047565 0.023193 -0.997307 0.069580 -0.064535 -0.989533 0.129070 -0.115470 -0.993042 0.023094
0.065233 -0.978492 -0.195698 0.076472 -0.994135 0.076472 -0.098639 -0.986394 -0.131519 -0.250801 -0.967375 0.035829 -0.048593 -0.996156 0.072889 0.000000 -0.999717 0.023803 0.022576 -0.993352 0.112881 -0.064942 -0.995774 0.064942 -0.112452 -0.989576 0.089961
0.000000 -0.973841 -0.227230 0.114291 -0.990521 0.076194 -0.095539 -0.987241 -0.127386 -0.259794 -0.964951 0.037113 -0.047511 -0.997740 0.047511 0.000000 -0.999717 -0.023803 0.000000 -0.979715 0.200396 -0.084800 -0.996398 0.000000 -0.089420 -0.983624 0.156486
0.000000 -0.963993 -0.265929 0.110133 -0.991201 0.073422 -0.095539 -0.987241 -0.127386 -0.259794 -0.964951 0.037113 -0.047511 -0.997740 0.047511 0.000000 -0.998868 -0.047565 0.000000 -0.976187 0.216930 -0.084724 -0.995504 -0.042362 -0.107833 -0.970495 0.215666
0.000000 -0.966235 -0.257663 0.114541 -0.992685 0.038180 -0.095106 -0.982766 -0.158511 -0.259973 -0.965616 0.000000 -0.046411 -0.997844 0.046411 0.023776 -0.998586 -0.047552 -0.021582 -0.971173 0.237398 -0.084629 -0.994389 -0.063472 -0.107310 -0.965790 0.236082
0.031607 -0.948209 -0.316070 0.114541 -0.992685 0.038180 -0.062807 -0.973515 -0.219826 -0.259973 -0.965616 0.000000 -0.046411 -0.997844 0.046411 0.024318 -0.997039 -0.072954 -0.021467 -0.966012 0.257603 -0.084497 -0.992835 -0.084497 -0.106746 -0.960714 0.256190
0.031846 -0.923548 -0.382158 0.110357 -0.993211 0.036786 -0.090577 -0.966155 -0.241539 -0.259973 -0.965616 0.000000 -0.046461 -0.998920 0.000000 0.024318 -0.997039 -0.072954 -0.021344 -0.960495 0.277476 -0.084497 -0.992835 -0.084497 -0.106746 -0.960714 0.256190
0.000000 -0.912509 -0.409056 0.146450 -0.988540 0.036613 -0.089883 -0.958754 -0.269650 -0.294086 -0.955779 0.000000 -0.046461 -0.998920 0.000000 0.024268 -0.994982 -0.097071 -0.021214 -0.954642 0.297000 -0.084497 -0.992835 -0.084497 -0.108979 -0.959018 0.261550
0.000000 -0.924017 -0.382352 0.152057 -0.988372 0.000000 -0.089883 -0.958754 -0.269650 -0.294086 -0.955779 0.000000 -0.046461 -0.998920 0.000000 0.024268 -0.994982 -0.097071 -0.021652 -0.952702 0.303133 -0.086126 -0.990450 -0.107658 -0.106143 -0.955287 0.275972
0.000000 -0.912509 -0.409056 0.146549 -0.989203 0.000000 -0.091713 -0.947698 -0.305709 -0.294086 -0.955779 0.000000 -0.069580 -0.997307 -0.023193 0.024268 -0.994982 -0.097071 -0.042983 -0.945635 0.322376 -0.086306 -0.992523 -0.086306 -0.106746 -0.960714 0.256190
0.000000 -0.912509 -0.409056 0.146549 -0.989203 0.000000 -0.061285 -0.949920 -0.306426 -0.293887 -0.955134 -0.036736 -0.046449 -0.998651 -0.023224 0.024268 -0.994982 -0.097071 -0.042983 -0.945635 0.322376 -0.107658 -0.990450 -0.086126 -0.108979 -0.959018 0.261550
