-0.307076 -0.921228 0.238837 0.933564 -0.355643 -0.044455 0.359443 -0.898606 0.251610 -0.903738 -0.428086 0.000000 0.000000 -0.822192 0.569210 -0.231029 -0.525066 0.819104 0.405616 -0.304212 -0.861934 0.314865 -0.562259 0.764673 -0.472205 -0.323087 -0.820145
-0.356009 -0.890024 0.284808 0.865426 -0.501036 0.000000 0.359443 -0.898606 0.251610 -0.845489 -0.533993 0.000000 0.031607 -0.821781 0.568926 -0.201146 -0.558738 0.804582 0.360399 -0.437627 -0.823769 0.223745 -0.596653 0.770677 -0.386014 -0.463217 -0.797762
-0.358979 -0.861550 0.358979 0.768221 -0.640184 0.000000 0.275698 -0.930481 0.241236 -0.749110 -0.660979 0.044065 0.000000 -0.807391 0.590017 -0.190476 -0.619048 0.761905 0.364159 -0.546238 -0.754329 0.160586 -0.642345 0.749403 -0.284875 -0.595647 -0.751033
-0.298347 -0.895041 0.331497 0.664364 -0.747409 0.000000 0.192450 -0.962250 0.192450 -0.635053 -0.771136 0.045361 -0.029748 -0.803202 0.594964 -0.177116 -0.683161 0.708464 0.333114 -0.691853 -0.640605 0.086244 -0.718699 0.689951 -0.204524 -0.741399 -0.639137
-0.137280 -0.960958 0.240239 0.544988 -0.838444 0.000000 0.200782 -0.970448 0.133855 -0.525924 -0.849569 0.040456 -0.028831 -0.836113 0.547798 -0.157405 -0.760791 0.629620 0.279852 -0.814115 -0.508822 0.029050 -0.813390 0.580993 -0.176160 -0.830468 -0.528480
0.034139 -0.990044 0.136558 0.398410 -0.916342 0.039841 0.099286 -0.992855 0.066190 -0.364399 -0.931243 0.000000 0.000000 -0.876812 0.480833 -0.143267 -0.916909 0.372494 0.226923 -0.907691 -0.352991 0.000000 -0.894427 0.447214 -0.176664 -0.908558 -0.378566
0.066372 -0.995585 0.066372 0.274075 -0.959264 0.068519 -0.035601 -0.996826 -0.071202 -0.181969 -0.982631 -0.036394 0.000000 -0.909474 0.415760 -0.136285 -0.981251 0.136285 0.195998 -0.955492 -0.220498 -0.049736 -0.944993 0.323287 -0.150946 -0.955994 -0.251577
0.068802 -0.997630 0.000000 0.164045 -0.984268 0.065618 -0.100787 -0.974274 -0.201574 -0.099286 -0.992855 -0.066190 0.000000 -0.953583 0.301131 -0.096986 -0.994104 0.048493 0.147934 -0.986227 -0.073967 -0.064625 -0.969368 0.236957 -0.128885 -0.979525 -0.154662
0.000000 -0.991228 -0.132164 0.099286 -0.992855 0.066190 -0.123975 -0.960807 -0.247950 0.000000 -1.000000 0.000000 0.000000 -0.968664 0.248375 -0.042505 -0.998870 -0.021253 0.094703 -0.994379 0.047351 -0.058015 -0.986256 0.154707 -0.121054 -0.992646 0.000000
0.000000 -0.975441 -0.220261 0.071067 -0.994937 0.071067 -0.121942 -0.975537 -0.182913 0.000000 -1.000000 0.000000 0.024618 -0.984732 0.172328 0.019996 -0.999800 0.000000 0.084122 -0.988434 0.126183 -0.057554 -0.997605 0.038369 -0.106843 -0.982960 0.149581
-0.030303 -0.969697 -0.242424 0.110133 -0.991201 0.073422 -0.031174 -0.997567 -0.062348 -0.068761 -0.997041 0.034381 0.024799 -0.991973 0.123997 0.097110 -0.990525 -0.097110 0.058498 -0.974972 0.214494 -0.077659 -0.990151 -0.116488 -0.098629 -0.966562 0.236709
-0.030514 -0.976445 -0.213597 0.151947 -0.987658 0.037987 -0.087856 -0.995703 -0.029285 -0.076194 -0.990521 0.114291 0.023696 -0.995216 0.094782 0.153562 -0.978961 -0.134367 0.019722 -0.966374 0.256385 -0.116863 -0.973862 -0.194772 -0.075974 -0.949671 0.303895
0.000000 -0.981615 -0.190870 0.203279 -0.975739 0.081312 -0.127710 -0.989754 0.063855 -0.118308 -0.985904 0.118308 0.023150 -0.995434 0.092599 0.153562 -0.978961 -0.134367 0.020915 -0.962099 0.271898 -0.100769 -0.987534 -0.120923 -0.080812 -0.949543 0.303046
0.056478 -0.988369 -0.141196 0.216366 -0.973645 0.072122 -0.182913 -0.975537 0.121942 -0.151078 -0.982006 0.113308 0.022195 -0.998768 0.044390 0.120337 -0.982756 -0.140394 0.020793 -0.956467 0.291099 -0.062324 -0.997191 -0.041550 -0.060696 -0.950903 0.303480
0.087296 -0.989359 -0.116395 0.240772 -0.963087 0.120386 -0.216437 -0.958508 0.185518 -0.156893 -0.980581 0.117670 0.000000 -0.998969 0.045408 0.082602 -0.991219 -0.103252 0.041803 -0.961468 0.271719 -0.042505 -0.998870 0.021253 -0.059892 -0.958277 0.279497
0.090167 -0.991837 -0.090167 0.216366 -0.973645 0.072122 -0.238620 -0.954480 0.178965 -0.156893 -0.980581 0.117670 -0.022698 -0.998711 0.045396 0.060908 -0.994834 -0.081211 0.042660 -0.959840 0.277287 -0.021253 -0.998870 0.042505 -0.061404 -0.961992 0.266083
0.119844 -0.988716 -0.089883 0.187647 -0.975763 0.112588 -0.208979 -0.955330 0.208979 -0.194772 -0.973862 0.116863 -0.023224 -0.998651 0.046449 0.062324 -0.997191 -0.041550 0.042033 -0.966762 0.252199 0.000000 -0.997969 0.063700 -0.060523 -0.968364 0.242091
0.120277 -0.992285 -0.030069 0.215666 -0.970495 0.107833 -0.210200 -0.960913 0.180171 -0.194772 -0.973862 0.116863 -0.023776 -0.998586 0.047552 0.020824 -0.999566 -0.020824 0.063302 -0.970628 0.232107 0.000000 -0.999133 0.041631 -0.041196 -0.968095 0.247173
0.123975 -0.991801 -0.030994 0.208389 -0.972480 0.104194 -0.216437 -0.958508 0.185518 -0.181012 -0.977466 0.108607 0.000000 -0.998868 0.047565 0.039960 -0.999001 0.019980 0.062311 -0.976205 0.207703 -0.020400 -0.999584 0.020400 -0.040390 -0.969351 0.242338
0.090495 -0.995440 -0.030165 0.248421 -0.958194 0.141955 -0.148152 -0.977805 0.148152 -0.214697 -0.966136 0.143131 0.000000 -0.998920 0.046461 0.039178 -0.999040 0.019589 0.080032 -0.980392 0.180072 0.000000 -1.000000 0.000000 -0.059880 -0.978046 0.199601
0.113501 -0.993133 -0.028375 0.276483 -0.947943 0.157991 -0.123091 -0.984732 0.123091 -0.215666 -0.970495 0.107833 0.000000 -0.997575 0.069598 0.058722 -0.998274 0.000000 0.080032 -0.980392 0.180072 -0.019604 -0.999808 0.000000 -0.060108 -0.981769 0.180325
0.113364 -0.991935 -0.056682 0.266485 -0.951734 0.152277 -0.116395 -0.989359 0.087296 -0.214697 -0.966136 0.143131 0.000000 -0.997459 0.071247 0.056503 -0.998225 0.018834 0.099860 -0.978631 0.179749 -0.018865 -0.999822 0.000000 -0.079729 -0.976685 0.199323
0.085263 -0.994736 -0.056842 0.258375 -0.959678 0.110732 -0.113364 -0.991935 0.056682 -0.240239 -0.960958 0.137280 -0.023742 -0.997178 0.071227 0.040774 -0.998960 0.020387 0.098552 -0.985521 0.137973 -0.037602 -0.996459 0.075204 -0.080306 -0.983745 0.160611
0.116642 -0.991460 -0.058321 0.249523 -0.962446 0.106938 -0.116791 -0.992727 0.029198 -0.240239 -0.960958 0.137280 -0.023696 -0.995216 0.094782 0.045303 -0.996659 0.067954 0.099015 -0.990148 0.099015 0.000000 -0.994618 0.103606 -0.103054 -0.989323 0.103054
0.090167 -0.991837 -0.090167 0.273275 -0.956462 0.102478 -0.110264 -0.992372 0.055132 -0.201574 -0.974274 0.100787 -0.024868 -0.994729 0.099473 0.023636 -0.992711 0.118180 0.129070 -0.989533 0.064535 0.043811 -0.963837 0.262865 -0.126604 -0.991729 0.021101
0.089087 -0.979958 -0.178174 0.273275 -0.956462 0.102478 -0.110264 -0.992372 0.055132 -0.273275 -0.956462 0.102478 -0.024799 -0.991973 0.123997 0.000000 -0.946350 0.323144 0.144757 -0.989173 -0.024126 0.046374 -0.927478 0.370991 -0.134806 -0.988577 -0.067403
0.093980 -0.971124 -0.219286 0.305304 -0.949835 0.067845 -0.140525 -0.983674 0.112420 -0.283909 -0.958194 0.035489 -0.050621 -0.987105 0.151862 -0.022355 -0.894204 0.447102 0.158666 -0.978439 -0.132221 0.068988 -0.896848 0.436926 -0.150329 -0.977140 -0.150329
0.125677 -0.973996 -0.188515 0.316033 -0.948098 0.035115 -0.153213 -0.980562 0.122570 -0.274559 -0.960958 0.034320 -0.025335 -0.988054 0.152008 -0.054313 -0.923313 0.380188 0.161456 -0.968736 -0.188365 0.070340 -0.867532 0.492383 -0.155647 -0.959826 -0.233471
0.124878 -0.967805 -0.218537 0.326250 -0.942499 0.072500 -0.177627 -0.976947 0.118418 -0.250319 -0.965518 0.071520 -0.025335 -0.988054 0.152008 -0.048507 -0.873128 0.485071 0.163785 -0.955414 -0.245678 0.070340 -0.867532 0.492383 -0.159617 -0.957704 -0.239426
0.094585 -0.977378 -0.189170 0.326250 -0.942499 0.072500 -0.148741 -0.981691 0.118993 -0.250319 -0.965518 0.071520 -0.025230 -0.983958 0.176608 -0.048323 -0.845647 0.531550 0.157405 -0.944430 -0.288576 0.070928 -0.851133 0.520137 -0.158555 -0.951330 -0.264258
0.096926 -0.969256 -0.226160 0.314485 -0.943456 0.104828 -0.157251 -0.974958 0.157251 -0.242390 -0.969561 0.034627 -0.024716 -0.988634 0.148295 -0.046958 -0.868727 0.493061 0.162638 -0.948722 -0.271063 0.045502 -0.864530 0.500517 -0.136083 -0.952579 -0.272166
0.096926 -0.969256 -0.226160 0.292314 -0.950019 0.109618 -0.158511 -0.982766 0.095106 -0.216366 -0.973645 0.072122 0.000000 -0.988936 0.148340 -0.044677 -0.893534 0.446767 0.155647 -0.959826 -0.233471 0.045118 -0.902358 0.428620 -0.159617 -0.957704 -0.239426
0.065233 -0.978492 -0.195698 0.292314 -0.950019 0.109618 -0.159152 -0.986741 0.031830 -0.181608 -0.980684 0.072643 0.000000 -0.995275 0.097100 -0.043214 -0.929092 0.367315 0.153443 -0.971807 -0.179017 0.022525 -0.923508 0.382918 -0.125196 -0.976527 -0.175274
0.065618 -0.984268 -0.164045 0.257151 -0.955134 0.146944 -0.120331 -0.992734 0.000000 -0.216366 -0.973645 0.072122 -0.024204 -0.992355 0.121019 -0.023156 -0.972545 0.231558 0.094570 -0.992988 -0.070928 0.021791 -0.958790 0.283279 -0.117917 -0.990500 -0.070750
0.067806 -0.983192 -0.169516 0.248421 -0.958194 0.141955 -0.090495 -0.995440 -0.030165 -0.224231 -0.971666 0.074744 -0.023696 -0.995216 0.094782 -0.023193 -0.997307 0.069580 0.090513 -0.995638 0.022628 0.000000 -0.981393 0.192012 -0.092599 -0.995434 0.023150
0.068160 -0.988317 -0.136320 0.240239 -0.960958 0.137280 -0.090167 -0.991837 -0.090167 -0.215666 -0.970495 0.107833 -0.023742 -0.997178 0.071227 0.000000 -0.999730 -0.023250 0.066114 -0.991709 0.110190 -0.021152 -0.994166 0.105762 -0.067591 -0.991333 0.112651
0.065938 -0.989071 -0.131876 0.214697 -0.966136 0.143131 -0.090167 -0.991837 -0.090167 -0.223452 -0.968291 0.111726 -0.023193 -0.997307 0.069580 0.022211 -0.999507 -0.022211 0.043716 -0.983621 0.174866 -0.041595 -0.998268 0.041595 -0.043716 -0.983621 0.174866
0.065618 -0.984268 -0.164045 0.214697 -0.966136 0.143131 -0.060385 -0.996347 -0.060385 -0.224231 -0.971666 0.074744 -0.023193 -0.997307 0.069580 0.021729 -0.999528 -0.021729 0.042448 -0.976296 0.212238 -0.042515 -0.999096 0.000000 -0.043345 -0.975270 0.216727
0.065618 -0.984268 -0.164045 0.248421 -0.958194 0.141955 -0.060248 -0.994084 -0.090371 -0.224231 -0.971666 0.074744 -0.023224 -0.998651 0.046449 0.043427 -0.998821 -0.021713 0.042248 -0.971711 0.232366 -0.063686 -0.997744 -0.021229 -0.021031 -0.967403 0.252366
0.093980 -0.971124 -0.219286 0.258375 -0.959678 0.110732 -0.058099 -0.987688 -0.145248 -0.233197 -0.971653 0.038866 -0.023796 -0.999434 0.023796 0.042505 -0.998870 -0.021253 0.042033 -0.966762 0.252199 -0.063643 -0.997070 -0.042429 -0.021344 -0.960495 0.277476
0.092538 -0.956226 -0.277614 0.303895 -0.949671 0.075974 -0.083754 -0.977135 -0.195427 -0.233373 -0.972387 0.000000 0.000000 -1.000000 0.000000 0.063643 -0.997070 -0.042429 0.021344 -0.960495 0.277476 -0.063571 -0.995950 -0.063571 -0.021791 -0.958790 0.283279
0.125491 -0.941184 -0.313728 0.303895 -0.949671 0.075974 -0.083269 -0.971473 -0.222051 -0.233197 -0.971653 -0.038866 0.000000 -1.000000 0.000000 0.063643 -0.997070 -0.042429 0.021791 -0.958790 0.283279 -0.063472 -0.994389 -0.084629 -0.044183 -0.949943 0.309284
0.094444 -0.944443 -0.314814 0.350857 -0.935617 0.038984 -0.082729 -0.965173 -0.248187 -0.242338 -0.969351 -0.040390 0.000000 -0.999730 -0.023250 0.065018 -0.996942 -0.043345 0.021791 -0.958790 0.283279 -0.063472 -0.994389 -0.084629 -0.045129 -0.947717 0.315906
0.124214 -0.931605 -0.341589 0.350857 -0.935617 0.038984 -0.057166 -0.971825 -0.228665 -0.268833 -0.960119 -0.076810 0.000000 -0.999717 -0.023803 0.065018 -0.996942 -0.043345 0.022255 -0.956974 0.289318 -0.064836 -0.994144 -0.086447 -0.044183 -0.949943 0.309284
0.129302 -0.937437 -0.323254 0.338480 -0.940222 0.037609 -0.085575 -0.969846 -0.228199 -0.231800 -0.965834 -0.115900 0.000000 -0.999730 -0.023250 0.064942 -0.995774 -0.064942 0.022255 -0.956974 0.289318 -0.064836 -0.994144 -0.086447 -0.044183 -0.949943 0.309284
0.129302 -0.937437 -0.323254 0.338480 -0.940222 0.037609 -0.058371 -0.963119 -0.262669 -0.231800 -0.965834 -0.115900 0.000000 -0.999730 -0.023250 0.064942 -0.995774 -0.064942 0.022394 -0.962955 0.268732 -0.064942 -0.995774 -0.064942 -0.044755 -0.962231 0.268530
0.160872 -0.933060 -0.321745 0.304776 -0.952424 0.000000 -0.028989 -0.956622 -0.289886 -0.232670 -0.969458 -0.077557 0.000000 -0.999730 -0.023250 0.044302 -0.996805 -0.066454 0.043811 -0.963837 0.262865 -0.064942 -0.995774 -0.064942 -0.044755 -0.962231 0.268530
0.129302 -0.937437 -0.323254 0.304776 -0.952424 0.000000 -0.028989 -0.956622 -0.289886 -0.231800 -0.965834 -0.115900 0.000000 -0.999730 -0.023250 0.044302 -0.996805 -0.066454 0.043811 -0.963837 0.262865 -0.066372 -0.995585 -0.066372 -0.043811 -0.963837 0.262865
