-0.566982 -0.767093 0.300167 0.908153 -0.408669 -0.090815 0.581238 -0.813733 0.000000 -0.910975 -0.409939 -0.045549 -0.142404 -0.783221 0.605216 0.105670 -0.915811 0.387458 0.489702 -0.538672 -0.685583 0.000000 -0.648947 0.760834 -0.252458 -0.252458 -0.934093
-0.558404 -0.767805 0.314102 0.881104 -0.463739 -0.092748 0.588777 -0.793569 -0.153594 -0.920553 -0.387601 -0.048450 -0.107280 -0.786718 0.607919 0.150649 -0.941554 0.301297 0.455842 -0.683763 -0.569803 0.000000 -0.635707 0.771930 -0.256748 -0.282423 -0.924293
-0.533676 -0.782725 0.320206 0.881104 -0.463739 -0.092748 0.490079 -0.844026 -0.217813 -0.902717 -0.427603 -0.047511 -0.107280 -0.786718 0.607919 0.152277 -0.951734 0.266485 0.404820 -0.751809 -0.520483 0.043468 -0.695488 0.717222 -0.309426 -0.206284 -0.928279
-0.479351 -0.821744 0.308154 0.852325 -0.520865 -0.047351 0.431934 -0.863868 -0.259161 -0.845489 -0.533993 0.000000 -0.068319 -0.785665 0.614868 0.169224 -0.947656 0.270759 0.367912 -0.683265 -0.630706 0.106335 -0.744344 0.659276 -0.404836 -0.227720 -0.885579
-0.389640 -0.850124 0.354218 0.793492 -0.606788 -0.046676 0.273275 -0.956462 -0.102478 -0.771136 -0.635053 0.045361 -0.065198 -0.782378 0.619382 0.189737 -0.948683 0.252982 0.269953 -0.764866 -0.584898 0.088889 -0.777778 0.622222 -0.386014 -0.360280 -0.849230
-0.503718 -0.859283 0.088891 0.681115 -0.726523 -0.090815 0.140633 -0.984428 0.105474 -0.683941 -0.729537 0.000000 -0.032651 -0.783628 0.620372 0.062561 -0.844575 0.531770 0.281718 -0.732467 -0.619780 0.048956 -0.807766 0.587466 -0.334545 -0.540419 -0.772028
-0.379284 -0.916602 0.126428 0.552345 -0.828517 -0.092057 -0.033748 -0.978703 0.202490 -0.554700 -0.832050 0.000000 0.000000 -0.807391 0.590017 0.060943 -0.853199 0.518013 0.225777 -0.802764 -0.551900 -0.026118 -0.835763 0.548469 -0.276124 -0.727963 -0.627555
-0.169516 -0.983192 0.067806 0.412393 -0.907265 -0.082479 -0.170697 -0.955904 0.238976 -0.429537 -0.902027 -0.042954 0.000000 -0.836461 0.548026 0.086675 -0.866748 0.491157 0.206965 -0.850856 -0.482918 -0.107134 -0.883858 0.455321 -0.194948 -0.877266 -0.438633
0.033296 -0.998891 0.033296 0.303895 -0.949671 -0.075974 0.000000 -0.997785 0.066519 -0.269430 -0.962250 -0.038490 0.000000 -0.888975 0.457957 0.104470 -0.914115 0.391764 0.184801 -0.900907 -0.392703 -0.128374 -0.924293 0.359447 -0.144421 -0.938738 -0.312913
0.071202 -0.996826 -0.035601 0.175358 -0.982003 -0.070143 -0.034442 -0.998813 -0.034442 -0.106265 -0.991811 -0.070844 0.000000 -0.923077 0.384615 0.116248 -0.953231 0.278994 0.167380 -0.956456 -0.239114 -0.136083 -0.952579 0.272166 -0.146168 -0.974451 -0.170529
0.035333 -0.989331 -0.141333 0.136558 -0.990044 -0.034139 -0.035136 -0.983820 -0.175682 -0.034442 -0.998813 -0.034442 0.000000 -0.951223 0.308505 0.124865 -0.978106 0.166486 0.117917 -0.990500 -0.070750 -0.141335 -0.969153 0.201907 -0.121019 -0.992355 -0.024204
0.000000 -0.970143 -0.242536 0.106533 -0.994309 0.000000 0.000000 -0.977802 -0.209529 0.034462 -0.999406 0.000000 0.000000 -0.965363 0.260909 0.130733 -0.989833 0.056028 0.092009 -0.989094 0.115011 -0.130573 -0.988627 0.074613 -0.114738 -0.986747 0.114738
0.000000 -0.970143 -0.242536 0.073821 -0.996588 0.036911 0.029948 -0.988272 -0.149738 0.000000 -0.999201 0.039968 0.000000 -0.978550 0.206010 0.198788 -0.975868 -0.090358 0.062311 -0.976205 0.207703 -0.094006 -0.977658 -0.188011 -0.105129 -0.967189 0.231284
-0.030514 -0.976445 -0.213597 0.114541 -0.992685 0.038180 0.000000 -0.995350 -0.096324 -0.038320 -0.996322 0.076640 0.029630 -0.977805 0.207413 0.196995 -0.967065 -0.161178 0.058767 -0.959862 0.274246 -0.096332 -0.963321 -0.250464 -0.118470 -0.947758 0.296174
0.000000 -0.989359 -0.145494 0.106265 -0.991811 0.070844 -0.030234 -0.997712 -0.060467 -0.140028 -0.980196 0.140028 0.000000 -0.987105 0.160071 0.179144 -0.967375 -0.179144 0.039968 -0.959233 0.279776 -0.094576 -0.964671 -0.245897 -0.117760 -0.942082 0.314027
0.062107 -0.993712 -0.093161 0.109764 -0.987878 0.109764 -0.196011 -0.980057 0.032669 -0.174078 -0.974835 0.139262 -0.025985 -0.987429 0.155910 0.147618 -0.977966 -0.147618 0.021791 -0.958790 0.283279 -0.095765 -0.976804 -0.191530 -0.125491 -0.941184 0.313728
0.123975 -0.991801 0.030994 0.145671 -0.983282 0.109254 -0.258375 -0.959678 0.110732 -0.213470 -0.960617 0.177892 -0.027390 -0.986024 0.164337 0.134367 -0.978961 -0.153562 0.021791 -0.958790 0.283279 -0.060314 -0.985136 -0.160839 -0.105503 -0.949528 0.295409
0.164045 -0.984268 0.065618 0.144150 -0.973012 0.180187 -0.270759 -0.947656 0.169224 -0.221013 -0.957722 0.184177 -0.055945 -0.979045 0.195809 0.118011 -0.983422 -0.137679 0.044055 -0.969201 0.242300 -0.040373 -0.989142 -0.141306 -0.108338 -0.953373 0.281678
0.194461 -0.972306 0.129641 0.143131 -0.966136 0.214697 -0.301681 -0.938562 0.167600 -0.190901 -0.954504 0.229081 -0.083269 -0.971473 0.222051 0.118308 -0.985904 -0.118308 0.045256 -0.973010 0.226281 -0.020611 -0.989323 -0.144276 -0.087370 -0.961074 0.262111
0.198571 -0.959760 0.198571 0.182574 -0.949386 0.255604 -0.319599 -0.923287 0.213066 -0.229081 -0.954504 0.190901 -0.084989 -0.963208 0.254967 0.099015 -0.990148 -0.099015 0.044488 -0.978745 0.200198 -0.043073 -0.990680 -0.129219 -0.064625 -0.969368 0.236957
0.160210 -0.961262 0.224294 0.215387 -0.933346 0.287183 -0.307076 -0.921228 0.238837 -0.229081 -0.954504 0.190901 -0.113002 -0.960513 0.254254 0.116291 -0.988476 -0.096909 0.022355 -0.983624 0.178841 -0.043073 -0.990680 -0.129219 -0.043345 -0.975270 0.216727
0.158991 -0.953945 0.254385 0.215387 -0.933346 0.287183 -0.309426 -0.928279 0.206284 -0.227266 -0.946943 0.227266 -0.110013 -0.962614 0.247529 0.113878 -0.986947 -0.113878 0.020970 -0.985604 0.167762 -0.042052 -0.988215 -0.147181 -0.020391 -0.978777 0.203912
0.140747 -0.957082 0.253345 0.213066 -0.923287 0.319599 -0.219934 -0.942576 0.251354 -0.219382 -0.950654 0.219382 -0.109231 -0.955771 0.273077 0.147996 -0.980473 -0.129496 0.019680 -0.983993 0.177119 -0.060314 -0.985136 -0.160839 -0.019238 -0.981132 0.192379
0.107173 -0.964555 0.241139 0.208389 -0.937749 0.277851 -0.175113 -0.963119 0.204298 -0.253750 -0.942499 0.217500 -0.127000 -0.965201 0.228600 0.145671 -0.983282 -0.109254 0.038713 -0.987179 0.154852 -0.038306 -0.976804 -0.210683 -0.038590 -0.984050 0.173656
0.079002 -0.974359 0.210672 0.301511 -0.904534 0.301511 -0.142566 -0.969452 0.199593 -0.262705 -0.938233 0.225176 -0.051148 -0.971807 0.230165 0.166382 -0.979803 -0.110921 0.039583 -0.989566 0.138539 0.000000 -0.977521 -0.210838 -0.060314 -0.985136 0.160839
0.084182 -0.982124 0.168364 0.235702 -0.942809 0.235702 -0.142566 -0.969452 0.199593 -0.190901 -0.954504 0.229081 0.000000 -0.962450 0.271460 0.151947 -0.987658 -0.037987 0.062044 -0.992702 0.103406 0.019367 -0.987734 -0.154939 -0.064700 -0.992062 0.107833
0.056682 -0.991935 0.113364 0.253750 -0.942499 0.217500 -0.108425 -0.975828 0.189744 -0.190901 -0.954504 0.229081 0.051743 -0.957252 0.284589 0.121317 -0.990759 0.060659 0.088453 -0.995098 0.044227 0.000000 -0.998053 0.062378 -0.088518 -0.995829 -0.022130
0.085401 -0.996347 0.000000 0.212000 -0.953998 0.212000 -0.105630 -0.977073 0.184852 -0.190901 -0.954504 0.229081 0.026118 -0.940233 0.339529 0.130620 -0.979651 0.152390 0.099228 -0.992278 -0.074421 -0.040580 -0.973929 0.223192 -0.073967 -0.986227 -0.147934
0.085263 -0.994736 -0.056842 0.237459 -0.949835 0.203536 -0.147442 -0.973117 0.176930 -0.177892 -0.960617 0.213470 0.053975 -0.944567 0.323852 0.091192 -0.957518 0.273576 0.130189 -0.963398 -0.234340 -0.044097 -0.926045 0.374828 -0.104828 -0.943456 -0.314485
0.085263 -0.994736 -0.056842 0.287183 -0.933346 0.215387 -0.165774 -0.967013 0.193403 -0.199840 -0.959233 0.199840 0.028183 -0.930039 0.366379 0.099689 -0.922123 0.373834 0.132733 -0.929131 -0.345106 -0.023281 -0.884678 0.465620 -0.131899 -0.896913 -0.422077
0.120114 -0.990942 -0.060057 0.330400 -0.917779 0.220267 -0.185518 -0.958508 0.216437 -0.185567 -0.964951 0.185567 0.000000 -0.926467 0.376377 0.077719 -0.906724 0.414502 0.159392 -0.903221 -0.398480 -0.024183 -0.846389 0.532016 -0.157622 -0.866921 -0.472866
0.090495 -0.995440 -0.030165 0.341882 -0.911685 0.227921 -0.186681 -0.964521 0.186681 -0.190901 -0.954504 0.229081 0.000000 -0.930408 0.366525 0.083559 -0.891299 0.445650 0.159561 -0.877585 -0.452089 0.000000 -0.824042 0.566529 -0.159167 -0.848893 -0.504030
0.087856 -0.995703 -0.029285 0.341882 -0.911685 0.227921 -0.185518 -0.958508 0.216437 -0.219382 -0.950654 0.219382 0.028183 -0.930039 0.366379 0.084549 -0.873673 0.479111 0.157622 -0.866921 -0.472866 0.000000 -0.815507 0.578747 -0.155647 -0.856061 -0.492883
0.120277 -0.992285 0.030069 0.341882 -0.911685 0.227921 -0.155417 -0.963588 0.217584 -0.219382 -0.950654 0.219382 0.000000 -0.930408 0.366525 0.090208 -0.872008 0.481108 0.154100 -0.873231 -0.462299 0.027462 -0.796391 0.604159 -0.176890 -0.859178 -0.480129
0.120277 -0.992285 0.030069 0.350590 -0.895953 0.272681 -0.184202 -0.951709 0.245602 -0.227266 -0.946943 0.227266 0.029248 -0.935929 0.350973 0.089087 -0.890871 0.445435 0.152400 -0.889001 -0.431800 0.000000 -0.832050 0.554700 -0.179017 -0.869511 -0.460329
0.120277 -0.992285 0.030069 0.315735 -0.907738 0.276268 -0.191176 -0.955879 0.223039 -0.227266 -0.946943 0.227266 0.028205 -0.958984 0.282054 0.084282 -0.927098 0.365220 0.127164 -0.915583 -0.381493 -0.026593 -0.877585 0.478683 -0.154049 -0.898618 -0.410797
0.154303 -0.987541 0.030861 0.294484 -0.920263 0.257674 -0.186681 -0.964521 0.186681 -0.227266 -0.946943 0.227266 0.027661 -0.968122 0.248946 0.103800 -0.960149 0.259500 0.103074 -0.953431 -0.283452 -0.051215 -0.921866 0.384111 -0.154868 -0.929206 -0.335547
0.123975 -0.991801 0.030994 0.294484 -0.920263 0.257674 -0.161290 -0.967742 0.193548 -0.229081 -0.954504 0.190901 0.052450 -0.970330 0.236026 0.095728 -0.981209 0.167524 0.077024 -0.975643 -0.205398 -0.071652 -0.955364 0.286609 -0.127000 -0.965201 -0.228600
0.090536 -0.995893 0.000000 0.307692 -0.923077 0.230769 -0.157956 -0.979327 0.126365 -0.229081 -0.954504 0.190901 0.051434 -0.977255 0.205738 0.110003 -0.990028 0.088002 0.052111 -0.990107 -0.130277 -0.108747 -0.978724 0.173995 -0.079780 -0.983959 -0.159561
0.120331 -0.992734 0.000000 0.274563 -0.941357 0.196116 -0.158511 -0.982766 0.095106 -0.255604 -0.949386 0.182574 0.025230 -0.983958 0.176608 0.103606 -0.994618 0.000000 0.049938 -0.998752 0.000000 -0.105409 -0.990847 0.084327 -0.076596 -0.995754 -0.051064
0.093296 -0.995153 -0.031099 0.264764 -0.945587 0.189117 -0.164045 -0.984268 0.065618 -0.253750 -0.942499 0.217500 0.000000 -0.985030 0.172380 0.121144 -0.989344 -0.080763 0.023696 -0.995216 0.094782 -0.101514 -0.994834 0.000000 -0.048665 -0.997629 0.048665
0.090495 -0.995440 -0.030165 0.276483 -0.947943 0.157991 -0.127710 -0.989754 0.063855 -0.219382 -0.950654 0.219382 0.000000 -0.992646 0.121054 0.120653 -0.985335 -0.120653 0.022948 -0.986747 0.160633 -0.081295 -0.995861 -0.040647 -0.046262 -0.994635 0.092524
0.090371 -0.994084 -0.060248 0.287213 -0.943701 0.164122 -0.132092 -0.990687 0.033023 -0.219382 -0.950654 0.219382 0.000000 -0.992646 0.121054 0.102815 -0.987019 -0.123377 0.022157 -0.974893 0.221567 -0.061059 -0.997304 -0.040706 -0.022439 -0.987332 0.157075
0.093161 -0.993712 -0.062107 0.276483 -0.947943 0.157991 -0.132092 -0.990687 0.033023 -0.219382 -0.950654 0.219382 0.000000 -0.992646 0.121054 0.105574 -0.992392 -0.063344 0.021582 -0.971173 0.237398 -0.019992 -0.999600 0.019992 -0.021874 -0.984327 0.174991
0.092626 -0.988012 -0.123502 0.266485 -0.951734 0.152277 -0.096324 -0.995350 0.000000 -0.213470 -0.960617 0.177892 0.000000 -0.995275 0.097100 0.107958 -0.993217 -0.043183 0.021031 -0.967403 0.252366 -0.020400 -0.999584 0.020400 -0.021238 -0.976956 0.212382
