-0.546437 -0.805276 -0.230079 0.852133 -0.501255 0.150376 0.403933 -0.673221 -0.619364 -0.468521 -0.624695 0.624695 0.000000 -0.832050 0.554700 0.035400 -0.920390 0.389396 0.140028 -0.700140 -0.700140 0.141421 -0.593970 0.791960 -0.311400 -0.544949 -0.778499
-0.475964 -0.878702 0.036613 0.768025 -0.624020 0.144005 0.401610 -0.722897 -0.562254 -0.467809 -0.662729 0.584761 0.000000 -0.817806 0.575493 -0.033315 -0.799556 0.599667 0.151934 -0.698898 -0.698898 -0.030514 -0.854389 0.518736 -0.252099 -0.684268 -0.684268
-0.395904 -0.910579 0.118771 0.659062 -0.746937 0.087875 0.431183 -0.862366 -0.265343 -0.475457 -0.713186 0.515079 0.000000 -0.817806 0.575493 -0.031830 -0.795759 0.604777 0.109723 -0.768061 -0.630907 -0.031327 -0.845818 0.532552 -0.205793 -0.823173 -0.529183
-0.244745 -0.938190 0.244745 0.592667 -0.804334 0.042333 0.371391 -0.928477 0.000000 -0.502609 -0.773245 0.386622 0.000000 -0.849640 0.527363 -0.059976 -0.839664 0.539784 0.124149 -0.844216 -0.521427 -0.092759 -0.896669 0.432875 -0.134742 -0.916246 -0.377278
-0.120386 -0.963087 0.240772 0.431124 -0.901441 0.039193 0.199840 -0.959233 0.199840 -0.419982 -0.878144 0.229081 0.000000 -0.900159 0.435561 -0.054453 -0.898479 0.435626 0.121879 -0.901903 -0.414388 -0.113182 -0.933755 0.339547 -0.126229 -0.959339 -0.252458
0.075324 -0.979217 0.188311 0.294086 -0.955779 0.000000 0.080582 -0.966988 0.241747 -0.283909 -0.958194 0.035489 0.000000 -0.937425 0.348187 -0.049736 -0.944993 0.323287 0.119660 -0.957278 -0.263251 -0.120386 -0.963087 0.240772 -0.125709 -0.980531 -0.150851
0.141069 -0.987484 0.070535 0.169809 -0.984892 -0.033962 -0.095880 -0.990764 0.095880 -0.136320 -0.988317 -0.068160 0.000000 -0.968664 0.248375 -0.043345 -0.975270 0.216727 0.120491 -0.988024 -0.096393 -0.106843 -0.982960 0.149581 -0.123997 -0.991973 -0.024799
0.131876 -0.989071 -0.065938 0.068761 -0.997041 -0.034381 -0.154303 -0.987541 0.030861 -0.035136 -0.983820 -0.175682 -0.025230 -0.983958 0.176608 -0.040373 -0.989142 0.141306 0.110324 -0.992916 0.044130 -0.079352 -0.991900 0.099190 -0.134568 -0.986835 0.089712
0.089522 -0.984746 -0.149204 0.000000 -0.999363 -0.035692 -0.123502 -0.988012 -0.092626 0.000000 -0.989203 -0.146549 0.000000 -0.992646 0.121054 0.019604 -0.999808 0.000000 0.060108 -0.981769 0.180325 -0.059467 -0.991120 -0.118934 -0.123902 -0.970569 0.206504
0.000000 -0.989359 -0.145494 0.035601 -0.996826 -0.071202 -0.029948 -0.988272 -0.149738 -0.070844 -0.991811 -0.106265 0.000000 -0.995495 0.094809 0.077469 -0.987734 -0.135571 0.038684 -0.967098 0.251446 -0.098629 -0.966562 -0.236709 -0.117534 -0.959862 0.254657
-0.059523 -0.982125 -0.178568 0.038405 -0.998524 -0.038405 -0.062107 -0.993712 -0.093161 -0.070844 -0.991811 -0.106265 0.000000 -0.997575 0.069598 0.154390 -0.964935 -0.212286 0.019396 -0.950427 0.310343 -0.161001 -0.945883 -0.281752 -0.077820 -0.953300 0.291827
-0.029948 -0.988272 -0.149738 0.086630 -0.996241 0.000000 -0.120277 -0.992285 -0.030069 -0.073078 -0.986559 -0.146157 0.023193 -0.997307 0.069580 0.160353 -0.962119 -0.220486 0.000000 -0.950605 0.310402 -0.159617 -0.957704 -0.239426 -0.058443 -0.954566 0.292214
-0.029198 -0.992727 -0.116791 0.114541 -0.992685 -0.038180 -0.149805 -0.988716 0.000000 -0.145671 -0.983282 -0.109254 0.024354 -0.998516 0.048708 0.121942 -0.975537 -0.182913 0.000000 -0.948683 0.316228 -0.121942 -0.975537 -0.182913 -0.059892 -0.958277 0.279497
0.052486 -0.997241 -0.052486 0.195965 -0.979827 -0.039193 -0.141421 -0.989949 0.000000 -0.195515 -0.977577 -0.078206 -0.023776 -0.998586 0.047552 0.084122 -0.988434 -0.126183 0.000000 -0.954480 0.298275 -0.061898 -0.990375 -0.123797 -0.081752 -0.960585 0.265694
0.107443 -0.993848 -0.026861 0.188713 -0.981307 -0.037743 -0.173494 -0.983135 0.057831 -0.195515 -0.977577 -0.078206 -0.047511 -0.997740 0.047511 0.041487 -0.995688 -0.082974 0.040979 -0.963002 0.266362 -0.041487 -0.995688 -0.082974 -0.082584 -0.970362 0.227106
0.107482 -0.994207 0.000000 0.224860 -0.974391 0.000000 -0.178568 -0.982125 0.059523 -0.188713 -0.981307 -0.037743 -0.048593 -0.996156 0.072889 0.041550 -0.997191 -0.062324 0.040979 -0.963002 0.266362 -0.041487 -0.995688 -0.082974 -0.080961 -0.971533 0.222643
0.133918 -0.990992 0.000000 0.216789 -0.975550 0.036131 -0.183511 -0.978726 0.091756 -0.181969 -0.982631 -0.036394 -0.049690 -0.993808 0.099381 0.040706 -0.997304 -0.061059 0.040979 -0.963002 0.266362 -0.041407 -0.993765 -0.103517 -0.080961 -0.971533 0.222643
0.133918 -0.990992 0.000000 0.216789 -0.975550 0.036131 -0.173133 -0.981087 0.086566 -0.182089 -0.983282 0.000000 -0.048493 -0.994104 0.096986 0.038405 -0.998524 -0.038405 0.041398 -0.972853 0.227689 -0.038999 -0.994471 -0.097497 -0.081633 -0.979592 0.183673
0.137516 -0.990118 0.027503 0.216789 -0.975550 0.036131 -0.119470 -0.985624 0.119470 -0.216789 -0.975550 -0.036131 -0.050948 -0.993490 0.101896 0.037649 -0.997694 -0.056473 0.062031 -0.971813 0.227446 -0.038257 -0.994680 -0.095642 -0.081923 -0.983078 0.163846
0.113547 -0.993533 0.000000 0.224231 -0.971666 0.074744 -0.116395 -0.989359 0.087296 -0.182089 -0.983282 0.000000 -0.027671 -0.996164 0.083014 0.053461 -0.997934 -0.035640 0.040757 -0.978167 0.203785 -0.036191 -0.995241 -0.090476 -0.102533 -0.984318 0.143546
0.113501 -0.993133 -0.028375 0.224231 -0.971666 0.074744 -0.113137 -0.989949 0.084853 -0.181969 -0.982631 -0.036394 -0.028375 -0.993133 0.113501 0.041487 -0.995688 -0.082974 0.041065 -0.985562 0.164260 -0.020668 -0.992066 -0.124008 -0.100769 -0.987534 0.120923
0.087743 -0.994424 -0.058496 0.187647 -0.975763 0.112588 -0.087894 -0.996130 0.000000 -0.188847 -0.982006 0.000000 0.000000 -0.997054 0.076696 0.022576 -0.993352 -0.112881 0.040919 -0.982049 0.184134 0.000000 -0.991228 -0.132164 -0.143215 -0.982049 0.122756
0.056842 -0.994736 -0.085263 0.187647 -0.975763 0.112588 -0.057027 -0.997965 -0.028513 -0.224702 -0.973708 -0.037450 0.023742 -0.997178 0.071227 -0.023193 -0.997307 0.069580 0.060659 -0.990759 0.121317 0.000000 -0.998868 -0.047565 -0.143546 -0.984318 0.102533
0.029198 -0.992727 -0.116791 0.181608 -0.980684 0.072643 -0.093296 -0.995153 -0.031099 -0.187647 -0.975763 -0.112588 0.000000 -0.998920 0.046461 -0.024507 -0.980286 0.196057 0.062164 -0.994618 0.082885 0.000000 -0.991882 0.127164 -0.160839 -0.985136 0.060314
0.029801 -0.983433 -0.178806 0.223452 -0.968291 0.111726 -0.113137 -0.989949 -0.084853 -0.223452 -0.968291 -0.111726 0.023224 -0.998651 0.046449 -0.075070 -0.950892 0.300282 0.086630 -0.996241 0.000000 -0.073833 -0.959823 0.270719 -0.129309 -0.991370 -0.021552
0.063214 -0.979816 -0.189642 0.180187 -0.973012 0.144150 -0.116395 -0.989359 -0.087296 -0.223452 -0.968291 -0.111726 0.000000 -0.995275 0.097100 -0.072211 -0.938738 0.336983 0.094570 -0.992988 -0.070928 -0.122536 -0.931272 0.343100 -0.112795 -0.992593 -0.045118
0.061898 -0.990375 -0.123797 0.186728 -0.970988 0.149383 -0.116395 -0.989359 -0.087296 -0.215666 -0.970495 -0.107833 0.000000 -0.995037 0.099504 -0.071611 -0.930949 0.358057 0.096645 -0.990616 -0.096645 -0.121482 -0.923266 0.364447 -0.115225 -0.990931 -0.069135
0.032174 -0.997409 -0.064349 0.185567 -0.964951 0.185567 -0.116642 -0.991460 -0.058321 -0.215666 -0.970495 -0.107833 0.000000 -0.992278 0.124035 -0.073236 -0.927657 0.366181 0.072442 -0.990038 -0.120736 -0.145308 -0.920283 0.363270 -0.092401 -0.993307 -0.069301
0.000000 -0.999445 0.033315 0.192450 -0.962250 0.192450 -0.093296 -0.995153 -0.031099 -0.250319 -0.965518 -0.071520 -0.024204 -0.992355 0.121019 -0.046765 -0.935305 0.350739 0.049553 -0.991059 -0.123882 -0.139084 -0.927229 0.347711 -0.120491 -0.988024 -0.096393
0.038320 -0.996322 0.076640 0.113308 -0.982006 0.151078 -0.102839 -0.994107 -0.034280 -0.250801 -0.967375 -0.035829 0.000000 -0.988936 0.148340 -0.045129 -0.947717 0.315906 0.047351 -0.994379 -0.094703 -0.110621 -0.951337 0.287613 -0.163992 -0.983955 -0.070282
0.000000 -0.997054 0.076696 0.113308 -0.982006 0.151078 -0.068761 -0.997041 -0.034381 -0.250801 -0.967375 -0.035829 -0.024204 -0.992355 0.121019 -0.042904 -0.965345 0.257425 0.047552 -0.998586 -0.023776 -0.085573 -0.962691 0.256718 -0.187061 -0.982070 -0.023383
0.000000 -0.997268 0.073872 0.073078 -0.986559 0.146157 -0.066372 -0.995585 -0.066372 -0.259973 -0.965616 0.000000 -0.024204 -0.992355 0.121019 -0.021031 -0.967403 0.252366 0.022716 -0.999484 0.022716 -0.022081 -0.993641 0.110405 -0.204651 -0.977778 0.045478
-0.036986 -0.998631 0.036986 0.109764 -0.987878 0.109764 -0.068640 -0.995277 -0.068640 -0.259973 -0.965616 0.000000 -0.048365 -0.991484 0.120913 -0.021138 -0.972362 0.232521 0.022195 -0.998768 0.044390 0.022721 -0.999742 0.000000 -0.199606 -0.975852 0.088714
-0.035601 -0.996826 -0.071202 0.113878 -0.986947 0.113878 -0.068640 -0.995277 -0.068640 -0.259973 -0.965616 0.000000 -0.048593 -0.996156 0.072889 0.000000 -0.978106 0.208108 0.000000 -0.996073 0.088540 -0.021688 -0.997645 0.065064 -0.169447 -0.974323 0.148266
-0.035333 -0.989331 -0.141333 0.113878 -0.986947 0.113878 -0.034280 -0.994107 -0.102839 -0.294086 -0.955779 0.000000 -0.048593 -0.996156 0.072889 0.000000 -0.981393 0.192012 0.000000 -0.994144 0.108059 -0.065018 -0.996942 0.043345 -0.144738 -0.971813 0.186092
-0.035136 -0.983820 -0.175682 0.109764 -0.987878 0.109764 -0.033023 -0.990687 -0.132092 -0.293887 -0.955134 -0.036736 -0.072782 -0.994689 0.072782 0.021487 -0.988391 0.150407 -0.021487 -0.988391 0.150407 -0.088518 -0.995829 0.022130 -0.120947 -0.967577 0.221736
-0.068519 -0.959264 -0.274075 0.146157 -0.986559 0.073078 -0.062807 -0.973515 -0.219826 -0.293887 -0.955134 -0.036736 -0.072889 -0.996156 0.048593 0.043874 -0.987165 0.153559 -0.020546 -0.986186 0.164364 -0.110405 -0.993641 0.022081 -0.100544 -0.965226 0.241307
-0.062470 -0.937043 -0.343582 0.151620 -0.985527 0.075810 -0.092538 -0.956226 -0.277614 -0.259259 -0.962963 -0.074074 -0.071167 -0.996335 0.047445 0.044012 -0.990267 0.132036 -0.020892 -0.981941 0.188031 -0.112910 -0.993605 0.000000 -0.098152 -0.961894 0.255196
-0.064349 -0.933060 -0.353919 0.181969 -0.982631 0.036394 -0.061285 -0.949920 -0.306426 -0.302804 -0.946264 -0.113552 -0.048708 -0.998516 0.024354 0.045118 -0.992593 0.112795 -0.020303 -0.974531 0.223330 -0.135113 -0.990830 0.000000 -0.060217 -0.963475 0.260941
-0.032225 -0.934512 -0.354470 0.182089 -0.983282 0.000000 -0.093477 -0.934765 -0.342747 -0.292314 -0.950019 -0.109618 -0.047552 -0.998586 0.023776 0.067591 -0.991333 0.112651 -0.041398 -0.972853 0.227689 -0.135079 -0.990579 -0.022513 -0.059892 -0.958277 0.279497
-0.063596 -0.922146 -0.381578 0.216930 -0.976187 0.000000 -0.095154 -0.919824 -0.380617 -0.292314 -0.950019 -0.109618 -0.071227 -0.997178 0.023742 0.067591 -0.991333 0.112651 -0.041398 -0.972853 0.227689 -0.135079 -0.990579 -0.022513 -0.061059 -0.956597 0.284944
-0.032809 -0.918650 -0.393707 0.182089 -0.983282 0.000000 -0.095154 -0.919824 -0.380617 -0.257151 -0.955134 -0.146944 -0.071227 -0.997178 0.023742 0.067867 -0.995383 0.067867 -0.041196 -0.968095 0.247173 -0.138159 -0.990142 -0.023027 -0.059892 -0.958277 0.279497
-0.033223 -0.930238 -0.365451 0.181969 -0.982631 -0.036394 -0.095154 -0.919824 -0.380617 -0.266485 -0.951734 -0.152277 -0.071227 -0.997178 0.023742 0.069301 -0.993307 0.092401 -0.041196 -0.968095 0.247173 -0.138159 -0.990142 -0.023027 -0.059892 -0.958277 0.279497
