-0.342747 -0.934765 -0.093477 0.899676 -0.426162 -0.094703 0.473828 -0.879967 0.033845 -0.893534 -0.446767 -0.044677 0.062348 -0.779350 0.623480 -0.302162 -0.674054 0.674054 0.393893 -0.320038 -0.861640 0.173818 -0.656645 0.733897 -0.418638 -0.197006 -0.886527
-0.358409 -0.925889 -0.119470 0.924500 -0.369800 -0.092450 0.499445 -0.865705 -0.033296 -0.893534 -0.446767 -0.044677 0.062348 -0.779350 0.623480 -0.267195 -0.623455 0.734786 0.396911 -0.297683 -0.868243 0.185281 -0.685538 0.704066 -0.445021 -0.098894 -0.890043
-0.382518 -0.912159 -0.147122 0.924500 -0.369800 -0.092450 0.513289 -0.855482 -0.068439 -0.883960 -0.465242 -0.046524 0.062348 -0.779350 0.623480 -0.238343 -0.606692 0.758365 0.384111 -0.307289 -0.870651 0.198013 -0.702048 0.684047 -0.466196 -0.049073 -0.883319
-0.444067 -0.888134 -0.118418 0.919601 -0.367840 -0.137940 0.513289 -0.855482 -0.068439 -0.883960 -0.465242 -0.046524 0.062348 -0.779350 0.623480 -0.234468 -0.596826 0.767348 0.384111 -0.307289 -0.870651 0.195527 -0.711006 0.675455 -0.466618 -0.024559 -0.884118
-0.421741 -0.899714 -0.112464 0.883960 -0.465242 -0.046524 0.522976 -0.849837 -0.065372 -0.852325 -0.520865 -0.047351 0.059735 -0.776552 0.627215 -0.234468 -0.596826 0.767348 0.386654 -0.412431 -0.824863 0.185153 -0.722098 0.666552 -0.462299 -0.154100 -0.873231
-0.408854 -0.912058 -0.031450 0.771136 -0.635053 -0.045361 0.522976 -0.849837 -0.065372 -0.747409 -0.664364 0.000000 0.029907 -0.777593 0.628056 -0.235702 -0.612826 0.754247 0.365896 -0.574979 -0.731792 0.090815 -0.681115 0.726523 -0.322446 -0.537409 -0.779243
-0.070844 -0.991811 0.106265 0.629852 -0.775203 -0.048450 0.446304 -0.892607 -0.063758 -0.664364 -0.747409 0.000000 0.000000 -0.800000 0.600000 -0.289886 -0.782691 0.550782 0.332460 -0.716068 -0.613773 0.050411 -0.680552 0.730963 -0.252699 -0.732828 -0.631748
0.144150 -0.973012 0.180187 0.501036 -0.865426 0.000000 0.305832 -0.951479 -0.033981 -0.508729 -0.860927 0.000000 0.000000 -0.823213 0.567733 -0.283333 -0.881480 0.377777 0.277527 -0.832580 -0.479364 -0.027166 -0.733490 0.679157 -0.173117 -0.865584 -0.469888
0.248421 -0.958194 0.141955 0.315981 -0.947943 0.039498 0.034462 -0.999406 0.000000 -0.304555 -0.951734 -0.038069 -0.026593 -0.877585 0.478683 -0.215105 -0.952607 0.215105 0.221834 -0.911983 -0.345075 -0.053683 -0.805242 0.590511 -0.143305 -0.931480 -0.334378
0.110357 -0.993211 0.036786 0.202145 -0.977035 0.067382 -0.102658 -0.992360 -0.068439 -0.099449 -0.994490 -0.033150 0.000000 -0.926739 0.375705 -0.159561 -0.983959 0.079780 0.197006 -0.960405 -0.197006 -0.072654 -0.871847 0.484359 -0.141500 -0.966917 -0.212250
0.181969 -0.982631 -0.036394 0.126936 -0.983755 0.126936 -0.163605 -0.981630 -0.098163 0.000000 -1.000000 0.000000 0.000000 -0.957826 0.287348 -0.092599 -0.995434 0.023150 0.123882 -0.991059 -0.049553 -0.063472 -0.930917 0.359673 -0.144631 -0.988311 -0.048210
0.102658 -0.992360 -0.068439 0.098163 -0.981630 0.163605 -0.158511 -0.982766 -0.095106 0.033296 -0.998891 0.033296 0.000000 -0.975610 0.219512 -0.065064 -0.997645 -0.021688 0.090167 -0.991837 0.090167 -0.059362 -0.969584 0.237449 -0.140797 -0.985579 0.093865
0.116642 -0.991460 -0.058321 0.107833 -0.970495 0.215666 -0.154303 -0.987541 -0.030861 0.000000 -0.997459 0.071247 0.000000 -0.989949 0.141421 0.019996 -0.999800 0.000000 0.041586 -0.977260 0.207928 -0.058621 -0.996558 0.058621 -0.128447 -0.963352 0.235486
0.110432 -0.993884 0.000000 0.115900 -0.965834 0.231800 -0.189642 -0.979816 0.063214 -0.073422 -0.991201 0.110133 0.000000 -0.994505 0.104685 0.079493 -0.993661 -0.079493 0.039216 -0.960784 0.274510 -0.058321 -0.991460 -0.116642 -0.137866 -0.945366 0.295427
0.113364 -0.991935 0.056682 0.205847 -0.946895 0.247016 -0.248788 -0.964054 0.093296 -0.123091 -0.984732 0.123091 0.000000 -0.997054 0.076696 0.120653 -0.985335 -0.120653 0.000000 -0.938670 0.344817 -0.078492 -0.981147 -0.176606 -0.118378 -0.927290 0.355133
0.168364 -0.982124 0.084182 0.225176 -0.938233 0.262705 -0.342747 -0.934765 0.093477 -0.185296 -0.972806 0.138972 0.000000 -0.998752 0.049938 0.100769 -0.987534 -0.120923 0.000000 -0.933857 0.357647 -0.060796 -0.992994 -0.101326 -0.102619 -0.923575 0.369430
0.167313 -0.975995 0.139428 0.269630 -0.924445 0.269630 -0.368577 -0.921443 0.122859 -0.240008 -0.960031 0.144005 0.000000 -0.999671 0.025633 0.082974 -0.995688 -0.041487 0.000000 -0.937994 0.346650 0.000000 -0.985212 -0.171341 -0.121442 -0.931052 0.344084
0.224574 -0.954439 0.196502 0.260333 -0.929760 0.260333 -0.394665 -0.910765 0.121435 -0.240772 -0.963087 0.120386 0.000000 -0.999717 0.023803 0.083028 -0.996331 -0.020757 0.000000 -0.944497 0.328521 -0.021195 -0.996174 -0.084781 -0.100830 -0.947804 0.302491
0.230748 -0.951835 0.201904 0.257674 -0.920263 0.294484 -0.367022 -0.917556 0.152926 -0.267848 -0.956598 0.114792 0.000000 -1.000000 0.000000 0.063686 -0.997744 0.021229 0.000000 -0.952659 0.304040 -0.021688 -0.997645 -0.065064 -0.104031 -0.957088 0.270481
0.200492 -0.945175 0.257775 0.297936 -0.893807 0.335178 -0.328982 -0.927130 0.179445 -0.267848 -0.956598 0.114792 0.072954 -0.997039 0.024318 0.063643 -0.997070 0.042429 0.000000 -0.958386 0.285477 -0.021253 -0.998870 -0.042505 -0.083388 -0.958958 0.271010
0.200492 -0.945175 0.257775 0.294086 -0.882258 0.367607 -0.301923 -0.935962 0.181154 -0.292314 -0.950019 0.109618 0.048665 -0.997629 0.048665 0.063643 -0.997070 0.042429 0.000000 -0.960000 0.280000 -0.021267 -0.999548 -0.021267 -0.083844 -0.964210 0.251533
0.166924 -0.945905 0.278207 0.290000 -0.869999 0.398750 -0.238620 -0.954480 0.178965 -0.292314 -0.950019 0.109618 0.024318 -0.997039 0.072954 0.040706 -0.997304 0.061059 0.040185 -0.964447 0.261204 -0.020400 -0.999584 -0.020400 -0.102533 -0.963811 0.246079
0.111240 -0.945539 0.305910 0.294086 -0.882258 0.367607 -0.166602 -0.971847 0.166602 -0.302804 -0.946264 0.113552 0.000000 -0.998618 0.052559 0.019213 -0.999077 0.038426 0.040185 -0.964447 0.261204 -0.019996 -0.999800 0.000000 -0.099484 -0.974943 0.198968
0.075070 -0.950892 0.300282 0.366813 -0.815139 0.448327 -0.129358 -0.983124 0.129358 -0.302072 -0.949370 0.086306 0.000000 -0.998618 0.052559 0.038426 -0.999077 0.019213 0.060523 -0.968364 0.242091 -0.039178 -0.999040 -0.019589 -0.099484 -0.974943 0.198968
0.049736 -0.944993 0.323287 0.384012 -0.816026 0.432014 -0.104116 -0.989100 0.104116 -0.300676 -0.944981 0.128861 0.000000 -0.998542 0.053975 0.040748 -0.998338 -0.040748 0.059880 -0.978046 0.199601 0.000000 -0.996685 -0.081362 -0.117287 -0.977391 0.175930
0.048897 -0.929043 0.366727 0.279448 -0.884918 0.372597 -0.104542 -0.993146 0.052271 -0.276483 -0.947943 0.157991 -0.026978 -0.998179 0.053956 0.041550 -0.997191 -0.062324 0.080032 -0.980392 0.180072 0.000000 -0.999800 0.019996 -0.117670 -0.980581 0.156893
0.049326 -0.937201 0.345285 0.217186 -0.912182 0.347498 -0.116642 -0.991460 0.058321 -0.292314 -0.950019 0.109618 -0.023776 -0.998586 0.047552 0.022716 -0.999484 0.022716 0.059467 -0.991120 0.118934 -0.020137 -0.986733 0.161099 -0.120337 -0.982756 0.140394
0.025491 -0.943154 0.331378 0.220326 -0.925371 0.308457 -0.110264 -0.992372 0.055132 -0.315450 -0.946350 0.070100 -0.023193 -0.997307 0.069580 -0.025335 -0.988054 0.152008 0.082974 -0.995688 0.041487 0.000000 -0.928477 0.371391 -0.167652 -0.984955 0.041913
0.000000 -0.913812 0.406138 0.239236 -0.917070 0.318981 -0.137516 -0.990118 0.027503 -0.305304 -0.949835 0.067845 0.000000 -0.995701 0.092623 -0.053056 -0.955005 0.291807 0.090167 -0.991837 -0.090167 0.103940 -0.935459 0.337805 -0.160296 -0.984675 -0.068698
0.000000 -0.955064 0.296399 0.193892 -0.930680 0.310227 -0.141421 -0.989949 0.000000 -0.305304 -0.949835 0.067845 0.000000 -0.992988 0.118213 -0.053490 -0.936083 0.347688 0.077408 -0.980502 -0.180619 0.107019 -0.909663 0.401322 -0.177400 -0.963029 -0.202743
0.061633 -0.986134 0.154083 0.184932 -0.924658 0.332877 -0.173785 -0.984784 0.000000 -0.326895 -0.944363 0.036322 0.000000 -0.988372 0.152057 -0.113776 -0.910208 0.398216 0.132640 -0.955005 -0.265279 0.000000 -0.820398 0.571793 -0.161398 -0.941486 -0.295896
0.090167 -0.991837 0.090167 0.191460 -0.919007 0.344628 -0.149805 -0.988716 0.000000 -0.358748 -0.932745 0.035875 0.000000 -0.987763 0.155963 -0.116791 -0.905134 0.408770 0.135037 -0.945256 -0.297080 0.025898 -0.802829 0.595647 -0.158666 -0.925550 -0.343776
0.060495 -0.998168 0.000000 0.184932 -0.924658 0.332877 -0.149805 -0.988716 0.000000 -0.338480 -0.940222 0.037609 0.000000 -0.987763 0.155963 -0.121604 -0.881626 0.456013 0.132733 -0.929131 -0.345106 0.000000 -0.790724 0.612173 -0.131488 -0.920415 -0.368166
0.060248 -0.994084 -0.090371 0.187120 -0.935601 0.299392 -0.149738 -0.988272 0.029948 -0.338719 -0.940887 0.000000 -0.025985 -0.987429 0.155910 -0.157720 -0.883232 0.441616 0.132733 -0.929131 -0.345106 -0.025102 -0.778168 0.627555 -0.131488 -0.920415 -0.368166
0.031654 -0.981288 -0.189927 0.227266 -0.946943 0.227266 -0.159232 -0.987241 0.000000 -0.338480 -0.940222 0.037609 -0.025425 -0.991561 0.127123 -0.153429 -0.889889 0.429601 0.129532 -0.932630 -0.336783 0.029735 -0.862316 0.505496 -0.131488 -0.920415 -0.368166
0.000000 -0.957826 -0.287348 0.245350 -0.946350 0.210300 -0.158910 -0.985245 -0.063564 -0.284088 -0.958798 0.000000 -0.025499 -0.994458 0.101996 -0.144760 -0.926467 0.347425 0.153594 -0.947162 -0.281589 0.058697 -0.909799 0.410877 -0.103940 -0.935459 -0.337805
0.000000 -0.945373 -0.325991 0.249523 -0.962446 0.106938 -0.096126 -0.993304 -0.064084 -0.284088 -0.958798 0.000000 -0.048593 -0.996156 0.072889 -0.097765 -0.904324 0.415500 0.156545 -0.965363 -0.208727 -0.023769 -0.879458 0.475383 -0.101274 -0.962102 -0.253185
0.032225 -0.934512 -0.354470 0.224231 -0.971666 0.074744 -0.098639 -0.986394 -0.131519 -0.216930 -0.976187 0.000000 -0.048665 -0.997629 0.048665 -0.066243 -0.905318 0.419537 0.129358 -0.983124 -0.129358 0.000000 -0.911922 0.410365 -0.100440 -0.979294 -0.175771
0.031846 -0.923548 -0.382158 0.224231 -0.971666 0.074744 -0.063564 -0.985245 -0.158910 -0.216930 -0.976187 0.000000 -0.047511 -0.997740 0.047511 -0.064942 -0.909185 0.411298 0.120736 -0.990038 -0.072442 0.000000 -0.929961 0.367659 -0.123429 -0.987429 -0.098743
0.000000 -0.930751 -0.365652 0.250801 -0.967375 0.035829 -0.032669 -0.980057 -0.196011 -0.209529 -0.977802 0.000000 -0.047511 -0.997740 0.047511 -0.042983 -0.945635 0.322376 0.094782 -0.995216 0.023696 0.000000 -0.939793 0.341743 -0.118180 -0.992711 -0.023636
0.031281 -0.938417 -0.344086 0.242536 -0.970143 0.000000 0.034900 -0.977207 -0.209401 -0.216930 -0.976187 0.000000 -0.047552 -0.998586 0.023776 -0.042660 -0.959840 0.277287 0.089961 -0.989576 0.112452 0.000000 -0.960714 0.277540 -0.112795 -0.992593 0.045118
0.000000 -0.942428 -0.334410 0.242338 -0.969351 0.040390 0.034900 -0.977207 -0.209401 -0.216930 -0.976187 0.000000 -0.046449 -0.998651 0.023224 -0.047445 -0.996335 0.071167 0.065233 -0.978492 0.195698 0.000000 -0.977176 0.212430 -0.111887 -0.984609 0.134265
-0.031450 -0.912058 -0.408854 0.242338 -0.969351 0.040390 0.067382 -0.977035 -0.202145 -0.224860 -0.974391 0.000000 -0.045396 -0.998711 0.022698 -0.046411 -0.997844 0.046411 0.064625 -0.969368 0.236957 0.000000 -0.991600 0.129339 -0.108312 -0.974812 0.194962
-0.061988 -0.898820 -0.433913 0.242338 -0.969351 0.040390 0.066890 -0.969905 -0.234115 -0.233373 -0.972387 0.000000 -0.046449 -0.998651 0.023224 -0.045408 -0.998969 0.000000 0.063917 -0.958750 0.276972 0.000000 -0.996241 0.086630 -0.105129 -0.967189 0.231284
-0.090249 -0.902485 -0.421160 0.252199 -0.966762 0.042033 0.064282 -0.964237 -0.257130 -0.233197 -0.971653 0.038866 -0.046449 -0.998651 0.023224 -0.022721 -0.999742 0.000000 0.062271 -0.954817 0.290597 0.000000 -0.997880 0.065079 -0.104599 -0.962309 0.251037
-0.092759 -0.896669 -0.432875 0.252422 -0.967617 0.000000 0.093296 -0.964054 -0.248788 -0.242536 -0.970143 0.000000 -0.023250 -0.999730 0.000000 -0.022716 -0.999484 -0.022716 0.061885 -0.948908 0.309426 -0.021729 -0.999528 0.021729 -0.082903 -0.953381 0.290159
-0.118418 -0.888134 -0.444067 0.252422 -0.967617 0.000000 0.092538 -0.956226 -0.277614 -0.212238 -0.976296 -0.042448 -0.022721 -0.999742 0.000000 -0.022716 -0.999484 -0.022716 0.063119 -0.946792 0.315597 -0.021729 -0.999528 0.021729 -0.082903 -0.953381 0.290159
-0.151376 -0.877982 -0.454129 0.252199 -0.966762 -0.042033 0.153069 -0.949029 -0.275525 -0.242338 -0.969351 -0.040390 -0.023243 -0.999460 -0.023243 -0.022211 -0.999507 -0.022211 0.063529 -0.952928 0.296466 -0.021729 -0.999528 -0.021729 -0.084029 -0.945328 0.315109
-0.151376 -0.877982 -0.454129 0.279776 -0.959233 -0.039968 0.148741 -0.951943 -0.267734 -0.251533 -0.964210 -0.083844 -0.022716 -0.999484 -0.022716 -0.022698 -0.998711 -0.045396 0.061885 -0.948908 0.309426 -0.044357 -0.998031 -0.044357 -0.061885 -0.948908 0.309426
-0.124939 -0.874573 -0.468521 0.242338 -0.969351 -0.040390 0.147506 -0.944039 -0.295012 -0.242338 -0.969351 -0.040390 -0.022716 -0.999484 -0.022716 -0.022698 -0.998711 -0.045396 0.063119 -0.946792 0.315597 -0.044302 -0.996805 -0.066454 -0.061481 -0.942710 0.327899
-0.126745 -0.887214 -0.443607 0.233197 -0.971653 -0.038866 0.147506 -0.944039 -0.295012 -0.241747 -0.966988 -0.080582 -0.023243 -0.999460 -0.023243 -0.022698 -0.998711 -0.045396 0.063119 -0.946792 0.315597 -0.044227 -0.995098 -0.088453 -0.063119 -0.946792 0.315597
-0.093980 -0.908471 -0.407245 0.233197 -0.971653 -0.038866 0.119470 -0.955756 -0.268806 -0.232670 -0.969458 -0.077557 -0.023243 -0.999460 -0.023243 -0.022211 -0.999507 -0.022211 0.063529 -0.952928 0.296466 -0.044227 -0.995098 -0.088453 -0.063119 -0.946792 0.315597
-0.095346 -0.953463 -0.286039 0.224702 -0.973708 -0.037450 0.119470 -0.955756 -0.268806 -0.233197 -0.971653 -0.038866 -0.022716 -0.999484 -0.022716 -0.022211 -0.999507 -0.022211 0.063529 -0.952928 0.296466 -0.044227 -0.995098 -0.088453 -0.063119 -0.946792 0.315597
-0.063214 -0.979816 -0.189642 0.224860 -0.974391 0.000000 0.120386 -0.963087 -0.240772 -0.242536 -0.970143 0.000000 -0.022716 -0.999484 -0.022716 -0.022211 -0.999507 -0.022211 0.063917 -0.958750 0.276972 -0.044227 -0.995098 -0.088453 -0.063119 -0.946792 0.315597
-0.030861 -0.987541 -0.154303 0.224702 -0.973708 0.037450 0.091756 -0.978726 -0.183511 -0.242536 -0.970143 0.000000 -0.022721 -0.999742 0.000000 -0.022716 -0.999484 -0.022716 0.062636 -0.960420 0.271423 -0.045222 -0.994874 -0.090443 -0.063529 -0.952928 0.296466
