-0.589412 -0.761324 -0.270147 0.843820 -0.488527 0.222058 0.439480 -0.845154 0.304256 -0.930809 -0.354594 -0.088648 -0.031342 -0.752207 0.658181 -0.365514 -0.676201 0.639650 0.639495 -0.098384 -0.762474 0.276818 -0.719727 0.636682 -0.396138 -0.509321 -0.763981
-0.551900 -0.802764 -0.225777 0.732590 -0.641016 0.228934 0.403604 -0.874475 0.269069 -0.844653 -0.533465 -0.044455 -0.061314 -0.735767 0.674453 -0.210672 -0.869023 0.447679 0.499567 -0.499567 -0.707719 0.225423 -0.701316 0.676269 -0.302422 -0.522365 -0.797293
-0.532542 -0.836852 -0.126796 0.601568 -0.786666 0.138823 0.360510 -0.884889 0.294963 -0.727533 -0.684737 -0.042796 -0.121942 -0.731653 0.670682 -0.241052 -0.749940 0.616022 0.376219 -0.723499 -0.578799 0.203859 -0.764471 0.611577 -0.289273 -0.578547 -0.762630
-0.485071 -0.873128 -0.048507 0.570782 -0.808608 0.142695 0.170697 -0.955904 0.238976 -0.613941 -0.789352 0.000000 -0.116642 -0.758175 0.641533 -0.172774 -0.777482 0.604708 0.263067 -0.868121 -0.420907 0.134304 -0.832684 0.537215 -0.201453 -0.705086 -0.679905
-0.267734 -0.951943 0.148741 0.462364 -0.882696 0.084066 -0.033962 -0.984892 0.169809 -0.463595 -0.885044 -0.042145 -0.087370 -0.786334 0.611593 -0.155493 -0.870759 0.466478 0.221834 -0.911983 -0.345075 0.082479 -0.907265 0.412393 -0.151620 -0.833908 -0.530669
0.000000 -0.972082 0.234641 0.337764 -0.938233 0.075059 -0.102359 -0.989467 0.102359 -0.269430 -0.962250 -0.038490 -0.081051 -0.837532 0.540343 -0.095346 -0.953463 0.286039 0.160044 -0.960267 -0.228635 0.026082 -0.965035 0.260820 -0.128374 -0.924293 -0.359447
0.139262 -0.974835 0.174078 0.209401 -0.977207 0.034900 -0.216789 -0.975550 -0.036131 -0.102899 -0.994692 0.000000 -0.025400 -0.889001 0.457200 -0.053281 -0.985703 0.159844 0.117688 -0.988577 -0.094150 0.000000 -0.986394 0.164399 -0.127702 -0.970538 -0.204324
0.102839 -0.994107 0.034280 0.099449 -0.994490 0.033150 -0.174078 -0.974835 -0.139262 0.000000 -0.997925 0.064382 0.000000 -0.935286 0.353892 -0.044302 -0.996805 0.066454 0.097071 -0.994982 0.024268 -0.041065 -0.985562 0.164260 -0.123997 -0.991973 -0.024799
0.132092 -0.990687 -0.033023 0.034442 -0.998813 0.034442 -0.135379 -0.981501 -0.135379 0.032092 -0.994837 0.096275 0.025270 -0.960258 0.277969 0.019932 -0.996617 0.079729 0.065732 -0.985979 0.153375 -0.057333 -0.993772 0.095555 -0.111525 -0.981419 0.156135
0.064084 -0.993304 -0.096126 0.000000 -0.997630 0.068802 -0.062257 -0.996116 -0.062257 0.000000 -0.990621 0.136637 0.024977 -0.974087 0.224789 0.097405 -0.993527 -0.058443 0.040979 -0.963002 0.266362 -0.076472 -0.994135 -0.076472 -0.121442 -0.951292 0.283364
-0.060057 -0.990942 -0.120114 0.076472 -0.994135 0.076472 -0.031174 -0.997567 -0.062348 -0.078206 -0.977577 0.195515 0.024507 -0.980286 0.196057 0.118011 -0.983422 -0.137679 0.020528 -0.944298 0.328451 -0.112967 -0.979043 -0.169450 -0.121442 -0.931052 0.344084
-0.060248 -0.994084 -0.090371 0.177297 -0.975133 0.132973 -0.060495 -0.998168 0.000000 -0.122373 -0.978980 0.163163 0.024035 -0.985452 0.168248 0.100201 -0.981966 -0.160321 0.021195 -0.932589 0.360318 -0.118011 -0.983422 -0.137679 -0.099543 -0.935706 0.338447
-0.030165 -0.995440 -0.090495 0.174078 -0.974835 0.139262 -0.159232 -0.987241 0.000000 -0.140028 -0.980196 0.140028 0.022439 -0.987332 0.157075 0.082885 -0.994618 -0.062164 0.020628 -0.928279 0.371312 -0.081211 -0.994834 -0.060908 -0.101430 -0.933157 0.344862
0.030165 -0.995440 -0.090495 0.213470 -0.960617 0.177892 -0.249756 -0.967805 0.031220 -0.174078 -0.974835 0.139262 0.000000 -0.993605 0.112910 0.041622 -0.998917 0.020811 0.021354 -0.939579 0.341665 -0.041622 -0.998917 0.020811 -0.100201 -0.941886 0.320642
0.060467 -0.997712 -0.030234 0.238976 -0.955904 0.170697 -0.249756 -0.967805 0.031220 -0.214697 -0.966136 0.143131 -0.045118 -0.992593 0.112795 0.020336 -0.996478 0.081345 0.042983 -0.945635 0.322376 -0.041550 -0.997191 0.062324 -0.103429 -0.951543 0.289600
0.090371 -0.994084 -0.060248 0.275698 -0.930481 0.241236 -0.278677 -0.959886 0.030964 -0.214697 -0.966136 0.143131 -0.046151 -0.992249 0.115378 0.020717 -0.994405 0.103584 0.043274 -0.952033 0.302920 -0.062164 -0.994618 0.082885 -0.081295 -0.955214 0.284532
0.090371 -0.994084 -0.060248 0.273275 -0.922302 0.273275 -0.249392 -0.966394 0.062348 -0.249523 -0.962446 0.106938 0.000000 -0.992646 0.121054 0.020611 -0.989323 0.144276 0.042660 -0.959840 0.277287 -0.041407 -0.993765 0.103517 -0.081752 -0.960585 0.265694
0.116642 -0.991460 -0.058321 0.270604 -0.913289 0.304430 -0.278677 -0.959886 0.030964 -0.258375 -0.959678 0.110732 -0.024868 -0.994729 0.099473 0.000000 -0.990342 0.138648 0.042660 -0.959840 0.277287 -0.042362 -0.995504 0.084724 -0.080582 -0.966988 0.241747
0.113501 -0.993133 -0.028375 0.304430 -0.913289 0.270604 -0.220152 -0.974958 0.031450 -0.259259 -0.962963 0.074074 -0.049553 -0.991059 0.123882 0.000000 -0.992877 0.119145 0.040979 -0.963002 0.266362 -0.059785 -0.996419 0.059785 -0.080582 -0.966988 0.241747
0.113501 -0.993133 -0.028375 0.314102 -0.907406 0.279202 -0.207504 -0.978234 0.000000 -0.279108 -0.956943 0.079745 -0.069301 -0.993307 0.092401 0.000000 -0.995037 0.099504 0.059362 -0.969584 0.237449 -0.078176 -0.996748 0.019544 -0.079399 -0.972636 0.218347
0.080787 -0.996368 -0.026929 0.338719 -0.903252 0.263448 -0.173785 -0.984784 0.000000 -0.268833 -0.960119 0.076810 -0.048365 -0.991484 0.120913 0.020400 -0.999584 0.020400 0.079399 -0.972636 0.218347 -0.059880 -0.998006 -0.019960 -0.103495 -0.972853 0.206990
0.085091 -0.992733 -0.085091 0.262705 -0.938233 0.225176 -0.137516 -0.990118 0.027503 -0.293294 -0.953206 0.073324 -0.049553 -0.991059 0.123882 0.019960 -0.998006 0.059880 0.078206 -0.977577 0.195515 -0.040748 -0.998338 -0.040748 -0.114020 -0.980570 0.159628
0.057831 -0.983135 -0.173494 0.245350 -0.946350 0.210300 -0.107482 -0.994207 0.000000 -0.303895 -0.949671 0.075974 -0.024716 -0.988634 0.148295 0.000000 -0.994618 0.103606 0.080550 -0.986733 0.140962 -0.038822 -0.989965 0.135878 -0.109764 -0.987878 0.109764
0.029630 -0.977805 -0.207413 0.237459 -0.949835 0.203536 -0.051198 -0.998360 0.025599 -0.326250 -0.942499 0.072500 -0.024618 -0.984732 0.172328 0.000000 -0.987580 0.157115 0.084327 -0.990847 0.105409 -0.019996 -0.959808 0.279944 -0.132132 -0.990988 0.022022
0.029223 -0.964352 -0.263005 0.212000 -0.953998 0.212000 -0.053956 -0.998179 0.026978 -0.346479 -0.935495 0.069296 -0.025110 -0.979294 0.200881 -0.048723 -0.974451 0.219251 0.141382 -0.989675 0.023564 0.000000 -0.961524 0.274721 -0.147934 -0.986227 -0.073967
0.030964 -0.959886 -0.278677 0.213470 -0.960617 0.177892 -0.107443 -0.993848 0.026861 -0.336146 -0.941210 0.033615 -0.025599 -0.972761 0.230391 -0.077485 -0.955654 0.284113 0.155126 -0.982467 -0.103418 -0.023402 -0.936073 0.351027 -0.152696 -0.967075 -0.203595
0.065233 -0.978492 -0.195698 0.253750 -0.942499 0.217500 -0.154303 -0.987541 0.030861 -0.316033 -0.948098 0.035115 -0.052111 -0.964052 0.260555 -0.097532 -0.853405 0.512043 0.164833 -0.961524 -0.219777 0.000000 -0.919145 0.393919 -0.161398 -0.941486 -0.295896
0.061633 -0.986134 -0.154083 0.253750 -0.942499 0.217500 -0.189927 -0.981288 0.031654 -0.274075 -0.959264 0.068519 -0.053452 -0.962140 0.267261 -0.090121 -0.788560 0.608318 0.168166 -0.952938 -0.252248 0.000000 -0.910366 0.413803 -0.160071 -0.933748 -0.320142
0.030165 -0.995440 -0.090495 0.287183 -0.933346 0.215387 -0.189927 -0.981288 0.031654 -0.274075 -0.959264 0.068519 -0.053452 -0.962140 0.267261 -0.109344 -0.765405 0.634192 0.166924 -0.945905 -0.278207 0.000000 -0.900159 0.435561 -0.154868 -0.929206 -0.335547
0.093161 -0.993712 -0.062107 0.253750 -0.942499 0.217500 -0.154083 -0.986134 0.061633 -0.283375 -0.956389 0.070844 -0.053452 -0.962140 0.267261 -0.131181 -0.743358 0.655904 0.187418 -0.937089 -0.294514 0.000000 -0.888621 0.458643 -0.154868 -0.929206 -0.335547
0.096324 -0.995350 0.000000 0.212000 -0.953998 0.212000 -0.202145 -0.977035 0.067382 -0.248421 -0.958194 0.141955 -0.052450 -0.970330 0.236026 -0.107833 -0.754829 0.646997 0.182823 -0.940233 -0.287293 0.000000 -0.905459 0.424434 -0.160071 -0.933748 -0.320142
0.033296 -0.998891 -0.033296 0.253750 -0.942499 0.217500 -0.201574 -0.974274 0.100787 -0.272166 -0.952579 0.136083 -0.076596 -0.970222 0.229789 -0.148979 -0.869046 0.471768 0.185369 -0.953329 -0.238332 0.000000 -0.932005 0.362446 -0.158555 -0.951330 -0.264258
0.032225 -0.998961 -0.032225 0.219382 -0.950654 0.219382 -0.158910 -0.985245 0.063564 -0.279713 -0.944033 0.174821 -0.077408 -0.980502 0.180619 -0.149953 -0.924711 0.349891 0.182761 -0.966021 -0.182761 0.000000 -0.959737 0.280899 -0.161456 -0.968736 -0.188365
0.032174 -0.997409 -0.064349 0.221013 -0.957722 0.184177 -0.195698 -0.978492 0.065233 -0.279713 -0.944033 0.174821 -0.075810 -0.985527 0.151620 -0.123241 -0.961280 0.246482 0.126511 -0.986789 -0.101209 -0.021688 -0.975957 0.216879 -0.159167 -0.981533 -0.106112
0.000000 -0.995634 -0.093341 0.229081 -0.954504 0.190901 -0.183511 -0.978726 0.091756 -0.290957 -0.945611 0.145479 -0.074216 -0.989541 0.123693 -0.118846 -0.974535 0.190153 0.120913 -0.991484 -0.048365 -0.040505 -0.951877 0.303791 -0.151862 -0.987105 -0.050621
0.000000 -0.986394 -0.164399 0.221013 -0.957722 0.184177 -0.184202 -0.982409 0.030700 -0.289241 -0.940032 0.180775 -0.100855 -0.983332 0.151282 -0.116627 -0.979663 0.163277 0.115501 -0.993307 0.000000 -0.060314 -0.944926 0.321677 -0.141421 -0.989949 0.000000
0.000000 -0.987241 -0.159232 0.230599 -0.960828 0.153732 -0.159232 -0.987241 0.000000 -0.301297 -0.941554 0.150649 -0.098743 -0.987429 0.123429 -0.065248 -0.956974 0.282742 0.088453 -0.995098 0.044227 -0.058443 -0.954566 0.292214 -0.137867 -0.988049 0.068934
0.000000 -0.986394 -0.164399 0.230599 -0.960828 0.153732 -0.120277 -0.992285 0.030069 -0.314027 -0.942082 0.117760 -0.096393 -0.988024 0.120491 -0.041301 -0.949919 0.309756 0.088345 -0.993884 0.066259 -0.060217 -0.963475 0.260941 -0.131369 -0.985270 0.109474
0.000000 -0.982872 -0.184289 0.240772 -0.963087 0.120386 -0.120331 -0.992734 0.000000 -0.314027 -0.942082 0.117760 -0.096393 -0.988024 0.120491 -0.039498 -0.947943 0.315981 0.088345 -0.993884 0.066259 -0.080961 -0.971533 0.222643 -0.106479 -0.979611 0.170367
0.000000 -0.975441 -0.220261 0.240772 -0.963087 0.120386 -0.123975 -0.991801 -0.030994 -0.302804 -0.946264 0.113552 -0.096645 -0.990616 0.096645 0.000000 -0.954480 0.298275 0.066114 -0.991709 0.110190 -0.081923 -0.983078 0.163846 -0.105129 -0.967189 0.231284
0.000000 -0.962651 -0.270746 0.240772 -0.963087 0.120386 -0.120277 -0.992285 -0.030069 -0.292314 -0.950019 0.109618 -0.096645 -0.990616 0.096645 0.000000 -0.965226 0.261415 0.063189 -0.989967 0.126379 -0.104645 -0.983660 0.146503 -0.080582 -0.966988 0.241747
-0.031607 -0.948209 -0.316070 0.259259 -0.962963 0.074074 -0.090167 -0.991837 -0.090167 -0.283375 -0.956389 0.070844 -0.096645 -0.990616 0.096645 0.020207 -0.969944 0.242486 0.042944 -0.987707 0.150303 -0.104645 -0.983660 0.146503 -0.081752 -0.960585 0.265694
-0.062470 -0.937043 -0.343582 0.259794 -0.964951 0.037113 -0.089883 -0.988716 -0.119844 -0.284088 -0.958798 0.000000 -0.070928 -0.992988 0.094570 0.000000 -0.968918 0.247383 0.021953 -0.987878 0.153670 -0.106843 -0.982960 0.149581 -0.083388 -0.958958 0.271010
-0.030387 -0.941993 -0.334255 0.259973 -0.965616 0.000000 -0.089522 -0.984746 -0.149204 -0.316228 -0.948683 0.000000 -0.070928 -0.992988 0.094570 0.000000 -0.973688 0.227884 0.022261 -0.979472 0.200347 -0.133897 -0.981908 0.133897 -0.063529 -0.952928 0.296466
-0.031281 -0.938417 -0.344086 0.259973 -0.965616 0.000000 -0.089522 -0.984746 -0.149204 -0.316033 -0.948098 -0.035115 -0.070928 -0.992988 0.094570 0.000000 -0.973688 0.227884 0.022757 -0.978537 0.204810 -0.094570 -0.992988 0.070928 -0.084029 -0.945328 0.315109
-0.030387 -0.941993 -0.334255 0.269630 -0.962964 0.000000 -0.092231 -0.983801 -0.153719 -0.316033 -0.948098 -0.035115 -0.072633 -0.992646 0.096844 -0.021330 -0.981169 0.191968 0.022646 -0.973758 0.226455 -0.094386 -0.991051 0.094386 -0.084029 -0.945328 0.315109
