-0.643222 -0.762337 0.071469 0.945792 -0.270226 -0.180151 0.382507 -0.869335 0.312961 -0.957518 -0.273576 -0.091192 0.000000 -0.723356 0.690476 -0.151724 -0.940691 0.303449 0.332309 -0.609234 -0.720003 0.221096 -0.638722 0.736987 -0.421345 -0.395010 -0.816355
-0.628930 -0.774068 0.072569 0.890871 -0.445435 -0.089087 0.382507 -0.869335 0.312961 -0.910975 -0.409939 -0.045549 0.064084 -0.736968 0.672883 -0.257770 -0.695978 0.670201 0.263005 -0.555233 -0.789015 0.236757 -0.662919 0.710271 -0.442642 -0.390567 -0.807171
-0.589747 -0.802056 0.094360 0.807410 -0.583130 -0.089712 0.382507 -0.869335 0.312961 -0.784214 -0.619116 -0.041274 0.000000 -0.752577 0.658505 -0.119470 -0.925889 0.358409 0.235521 -0.667308 -0.706562 0.191655 -0.848758 0.492827 -0.391764 -0.522352 -0.757410
-0.390195 -0.870435 0.300150 0.681115 -0.726523 -0.090815 0.208389 -0.937749 0.277851 -0.639602 -0.767523 -0.042640 -0.061142 -0.764272 0.641989 -0.211925 -0.821210 0.529813 0.265742 -0.738173 -0.620066 0.137361 -0.934052 0.329665 -0.310045 -0.697602 -0.645928
-0.102359 -0.921228 0.375315 0.463595 -0.885044 -0.042145 0.232559 -0.963460 0.132891 -0.477334 -0.875113 -0.079556 -0.058026 -0.812362 0.580259 -0.165082 -0.907951 0.385191 0.250864 -0.827851 -0.501728 0.082510 -0.880105 0.467556 -0.203595 -0.865277 -0.458088
0.109618 -0.950019 0.292314 0.327111 -0.944986 0.000000 0.034462 -0.999406 0.000000 -0.250319 -0.965518 -0.071520 -0.026861 -0.859544 0.510355 -0.140747 -0.957082 0.253345 0.237759 -0.903482 -0.356638 0.027661 -0.968122 0.248946 -0.151234 -0.932608 -0.327673
0.222375 -0.963624 0.148250 0.169907 -0.985460 0.000000 -0.032862 -0.985861 -0.164310 -0.132164 -0.991228 0.000000 -0.025976 -0.909168 0.415619 -0.103418 -0.982467 0.155126 0.218154 -0.945333 -0.242393 0.025985 -0.987429 0.155910 -0.125196 -0.976527 -0.175274
0.216789 -0.975550 0.036131 0.127906 -0.991271 0.031976 -0.100787 -0.974274 -0.201574 -0.031235 -0.999512 0.000000 0.000000 -0.943460 0.331486 -0.046349 -0.996503 0.069523 0.160296 -0.984675 -0.068698 0.022669 -0.997427 0.068006 -0.121019 -0.992355 -0.024204
0.131519 -0.986394 -0.098639 0.064249 -0.995863 0.064249 -0.065233 -0.978492 -0.195698 0.000000 -0.997925 0.064382 0.000000 -0.974391 0.224860 0.000000 -0.996815 0.079745 0.134568 -0.986835 0.089712 -0.041550 -0.997191 0.062324 -0.107162 -0.985890 0.128594
0.030861 -0.987541 -0.154303 0.071067 -0.994937 0.071067 -0.030994 -0.991801 -0.123975 -0.033241 -0.997234 0.066482 0.024126 -0.989173 0.144757 0.059785 -0.996419 -0.059785 0.082584 -0.970362 0.227106 -0.095555 -0.993772 -0.057333 -0.080582 -0.966988 0.241747
-0.030700 -0.982409 -0.184202 0.114291 -0.990521 0.076194 -0.030994 -0.991801 -0.123975 -0.109764 -0.987878 0.109764 0.000000 -0.995275 0.097100 0.098266 -0.982662 -0.157226 0.061885 -0.948908 0.309426 -0.129830 -0.983000 -0.129830 -0.078811 -0.945732 0.315244
-0.061314 -0.981023 -0.183942 0.146450 -0.988540 0.036613 -0.030275 -0.999083 -0.030275 -0.141069 -0.987484 0.070535 0.000000 -0.997199 0.074790 0.119570 -0.976491 -0.179355 0.039984 -0.939624 0.339864 -0.150729 -0.979738 -0.131888 -0.076895 -0.941959 0.326802
-0.029801 -0.983433 -0.178806 0.151620 -0.985527 0.075810 -0.099449 -0.994490 0.033150 -0.136320 -0.988317 0.068160 0.000000 -0.998969 0.045408 0.100995 -0.989748 -0.100995 0.042126 -0.947841 0.315947 -0.118771 -0.989759 -0.079181 -0.058812 -0.940996 0.333269
0.000000 -0.985622 -0.168964 0.170716 -0.981616 0.085358 -0.136558 -0.990044 0.034139 -0.151078 -0.982006 0.113308 0.000000 -0.999742 0.022721 0.081094 -0.993402 -0.081094 0.062271 -0.954817 0.290597 -0.061097 -0.997924 0.020366 -0.061059 -0.956597 0.284944
0.000000 -0.985622 -0.168964 0.163163 -0.978980 0.122373 -0.169031 -0.980379 0.101419 -0.146157 -0.986559 0.073078 0.000000 -0.998969 0.045408 0.081295 -0.995861 -0.040647 0.042660 -0.959840 0.277287 -0.041550 -0.997191 0.062324 -0.061404 -0.961992 0.266083
0.000000 -0.985622 -0.168964 0.209427 -0.963364 0.167542 -0.123502 -0.988012 0.092626 -0.163846 -0.983078 0.081923 0.023776 -0.998586 0.047552 0.059892 -0.998205 0.000000 0.042904 -0.965345 0.257425 -0.020717 -0.994405 0.103584 -0.061728 -0.967070 0.246911
0.027390 -0.986024 -0.164337 0.218218 -0.960159 0.174574 -0.154083 -0.986134 0.061633 -0.170716 -0.981616 0.085358 0.000000 -0.998868 0.047565 0.039968 -0.999201 0.000000 0.042904 -0.965345 0.257425 -0.020757 -0.996331 0.083028 -0.062031 -0.971813 0.227446
0.026774 -0.990637 -0.133870 0.227744 -0.956524 0.182195 -0.120114 -0.990942 0.060057 -0.170716 -0.981616 0.085358 0.000000 -0.997459 0.071247 0.039960 -0.999001 0.019980 0.042248 -0.971711 0.232366 -0.040706 -0.997304 0.061059 -0.062311 -0.976205 0.207703
0.053490 -0.989574 -0.133726 0.229416 -0.963546 0.137649 -0.127906 -0.991271 0.031976 -0.195515 -0.977577 0.078206 0.000000 -0.997575 0.069598 0.018865 -0.999822 0.000000 0.041757 -0.981299 0.187908 -0.039186 -0.999232 0.000000 -0.061072 -0.977153 0.203574
0.028273 -0.989554 -0.141365 0.202444 -0.971732 0.121466 -0.127971 -0.991778 0.000000 -0.202145 -0.977035 0.067382 0.000000 -0.996898 0.078702 0.019224 -0.999630 -0.019224 0.039337 -0.983422 0.177016 -0.037709 -0.999289 0.000000 -0.080032 -0.980392 0.180072
0.056232 -0.984063 -0.168696 0.157500 -0.984374 0.078750 -0.120331 -0.992734 0.000000 -0.234115 -0.969905 0.066890 -0.052271 -0.993146 0.104542 0.039841 -0.996024 -0.079682 0.059143 -0.985712 0.157714 -0.072488 -0.996711 -0.036244 -0.060108 -0.981769 0.180325
0.000000 -0.985622 -0.168964 0.188713 -0.981307 0.037743 -0.113547 -0.993533 0.000000 -0.241236 -0.964944 0.103387 -0.051064 -0.995754 0.076596 0.041487 -0.995688 -0.082974 0.058178 -0.989034 0.135750 -0.054464 -0.998516 0.000000 -0.078980 -0.987248 0.138215
0.000000 -0.971850 -0.235600 0.181608 -0.980684 0.072643 -0.107482 -0.994207 0.000000 -0.305304 -0.949835 0.067845 -0.048593 -0.996156 0.072889 0.021267 -0.999548 -0.021267 0.097276 -0.992210 0.077820 -0.039960 -0.999001 0.019980 -0.099015 -0.990148 0.099015
-0.028421 -0.966315 -0.255789 0.181969 -0.982631 0.036394 -0.083014 -0.996164 -0.027671 -0.334637 -0.936984 0.100391 -0.048493 -0.994104 0.096986 0.000000 -0.993605 0.112910 0.101493 -0.994629 0.020299 0.000000 -0.995893 0.090536 -0.101493 -0.994629 0.020299
0.000000 -0.959366 -0.282166 0.224702 -0.973708 0.037450 -0.080816 -0.996729 0.000000 -0.335578 -0.939618 0.067116 -0.048365 -0.991484 0.120913 -0.024246 -0.969857 0.242464 0.107833 -0.992062 -0.064700 0.025110 -0.979294 0.200881 -0.107833 -0.992062 -0.064700
0.000000 -0.948683 -0.316228 0.233373 -0.972387 0.000000 -0.083045 -0.996546 0.000000 -0.358057 -0.930949 0.071611 -0.072211 -0.986878 0.144421 -0.058371 -0.963119 0.262669 0.120177 -0.985452 -0.120177 0.088007 -0.968079 0.234686 -0.119797 -0.982335 -0.143756
0.000000 -0.936329 -0.351123 0.259259 -0.962963 0.074074 -0.060495 -0.998168 0.000000 -0.347105 -0.937184 0.034711 -0.050411 -0.983020 0.176439 -0.077745 -0.881113 0.466472 0.131625 -0.974022 -0.184274 0.096176 -0.961756 0.256468 -0.105081 -0.972003 -0.210163
0.029223 -0.964352 -0.263005 0.250319 -0.965518 0.071520 -0.062348 -0.997567 0.031174 -0.336146 -0.941210 0.033615 -0.050173 -0.978369 0.200691 -0.073877 -0.837276 0.541767 0.107173 -0.964555 -0.241139 0.101477 -0.947114 0.304430 -0.105666 -0.950998 -0.290583
0.030514 -0.976445 -0.213597 0.303895 -0.949671 0.075974 -0.116642 -0.991460 0.058321 -0.315450 -0.946350 0.070100 -0.049907 -0.973177 0.224579 -0.092450 -0.924500 0.369800 0.106449 -0.958043 -0.266123 0.134763 -0.943344 0.303218 -0.130632 -0.940554 -0.313518
0.032862 -0.985861 -0.164310 0.292314 -0.950019 0.109618 -0.120114 -0.990942 0.060057 -0.314485 -0.943456 0.104828 -0.049907 -0.973177 0.224579 -0.098006 -0.914720 0.392023 0.105666 -0.950998 -0.290583 0.134763 -0.943344 0.303218 -0.129532 -0.932630 -0.336783
0.033023 -0.990687 -0.132092 0.290957 -0.945611 0.145479 -0.163605 -0.981630 0.098163 -0.274075 -0.959264 0.068519 -0.051148 -0.971807 0.230165 -0.129302 -0.937437 0.323254 0.135037 -0.945256 -0.297080 0.158991 -0.953945 0.254385 -0.164153 -0.930199 -0.328305
0.061633 -0.986134 -0.154083 0.299392 -0.935601 0.187120 -0.131876 -0.989071 0.065938 -0.304430 -0.947114 0.101477 -0.051148 -0.971807 0.230165 -0.119470 -0.955756 0.268806 0.132640 -0.955005 -0.265279 0.146616 -0.967663 0.205262 -0.190164 -0.950820 -0.244497
0.095106 -0.982766 -0.158511 0.289241 -0.940032 0.180775 -0.099504 -0.995037 0.000000 -0.314485 -0.943456 0.104828 -0.048723 -0.974451 0.219251 -0.057831 -0.983135 0.173494 0.079002 -0.974359 -0.210672 0.108947 -0.980522 0.163420 -0.187485 -0.964209 -0.187485
0.095106 -0.982766 -0.158511 0.290957 -0.945611 0.145479 -0.062348 -0.997567 -0.031174 -0.314485 -0.943456 0.104828 -0.049192 -0.983838 0.172172 -0.047836 -0.956730 0.287019 0.074421 -0.992278 -0.099228 0.076077 -0.989007 0.126796 -0.150851 -0.980531 -0.125709
0.098163 -0.981630 -0.163605 0.303218 -0.943344 0.134763 -0.033150 -0.994490 -0.099449 -0.274075 -0.959264 0.068519 -0.049386 -0.987730 0.148159 -0.022394 -0.962955 0.268732 0.069598 -0.997575 0.000000 0.023776 -0.998586 0.047552 -0.094782 -0.995216 -0.023696
0.065618 -0.984268 -0.164045 0.321839 -0.929758 0.178800 -0.031099 -0.995153 -0.093296 -0.293294 -0.953206 0.073324 -0.023094 -0.993042 0.115470 -0.021582 -0.971173 0.237398 0.067746 -0.993605 0.090328 0.000000 -1.000000 0.000000 -0.090443 -0.994874 0.045222
0.063564 -0.985245 -0.158910 0.332877 -0.924658 0.184932 0.000000 -0.986394 -0.164399 -0.292314 -0.950019 0.109618 -0.023696 -0.995216 0.094782 -0.021238 -0.976956 0.212382 0.064342 -0.986570 0.150130 -0.023224 -0.998651 -0.046449 -0.065938 -0.989071 0.131876
0.030861 -0.987541 -0.154303 0.332877 -0.924658 0.184932 0.000000 -0.988012 -0.154377 -0.293294 -0.953206 0.073324 -0.023150 -0.995434 0.092599 0.020892 -0.981941 0.188031 0.042630 -0.980500 0.191837 -0.065064 -0.997645 0.021688 -0.043716 -0.983621 0.174866
0.030700 -0.982409 -0.184202 0.334945 -0.930404 0.148865 0.000000 -0.988012 -0.154377 -0.303895 -0.949671 0.075974 -0.023193 -0.997307 0.069580 0.021040 -0.988871 0.147279 0.041398 -0.972853 0.227689 -0.063686 -0.997744 0.021229 -0.042448 -0.976296 0.212238
0.000000 -0.978234 -0.207504 0.346925 -0.925132 0.154189 0.000000 -0.982872 -0.184289 -0.304555 -0.951734 0.038069 0.000000 -0.997459 0.071247 0.021101 -0.991729 0.126604 0.041196 -0.968095 0.247173 -0.108034 -0.993912 0.021607 -0.020712 -0.973479 0.227836
0.000000 -0.954480 -0.298275 0.328244 -0.943701 0.041030 0.000000 -0.968277 -0.249878 -0.293887 -0.955134 0.036736 0.000000 -0.997459 0.071247 0.021607 -0.993912 0.108034 0.042033 -0.966762 0.252199 -0.108034 -0.993912 0.021607 -0.020611 -0.968712 0.247331
-0.057401 -0.947119 -0.315706 0.378633 -0.925547 0.000000 0.030303 -0.969697 -0.242424 -0.304776 -0.952424 0.000000 0.000000 -0.998812 0.048723 0.000000 -0.997880 0.065079 0.042033 -0.966762 0.252199 -0.108059 -0.994144 0.000000 -0.020915 -0.962099 0.271898
-0.056299 -0.928933 -0.365943 0.378633 -0.925547 0.000000 0.000000 -0.970143 -0.242536 -0.269430 -0.962250 -0.038490 0.000000 -0.999703 0.024383 0.000000 -0.999056 0.043437 0.021467 -0.966012 0.257603 -0.086609 -0.996007 -0.021652 -0.021467 -0.966012 0.257603
-0.055706 -0.919152 -0.389943 0.378633 -0.925547 0.000000 0.000000 -0.962651 -0.270746 -0.293887 -0.955134 -0.036736 0.000000 -0.998812 0.048723 0.000000 -0.999753 0.022217 0.021582 -0.971173 0.237398 -0.088453 -0.995098 -0.044227 -0.021031 -0.967403 0.252366
-0.028618 -0.915782 -0.400655 0.364399 -0.931243 0.000000 0.000000 -0.970143 -0.242536 -0.283375 -0.956389 -0.070844 0.000000 -0.999717 0.023803 0.000000 -0.999753 0.022217 0.022043 -0.969907 0.242477 -0.088518 -0.995829 -0.022130 -0.021582 -0.971173 0.237398
-0.028618 -0.915782 -0.400655 0.364101 -0.930480 -0.040456 0.000000 -0.962651 -0.270746 -0.259794 -0.964951 -0.037113 0.000000 -0.998868 0.047565 0.000000 -1.000000 0.000000 0.022157 -0.974893 0.221567 -0.088453 -0.995098 -0.044227 -0.021688 -0.975957 0.216879
-0.028940 -0.926079 -0.376219 0.364101 -0.930480 -0.040456 0.000000 -0.970143 -0.242536 -0.259259 -0.962963 -0.074074 0.000000 -0.999717 0.023803 0.000000 -1.000000 0.000000 0.022157 -0.974893 0.221567 -0.066454 -0.996805 -0.044302 -0.064942 -0.974126 0.216473
-0.028940 -0.926079 -0.376219 0.378298 -0.924729 -0.042033 0.000000 -0.964764 -0.263117 -0.224231 -0.971666 -0.074744 0.000000 -0.999730 0.023250 0.000000 -1.000000 0.000000 0.022157 -0.974893 0.221567 -0.067867 -0.995383 -0.067867 -0.065233 -0.978492 0.195698
-0.029735 -0.921787 -0.386556 0.364101 -0.930480 -0.040456 0.029437 -0.971429 -0.235498 -0.224231 -0.971666 -0.074744 -0.023243 -0.999460 0.023243 0.000000 -1.000000 0.000000 0.022157 -0.974893 0.221567 -0.067954 -0.996659 -0.045303 -0.065497 -0.982448 0.174658
0.000000 -0.932568 -0.360994 0.350857 -0.935617 -0.038984 0.030069 -0.962216 -0.270623 -0.259259 -0.962963 -0.074074 0.000000 -1.000000 0.000000 0.000000 -0.999753 0.022217 0.022261 -0.979472 0.200347 -0.067954 -0.996659 -0.045303 -0.065497 -0.982448 0.174658
0.000000 -0.922194 -0.386727 0.350857 -0.935617 -0.038984 0.030069 -0.962216 -0.270623 -0.224702 -0.973708 -0.037450 0.000000 -0.999730 0.023250 0.000000 -0.999742 0.022721 0.021786 -0.980348 0.196070 -0.067954 -0.996659 -0.045303 -0.065732 -0.985979 0.153375
