-0.457293 -0.887687 -0.053799 0.816026 -0.576018 -0.048002 0.354100 -0.904923 0.236067 -0.808608 -0.570782 0.142695 0.061314 -0.735767 0.674453 -0.341882 -0.592595 0.729348 0.420170 -0.444885 -0.790907 0.270147 -0.589412 0.761324 -0.426469 -0.501728 -0.752591
-0.434821 -0.896819 -0.081529 0.861934 -0.507020 0.000000 0.374766 -0.899438 0.224860 -0.830504 -0.537385 0.146560 0.062592 -0.751101 0.657213 -0.306897 -0.591872 0.745320 0.415997 -0.367057 -0.831995 0.138303 -0.802159 0.580873 -0.413990 -0.451626 -0.790345
-0.325300 -0.943370 -0.065060 0.894427 -0.447214 0.000000 0.377695 -0.906467 0.188847 -0.830504 -0.537385 0.146560 0.062592 -0.751101 0.657213 -0.298142 -0.596285 0.745356 0.414388 -0.316885 -0.853151 0.054393 -0.870285 0.489535 -0.408248 -0.408248 -0.816497
-0.224702 -0.973708 -0.037450 0.894427 -0.447214 0.000000 0.377695 -0.906467 0.188847 -0.852133 -0.501255 0.150376 0.062592 -0.751101 0.657213 -0.294362 -0.609750 0.735905 0.420426 -0.272041 -0.865584 0.000000 -0.905459 0.424434 -0.372046 -0.372046 -0.850390
-0.350134 -0.923080 -0.159152 0.894427 -0.447214 0.000000 0.409378 -0.893188 0.186081 -0.852133 -0.501255 0.150376 0.031342 -0.752207 0.658181 -0.267318 -0.616887 0.740265 0.395938 -0.222715 -0.890860 -0.028618 -0.915782 0.400655 -0.357930 -0.417585 -0.835170
-0.331679 -0.928701 -0.165840 0.893325 -0.446663 -0.049629 0.439646 -0.879292 0.183186 -0.894675 -0.423793 0.141264 0.031342 -0.752207 0.658181 -0.244898 -0.632653 0.734694 0.398015 -0.199007 -0.895533 -0.028940 -0.926079 0.376219 -0.366508 -0.366508 -0.855186
-0.329690 -0.923133 -0.197814 0.903738 -0.428086 0.000000 0.439646 -0.879292 0.183186 -0.894675 -0.423793 0.141264 0.061142 -0.764272 0.641989 -0.244898 -0.632653 0.734694 0.398015 -0.199007 -0.895533 -0.060057 -0.930885 0.360342 -0.320750 -0.449050 -0.833950
-0.432450 -0.900937 -0.036037 0.832050 -0.554700 0.000000 0.396155 -0.900353 0.180071 -0.865025 -0.480569 0.144171 0.029907 -0.777593 0.628056 -0.229018 -0.645413 0.728692 0.384111 -0.307289 -0.870651 0.207074 -0.736265 0.644232 -0.466173 -0.262222 -0.844939
-0.482199 -0.873986 -0.060275 0.707107 -0.707107 0.000000 0.383669 -0.906854 0.174395 -0.803379 -0.580218 0.133897 0.000000 -0.789352 0.613941 -0.197433 -0.636173 0.745858 0.333773 -0.462147 -0.821594 0.229416 -0.688247 0.688247 -0.416887 -0.416887 -0.807719
-0.238976 -0.955904 0.170697 0.521450 -0.853282 0.000000 0.311458 -0.934374 0.173032 -0.658737 -0.736235 0.154997 -0.028701 -0.774916 0.631413 -0.171088 -0.684353 0.708794 0.310045 -0.645928 -0.697602 0.201453 -0.679905 0.705086 -0.349891 -0.649797 -0.674789
0.000000 -0.961524 0.274721 0.355995 -0.934488 0.000000 0.240239 -0.960958 0.137280 -0.598089 -0.797452 0.079745 -0.027918 -0.809626 0.586281 -0.129750 -0.726599 0.674699 0.204591 -0.818363 -0.537051 0.158059 -0.711266 0.684922 -0.287348 -0.766261 -0.574696
0.104194 -0.972480 0.208389 0.242536 -0.970143 0.000000 0.039841 -0.996024 0.079682 -0.415464 -0.906467 0.075539 0.000000 -0.852601 0.522562 -0.082138 -0.793999 0.602344 0.145308 -0.920283 -0.363270 0.103556 -0.776671 0.621336 -0.233762 -0.864920 -0.444148
0.105474 -0.984428 0.140633 0.152057 -0.988372 0.000000 -0.110357 -0.993211 0.036786 -0.294086 -0.955779 0.000000 0.000000 -0.889288 0.457348 -0.050637 -0.860828 0.506370 0.117655 -0.964773 -0.235310 0.049553 -0.867177 0.495529 -0.210674 -0.936329 -0.280899
0.034462 -0.999406 0.000000 0.102839 -0.994107 0.034280 -0.202145 -0.977035 -0.067382 -0.132164 -0.991228 0.000000 -0.025039 -0.926449 0.375587 -0.073324 -0.953206 0.293294 0.099015 -0.990148 -0.099015 0.000000 -0.934488 0.355995 -0.171088 -0.977647 -0.122206
0.033023 -0.990687 -0.132092 0.066190 -0.992855 0.099286 -0.278277 -0.958508 -0.061839 -0.033296 -0.998891 0.033296 -0.048154 -0.963087 0.264849 -0.046017 -0.989356 0.138050 0.071167 -0.996335 0.047445 0.000000 -0.963811 0.266586 -0.160296 -0.984675 0.068698
0.061898 -0.990375 -0.123797 0.035489 -0.993683 0.106466 -0.249756 -0.967805 -0.031220 -0.034381 -0.997041 0.068761 -0.048029 -0.984599 0.168102 -0.020668 -0.992066 0.124008 0.042630 -0.980500 0.191837 -0.038590 -0.984050 0.173656 -0.131812 -0.966625 0.219687
0.055385 -0.996928 -0.055385 0.078750 -0.984374 0.157500 -0.227230 -0.973841 0.000000 -0.070844 -0.991811 0.106265 -0.023094 -0.993042 0.115470 0.000000 -0.995037 -0.099504 0.041301 -0.949919 0.309756 -0.057586 -0.998156 -0.019195 -0.124649 -0.934866 0.332397
0.107443 -0.993848 0.026861 0.131812 -0.966625 0.219687 -0.169516 -0.983192 0.067806 -0.156055 -0.975343 0.156055 -0.025499 -0.994458 0.101996 0.058178 -0.989034 -0.135750 0.039707 -0.933120 0.357365 -0.096674 -0.986071 -0.135343 -0.138215 -0.908268 0.394899
0.055132 -0.992372 0.110264 0.223161 -0.937276 0.267793 -0.195698 -0.978492 0.065233 -0.180187 -0.973012 0.144150 0.000000 -0.997880 0.065079 0.077252 -0.984967 -0.154505 0.019932 -0.916888 0.398647 -0.096674 -0.986071 -0.135343 -0.125519 -0.899550 0.418395
0.083754 -0.977135 0.195427 0.242140 -0.928204 0.282497 -0.234115 -0.969905 0.066890 -0.150329 -0.977140 0.150329 0.000000 -0.997575 0.069598 0.077820 -0.992210 -0.097276 0.020468 -0.921057 0.388891 -0.080763 -0.989344 -0.121144 -0.120947 -0.907103 0.403157
0.116150 -0.958234 0.261337 0.290159 -0.911929 0.290159 -0.273275 -0.956462 0.102478 -0.150329 -0.977140 0.150329 0.096844 -0.992646 0.072633 0.061059 -0.997304 -0.040706 0.020628 -0.928279 0.371312 -0.080944 -0.991570 -0.101181 -0.104599 -0.920470 0.376556
0.144639 -0.954619 0.260351 0.297402 -0.892205 0.339887 -0.264616 -0.959235 0.099231 -0.193746 -0.968730 0.154997 0.025335 -0.988054 0.152008 0.061097 -0.997924 -0.020366 0.020784 -0.935270 0.353324 -0.062257 -0.996116 -0.062257 -0.106191 -0.934480 0.339811
0.144639 -0.954619 0.260351 0.298753 -0.853579 0.426790 -0.255551 -0.958315 0.127775 -0.194772 -0.973862 0.116863 0.000000 -0.981615 0.190870 0.062378 -0.998053 0.000000 0.020528 -0.944298 0.328451 -0.063571 -0.995950 -0.063571 -0.085730 -0.943026 0.321486
0.186411 -0.932055 0.310685 0.288185 -0.864556 0.411693 -0.225338 -0.965734 0.128765 -0.240772 -0.963087 0.120386 -0.027842 -0.974481 0.222738 0.063700 -0.997969 0.000000 0.020664 -0.950527 0.309954 -0.043396 -0.998115 -0.043396 -0.084572 -0.951436 0.296002
0.156174 -0.937043 0.312348 0.283190 -0.849569 0.445012 -0.225338 -0.965734 0.128765 -0.201292 -0.966204 0.161034 -0.055620 -0.973349 0.222480 0.041622 -0.998917 0.020811 0.020387 -0.958186 0.285417 -0.041550 -0.997191 -0.062324 -0.085573 -0.962691 0.256718
0.181154 -0.935962 0.301923 0.273722 -0.860268 0.430134 -0.219286 -0.971124 0.093980 -0.201292 -0.966204 0.161034 -0.054153 -0.974755 0.216612 0.040782 -0.999168 0.000000 0.019819 -0.971107 0.237822 -0.019960 -0.998006 -0.059880 -0.103033 -0.968506 0.226672
0.140747 -0.957082 0.253345 0.273722 -0.860268 0.430134 -0.168364 -0.982124 0.084182 -0.229416 -0.963546 0.137649 -0.125709 -0.980531 0.150851 0.019589 -0.999040 0.039178 0.039193 -0.979827 0.195965 -0.019600 -0.999616 -0.019600 -0.099860 -0.978631 0.179749
0.093980 -0.971124 0.219286 0.244745 -0.897399 0.367118 -0.141196 -0.988369 0.056478 -0.250435 -0.960001 0.125218 -0.070750 -0.990500 0.117917 0.020404 -0.999792 0.000000 0.040250 -0.986133 0.161001 0.020400 -0.999584 -0.020400 -0.120337 -0.982756 0.140394
0.033748 -0.978703 0.202490 0.196116 -0.941357 0.274563 -0.110389 -0.993505 0.027597 -0.314027 -0.942082 0.117760 -0.023094 -0.993042 0.115470 0.000000 -0.989090 0.147311 0.059702 -0.995037 0.079603 0.066259 -0.993884 0.088345 -0.138539 -0.989566 0.039583
-0.035136 -0.983820 0.175682 0.190901 -0.954504 0.229081 -0.107327 -0.992774 0.053663 -0.326250 -0.942499 0.072500 -0.023094 -0.993042 0.115470 -0.046017 -0.966347 0.253091 0.084781 -0.996174 -0.021195 0.092723 -0.973590 0.208626 -0.170716 -0.981616 -0.085358
-0.031976 -0.991271 0.127906 0.185567 -0.964951 0.185567 -0.133726 -0.989574 0.053490 -0.347105 -0.937184 0.034711 -0.023564 -0.989675 0.141382 -0.088977 -0.912012 0.400396 0.096393 -0.988024 -0.120491 0.044216 -0.906423 0.420050 -0.192450 -0.962250 -0.192450
0.029386 -0.999136 0.029386 0.184177 -0.957722 0.221013 -0.168364 -0.982124 0.084182 -0.347105 -0.937184 0.034711 -0.024507 -0.980286 0.196057 -0.114407 -0.869495 0.480510 0.156545 -0.965363 -0.208727 0.000000 -0.835417 0.549617 -0.177116 -0.936184 -0.303627
0.093296 -0.995153 0.031099 0.189117 -0.945587 0.264764 -0.173133 -0.981087 0.086566 -0.326895 -0.944363 0.036322 -0.025743 -0.978225 0.205942 -0.138159 -0.805930 0.575664 0.216612 -0.920602 -0.324918 0.000000 -0.770022 0.638018 -0.161048 -0.912608 -0.375780
0.093296 -0.995153 0.031099 0.233373 -0.933492 0.272268 -0.200904 -0.975820 0.086102 -0.293887 -0.955134 0.036736 -0.025743 -0.978225 0.205942 -0.162004 -0.763733 0.624873 0.214654 -0.912279 -0.348813 -0.022417 -0.739754 0.672504 -0.159392 -0.903221 -0.398480
0.093296 -0.995153 0.031099 0.225176 -0.938233 0.262705 -0.200904 -0.975820 0.086102 -0.293294 -0.953206 0.073324 -0.025743 -0.978225 0.205942 -0.167860 -0.743382 0.647462 0.209513 -0.916620 -0.340459 -0.022792 -0.729348 0.683763 -0.161048 -0.912608 -0.375780
0.123975 -0.991801 0.030994 0.189117 -0.945587 0.264764 -0.178174 -0.979958 0.089087 -0.293294 -0.953206 0.073324 -0.025872 -0.983124 0.181102 -0.144673 -0.723364 0.675140 0.207600 -0.908249 -0.363300 -0.044845 -0.717518 0.695095 -0.159392 -0.903221 -0.398480
0.132092 -0.990687 0.033023 0.225176 -0.938233 0.262705 -0.158511 -0.982766 0.095106 -0.293294 -0.953206 0.073324 -0.025872 -0.983124 0.181102 -0.144673 -0.723364 0.675140 0.204591 -0.920659 -0.332460 -0.046312 -0.717831 0.694675 -0.153493 -0.920960 -0.358151
0.096324 -0.995350 0.000000 0.182574 -0.949386 0.255604 -0.131876 -0.989071 0.065938 -0.259259 -0.962963 0.074074 -0.025425 -0.991561 0.127123 -0.118180 -0.779987 0.614535 0.178434 -0.943154 -0.280397 -0.045361 -0.771136 0.635053 -0.157405 -0.944430 -0.288576
0.064249 -0.995863 -0.064249 0.182574 -0.949386 0.255604 -0.102658 -0.992360 0.068439 -0.250319 -0.965518 0.071520 -0.024868 -0.994729 0.099473 -0.089220 -0.825285 0.557625 0.130189 -0.963398 -0.234340 -0.043623 -0.807022 0.588908 -0.126229 -0.959339 -0.252458
0.060248 -0.994084 -0.090371 0.182574 -0.949386 0.255604 -0.102839 -0.994107 0.034280 -0.250319 -0.965518 0.071520 -0.024922 -0.996890 0.074767 -0.063686 -0.870373 0.488258 0.103418 -0.982467 -0.155126 -0.042835 -0.856706 0.514024 -0.125196 -0.976527 -0.175274
0.062107 -0.993712 -0.093161 0.184177 -0.957722 0.221013 -0.099449 -0.994490 0.033150 -0.250319 -0.965518 0.071520 -0.024318 -0.997039 0.072954 -0.061991 -0.888536 0.454600 0.099015 -0.990148 -0.099015 -0.041371 -0.889486 0.455086 -0.123429 -0.987429 -0.098743
0.061898 -0.990375 -0.123797 0.184177 -0.957722 0.221013 -0.099504 -0.995037 0.000000 -0.259259 -0.962963 0.074074 -0.023776 -0.998586 0.047552 -0.061951 -0.908618 0.413008 0.096986 -0.994104 -0.048493 -0.020686 -0.910172 0.413714 -0.118081 -0.991880 -0.047232
0.064084 -0.993304 -0.096126 0.185567 -0.964951 0.185567 -0.066482 -0.997234 -0.033241 -0.250319 -0.965518 0.071520 -0.023776 -0.998586 0.047552 -0.041541 -0.934665 0.353096 0.092599 -0.995434 0.023150 -0.020240 -0.931052 0.364325 -0.118213 -0.992988 0.000000
0.065938 -0.989071 -0.131876 0.184177 -0.957722 0.221013 -0.034280 -0.994107 -0.102839 -0.259259 -0.962963 0.074074 -0.023224 -0.998651 0.046449 -0.042983 -0.945635 0.322376 0.090328 -0.993605 0.067746 -0.021344 -0.960495 0.277476 -0.112452 -0.989576 0.089961
0.063564 -0.985245 -0.158910 0.190901 -0.954504 0.229081 -0.035489 -0.993683 -0.106466 -0.259259 -0.962963 0.074074 -0.023776 -0.998586 0.047552 -0.021344 -0.960495 0.277476 0.066114 -0.991709 0.110190 -0.021138 -0.972362 0.232521 -0.111887 -0.984609 0.134265
0.065938 -0.989071 -0.131876 0.192450 -0.962250 0.192450 -0.035333 -0.989331 -0.141333 -0.259259 -0.962963 0.074074 -0.023243 -0.999460 0.023243 -0.021582 -0.971173 0.237398 0.065497 -0.982448 0.174658 -0.021330 -0.981169 0.191968 -0.108747 -0.978724 0.173995
0.032862 -0.985861 -0.164310 0.229081 -0.954504 0.190901 -0.033962 -0.984892 -0.169809 -0.259259 -0.962963 0.074074 -0.023243 -0.999460 0.023243 -0.021688 -0.975957 0.216879 0.063873 -0.979389 0.191620 -0.021487 -0.988391 0.150407 -0.107833 -0.970495 0.215666
0.031830 -0.986741 -0.159152 0.239426 -0.957704 0.159617 0.000000 -0.980581 -0.196116 -0.268833 -0.960119 0.076810 -0.023243 -0.999460 0.023243 -0.021786 -0.980348 0.196070 0.063600 -0.975198 0.212000 0.000000 -0.994144 0.108059 -0.085573 -0.962691 0.256718
0.000000 -0.982872 -0.184289 0.266485 -0.951734 0.152277 0.000000 -0.968277 -0.249878 -0.279776 -0.959233 0.039968 -0.023796 -0.999434 0.023796 0.000000 -0.979715 0.200396 0.041586 -0.977260 0.207928 0.000000 -0.996073 0.088540 -0.083388 -0.958958 0.271010
0.030700 -0.982409 -0.184202 0.267848 -0.956598 0.114792 0.000000 -0.960346 -0.278810 -0.280000 -0.960000 0.000000 0.000000 -0.999730 0.023250 0.000000 -0.979715 0.200396 0.042248 -0.971711 0.232366 0.000000 -0.997785 0.066519 -0.084572 -0.951436 0.296002
0.030700 -0.982409 -0.184202 0.259259 -0.962963 0.074074 0.029814 -0.954056 -0.298142 -0.328521 -0.944497 0.000000 0.000000 -0.999730 0.023250 0.000000 -0.979715 0.200396 0.042248 -0.971711 0.232366 -0.022195 -0.998768 0.044390 -0.063529 -0.952928 0.296466
