-0.546979 -0.833492 -0.078140 0.960518 -0.274434 -0.045739 0.706063 -0.706063 0.054313 -0.952926 -0.303204 0.000000 0.000000 -0.722642 0.691223 -0.327715 -0.702247 0.632022 0.473029 -0.262794 -0.840941 0.140525 -0.815044 0.562099 -0.345834 -0.172917 -0.922225
-0.556198 -0.822206 -0.120913 0.911922 -0.410365 0.000000 0.693395 -0.720064 0.026669 -0.893534 -0.446767 0.044677 0.000000 -0.737154 0.675725 -0.377859 -0.732102 0.566789 0.521818 -0.339182 -0.782727 0.133870 -0.776445 0.615801 -0.320713 -0.267261 -0.908688
-0.516256 -0.844782 -0.140797 0.809858 -0.584898 0.044992 0.706864 -0.706864 0.026180 -0.778499 -0.622799 0.077850 -0.030700 -0.736807 0.675406 -0.411585 -0.702115 0.581061 0.501216 -0.527596 -0.685875 0.141876 -0.879632 0.454003 -0.363790 -0.467730 -0.805535
-0.342747 -0.934765 0.093477 0.633102 -0.768767 0.090443 0.588348 -0.784465 0.196116 -0.706496 -0.706496 0.041559 -0.030015 -0.750375 0.660330 -0.375587 -0.726135 0.575901 0.404966 -0.683380 -0.607449 0.089126 -0.950681 0.297088 -0.310253 -0.672214 -0.672214
-0.067806 -0.983192 0.169516 0.480079 -0.872872 0.087287 0.359443 -0.898606 0.251610 -0.554700 -0.832050 0.000000 -0.058026 -0.812362 0.580259 -0.306886 -0.818363 0.485903 0.329775 -0.811754 -0.481979 0.084549 -0.873673 0.479111 -0.267261 -0.801784 -0.534522
0.101419 -0.980379 0.169031 0.397464 -0.914168 0.079493 0.039193 -0.979827 0.195965 -0.371135 -0.927837 -0.037113 0.000000 -0.871576 0.490261 -0.224133 -0.924547 0.308182 0.247083 -0.914207 -0.321208 0.059549 -0.952786 0.297746 -0.215141 -0.908374 -0.358569
0.207514 -0.968400 0.138343 0.250319 -0.965518 0.071520 -0.141333 -0.989331 0.035333 -0.209020 -0.975426 -0.069673 -0.026900 -0.914587 0.403494 -0.131625 -0.974022 0.184274 0.176439 -0.957814 -0.226851 0.026547 -0.982224 0.185826 -0.171293 -0.954347 -0.244704
0.209401 -0.977207 -0.034900 0.158511 -0.982766 0.095106 -0.287202 -0.957338 -0.031911 -0.033241 -0.997234 -0.066482 0.000000 -0.951223 0.308505 -0.069301 -0.993307 0.092401 0.123693 -0.989541 -0.074216 0.000000 -0.993605 0.112910 -0.175274 -0.976527 -0.125196
0.247025 -0.952809 -0.176446 0.099015 -0.990148 0.099015 -0.262330 -0.950947 -0.163956 0.032241 -0.999480 0.000000 0.000000 -0.974391 0.224860 -0.021267 -0.999548 0.021267 0.067954 -0.996659 0.045303 -0.020387 -0.998960 0.040774 -0.168248 -0.985452 0.024035
0.192450 -0.962250 -0.192450 0.070844 -0.991811 0.106265 -0.127386 -0.987241 -0.095539 0.034381 -0.997041 0.068761 0.000000 -0.985736 0.168296 0.039178 -0.999040 -0.019589 0.041913 -0.984955 0.167652 -0.058621 -0.996558 -0.058621 -0.151389 -0.973215 0.173016
0.167506 -0.971537 -0.167506 0.105934 -0.988714 0.105934 0.000000 -0.997925 -0.064382 -0.035489 -0.993683 0.106466 0.023636 -0.992711 0.118180 0.102533 -0.984318 -0.143546 0.000000 -0.966562 0.256435 -0.134740 -0.981677 -0.134740 -0.122119 -0.956597 0.264591
0.089883 -0.988716 -0.119844 0.181012 -0.977466 0.108607 0.057027 -0.997965 -0.028513 -0.123091 -0.984732 0.123091 0.023150 -0.995434 0.092599 0.137334 -0.980958 -0.137334 0.000000 -0.950605 0.310402 -0.153562 -0.978961 -0.134367 -0.098342 -0.944085 0.314695
0.095880 -0.990764 -0.095880 0.257151 -0.955134 0.146944 -0.027007 -0.999270 -0.027007 -0.185296 -0.972806 0.138972 0.000000 -0.997684 0.068024 0.118308 -0.985904 -0.118308 -0.019503 -0.936151 0.351057 -0.147019 -0.987125 -0.063008 -0.096547 -0.946165 0.308952
0.169809 -0.984892 0.033962 0.240239 -0.960958 0.137280 -0.087743 -0.994424 -0.058496 -0.177297 -0.975133 0.132973 0.000000 -0.997684 0.068024 0.081295 -0.995861 -0.040647 -0.020004 -0.940188 0.340068 -0.105762 -0.994166 0.021152 -0.100830 -0.947804 0.302491
0.154083 -0.986134 0.061633 0.310227 -0.930680 0.193892 -0.149537 -0.986945 -0.059815 -0.163846 -0.983078 0.081923 0.000000 -0.997785 0.066519 0.000000 -0.999096 0.042515 0.000000 -0.946650 0.322264 -0.088195 -0.992191 0.088195 -0.079745 -0.956943 0.279108
0.178174 -0.979958 0.089087 0.264764 -0.945587 0.189117 -0.116791 -0.992727 -0.029198 -0.170716 -0.981616 0.085358 0.000000 -0.999014 0.044401 -0.021195 -0.996174 0.084781 -0.019760 -0.948498 0.316166 -0.066259 -0.993884 0.088345 -0.078251 -0.958576 0.273879
0.149204 -0.984746 0.089522 0.297113 -0.928477 0.222834 -0.145432 -0.988941 -0.029086 -0.178707 -0.982888 0.044677 0.000000 -0.999014 0.044401 -0.041407 -0.993765 0.103517 0.020265 -0.952464 0.303978 -0.066114 -0.991709 0.110190 -0.079745 -0.956943 0.279108
0.143978 -0.979051 0.143978 0.307692 -0.923077 0.230769 -0.149537 -0.986945 -0.059815 -0.163846 -0.983078 0.081923 0.022195 -0.998768 0.044390 -0.041407 -0.993765 0.103517 0.020265 -0.952464 0.303978 -0.044227 -0.995098 0.088453 -0.080177 -0.962119 0.260574
0.116052 -0.986440 0.116052 0.315735 -0.907738 0.276268 -0.090495 -0.995440 -0.030165 -0.203785 -0.978167 0.040757 0.022669 -0.997427 0.068006 -0.040481 -0.991773 0.121442 0.020105 -0.965031 0.261363 -0.062324 -0.997191 0.041550 -0.080177 -0.962119 0.260574
0.087296 -0.989359 0.116395 0.269630 -0.924445 0.269630 -0.060385 -0.996347 -0.060385 -0.203279 -0.975739 0.081312 0.024318 -0.997039 0.072954 -0.019139 -0.995227 0.095695 0.000000 -0.970143 0.242536 -0.039178 -0.999040 0.019589 -0.100544 -0.965226 0.241307
0.090167 -0.991837 0.090167 0.257674 -0.920263 0.294484 0.000000 -0.998371 -0.057050 -0.232670 -0.969458 0.077557 0.000000 -0.995275 0.097100 0.000000 -0.999829 0.018515 0.000000 -0.970143 0.242536 -0.056423 -0.996811 0.056423 -0.121466 -0.971732 0.202444
0.060385 -0.996347 0.060385 0.215387 -0.933346 0.287183 0.029348 -0.997844 -0.058697 -0.258375 -0.959678 0.110732 0.000000 -0.995037 0.099504 0.038369 -0.997605 -0.057554 0.000000 -0.974732 0.223376 -0.075138 -0.995580 0.056354 -0.122373 -0.978980 0.163163
0.030289 -0.999541 0.000000 0.241236 -0.930481 0.275698 0.055279 -0.995022 -0.082918 -0.292314 -0.950019 0.109618 0.000000 -0.992278 0.124035 0.040706 -0.997304 -0.061059 0.020472 -0.982666 0.184250 -0.057218 -0.991781 0.114436 -0.140028 -0.980196 0.140028
0.030234 -0.997712 -0.060467 0.206284 -0.928279 0.309426 0.028456 -0.995943 -0.085367 -0.292314 -0.950019 0.109618 -0.025335 -0.988054 0.152008 0.022195 -0.998768 0.044390 0.040481 -0.991773 0.121442 -0.042052 -0.988215 0.147181 -0.143819 -0.986186 0.082182
0.031976 -0.991271 -0.127906 0.206284 -0.928279 0.309426 0.060057 -0.990942 -0.120114 -0.355335 -0.923870 0.142134 -0.050621 -0.987105 0.151862 0.023636 -0.992711 0.118180 0.044227 -0.995098 0.088453 0.022858 -0.982873 0.182860 -0.157075 -0.987332 0.022439
0.000000 -0.981780 -0.190022 0.240665 -0.893898 0.378188 0.030165 -0.995440 -0.090495 -0.355335 -0.923870 0.142134 -0.050173 -0.978369 0.200691 -0.028375 -0.993133 0.113501 0.102029 -0.994781 0.000000 0.050833 -0.965824 0.254164 -0.176160 -0.981462 -0.075497
0.031450 -0.974958 -0.220152 0.276026 -0.897085 0.345033 -0.060467 -0.997712 -0.030234 -0.376412 -0.923921 0.068439 -0.051434 -0.977255 0.205738 -0.031220 -0.967805 0.249756 0.106525 -0.985354 -0.133156 0.088007 -0.968079 0.234686 -0.188365 -0.968736 -0.161456
0.031830 -0.986741 -0.159152 0.317011 -0.880587 0.352235 -0.093341 -0.995634 0.000000 -0.375315 -0.921228 0.102359 -0.079002 -0.974359 0.210672 -0.032915 -0.954547 0.296239 0.107833 -0.970495 -0.215666 0.126681 -0.950110 0.285033 -0.191368 -0.956841 -0.218707
0.030994 -0.991801 -0.123975 0.307434 -0.888143 0.341593 -0.120277 -0.992285 0.030069 -0.375315 -0.921228 0.102359 -0.079002 -0.974359 0.210672 -0.067116 -0.939618 0.335578 0.109231 -0.955771 -0.273077 0.130605 -0.946884 0.293860 -0.190164 -0.950820 -0.244497
0.000000 -0.998053 -0.062378 0.341593 -0.888143 0.307434 -0.123797 -0.990375 0.061898 -0.376412 -0.923921 0.068439 -0.079002 -0.974359 0.210672 -0.069296 -0.935495 0.346479 0.106449 -0.958043 -0.266123 0.102478 -0.956462 0.273275 -0.159617 -0.957704 -0.239426
0.031220 -0.999025 -0.031220 0.324337 -0.900937 0.288300 -0.163605 -0.981630 0.098163 -0.388666 -0.918665 0.070667 -0.077408 -0.980502 0.180619 -0.065060 -0.943370 0.325300 0.105666 -0.950998 -0.290583 0.098321 -0.950437 0.294963 -0.158555 -0.951330 -0.264258
0.062348 -0.997567 -0.031174 0.282138 -0.916949 0.282138 -0.164045 -0.984268 0.065618 -0.388666 -0.918665 0.070667 -0.050621 -0.987105 0.151862 -0.095346 -0.953463 0.286039 0.132640 -0.955005 -0.265279 0.093296 -0.964054 0.248788 -0.159617 -0.957704 -0.239426
0.064349 -0.997409 -0.032174 0.243414 -0.938882 0.243414 -0.132092 -0.990687 0.033023 -0.377075 -0.925548 0.034280 -0.049553 -0.991059 0.123882 -0.049629 -0.893325 0.446663 0.102463 -0.973399 -0.204926 0.057904 -0.955419 0.289521 -0.161456 -0.968736 -0.188365
0.032174 -0.997409 -0.064349 0.245350 -0.946350 0.210300 -0.096275 -0.994837 -0.032092 -0.358057 -0.930949 0.071611 -0.049690 -0.993808 0.099381 -0.044216 -0.906423 0.420050 0.074421 -0.992278 -0.099228 0.050492 -0.959339 0.277703 -0.151282 -0.983332 -0.100855
0.031976 -0.991271 -0.127906 0.217500 -0.942499 0.253750 -0.064084 -0.993304 -0.096126 -0.347105 -0.937184 0.034711 -0.048593 -0.996156 0.072889 -0.042865 -0.921593 0.385783 0.069598 -0.997575 0.000000 0.047338 -0.970431 0.236691 -0.141421 -0.989949 0.000000
0.032862 -0.985861 -0.164310 0.229081 -0.954504 0.190901 -0.065938 -0.989071 -0.131876 -0.347105 -0.937184 0.034711 -0.047511 -0.997740 0.047511 -0.020387 -0.937800 0.346578 0.045303 -0.996659 0.067954 0.047592 -0.975638 0.214164 -0.134976 -0.989827 0.044992
0.000000 -0.981780 -0.190022 0.221013 -0.957722 0.184177 -0.031830 -0.986741 -0.159152 -0.358748 -0.932745 0.035875 -0.048665 -0.997629 0.048665 -0.041559 -0.955847 0.290910 0.043073 -0.990680 0.129219 0.024126 -0.989173 0.144757 -0.109764 -0.987878 0.109764
0.000000 -0.981780 -0.190022 0.230599 -0.960828 0.153732 -0.031830 -0.986741 -0.159152 -0.347105 -0.937184 0.034711 -0.047511 -0.997740 0.047511 -0.020611 -0.968712 0.247331 0.042796 -0.984309 0.171184 0.024268 -0.994982 0.097071 -0.106843 -0.982960 0.149581
-0.031450 -0.974958 -0.220152 0.266485 -0.951734 0.152277 -0.031830 -0.986741 -0.159152 -0.316033 -0.948098 0.035115 -0.047511 -0.997740 0.047511 0.000000 -0.978106 0.208108 0.020892 -0.981941 0.188031 0.000000 -0.997334 0.072976 -0.083297 -0.978742 0.187419
-0.032444 -0.973329 -0.227110 0.266485 -0.951734 0.152277 0.000000 -0.981780 -0.190022 -0.326895 -0.944363 0.036322 -0.047511 -0.997740 0.047511 0.000000 -0.985212 0.171341 0.020611 -0.968712 0.247331 0.024376 -0.999406 0.024376 -0.082584 -0.970362 0.227106
-0.030964 -0.959886 -0.278677 0.266485 -0.951734 0.152277 0.000000 -0.978234 -0.207504 -0.326895 -0.944363 0.036322 -0.023776 -0.998586 0.047552 0.000000 -0.988116 0.153707 0.020105 -0.965031 0.261363 0.000000 -1.000000 0.000000 -0.062980 -0.965696 0.251921
-0.058421 -0.934730 -0.350524 0.303895 -0.949671 0.075974 0.000000 -0.962651 -0.270746 -0.294086 -0.955779 0.000000 -0.023796 -0.999434 0.023796 0.023776 -0.998586 0.047552 0.000000 -0.963811 0.266586 0.000000 -1.000000 0.000000 -0.064282 -0.964237 0.257130
-0.059391 -0.920566 -0.386044 0.304555 -0.951734 0.038069 0.028989 -0.956622 -0.289886 -0.338480 -0.940222 -0.037609 -0.023796 -0.999434 0.023796 0.000000 -0.999688 -0.024992 0.000000 -0.962309 0.271957 0.000000 -1.000000 0.000000 -0.063917 -0.958750 0.276972
-0.059391 -0.920566 -0.386044 0.338719 -0.940887 0.000000 0.028989 -0.956622 -0.289886 -0.350857 -0.935617 -0.038984 0.000000 -0.999717 0.023803 0.000000 -0.997054 -0.076696 0.000000 -0.954857 0.297067 0.000000 -1.000000 0.000000 -0.065248 -0.956974 0.282742
-0.060302 -0.904534 -0.422116 0.338719 -0.940887 0.000000 0.000000 -0.954480 -0.298275 -0.303895 -0.949671 -0.075974 0.000000 -0.999717 0.023803 0.000000 -0.997054 -0.076696 0.000000 -0.952926 0.303204 -0.047232 -0.991880 0.118081 -0.043550 -0.958108 0.283077
-0.029386 -0.910977 -0.411409 0.304555 -0.951734 -0.038069 0.000000 -0.957024 -0.290007 -0.303895 -0.949671 -0.075974 0.000000 -0.999730 0.023250 0.000000 -0.996898 -0.078702 0.000000 -0.952926 0.303204 -0.044845 -0.986587 0.156957 -0.043550 -0.958108 0.283077
-0.030571 -0.917127 -0.397422 0.293294 -0.953206 -0.073324 0.000000 -0.954480 -0.298275 -0.303895 -0.949671 -0.075974 -0.023796 -0.999434 0.023796 0.000000 -0.994505 -0.104685 0.000000 -0.948683 0.316228 -0.065233 -0.978492 0.195698 -0.044477 -0.956264 0.289103
0.000000 -0.928477 -0.371391 0.303895 -0.949671 -0.075974 0.000000 -0.962651 -0.270746 -0.303895 -0.949671 -0.075974 -0.023796 -0.999434 0.023796 0.000000 -0.996898 -0.078702 0.000000 -0.946510 0.322674 -0.046151 -0.992249 0.115378 -0.044477 -0.956264 0.289103
