-0.423999 -0.847998 0.317999 0.793492 -0.606788 0.046676 0.390130 -0.886659 0.248264 -0.798630 -0.588464 0.126099 0.000000 -0.803557 0.595228 -0.114473 -0.658218 0.744073 0.263251 -0.694026 -0.670094 0.205316 -0.787044 0.581728 -0.288508 -0.745313 -0.601059
-0.374879 -0.886078 0.272639 0.704361 -0.704361 0.088045 0.311458 -0.934374 0.173032 -0.737309 -0.655386 0.163846 -0.029540 -0.827115 0.561256 -0.088045 -0.704361 0.704361 0.242536 -0.776114 -0.582086 0.203653 -0.814613 0.543075 -0.293294 -0.806559 -0.513265
-0.295280 -0.918650 0.262471 0.571548 -0.816497 0.081650 0.238976 -0.955904 0.170697 -0.639489 -0.759393 0.119904 0.000000 -0.849640 0.527363 -0.030614 -0.765346 0.642891 0.171344 -0.881200 -0.440600 0.132092 -0.858596 0.495344 -0.241121 -0.868037 -0.434019
-0.192450 -0.962250 0.192450 0.397464 -0.914168 0.079493 0.101419 -0.980379 0.169031 -0.415464 -0.906467 0.075539 -0.028284 -0.905097 0.424264 0.000000 -0.849640 0.527363 0.145479 -0.945611 -0.290957 0.061056 -0.915844 0.396866 -0.215387 -0.933346 -0.287183
0.035489 -0.993683 0.106466 0.241236 -0.964944 0.103387 -0.032225 -0.998961 0.032225 -0.242390 -0.969561 0.034627 -0.027017 -0.945601 0.324206 0.000000 -0.909474 0.415760 0.143756 -0.982335 -0.119797 0.000000 -0.956352 0.292219 -0.167093 -0.978690 -0.119352
0.169907 -0.985460 0.000000 0.132092 -0.990687 0.033023 -0.195698 -0.978492 -0.065233 -0.062348 -0.997567 0.031174 -0.025599 -0.972761 0.230391 0.022255 -0.956974 0.289318 0.121019 -0.992355 0.024204 -0.022261 -0.979472 0.200347 -0.144757 -0.989173 0.024126
0.274559 -0.960958 -0.034320 0.071247 -0.997459 0.000000 -0.212806 -0.972829 -0.091203 0.032225 -0.998961 0.032225 0.000000 -0.988372 0.152057 0.020391 -0.978777 0.203912 0.089420 -0.983624 0.156486 0.000000 -0.999792 0.020404 -0.161572 -0.969432 0.184654
0.062107 -0.993712 -0.093161 -0.041631 -0.999133 0.000000 -0.158511 -0.982766 -0.095106 0.034442 -0.998813 0.034442 0.000000 -0.991882 0.127164 0.039896 -0.997410 0.059845 0.079399 -0.972636 0.218347 -0.019897 -0.994840 -0.099484 -0.143516 -0.963609 0.225525
-0.089087 -0.979958 -0.178174 0.041595 -0.998268 0.041595 -0.032225 -0.998961 -0.032225 -0.035692 -0.999363 0.000000 -0.024868 -0.994729 0.099473 0.077820 -0.992210 -0.097276 0.057682 -0.961361 0.269181 -0.085029 -0.977838 -0.191316 -0.147618 -0.959514 0.239879
-0.148152 -0.977805 -0.148152 0.094386 -0.991051 0.094386 -0.064382 -0.997925 0.000000 -0.073821 -0.996588 -0.036911 -0.023742 -0.997178 0.071227 0.081633 -0.979592 -0.183673 0.056038 -0.952647 0.298870 -0.129070 -0.968022 -0.215116 -0.146230 -0.950495 0.274181
-0.090167 -0.991837 -0.090167 0.157867 -0.986671 0.039467 -0.099449 -0.994490 0.033150 -0.110432 -0.993884 0.000000 0.000000 -0.997575 0.069598 0.106071 -0.975856 -0.190928 0.018808 -0.959196 0.282116 -0.112537 -0.967821 -0.225075 -0.143017 -0.947487 0.286034
-0.029285 -0.995703 -0.087856 0.163846 -0.983078 0.081923 -0.164310 -0.985861 0.032862 -0.114541 -0.992685 -0.038180 0.000000 -0.995495 0.094809 0.066932 -0.981664 -0.178484 0.037596 -0.958687 0.281967 -0.068698 -0.984675 -0.160296 -0.143017 -0.947487 0.286034
0.000000 -0.995634 -0.093341 0.187647 -0.975763 0.112588 -0.196116 -0.980581 0.000000 -0.106466 -0.993683 -0.035489 -0.067867 -0.995383 0.067867 0.044992 -0.989827 -0.134976 0.018905 -0.964154 0.264670 -0.046017 -0.989356 -0.138050 -0.128273 -0.952886 0.274871
0.031174 -0.997567 -0.062348 0.215666 -0.970495 0.107833 -0.196116 -0.980581 0.000000 -0.141421 -0.989949 0.000000 -0.046262 -0.994635 0.092524 0.023094 -0.993042 -0.115470 0.018566 -0.965449 0.259929 -0.023150 -0.995434 -0.092599 -0.128902 -0.957560 0.257805
0.064349 -0.997409 -0.032174 0.201574 -0.974274 0.100787 -0.196011 -0.980057 0.032669 -0.141333 -0.989331 -0.035333 -0.023636 -0.992711 0.118180 0.000000 -0.995701 -0.092623 0.018653 -0.969974 0.242493 -0.023150 -0.995434 -0.092599 -0.127231 -0.963318 0.236286
0.064349 -0.997409 -0.032174 0.233463 -0.967204 0.100056 -0.159232 -0.987241 0.000000 -0.175682 -0.983820 -0.035136 -0.072442 -0.990038 0.120736 0.000000 -0.998920 -0.046461 0.018399 -0.975148 0.220788 -0.044992 -0.989827 -0.134976 -0.093283 -0.970143 0.223879
0.096324 -0.995350 0.000000 0.232559 -0.963460 0.132891 -0.120331 -0.992734 0.000000 -0.175682 -0.983820 -0.035136 -0.109764 -0.987878 0.109764 0.021229 -0.997744 -0.063686 0.036923 -0.978466 0.203078 -0.042796 -0.984309 -0.171184 -0.094006 -0.977658 0.188011
0.087856 -0.995703 0.029285 0.248421 -0.958194 0.141955 -0.120331 -0.992734 0.000000 -0.175682 -0.983820 -0.035136 -0.084853 -0.989949 0.113137 0.040647 -0.995861 -0.081295 0.037056 -0.981987 0.185281 -0.041913 -0.984955 -0.167652 -0.110921 -0.979803 0.166382
0.055449 -0.998077 0.027724 0.230599 -0.960828 0.153732 -0.058722 -0.998274 0.000000 -0.181969 -0.982631 -0.036394 -0.056682 -0.991935 0.113364 0.039118 -0.997510 -0.058677 0.055882 -0.987254 0.149019 -0.040373 -0.989142 -0.141306 -0.113878 -0.986947 0.113878
0.028560 -0.999592 0.000000 0.229081 -0.954504 0.190901 -0.028560 -0.999592 0.000000 -0.181969 -0.982631 -0.036394 0.000000 -0.993884 0.110432 0.019980 -0.999001 -0.039960 0.055882 -0.987254 0.149019 -0.020336 -0.996478 -0.081345 -0.130369 -0.987083 0.093121
-0.028560 -0.999592 0.000000 0.229081 -0.954504 0.190901 -0.029386 -0.999136 -0.029386 -0.169809 -0.984892 -0.033962 0.000000 -0.994781 0.102029 0.000000 -0.999783 0.020829 0.057333 -0.993772 0.095555 0.000000 -0.999783 -0.020829 -0.148839 -0.986057 0.074419
-0.028548 -0.999185 -0.028548 0.180187 -0.973012 0.144150 -0.058697 -0.997844 -0.029348 -0.164310 -0.985861 -0.032862 0.000000 -0.989461 0.144799 -0.021552 -0.991370 0.129309 0.079682 -0.996024 0.039841 0.000000 -0.999056 0.043437 -0.180615 -0.983349 0.020068
-0.030165 -0.995440 -0.090495 0.173136 -0.969561 0.173136 -0.087743 -0.994424 -0.058496 -0.164310 -0.985861 -0.032862 0.000000 -0.992646 0.121054 -0.043345 -0.975270 0.216727 0.090443 -0.994874 -0.045222 0.022081 -0.993641 0.110405 -0.200347 -0.979472 -0.022261
0.000000 -0.992278 -0.124035 0.167506 -0.971537 0.167506 -0.116642 -0.991460 -0.058321 -0.195698 -0.978492 -0.065233 0.000000 -0.992646 0.121054 -0.043874 -0.943291 0.329055 0.098414 -0.984136 -0.147620 0.000000 -0.974008 0.226513 -0.194659 -0.973297 -0.121662
0.033023 -0.990687 -0.132092 0.145000 -0.978749 0.145000 -0.145248 -0.987688 -0.058099 -0.209401 -0.977207 -0.034900 0.000000 -0.984271 0.176664 -0.047023 -0.893438 0.446719 0.103800 -0.960149 -0.259500 -0.024126 -0.940921 0.337766 -0.181834 -0.961120 -0.207810
0.030994 -0.991801 -0.123975 0.180187 -0.973012 0.144150 -0.149537 -0.986945 -0.059815 -0.209401 -0.977207 -0.034900 0.000000 -0.984271 0.176664 -0.048507 -0.873128 0.485071 0.128459 -0.950595 -0.282609 -0.024551 -0.908403 0.417374 -0.179664 -0.949655 -0.256664
0.090371 -0.994084 -0.060248 0.145671 -0.983282 0.109254 -0.149738 -0.988272 -0.029948 -0.209401 -0.977207 -0.034900 0.000000 -0.983453 0.181162 -0.048941 -0.856465 0.513879 0.124495 -0.946164 -0.298789 -0.025692 -0.899211 0.436760 -0.175384 -0.952085 -0.250549
0.099449 -0.994490 -0.033150 0.151078 -0.982006 0.113308 -0.158910 -0.985245 -0.063564 -0.242536 -0.970143 0.000000 0.000000 -0.984271 0.176664 -0.049984 -0.849734 0.524836 0.124495 -0.946164 -0.298789 -0.026298 -0.894118 0.447059 -0.175384 -0.952085 -0.250549
0.066519 -0.997785 0.000000 0.151078 -0.982006 0.113308 -0.159152 -0.986741 -0.031830 -0.242536 -0.970143 0.000000 -0.025872 -0.983124 0.181102 -0.050157 -0.877747 0.476491 0.126229 -0.959339 -0.252458 -0.025375 -0.913517 0.406008 -0.176439 -0.957814 -0.226851
0.068802 -0.997630 0.000000 0.145671 -0.983282 0.109254 -0.132092 -0.990687 -0.033023 -0.234641 -0.972082 0.000000 -0.024799 -0.991973 0.123997 -0.046958 -0.915685 0.399145 0.100440 -0.979294 -0.175771 -0.023925 -0.933078 0.358876 -0.193291 -0.966454 -0.169129
0.032225 -0.998961 -0.032225 0.145671 -0.983282 0.109254 -0.127971 -0.991778 0.000000 -0.242390 -0.969561 -0.034627 -0.048493 -0.994104 0.096986 -0.022417 -0.941505 0.336252 0.070750 -0.990500 -0.117917 -0.045739 -0.960518 0.274434 -0.160003 -0.982873 -0.091430
0.031174 -0.997567 -0.062348 0.141069 -0.987484 0.070535 -0.131876 -0.989071 -0.065938 -0.234641 -0.972082 0.000000 -0.048493 -0.994104 0.096986 -0.021921 -0.964532 0.263054 0.068006 -0.997427 -0.022669 -0.044488 -0.978745 0.200198 -0.157115 -0.987580 0.000000
0.000000 -0.992278 -0.124035 0.141069 -0.987484 0.070535 -0.093161 -0.993712 -0.062107 -0.209529 -0.977802 0.000000 -0.023742 -0.997178 0.071227 -0.021688 -0.975957 0.216879 0.066503 -0.997540 0.022168 -0.065732 -0.985979 0.153375 -0.129219 -0.990680 0.043073
-0.030994 -0.991801 -0.123975 0.175682 -0.983820 0.035136 -0.064249 -0.995863 -0.064249 -0.242536 -0.970143 0.000000 -0.047511 -0.997740 0.047511 0.000000 -0.988619 0.150442 0.043183 -0.993217 0.107958 -0.066259 -0.993884 0.088345 -0.103054 -0.989323 0.103054
-0.031830 -0.986741 -0.159152 0.175682 -0.983820 0.035136 -0.031099 -0.995153 -0.093296 -0.250962 -0.967997 0.000000 -0.046411 -0.997844 0.046411 0.000000 -0.991950 0.126632 0.043073 -0.990680 0.129219 -0.066503 -0.997540 0.022168 -0.080550 -0.986733 0.140962
0.000000 -0.975441 -0.220261 0.175682 -0.983820 0.035136 -0.031099 -0.995153 -0.093296 -0.250962 -0.967997 0.000000 -0.046411 -0.997844 0.046411 0.000000 -0.994389 0.105786 0.042052 -0.988215 0.147181 -0.066503 -0.997540 -0.022168 -0.078492 -0.981147 0.176606
0.000000 -0.968277 -0.249878 0.175682 -0.983820 0.035136 -0.031976 -0.991271 -0.127906 -0.250801 -0.967375 -0.035829 -0.046449 -0.998651 0.023224 0.021195 -0.996174 0.084781 0.020970 -0.985604 0.167762 -0.090328 -0.993605 -0.067746 -0.057406 -0.975909 0.210490
-0.031607 -0.948209 -0.316070 0.216789 -0.975550 0.036131 0.000000 -0.987241 -0.159232 -0.250801 -0.967375 -0.035829 -0.046411 -0.997844 0.046411 0.021688 -0.997645 0.065064 0.020472 -0.982666 0.184250 -0.092229 -0.991457 -0.092229 -0.057166 -0.971825 0.228665
-0.031281 -0.938417 -0.344086 0.216789 -0.975550 0.036131 0.000000 -0.981780 -0.190022 -0.258375 -0.959678 -0.110732 -0.046449 -0.998651 0.023224 0.022168 -0.997540 0.066503 0.020068 -0.983349 0.180615 -0.092009 -0.989094 -0.115011 -0.057166 -0.971825 0.228665
