-0.446159 -0.892318 0.068640 0.966625 -0.219687 -0.131812 0.451237 -0.867763 0.208263 -0.939682 -0.328889 -0.093968 -0.077850 -0.778499 0.622799 -0.228822 -0.737315 0.635616 0.473376 -0.124573 -0.872008 0.112395 -0.606933 0.786765 -0.350878 -0.250627 -0.902258
-0.485947 -0.867763 0.104132 0.960159 -0.218218 -0.174574 0.451237 -0.867763 0.208263 -0.939682 -0.328889 -0.093968 -0.119145 -0.794301 0.595726 -0.222387 -0.689400 0.689400 0.452124 -0.150708 -0.879131 0.087370 -0.611593 0.786334 -0.332460 -0.204591 -0.920659
-0.444851 -0.889702 0.102658 0.963546 -0.229416 -0.137649 0.451237 -0.867763 0.208263 -0.944835 -0.314945 -0.089984 -0.157991 -0.789953 0.592464 -0.212382 -0.658383 0.722098 0.430001 -0.177059 -0.885296 0.087370 -0.611593 0.786334 -0.330627 -0.228896 -0.915583
-0.444851 -0.889702 0.102658 0.952579 -0.272166 -0.136083 0.451237 -0.867763 0.208263 -0.944835 -0.314945 -0.089984 -0.104320 -0.799788 0.591148 -0.176031 -0.645448 0.743243 0.358974 -0.256410 -0.897436 -0.051988 -0.779813 0.623850 -0.301511 -0.301511 -0.904534
-0.402467 -0.905551 0.134156 0.910975 -0.409939 -0.045549 0.410152 -0.888662 0.205076 -0.883960 -0.465242 -0.046524 0.000000 -0.784046 0.620703 -0.184021 -0.607271 0.772890 0.328824 -0.328824 -0.885296 0.072782 -0.752082 0.655039 -0.386556 -0.327086 -0.862316
-0.373795 -0.917497 0.135926 0.825307 -0.564684 0.000000 0.410152 -0.888662 0.205076 -0.804334 -0.592667 -0.042333 0.031220 -0.780488 0.624391 -0.171088 -0.684353 0.708794 0.326844 -0.452553 -0.829680 0.073677 -0.785883 0.613971 -0.403306 -0.432113 -0.806612
-0.371868 -0.912767 0.169031 0.707107 -0.707107 0.000000 0.299833 -0.932815 0.199889 -0.707107 -0.707107 0.000000 0.031220 -0.780488 0.624391 -0.169774 -0.763981 0.622503 0.327258 -0.629342 -0.704863 0.074790 -0.797759 0.598320 -0.401610 -0.562254 -0.722897
-0.237459 -0.949835 0.203536 0.533465 -0.844653 -0.044455 0.161290 -0.967742 0.193548 -0.592667 -0.804334 0.042333 0.000000 -0.803557 0.595228 -0.068640 -0.892318 0.446159 0.274060 -0.772350 -0.573034 0.051434 -0.822951 0.565779 -0.354914 -0.709828 -0.608424
-0.067806 -0.983192 0.169516 0.398726 -0.917070 0.000000 0.098163 -0.981630 0.163605 -0.478852 -0.877896 0.000000 -0.028831 -0.836113 0.547798 -0.034320 -0.960958 0.274559 0.243613 -0.877006 -0.414142 0.000000 -0.872943 0.487821 -0.291043 -0.824621 -0.485071
0.099015 -0.990148 0.099015 0.259973 -0.965616 0.000000 -0.105934 -0.988714 0.105934 -0.304776 -0.952424 0.000000 0.000000 -0.877896 0.478852 0.060248 -0.994084 0.090371 0.193687 -0.944224 -0.266320 -0.074930 -0.924134 0.374649 -0.212250 -0.919750 -0.330167
0.136558 -0.990044 -0.034139 0.132092 -0.990687 -0.033023 -0.216930 -0.976187 0.000000 -0.132092 -0.990687 -0.033023 -0.025976 -0.909168 0.415619 0.074697 -0.995962 0.049798 0.147220 -0.981466 -0.122683 -0.133963 -0.960070 0.245599 -0.169875 -0.970714 -0.169875
0.034139 -0.990044 -0.136558 0.096275 -0.994837 -0.032092 -0.173136 -0.969561 -0.173136 0.000000 -1.000000 0.000000 -0.025700 -0.950909 0.308403 0.086609 -0.996007 -0.021652 0.118180 -0.992711 0.023636 -0.139140 -0.973980 0.178894 -0.144799 -0.989461 0.000000
-0.032444 -0.973329 -0.227110 0.064349 -0.997409 -0.032174 -0.065618 -0.984268 -0.164045 0.033296 -0.998891 0.033296 0.000000 -0.974391 0.224860 0.097405 -0.993527 -0.058443 0.065732 -0.985979 0.153375 -0.128015 -0.987548 0.091440 -0.133465 -0.978745 0.155709
-0.060943 -0.975084 -0.213300 0.036986 -0.998631 -0.036986 0.033023 -0.990687 -0.132092 0.000000 -0.994309 0.106533 0.000000 -0.985736 0.168296 0.146721 -0.972027 -0.183401 0.039614 -0.970535 0.237682 -0.075579 -0.982532 -0.170054 -0.122119 -0.956597 0.264591
-0.062348 -0.966394 -0.249392 0.076640 -0.996322 -0.038320 0.000000 -0.998053 -0.062378 -0.082409 -0.988903 0.123613 0.023564 -0.989675 0.141382 0.149383 -0.970988 -0.186728 0.039498 -0.947943 0.315981 -0.112588 -0.975763 -0.187647 -0.099543 -0.935706 0.338447
0.000000 -0.978234 -0.207504 0.152057 -0.988372 0.000000 -0.064349 -0.997409 -0.032174 -0.105474 -0.984428 0.140633 0.022628 -0.995638 0.090513 0.152140 -0.969890 -0.190175 0.020387 -0.937800 0.346578 -0.039794 -0.974943 -0.218865 -0.099543 -0.935706 0.338447
0.031654 -0.981288 -0.189927 0.175791 -0.984428 0.000000 -0.168964 -0.985622 0.000000 -0.145671 -0.983282 0.109254 0.023696 -0.995216 0.094782 0.134367 -0.978961 -0.153562 0.021354 -0.939579 0.341665 0.000000 -0.972579 -0.232573 -0.097720 -0.938116 0.332249
0.092231 -0.983801 -0.153719 0.175682 -0.983820 0.035136 -0.257529 -0.965734 0.032191 -0.145671 -0.983282 0.109254 0.048593 -0.996156 0.072889 0.115771 -0.984050 -0.135066 0.020934 -0.942008 0.334936 0.000000 -0.996685 -0.081362 -0.102126 -0.939558 0.326803
0.135926 -0.985460 -0.101944 0.202490 -0.978703 0.033748 -0.257529 -0.965734 0.032191 -0.180187 -0.973012 0.144150 -0.024922 -0.996890 0.074767 0.120653 -0.985335 -0.120653 0.020664 -0.950527 0.309954 0.000000 -0.999133 -0.041631 -0.082391 -0.947497 0.308967
0.164045 -0.984268 -0.065618 0.209020 -0.975426 0.069673 -0.287202 -0.957338 0.031911 -0.150329 -0.977140 0.150329 -0.052271 -0.993146 0.104542 0.101181 -0.991570 -0.080944 0.020793 -0.956467 0.291099 0.000000 -0.999133 -0.041631 -0.062271 -0.954817 0.290597
0.169809 -0.984892 -0.033962 0.233463 -0.967204 0.100056 -0.257130 -0.964237 0.064282 -0.186728 -0.970988 0.149383 -0.054944 -0.988996 0.137361 0.081094 -0.993402 -0.081094 0.041559 -0.955847 0.290910 0.000000 -1.000000 0.000000 -0.062636 -0.960420 0.271423
0.164310 -0.985861 0.032862 0.273275 -0.956462 0.102478 -0.265343 -0.961869 0.066336 -0.186728 -0.970988 0.149383 -0.056232 -0.984063 0.168696 0.081211 -0.994834 -0.060908 0.040979 -0.963002 0.266362 -0.020400 -0.999584 -0.020400 -0.062980 -0.965696 0.251921
0.189642 -0.979816 0.063214 0.263609 -0.955582 0.131804 -0.265343 -0.961869 0.066336 -0.180187 -0.973012 0.144150 -0.028149 -0.985232 0.168897 0.079682 -0.996024 -0.039841 0.040390 -0.969351 0.242338 -0.061097 -0.997924 -0.020366 -0.060808 -0.972929 0.222963
0.178568 -0.982125 0.059523 0.240239 -0.960958 0.137280 -0.183942 -0.981023 0.061314 -0.207514 -0.968400 0.138343 -0.026861 -0.993848 0.107443 0.076682 -0.996871 -0.019171 0.060523 -0.968364 0.242091 -0.075204 -0.996459 -0.037602 -0.079399 -0.972636 0.218347
0.168364 -0.982124 0.084182 0.266485 -0.951734 0.152277 -0.173133 -0.981087 0.086566 -0.241236 -0.964944 0.103387 -0.023636 -0.992711 0.118180 0.075204 -0.996459 -0.037602 0.079399 -0.972636 0.218347 -0.112469 -0.993478 -0.018745 -0.078492 -0.981147 0.176606
0.140915 -0.986405 0.084549 0.257151 -0.955134 0.146944 -0.145248 -0.987688 0.058099 -0.282490 -0.953403 0.105934 0.000000 -0.995275 0.097100 0.073821 -0.996588 -0.036911 0.097945 -0.979451 0.176301 -0.110264 -0.992372 0.055132 -0.098802 -0.988019 0.118562
0.116791 -0.992727 0.029198 0.213470 -0.960617 0.177892 -0.141421 -0.989949 0.000000 -0.241236 -0.964944 0.103387 0.000000 -0.995495 0.094809 0.057597 -0.998340 0.000000 0.100769 -0.987534 0.120923 -0.039960 -0.999001 0.019980 -0.140962 -0.986733 0.080550
0.087556 -0.992304 -0.087556 0.253750 -0.942499 0.217500 -0.113501 -0.993133 -0.028375 -0.241236 -0.964944 0.103387 0.000000 -0.992646 0.121054 0.040373 -0.989142 0.141306 0.126519 -0.991067 0.042173 -0.019619 -0.961339 0.274668 -0.171302 -0.984986 -0.021413
0.028952 -0.984371 -0.173712 0.253750 -0.942499 0.217500 -0.113137 -0.989949 -0.084853 -0.241236 -0.964944 0.103387 0.000000 -0.988936 0.148340 0.044677 -0.982888 0.178707 0.115378 -0.992249 -0.046151 -0.019153 -0.938498 0.344754 -0.195180 -0.975900 -0.097590
0.029223 -0.964352 -0.263005 0.297113 -0.928477 0.222834 -0.141196 -0.988369 -0.056478 -0.241955 -0.967822 0.069130 0.000000 -0.979603 0.200944 0.048154 -0.963087 0.264849 0.125196 -0.976527 -0.175274 -0.040242 -0.905449 0.422543 -0.213125 -0.959063 -0.186484
0.031281 -0.938417 -0.344086 0.327544 -0.909843 0.254756 -0.178568 -0.982125 -0.059523 -0.259794 -0.964951 0.037113 0.000000 -0.971668 0.236352 -0.026343 -0.948354 0.316118 0.188845 -0.917245 -0.350711 -0.063472 -0.846288 0.528930 -0.168430 -0.926367 -0.336861
0.030686 -0.951260 -0.306858 0.384048 -0.883310 0.268833 -0.178885 -0.983870 0.000000 -0.259794 -0.964951 0.037113 0.000000 -0.965363 0.260909 -0.028467 -0.939413 0.341605 0.187016 -0.908364 -0.374032 -0.066194 -0.816397 0.573685 -0.162638 -0.921616 -0.352382
0.060057 -0.960913 -0.270257 0.416058 -0.869940 0.264764 -0.184202 -0.982409 0.030700 -0.269430 -0.962250 0.038490 0.000000 -0.963518 0.267644 -0.030069 -0.932146 0.360831 0.185110 -0.899106 -0.396664 -0.067711 -0.789965 0.609402 -0.163299 -0.898146 -0.408248
0.060943 -0.975084 -0.213300 0.402739 -0.878702 0.256288 -0.183942 -0.981023 0.061314 -0.269430 -0.962250 0.038490 0.000000 -0.963518 0.267644 -0.030934 -0.928032 0.371213 0.185110 -0.899106 -0.396664 -0.068934 -0.781248 0.620403 -0.157676 -0.893500 -0.420471
0.094585 -0.977378 -0.189170 0.367607 -0.882258 0.294086 -0.183511 -0.978726 0.091756 -0.269430 -0.962250 0.038490 0.000000 -0.963518 0.267644 -0.030934 -0.928032 0.371213 0.185110 -0.899106 -0.396664 -0.070186 -0.772049 0.631676 -0.159392 -0.903221 -0.398480
0.098639 -0.986394 -0.131519 0.386501 -0.878410 0.281091 -0.183511 -0.978726 0.091756 -0.304555 -0.951734 0.038069 0.000000 -0.971668 0.236352 0.000000 -0.905459 0.424434 0.153493 -0.920960 -0.358151 -0.047338 -0.804748 0.591726 -0.207600 -0.908249 -0.363300
0.131519 -0.986394 -0.098639 0.359443 -0.898606 0.251610 -0.189170 -0.977378 0.094585 -0.259259 -0.962963 0.074074 0.000000 -0.984271 0.176664 0.026118 -0.940233 0.339529 0.158555 -0.951330 -0.264258 -0.068698 -0.847279 0.526687 -0.178434 -0.943154 -0.280397
0.164045 -0.984268 -0.065618 0.327544 -0.909843 0.254756 -0.158910 -0.985245 0.063564 -0.250319 -0.965518 0.071520 0.000000 -0.988936 0.148340 0.024830 -0.968365 0.248299 0.154100 -0.975964 -0.154100 -0.088173 -0.903777 0.418823 -0.153443 -0.971807 -0.179017
0.127710 -0.989754 -0.063855 0.319599 -0.923287 0.213066 -0.149738 -0.988272 0.029948 -0.268833 -0.960119 0.076810 0.024268 -0.994982 0.097071 0.023479 -0.986122 0.164354 0.151620 -0.985527 -0.075810 -0.082867 -0.932255 0.352185 -0.155126 -0.982467 -0.103418
0.131876 -0.989071 -0.065938 0.321839 -0.929758 0.178800 -0.116791 -0.992727 0.029198 -0.259259 -0.962963 0.074074 0.024268 -0.994982 0.097071 0.044130 -0.992916 0.110324 0.148340 -0.988936 0.000000 -0.100830 -0.947804 0.302491 -0.127000 -0.990601 -0.050800
0.131519 -0.986394 -0.098639 0.321839 -0.929758 0.178800 -0.090495 -0.995440 -0.030165 -0.267848 -0.956598 0.114792 0.000000 -0.997459 0.071247 0.065018 -0.996942 0.043345 0.117917 -0.990500 0.070750 -0.100544 -0.965226 0.241307 -0.121019 -0.992355 0.024204
0.101944 -0.985460 -0.135926 0.334945 -0.930404 0.148865 -0.090495 -0.995440 -0.030165 -0.267848 -0.956598 0.114792 0.000000 -0.997459 0.071247 0.084800 -0.996398 0.000000 0.094150 -0.988577 0.117688 -0.101850 -0.977761 0.183330 -0.115011 -0.989094 0.092009
0.067806 -0.983192 -0.169516 0.334945 -0.930404 0.148865 -0.062257 -0.996116 -0.062257 -0.267848 -0.956598 0.114792 0.000000 -0.998868 0.047565 0.041550 -0.997191 0.062324 0.067183 -0.985349 0.156760 -0.100504 -0.984937 0.140705 -0.091742 -0.986228 0.137613
0.069673 -0.975426 -0.209020 0.334945 -0.930404 0.148865 -0.062257 -0.996116 -0.062257 -0.267848 -0.956598 0.114792 0.000000 -0.998920 0.046461 0.041487 -0.995688 0.082974 0.043345 -0.975270 0.216727 -0.101181 -0.991570 0.080944 -0.089087 -0.979958 0.178174
0.066890 -0.969905 -0.234115 0.348743 -0.929981 0.116248 -0.064084 -0.993304 -0.096126 -0.267848 -0.956598 0.114792 0.000000 -0.998868 0.047565 0.041487 -0.995688 0.082974 0.043133 -0.970495 0.237232 -0.081211 -0.994834 0.060908 -0.090675 -0.974759 0.204019
0.033223 -0.963460 -0.265782 0.348743 -0.929981 0.116248 -0.064084 -0.993304 -0.096126 -0.268833 -0.960119 0.076810 0.000000 -0.998868 0.047565 0.062324 -0.997191 0.041550 0.021467 -0.966012 0.257603 -0.083028 -0.996331 0.020757 -0.087854 -0.966391 0.241598
0.032915 -0.954547 -0.296239 0.350059 -0.933492 0.077791 -0.063855 -0.989754 -0.127710 -0.259259 -0.962963 0.074074 0.000000 -0.999717 0.023803 0.062378 -0.998053 0.000000 0.021344 -0.960495 0.277476 -0.105762 -0.994166 -0.021152 -0.063917 -0.958750 0.276972
0.031607 -0.948209 -0.316070 0.363210 -0.928204 0.080713 -0.061633 -0.986134 -0.154083 -0.268833 -0.960119 0.076810 0.000000 -0.998812 0.048723 0.128861 -0.987935 -0.085907 0.000000 -0.956674 0.291162 -0.105691 -0.993500 -0.042277 -0.063529 -0.952928 0.296466
0.032225 -0.934512 -0.354470 0.350059 -0.933492 0.077791 -0.061314 -0.981023 -0.183942 -0.259794 -0.964951 0.037113 0.000000 -0.998868 0.047565 0.128861 -0.987935 -0.085907 0.000000 -0.960714 0.277540 -0.107958 -0.993217 -0.043183 -0.042400 -0.953998 0.296799
