-0.358854 -0.877197 0.318981 0.872872 -0.480079 -0.087287 0.360704 -0.918156 0.163956 -0.832405 -0.525730 0.175243 -0.030802 -0.831655 0.554437 -0.154895 -0.650557 0.743494 0.311204 -0.622409 -0.718164 0.085575 -0.969846 0.228199 -0.342682 -0.642529 -0.685365
-0.308148 -0.885927 0.346667 0.802181 -0.591080 -0.084440 0.360704 -0.918156 0.163956 -0.782609 -0.608696 0.130435 -0.030029 -0.840799 0.540514 -0.124696 -0.685828 0.717002 0.289852 -0.652166 -0.700475 0.057166 -0.971825 0.228665 -0.295540 -0.675521 -0.675521
-0.331295 -0.883452 0.331295 0.728200 -0.685365 0.000000 0.249523 -0.962446 0.106938 -0.654330 -0.731310 0.192450 -0.029540 -0.827115 0.561256 -0.097953 -0.750977 0.653023 0.243541 -0.754976 -0.608851 0.057166 -0.971825 0.228665 -0.267261 -0.801784 -0.534522
-0.301511 -0.904534 0.301511 0.619644 -0.784883 0.000000 0.240239 -0.960958 0.137280 -0.595726 -0.794301 0.119145 0.029735 -0.862316 0.505496 -0.032174 -0.836536 0.546966 0.171088 -0.855442 -0.488824 0.090826 -0.938533 0.333028 -0.252845 -0.870910 -0.421408
-0.251354 -0.942576 0.219934 0.445976 -0.891953 0.074329 0.099015 -0.990148 0.099015 -0.413990 -0.903252 0.112906 0.028653 -0.888256 0.458455 0.000000 -0.911371 0.411587 0.146560 -0.928211 -0.341972 0.088312 -0.941992 0.323810 -0.216946 -0.915995 -0.337472
-0.219286 -0.971124 0.093980 0.283375 -0.956389 0.070844 0.000000 -0.999480 0.032241 -0.241955 -0.967822 0.069130 0.026774 -0.937089 0.348062 0.025898 -0.958215 0.284875 0.119352 -0.978690 -0.167093 0.053452 -0.962140 0.267261 -0.178307 -0.958399 -0.222884
-0.064249 -0.995863 -0.064249 0.158511 -0.982766 0.095106 -0.066372 -0.995585 -0.066372 -0.093296 -0.995153 0.031099 0.025270 -0.960258 0.277969 0.021874 -0.984327 0.174991 0.121019 -0.992355 -0.024204 0.022948 -0.986747 0.160633 -0.160003 -0.982873 -0.091430
0.153213 -0.980562 -0.122570 0.031174 -0.997567 0.062348 -0.131876 -0.989071 -0.065938 0.000000 -0.999480 -0.032241 0.025110 -0.979294 0.200881 0.039770 -0.994250 0.099425 0.112197 -0.987332 0.112197 0.000000 -0.998053 0.062378 -0.126379 -0.989967 0.063189
0.241747 -0.966988 -0.080582 0.000000 -1.000000 0.000000 -0.123797 -0.990375 -0.061898 0.034381 -0.997041 -0.068761 0.000000 -0.989461 0.144799 0.058711 -0.998083 -0.019570 0.097945 -0.979451 0.176301 -0.060659 -0.990759 -0.121317 -0.094006 -0.977658 0.188011
0.201319 -0.977835 -0.057520 0.000000 -0.999406 -0.034462 -0.066482 -0.997234 -0.033241 0.000000 -0.999445 -0.033315 0.000000 -0.995275 0.097100 0.120337 -0.982756 -0.140394 0.092880 -0.965949 0.241487 -0.140084 -0.960577 -0.240144 -0.074074 -0.962963 0.259259
0.113547 -0.993533 0.000000 0.043396 -0.998115 -0.043396 -0.064349 -0.997409 -0.032174 -0.038320 -0.996322 -0.076640 0.026929 -0.996368 0.080787 0.150130 -0.965123 -0.214472 0.089271 -0.964132 0.249960 -0.150826 -0.948047 -0.280105 -0.071680 -0.949766 0.304642
0.085367 -0.995943 0.028456 0.082974 -0.995688 -0.041487 -0.057050 -0.998371 0.000000 -0.073671 -0.994558 -0.073671 0.034139 -0.990044 0.136558 0.129070 -0.968022 -0.215116 0.088862 -0.959706 0.266585 -0.108312 -0.974812 -0.194962 -0.072063 -0.954839 0.288253
0.058722 -0.998274 0.000000 0.114541 -0.992685 -0.038180 -0.096324 -0.995350 0.000000 -0.102658 -0.992360 -0.068439 -0.025557 -0.996729 0.076671 0.108747 -0.978724 -0.173995 0.092450 -0.961480 0.258860 -0.065938 -0.989071 -0.131876 -0.073708 -0.958210 0.276407
0.029399 -0.999568 0.000000 0.181969 -0.982631 -0.036394 -0.099504 -0.995037 0.000000 -0.164310 -0.985861 -0.032862 -0.048593 -0.996156 0.072889 0.087769 -0.987403 -0.131654 0.095001 -0.969015 0.228003 -0.067746 -0.993605 -0.090328 -0.074074 -0.962963 0.259259
0.062348 -0.997567 0.031174 0.175682 -0.983820 -0.035136 -0.090495 -0.995440 0.030165 -0.169809 -0.984892 -0.033962 -0.071067 -0.994937 0.071067 0.086126 -0.990450 -0.107658 0.097202 -0.972020 0.213844 -0.067867 -0.995383 -0.067867 -0.074074 -0.962963 0.259259
0.031220 -0.999025 0.031220 0.202490 -0.978703 -0.033748 -0.123797 -0.990375 0.061898 -0.164310 -0.985861 -0.032862 -0.070928 -0.992988 0.094570 0.086306 -0.992523 -0.086306 0.097202 -0.972020 0.213844 -0.067867 -0.995383 -0.067867 -0.074419 -0.967452 0.241863
0.064382 -0.997925 0.000000 0.220152 -0.974958 0.031450 -0.153719 -0.983801 0.092231 -0.158910 -0.985245 -0.063564 -0.069430 -0.995168 0.069430 0.063571 -0.995950 -0.063571 0.097590 -0.975900 0.195180 -0.090167 -0.991837 -0.090167 -0.074419 -0.967452 0.241863
0.096275 -0.994837 0.032092 0.220152 -0.974958 0.031450 -0.119844 -0.988716 0.089883 -0.164310 -0.985861 -0.032862 -0.078460 -0.993825 0.078460 0.063472 -0.994389 -0.084629 0.094323 -0.980957 0.169781 -0.084327 -0.990847 -0.105409 -0.095398 -0.973063 0.209876
0.090536 -0.995893 0.000000 0.202606 -0.979260 0.000000 -0.140525 -0.983674 0.112420 -0.159232 -0.987241 0.000000 -0.080553 -0.993490 0.080553 0.041407 -0.993765 -0.103517 0.111245 -0.982662 0.148326 -0.080944 -0.991570 -0.101181 -0.094006 -0.977658 0.188011
0.029386 -0.999136 -0.029386 0.209529 -0.977802 0.000000 -0.113137 -0.989949 0.084853 -0.169907 -0.985460 0.000000 -0.055132 -0.992372 0.110264 0.039841 -0.996024 -0.079682 0.111533 -0.985205 0.130121 -0.079603 -0.995037 -0.059702 -0.094609 -0.983938 0.151375
0.000000 -0.998371 -0.057050 0.216930 -0.976187 0.000000 -0.082918 -0.995022 0.055279 -0.188713 -0.981307 0.037743 -0.027597 -0.993505 0.110389 0.020253 -0.992383 -0.121516 0.111784 -0.987425 0.111784 -0.057597 -0.998340 0.000000 -0.094609 -0.983938 0.151375
-0.029198 -0.992727 -0.116791 0.216789 -0.975550 -0.036131 -0.113501 -0.993133 0.028375 -0.110357 -0.993211 0.036786 -0.025557 -0.996729 0.076671 0.000000 -0.999133 -0.041631 0.093332 -0.989316 0.111998 0.000000 -0.996815 0.079745 -0.094609 -0.983938 0.151375
-0.056232 -0.984063 -0.168696 0.209401 -0.977207 -0.034900 -0.087856 -0.995703 -0.029285 -0.136637 -0.990621 0.000000 -0.047445 -0.996335 0.071167 0.000000 -0.997969 0.063700 0.097405 -0.993527 0.058443 0.021040 -0.988871 0.147279 -0.098802 -0.988019 0.118562
-0.083269 -0.971473 -0.222051 0.202145 -0.977035 -0.067382 -0.116791 -0.992727 -0.029198 -0.136320 -0.988317 -0.068160 -0.046411 -0.997844 0.046411 0.022439 -0.987332 0.157075 0.086630 -0.996241 0.000000 0.067437 -0.966597 0.247269 -0.126379 -0.989967 0.063189
-0.054861 -0.960076 -0.274307 0.201574 -0.974274 -0.100787 -0.149204 -0.984746 -0.089522 -0.131876 -0.989071 -0.065938 -0.047511 -0.997740 0.047511 0.046765 -0.958687 0.280591 0.089961 -0.989576 -0.112452 0.070052 -0.934029 0.350261 -0.135079 -0.990579 0.022513
-0.028736 -0.948292 -0.316097 0.175358 -0.982003 -0.070143 -0.163605 -0.981630 -0.098163 -0.131519 -0.986394 -0.098639 -0.025557 -0.996729 0.076671 0.070052 -0.934029 0.350261 0.071632 -0.978969 -0.191018 0.071167 -0.901446 0.427001 -0.120913 -0.991484 -0.048365
0.000000 -0.970143 -0.242536 0.175358 -0.982003 -0.070143 -0.149204 -0.984746 -0.089522 -0.140633 -0.984428 -0.105474 -0.024868 -0.994729 0.099473 0.069468 -0.926234 0.370493 0.074744 -0.971666 -0.224231 0.096674 -0.870063 0.483368 -0.123429 -0.987429 -0.098743
0.000000 -0.983870 -0.178885 0.216366 -0.973645 -0.072122 -0.157956 -0.979327 -0.126365 -0.141069 -0.987484 -0.070535 -0.025499 -0.994458 0.101996 0.070340 -0.914425 0.398596 0.074307 -0.965986 -0.247689 0.074216 -0.865849 0.494771 -0.151282 -0.983332 -0.100855
0.033150 -0.994490 -0.099449 0.216789 -0.975550 -0.036131 -0.131024 -0.982683 -0.131024 -0.146549 -0.989203 0.000000 -0.025499 -0.994458 0.101996 0.069468 -0.926234 0.370493 0.076126 -0.964268 -0.253755 0.071796 -0.861550 0.502571 -0.150851 -0.980531 -0.125709
0.034381 -0.997041 -0.068761 0.216930 -0.976187 0.000000 -0.098639 -0.986394 -0.131519 -0.146549 -0.989203 0.000000 -0.024799 -0.991973 0.123997 0.067116 -0.939618 0.335578 0.074744 -0.971666 -0.224231 0.071940 -0.887262 0.455621 -0.147620 -0.984136 -0.098414
0.000000 -0.999512 -0.031235 0.216366 -0.973645 0.072122 -0.065938 -0.989071 -0.131876 -0.146157 -0.986559 0.073078 -0.025425 -0.991561 0.127123 0.044755 -0.962231 0.268530 0.096086 -0.984883 -0.144129 0.046958 -0.915685 0.399145 -0.141264 -0.988851 -0.047088
0.033296 -0.998891 -0.033296 0.208389 -0.972480 0.104194 -0.034280 -0.994107 -0.102839 -0.175358 -0.982003 0.070143 -0.024799 -0.991973 0.123997 0.043345 -0.975270 0.216727 0.094570 -0.992988 -0.070928 0.023076 -0.946098 0.323058 -0.112881 -0.993352 0.022576
0.032241 -0.999480 0.000000 0.208389 -0.972480 0.104194 -0.034280 -0.994107 -0.102839 -0.181012 -0.977466 0.108607 -0.024204 -0.992355 0.121019 0.042796 -0.984309 0.171184 0.068006 -0.997427 -0.022669 0.000000 -0.961524 0.274721 -0.086447 -0.994144 0.064836
0.000000 -0.999480 -0.032241 0.207514 -0.968400 0.138343 -0.033241 -0.997234 -0.066482 -0.181012 -0.977466 0.108607 -0.047232 -0.991880 0.118081 0.042173 -0.991067 0.126519 0.066503 -0.997540 0.022168 -0.023275 -0.977538 0.209472 -0.063189 -0.989967 0.126379
0.000000 -1.000000 0.000000 0.214697 -0.966136 0.143131 -0.034381 -0.997041 -0.068761 -0.181012 -0.977466 0.108607 -0.047232 -0.991880 0.118081 0.042277 -0.993500 0.105691 0.066454 -0.996805 0.044302 -0.022858 -0.982873 0.182860 -0.061533 -0.984525 0.164087
0.000000 -1.000000 0.000000 0.214697 -0.966136 0.143131 -0.034280 -0.994107 -0.102839 -0.187647 -0.975763 0.112588 -0.047232 -0.991880 0.118081 0.042429 -0.997070 0.063643 0.064836 -0.994144 0.086447 -0.046017 -0.989356 0.138050 -0.040757 -0.978167 0.203785
0.000000 -1.000000 0.000000 0.207514 -0.968400 0.138343 -0.034139 -0.990044 -0.136558 -0.187647 -0.975763 0.112588 -0.047351 -0.994379 0.094703 0.042476 -0.998194 0.042476 0.063344 -0.992392 0.105574 -0.047232 -0.991880 0.118081 -0.039036 -0.975900 0.214698
0.000000 -0.999512 -0.031235 0.214697 -0.966136 0.143131 -0.063564 -0.985245 -0.158910 -0.188311 -0.979217 0.075324 -0.047351 -0.994379 0.094703 0.042505 -0.998870 0.021253 0.063189 -0.989967 0.126379 -0.071067 -0.994937 0.071067 -0.019444 -0.972203 0.233329
-0.030234 -0.997712 -0.060467 0.248421 -0.958194 0.141955 -0.030514 -0.976445 -0.213597 -0.216366 -0.973645 0.072122 -0.047445 -0.996335 0.071167 0.042505 -0.998870 0.021253 0.063189 -0.989967 0.126379 -0.071067 -0.994937 0.071067 -0.019444 -0.972203 0.233329
-0.031174 -0.997567 -0.062348 0.249523 -0.962446 0.106938 -0.029437 -0.971429 -0.235498 -0.224702 -0.973708 0.037450 -0.023742 -0.997178 0.071227 0.043437 -0.999056 0.000000 0.061728 -0.987646 0.144032 -0.071167 -0.996335 0.047445 -0.038684 -0.967098 0.251446
-0.031174 -0.997567 -0.062348 0.250319 -0.965518 0.071520 -0.060057 -0.960913 -0.270257 -0.216789 -0.975550 0.036131 -0.023742 -0.997178 0.071227 0.043437 -0.999056 0.000000 0.063008 -0.987125 0.147019 -0.071167 -0.996335 0.047445 -0.039421 -0.965810 0.256235
-0.030994 -0.991801 -0.123975 0.242390 -0.969561 0.034627 -0.089126 -0.950681 -0.297088 -0.181969 -0.982631 0.036394 -0.023776 -0.998586 0.047552 0.022211 -0.999507 -0.022211 0.081923 -0.983078 0.163846 -0.071167 -0.996335 0.047445 -0.039421 -0.965810 0.256235
-0.030861 -0.987541 -0.154303 0.250801 -0.967375 0.035829 -0.092538 -0.956226 -0.277614 -0.182089 -0.983282 0.000000 -0.023776 -0.998586 0.047552 0.022211 -0.999507 -0.022211 0.081923 -0.983078 0.163846 -0.094703 -0.994379 0.047351 -0.019722 -0.966374 0.256385
-0.030700 -0.982409 -0.184202 0.250801 -0.967375 0.035829 -0.061839 -0.958508 -0.278277 -0.216930 -0.976187 0.000000 -0.023776 -0.998586 0.047552 0.022211 -0.999507 -0.022211 0.062801 -0.983875 0.167468 -0.094703 -0.994379 0.047351 -0.020105 -0.965031 0.261363
-0.030514 -0.976445 -0.213597 0.242536 -0.970143 0.000000 0.000000 -0.960346 -0.278810 -0.216789 -0.975550 -0.036131 -0.023796 -0.999434 0.023796 0.023243 -0.999460 -0.023243 0.061533 -0.984525 0.164087 -0.094703 -0.994379 0.047351 -0.020105 -0.965031 0.261363
-0.060523 -0.968364 -0.242091 0.242536 -0.970143 0.000000 0.000000 -0.960346 -0.278810 -0.181969 -0.982631 -0.036394 -0.023776 -0.998586 0.047552 0.023243 -0.999460 -0.023243 0.061533 -0.984525 0.164087 -0.094703 -0.994379 0.047351 -0.020207 -0.969944 0.242486
-0.060523 -0.968364 -0.242091 0.250962 -0.967997 0.000000 0.060523 -0.968364 -0.242091 -0.181969 -0.982631 -0.036394 -0.023776 -0.998586 0.047552 0.023224 -0.998651 -0.046449 0.061314 -0.981023 0.183942 -0.094703 -0.994379 0.047351 -0.020207 -0.969944 0.242486
-0.060523 -0.968364 -0.242091 0.216789 -0.975550 -0.036131 0.090577 -0.966155 -0.241539 -0.181969 -0.982631 -0.036394 -0.023796 -0.999434 0.023796 0.023224 -0.998651 -0.046449 0.061314 -0.981023 0.183942 -0.118081 -0.991880 0.047232 -0.020207 -0.969944 0.242486
-0.090577 -0.966155 -0.241539 0.216789 -0.975550 -0.036131 0.091203 -0.972829 -0.212806 -0.181608 -0.980684 -0.072643 -0.046449 -0.998651 0.023224 0.023776 -0.998586 -0.047552 0.060108 -0.981769 0.180325 -0.118180 -0.992711 0.023636 -0.020105 -0.965031 0.261363
