-0.527046 -0.843274 0.105409 0.915644 -0.392419 -0.087204 0.541332 -0.839065 0.054133 -0.902027 -0.429537 -0.042954 0.000000 -0.765705 0.643192 -0.327258 -0.704863 0.629342 0.466323 -0.438892 -0.768061 0.221096 -0.736987 0.638722 -0.405616 -0.304212 -0.861934
-0.497321 -0.856497 0.138145 0.786334 -0.611593 -0.087370 0.548469 -0.835763 0.026118 -0.819232 -0.573462 0.000000 0.000000 -0.752577 0.658505 -0.332460 -0.716068 0.613773 0.403932 -0.580653 -0.706881 0.176439 -0.756169 0.630141 -0.381370 -0.483068 -0.788164
-0.360510 -0.884889 0.294963 0.704361 -0.704361 -0.088045 0.457496 -0.884492 0.091499 -0.707107 -0.707107 0.000000 -0.030015 -0.750375 0.660330 -0.313091 -0.756636 0.574000 0.322094 -0.693741 -0.644188 0.110897 -0.914904 0.388141 -0.310045 -0.645928 -0.697602
-0.137604 -0.928828 0.344010 0.514024 -0.856706 -0.042835 0.314814 -0.944443 0.094444 -0.554265 -0.831398 -0.039590 -0.056077 -0.785081 0.616849 -0.267261 -0.801784 0.534522 0.265388 -0.820290 -0.506650 0.027661 -0.968122 0.248946 -0.230391 -0.793569 -0.563178
-0.034320 -0.960958 0.274559 0.364399 -0.931243 0.000000 0.141069 -0.987484 0.070535 -0.384331 -0.922395 -0.038433 -0.052926 -0.846810 0.529256 -0.169978 -0.934878 0.311626 0.194659 -0.900299 -0.389319 -0.027503 -0.990118 0.137516 -0.194948 -0.877266 -0.438633
0.036131 -0.975550 0.216789 0.209401 -0.977207 0.034900 -0.068761 -0.997041 -0.034381 -0.216366 -0.973645 -0.072122 -0.025400 -0.889001 0.457200 -0.136285 -0.981251 0.136285 0.174239 -0.945871 -0.273805 -0.052396 -0.995529 0.078594 -0.151234 -0.932608 -0.327673
0.073872 -0.997268 0.000000 0.127710 -0.989754 0.063855 -0.105474 -0.984428 -0.140633 -0.068640 -0.995277 -0.068640 0.000000 -0.941195 0.337865 -0.047511 -0.997740 0.047511 0.123091 -0.984732 -0.123091 -0.071247 -0.997459 0.000000 -0.098414 -0.984136 -0.147620
0.070844 -0.991811 -0.106265 0.095880 -0.990764 0.095880 -0.129641 -0.972306 -0.194461 -0.033296 -0.998891 -0.033296 0.000000 -0.970143 0.242536 -0.021253 -0.998870 -0.042505 0.094703 -0.994379 0.047351 -0.066372 -0.995585 -0.066372 -0.068006 -0.997427 0.022669
0.031830 -0.986741 -0.159152 0.135926 -0.985460 0.101944 -0.091203 -0.972829 -0.212806 -0.071247 -0.997459 0.000000 0.000000 -0.986394 0.164399 0.058443 -0.993527 -0.097405 0.063873 -0.979389 0.191620 -0.082182 -0.986186 -0.143819 -0.079729 -0.976685 0.199323
0.000000 -0.987241 -0.159232 0.215666 -0.970495 0.107833 -0.057520 -0.977835 -0.201319 -0.146450 -0.988540 0.036613 0.000000 -0.995275 0.097100 0.091211 -0.985080 -0.145938 0.061059 -0.956597 0.284944 -0.117287 -0.977391 -0.175930 -0.074626 -0.951486 0.298505
0.000000 -0.987241 -0.159232 0.292314 -0.950019 0.109618 -0.119470 -0.985624 -0.119470 -0.188713 -0.981307 0.037743 0.000000 -0.997459 0.071247 0.095765 -0.976804 -0.191530 0.040250 -0.945883 0.322003 -0.116488 -0.990151 -0.077659 -0.075525 -0.944069 0.320983
0.000000 -0.995634 -0.093341 0.361741 -0.924448 0.120580 -0.257130 -0.964237 -0.064282 -0.209020 -0.975426 0.069673 0.000000 -0.998969 0.045408 0.101326 -0.992994 -0.060796 0.020793 -0.956467 0.291099 -0.079603 -0.995037 0.059702 -0.077368 -0.947756 0.309471
0.062107 -0.993712 -0.093161 0.373383 -0.912714 0.165948 -0.278677 -0.959886 0.030964 -0.268833 -0.960119 0.076810 0.000000 -0.998920 0.046461 0.040706 -0.997304 0.061059 0.062980 -0.965696 0.251921 -0.019745 -0.987248 0.157960 -0.082903 -0.953381 0.290159
0.064084 -0.993304 -0.096126 0.334945 -0.930404 0.148865 -0.325300 -0.943370 0.065060 -0.224231 -0.971666 0.074744 0.000000 -0.999014 0.044401 0.000000 -0.992278 0.124035 0.061728 -0.967070 0.246911 0.019992 -0.979608 0.199920 -0.060217 -0.963475 0.260941
0.062257 -0.996116 -0.062257 0.336581 -0.934947 0.112194 -0.314814 -0.944443 0.094444 -0.224231 -0.971666 0.074744 0.000000 -0.999056 0.043437 0.000000 -0.989090 0.147311 0.082584 -0.970362 0.227106 0.019909 -0.975523 0.218995 -0.061728 -0.967070 0.246911
0.093296 -0.995153 -0.031099 0.325183 -0.939418 0.108394 -0.255551 -0.958315 0.127775 -0.259259 -0.962963 0.074074 0.000000 -0.998969 0.045408 0.000000 -0.986394 0.164399 0.083297 -0.978742 0.187419 0.020391 -0.978777 0.203912 -0.061728 -0.967070 0.246911
0.090536 -0.995893 0.000000 0.292314 -0.950019 0.109618 -0.188515 -0.973996 0.125677 -0.259259 -0.962963 0.074074 -0.022669 -0.997427 0.068006 0.000000 -0.986394 0.164399 0.083297 -0.978742 0.187419 0.020472 -0.982666 0.184250 -0.061728 -0.967070 0.246911
0.028548 -0.999185 0.028548 0.248421 -0.958194 0.141955 -0.157251 -0.974958 0.157251 -0.250319 -0.965518 0.071520 0.000000 -0.998688 0.051215 0.000000 -0.989090 0.147311 0.102211 -0.981228 0.163538 0.000000 -0.992877 0.119145 -0.040580 -0.973929 0.223192
0.027007 -0.999270 0.027007 0.287213 -0.943701 0.164122 -0.095106 -0.982766 0.158511 -0.259259 -0.962963 0.074074 0.000000 -0.996729 0.080816 0.020811 -0.998917 0.041622 0.080550 -0.986733 0.140962 -0.019960 -0.998006 0.059880 -0.060808 -0.972929 0.222963
-0.025624 -0.999343 0.025624 0.327089 -0.934539 0.140181 -0.084182 -0.982124 0.168364 -0.250435 -0.960001 0.125218 0.000000 -0.994781 0.102029 0.041595 -0.998268 -0.041595 0.080550 -0.986733 0.140962 -0.038369 -0.997605 0.057554 -0.061072 -0.977153 0.203574
0.027017 -0.999635 0.000000 0.168880 -0.971061 0.168880 -0.026669 -0.986754 0.160014 -0.369800 -0.924500 0.092450 -0.024799 -0.991973 0.123997 0.040572 -0.994015 -0.101430 0.078980 -0.987248 0.138215 -0.036955 -0.997778 0.055432 -0.080032 -0.980392 0.180072
0.000000 -1.000000 0.000000 0.156893 -0.980581 0.117670 -0.028149 -0.985232 0.168897 -0.276483 -0.947943 0.157991 -0.047232 -0.991880 0.118081 0.039178 -0.999040 -0.019589 0.059316 -0.988598 0.138404 -0.018465 -0.997098 0.073859 -0.100201 -0.981966 0.160321
0.000000 -0.999614 -0.027767 0.145671 -0.983282 0.109254 -0.027597 -0.993505 0.110389 -0.253750 -0.942499 0.217500 -0.023696 -0.995216 0.094782 0.039684 -0.992095 0.119051 0.059467 -0.991120 0.118934 0.020253 -0.992383 0.121516 -0.098802 -0.988019 0.118562
0.000000 -0.999568 -0.029399 0.141069 -0.987484 0.070535 -0.029198 -0.992727 0.116791 -0.279713 -0.944033 0.174821 -0.023564 -0.989675 0.141382 -0.021031 -0.967403 0.252366 0.082974 -0.995688 0.041487 0.046919 -0.985308 0.164218 -0.103252 -0.991219 0.082602
0.000000 -0.999592 -0.028560 0.169516 -0.983192 0.067806 -0.112822 -0.987189 0.112822 -0.238976 -0.955904 0.170697 -0.048210 -0.988311 0.144631 -0.045015 -0.922806 0.382627 0.112881 -0.993352 -0.022576 0.077024 -0.975643 0.205398 -0.135079 -0.990579 0.022513
0.000000 -0.998371 -0.057050 0.216366 -0.973645 0.072122 -0.139428 -0.975995 0.167313 -0.273275 -0.956462 0.102478 -0.049386 -0.987730 0.148159 -0.045584 -0.888892 0.455842 0.103800 -0.986099 -0.129750 0.084989 -0.963208 0.254967 -0.101731 -0.991882 -0.076299
0.032092 -0.994837 -0.096275 0.248421 -0.958194 0.141955 -0.206061 -0.971429 0.117749 -0.240239 -0.960958 0.137280 -0.050411 -0.983020 0.176439 -0.045303 -0.838100 0.543632 0.130946 -0.968998 -0.209513 0.107134 -0.883858 0.455321 -0.103800 -0.986099 -0.129750
0.031174 -0.997567 -0.062348 0.255604 -0.949386 0.182574 -0.212806 -0.972829 0.091203 -0.240239 -0.960958 0.137280 -0.075497 -0.981462 0.176160 -0.045584 -0.820516 0.569803 0.129358 -0.957252 -0.258717 0.155417 -0.901421 0.404085 -0.128332 -0.975321 -0.179664
0.062348 -0.997567 -0.031174 0.255604 -0.949386 0.182574 -0.182913 -0.975537 0.121942 -0.273275 -0.956462 0.102478 -0.050621 -0.987105 0.151862 -0.062807 -0.910708 0.408248 0.103074 -0.953431 -0.283452 0.163956 -0.918156 0.360704 -0.127702 -0.970538 -0.204324
0.064349 -0.997409 -0.032174 0.253750 -0.942499 0.217500 -0.189642 -0.979816 0.063214 -0.281265 -0.949269 0.140633 -0.049386 -0.987730 0.148159 -0.025666 -0.872656 0.487661 0.105666 -0.950998 -0.290583 0.163956 -0.918156 0.360704 -0.130189 -0.963398 -0.234340
0.032225 -0.998961 -0.032225 0.251610 -0.934551 0.251610 -0.127906 -0.991271 0.031976 -0.249523 -0.962446 0.106938 -0.049553 -0.991059 0.123882 0.000000 -0.884385 0.466759 0.106449 -0.958043 -0.266123 0.147506 -0.944039 0.295012 -0.135086 -0.972618 -0.189120
0.066519 -0.997785 0.000000 0.260333 -0.929760 0.260333 -0.096324 -0.995350 0.000000 -0.258375 -0.959678 0.110732 -0.024268 -0.994982 0.097071 0.000000 -0.915644 0.401990 0.099969 -0.974695 -0.199938 0.137934 -0.965540 0.220695 -0.123091 -0.984732 -0.123091
0.034442 -0.998813 -0.034442 0.243414 -0.938882 0.243414 -0.095880 -0.990764 -0.095880 -0.222375 -0.963624 0.148250 -0.024268 -0.994982 0.097071 0.000000 -0.946510 0.322674 0.094570 -0.992988 -0.070928 0.102971 -0.978225 0.180199 -0.115378 -0.992249 -0.046151
0.032174 -0.997409 -0.064349 0.251610 -0.934551 0.251610 -0.063855 -0.989754 -0.127710 -0.222375 -0.963624 0.148250 -0.024318 -0.997039 0.072954 0.000000 -0.972579 0.232573 0.066503 -0.997540 0.022168 0.072633 -0.992646 0.096844 -0.088345 -0.993884 0.066259
0.032225 -0.998961 -0.032225 0.245350 -0.946350 0.210300 -0.059815 -0.986945 -0.149537 -0.230599 -0.960828 0.153732 0.000000 -0.998868 0.047565 0.000000 -0.989533 0.144307 0.064700 -0.992062 0.107833 0.042944 -0.987707 0.150303 -0.085907 -0.987935 0.128861
0.000000 -0.999445 -0.033315 0.245350 -0.946350 0.210300 -0.059523 -0.982125 -0.178568 -0.230599 -0.960828 0.153732 0.023224 -0.998651 0.046449 0.000000 -0.994618 0.103606 0.061533 -0.984525 0.164087 0.000000 -0.997880 0.065079 -0.041586 -0.977260 0.207928
0.000000 -0.997925 -0.064382 0.247025 -0.952809 0.176446 -0.059523 -0.982125 -0.178568 -0.229081 -0.954504 0.190901 0.023224 -0.998651 0.046449 0.000000 -0.996546 0.083045 0.059880 -0.978046 0.199601 -0.021229 -0.997744 0.063686 -0.020105 -0.965031 0.261363
0.000000 -0.995350 -0.096324 0.255604 -0.949386 0.182574 -0.061314 -0.981023 -0.183942 -0.222375 -0.963624 0.148250 0.022698 -0.998711 0.045396 0.000000 -0.999133 0.041631 0.058244 -0.970737 0.232977 -0.020788 -0.997837 0.062365 -0.019619 -0.961339 0.274668
0.030861 -0.987541 -0.154303 0.257151 -0.955134 0.146944 -0.030700 -0.982409 -0.184202 -0.258375 -0.959678 0.110732 0.023243 -0.999460 0.023243 0.000000 -0.999783 0.020829 0.039421 -0.965810 0.256235 -0.041487 -0.995688 0.082974 0.000000 -0.965226 0.261415
0.000000 -0.978234 -0.207504 0.315244 -0.945732 0.078811 -0.028421 -0.966315 -0.255789 -0.224231 -0.971666 0.074744 0.023776 -0.998586 0.047552 0.000000 -0.999774 0.021272 0.039614 -0.970535 0.237682 -0.041407 -0.993765 0.103517 0.000000 -0.963811 0.266586
0.000000 -0.966705 -0.255893 0.364101 -0.930480 0.040456 -0.028989 -0.956622 -0.289886 -0.269630 -0.962964 0.000000 0.023796 -0.999434 0.023796 0.000000 -0.999764 0.021734 0.040979 -0.963002 0.266362 -0.043183 -0.993217 0.107958 0.000000 -0.967617 0.252422
0.028205 -0.958984 -0.282054 0.378298 -0.924729 -0.042033 -0.055880 -0.949958 -0.307339 -0.268833 -0.960119 -0.076810 0.023776 -0.998586 0.047552 0.000000 -0.997785 0.066519 0.043133 -0.970495 0.237232 -0.043073 -0.990680 0.129219 0.000000 -0.968803 0.247833
0.027973 -0.951072 -0.307700 0.412393 -0.907265 -0.082479 -0.055385 -0.941543 -0.332309 -0.268833 -0.960119 -0.076810 0.000000 -0.999717 0.023803 0.000000 -0.997684 0.068024 0.064942 -0.974126 0.216473 -0.022022 -0.990988 0.132132 0.000000 -0.972806 0.231621
0.056865 -0.938273 -0.341190 0.412393 -0.907265 -0.082479 -0.055385 -0.941543 -0.332309 -0.258375 -0.959678 -0.110732 0.023776 -0.998586 0.047552 0.000000 -0.993605 0.112910 0.066650 -0.977536 0.199951 -0.022513 -0.990579 0.135079 0.000000 -0.972806 0.231621
0.088312 -0.941992 -0.323810 0.412393 -0.907265 -0.082479 -0.027973 -0.951072 -0.307700 -0.267848 -0.956598 -0.114792 0.023776 -0.998586 0.047552 0.000000 -0.993307 0.115501 0.066650 -0.977536 0.199951 0.000000 -0.983130 0.182908 -0.022858 -0.982873 0.182860
0.121886 -0.944613 -0.304714 0.363210 -0.928204 -0.080713 0.000000 -0.962651 -0.270746 -0.223452 -0.968291 -0.111726 0.024354 -0.998516 0.048708 0.000000 -0.990405 0.138196 0.066650 -0.977536 0.199951 0.000000 -0.983130 0.182908 -0.022858 -0.982873 0.182860
0.125491 -0.941184 -0.313728 0.364101 -0.930480 -0.040456 0.030514 -0.976445 -0.213597 -0.223452 -0.968291 -0.111726 0.023776 -0.998586 0.047552 0.000000 -0.990405 0.138196 0.066932 -0.981664 0.178484 0.000000 -0.983130 0.182908 -0.022858 -0.982873 0.182860
0.126681 -0.950110 -0.285033 0.350857 -0.935617 -0.038984 0.031450 -0.974958 -0.220152 -0.187647 -0.975763 -0.112588 0.023796 -0.999434 0.023796 0.000000 -0.993307 0.115501 0.066650 -0.977536 0.199951 0.000000 -0.983130 0.182908 0.000000 -0.983130 0.182908
