-0.314270 -0.864242 0.392837 0.777482 -0.604708 -0.172774 0.439219 -0.878438 0.188237 -0.818182 -0.545455 0.181818 0.000000 -0.780869 0.624695 -0.199889 -0.799556 0.566352 0.314741 -0.750537 -0.581061 0.284808 -0.818822 0.498413 -0.263781 -0.791342 -0.551541
-0.330477 -0.867502 0.371787 0.797836 -0.576215 -0.177297 0.464606 -0.862840 0.199117 -0.797836 -0.576215 0.177297 0.000000 -0.817806 0.575493 -0.228436 -0.750577 0.620042 0.338259 -0.700679 -0.628195 0.191957 -0.927792 0.319928 -0.331862 -0.730096 -0.597351
-0.349005 -0.853123 0.387783 0.818182 -0.545455 -0.181818 0.412813 -0.894427 0.172005 -0.797836 -0.576215 0.177297 0.000000 -0.827476 0.561501 -0.223835 -0.735459 0.639529 0.338655 -0.677309 -0.653120 0.157642 -0.945850 0.283755 -0.324337 -0.720750 -0.612637
-0.337764 -0.863175 0.375293 0.818182 -0.545455 -0.181818 0.383669 -0.906854 0.174395 -0.790875 -0.571187 0.219687 -0.029050 -0.813390 0.580993 -0.224294 -0.704925 0.672883 0.338655 -0.677309 -0.653120 0.119470 -0.955756 0.268806 -0.315735 -0.670936 -0.670936
-0.327111 -0.872295 0.363456 0.832405 -0.525730 -0.175243 0.369552 -0.907083 0.201574 -0.832405 -0.525730 0.175243 -0.029748 -0.803202 0.594964 -0.189358 -0.694314 0.694314 0.316979 -0.658341 -0.682724 0.120386 -0.963087 0.240772 -0.342682 -0.685365 -0.642529
-0.317011 -0.880587 0.352235 0.825307 -0.521247 -0.217186 0.311458 -0.934374 0.173032 -0.790875 -0.571187 0.219687 -0.029748 -0.803202 0.594964 -0.185252 -0.710134 0.679258 0.316979 -0.658341 -0.682724 0.113776 -0.967096 0.227552 -0.352865 -0.661622 -0.661622
-0.276026 -0.897085 0.345033 0.764866 -0.629890 -0.134976 0.369552 -0.907083 0.201574 -0.738433 -0.651558 0.173749 -0.029748 -0.803202 0.594964 -0.155193 -0.713886 0.682848 0.284988 -0.712470 -0.641223 0.085575 -0.969846 0.228199 -0.293455 -0.754599 -0.586911
-0.324443 -0.875996 0.356887 0.679775 -0.722261 -0.127458 0.288824 -0.930654 0.224641 -0.651558 -0.738433 0.173749 -0.029540 -0.827115 0.561256 -0.095106 -0.792553 0.602340 0.219708 -0.830009 -0.512653 0.085575 -0.969846 0.228199 -0.264764 -0.869940 -0.416058
-0.249513 -0.935674 0.249513 0.525924 -0.849569 -0.040456 0.260793 -0.945373 0.195594 -0.460336 -0.878823 0.125546 0.000000 -0.862698 0.505719 -0.030994 -0.867826 0.495901 0.145308 -0.920283 -0.363270 0.117393 -0.939148 0.322832 -0.222137 -0.916313 -0.333205
-0.095539 -0.987241 0.127386 0.294086 -0.955779 0.000000 0.151078 -0.982006 0.113308 -0.267848 -0.956598 0.114792 0.029025 -0.899780 0.435377 0.000000 -0.934052 0.357137 0.121662 -0.973297 -0.194659 0.087445 -0.932742 0.349778 -0.186248 -0.954521 -0.232810
0.033296 -0.998891 -0.033296 0.159152 -0.986741 0.031830 0.000000 -0.997630 0.068802 -0.099286 -0.992855 0.066190 0.053975 -0.944567 0.323852 0.000000 -0.965843 0.259129 0.144631 -0.988311 -0.048210 0.051743 -0.957252 0.284589 -0.131369 -0.985270 -0.109474
0.063855 -0.989754 -0.127710 0.033315 -0.999445 0.000000 0.033296 -0.998891 0.033296 0.000000 -1.000000 0.000000 0.051434 -0.977255 0.205738 0.020806 -0.977894 0.208063 0.115378 -0.992249 0.046151 0.021688 -0.975957 0.216879 -0.112910 -0.993605 0.000000
-0.032862 -0.985861 -0.164310 0.000000 -1.000000 0.000000 0.000000 -0.999445 -0.033315 0.066519 -0.997785 0.000000 0.025425 -0.991561 0.127123 0.020253 -0.992383 0.121516 0.102211 -0.981228 0.163538 0.020199 -0.989748 0.141393 -0.100504 -0.984937 0.140705
-0.095539 -0.987241 -0.127386 0.000000 -0.997054 -0.076696 0.031174 -0.997567 -0.062348 0.076696 -0.997054 0.000000 0.024868 -0.994729 0.099473 0.078132 -0.996177 -0.039066 0.076125 -0.970593 0.228375 -0.078057 -0.995229 -0.058543 -0.057166 -0.971825 0.228665
-0.200782 -0.970448 -0.133855 0.086306 -0.992523 -0.086306 0.064084 -0.993304 -0.096126 -0.038433 -0.999261 0.000000 -0.024961 -0.998441 0.049922 0.102533 -0.984318 -0.143546 0.089271 -0.964132 0.249960 -0.161034 -0.966204 -0.201292 -0.018152 -0.962048 0.272278
-0.168359 -0.976481 -0.134687 0.076472 -0.994135 -0.076472 -0.029198 -0.992727 -0.116791 -0.079745 -0.996815 0.000000 -0.024922 -0.996890 0.074767 0.083606 -0.982370 -0.167212 0.088862 -0.959706 0.266585 -0.201907 -0.948963 -0.242288 0.000000 -0.953849 0.300286
-0.148741 -0.981691 -0.118993 0.134568 -0.986835 -0.089712 -0.065938 -0.989071 -0.131876 -0.132164 -0.991228 0.000000 -0.024318 -0.997039 0.072954 0.065732 -0.985979 -0.153375 0.090834 -0.962841 0.254335 -0.150130 -0.965123 -0.214472 -0.018060 -0.957172 0.288957
-0.152570 -0.976445 -0.152570 0.170716 -0.981616 -0.085358 -0.131519 -0.986394 -0.098639 -0.127906 -0.991271 -0.031976 0.025599 -0.998360 0.051198 0.044130 -0.992916 -0.110324 0.091241 -0.967160 0.237228 -0.089712 -0.986835 -0.134568 -0.036286 -0.961572 0.272143
-0.130396 -0.977972 -0.162995 0.157867 -0.986671 -0.039467 -0.195180 -0.975900 -0.097590 -0.132092 -0.990687 -0.033023 0.107327 -0.992774 0.053663 0.067746 -0.993605 -0.090328 0.073410 -0.972682 0.220230 -0.044227 -0.995098 -0.088453 -0.055882 -0.968627 0.242157
-0.126365 -0.979327 -0.157956 0.242536 -0.970143 0.000000 -0.226160 -0.969256 -0.096926 -0.132092 -0.990687 -0.033023 0.195427 -0.977135 0.083754 0.046262 -0.994635 -0.092524 0.073696 -0.976471 0.202664 -0.045303 -0.996659 -0.067954 -0.056126 -0.972855 0.224505
-0.097590 -0.975900 -0.195180 0.242536 -0.970143 0.000000 -0.226752 -0.971795 -0.064786 -0.164310 -0.985861 -0.032862 0.195427 -0.977135 0.083754 0.000000 -0.995893 -0.090536 0.075324 -0.979217 0.188311 -0.023193 -0.997307 -0.069580 -0.075045 -0.975591 0.206375
-0.129641 -0.972306 -0.194461 0.279776 -0.959233 0.039968 -0.257130 -0.964237 -0.064282 -0.169809 -0.984892 -0.033962 0.216216 -0.972973 0.081081 0.000000 -0.993884 -0.110432 0.056756 -0.983762 0.170267 -0.045303 -0.996659 -0.067954 -0.075324 -0.979217 0.188311
-0.097590 -0.975900 -0.195180 0.269430 -0.962250 0.038490 -0.265343 -0.961869 -0.066336 -0.136558 -0.990044 -0.034139 0.133488 -0.987809 0.080093 0.000000 -0.994618 -0.103606 0.056028 -0.989833 0.130733 -0.062164 -0.994618 -0.082885 -0.056929 -0.986769 0.151811
-0.104194 -0.972480 -0.208389 0.250801 -0.967375 0.035829 -0.213597 -0.976445 -0.030514 -0.209401 -0.977207 -0.034900 -0.082918 -0.995022 0.055279 -0.019101 -0.993228 -0.114603 0.074783 -0.990871 0.112174 -0.077953 -0.993905 -0.077953 -0.092880 -0.984525 0.148608
-0.138343 -0.968400 -0.207514 0.259794 -0.964951 -0.037113 -0.154083 -0.986134 -0.061633 -0.250962 -0.967997 0.000000 -0.137361 -0.988996 0.054944 -0.019055 -0.990881 -0.133388 0.075045 -0.994352 0.075045 -0.073821 -0.996588 -0.036911 -0.076015 -0.988193 0.133026
-0.170697 -0.955904 -0.238976 0.242338 -0.969351 -0.040390 -0.144518 -0.982725 -0.115615 -0.259973 -0.965616 0.000000 -0.155910 -0.987429 0.025985 -0.019213 -0.999077 -0.038426 0.075045 -0.994352 0.075045 -0.019213 -0.999077 -0.038426 -0.076015 -0.988193 0.133026
-0.170697 -0.955904 -0.238976 0.203279 -0.975739 -0.081312 -0.153213 -0.980562 -0.122570 -0.209401 -0.977207 -0.034900 -0.164354 -0.986122 0.023479 -0.020717 -0.994405 0.103584 0.075244 -0.996988 0.018811 0.000000 -0.996546 0.083045 -0.095087 -0.988908 0.114105
-0.169224 -0.947656 -0.270759 0.195515 -0.977577 -0.078206 -0.152570 -0.976445 -0.152570 -0.169516 -0.983192 -0.067806 -0.138159 -0.990142 -0.023027 -0.021238 -0.976956 0.212382 0.079603 -0.995037 -0.059702 0.022355 -0.983624 0.178841 -0.097110 -0.990525 0.097110
-0.130605 -0.946884 -0.293860 0.156893 -0.980581 -0.117670 -0.152570 -0.976445 -0.152570 -0.168359 -0.976481 -0.134687 -0.118180 -0.992711 -0.023636 0.000000 -0.950871 0.309586 0.064535 -0.989533 -0.129070 0.048956 -0.954633 0.293733 -0.103517 -0.993765 0.041407
-0.137604 -0.928828 -0.344010 0.151078 -0.982006 -0.113308 -0.182153 -0.971483 -0.151794 -0.162221 -0.973329 -0.162221 -0.094782 -0.995216 -0.023696 0.022716 -0.931337 0.363449 0.069673 -0.975426 -0.209020 0.049553 -0.916729 0.396424 -0.110405 -0.993641 -0.022081
-0.130189 -0.911322 -0.390567 0.163163 -0.978980 -0.122373 -0.176090 -0.968496 -0.176090 -0.199778 -0.965594 -0.166482 -0.102029 -0.994781 0.000000 0.022792 -0.911685 0.410258 0.072569 -0.967585 -0.241896 0.071940 -0.887262 0.455621 -0.144129 -0.984883 -0.096086
-0.131804 -0.922631 -0.362462 0.157500 -0.984374 -0.078750 -0.128765 -0.965734 -0.225338 -0.207514 -0.968400 -0.138343 -0.102029 -0.994781 0.000000 0.046053 -0.898036 0.437505 0.050492 -0.959339 -0.277703 0.096674 -0.870063 0.483368 -0.147220 -0.981466 -0.122683
-0.121435 -0.910765 -0.394665 0.164260 -0.985562 -0.041065 -0.088581 -0.974389 -0.206689 -0.214697 -0.966136 -0.143131 -0.099473 -0.994729 0.024868 0.046524 -0.883960 0.465242 0.050492 -0.959339 -0.277703 0.095536 -0.859828 0.501566 -0.174673 -0.973177 -0.149720
-0.098006 -0.914720 -0.392023 0.157991 -0.987441 0.000000 -0.066336 -0.961869 -0.265343 -0.224231 -0.971666 -0.074744 -0.076696 -0.997054 0.000000 0.045584 -0.888892 0.455842 0.025270 -0.960258 -0.277969 0.093607 -0.865867 0.491438 -0.174673 -0.973177 -0.149720
-0.126428 -0.916602 -0.379284 0.182089 -0.983282 0.000000 -0.061839 -0.958508 -0.278277 -0.216789 -0.975550 -0.036131 -0.076671 -0.996729 0.025557 0.045118 -0.902358 0.428620 0.024830 -0.968365 -0.248299 0.094676 -0.875755 0.473381 -0.190153 -0.974535 -0.118846
-0.097333 -0.940884 -0.324443 0.146450 -0.988540 0.036613 -0.033501 -0.971537 -0.234509 -0.216930 -0.976187 0.000000 -0.049922 -0.998441 0.024961 0.022065 -0.926721 0.375101 0.024035 -0.985452 -0.168248 0.069673 -0.905753 0.418040 -0.160507 -0.985969 -0.045859
-0.095346 -0.953463 -0.286039 0.181969 -0.982631 0.036394 -0.033501 -0.971537 -0.234509 -0.209401 -0.977207 0.034900 -0.048708 -0.998516 0.024354 0.000000 -0.946510 0.322674 0.046151 -0.992249 -0.115378 0.045396 -0.930617 0.363168 -0.157115 -0.987580 0.000000
-0.062807 -0.973515 -0.219826 0.181969 -0.982631 0.036394 -0.033962 -0.984892 -0.169809 -0.216930 -0.976187 0.000000 -0.048665 -0.997629 0.048665 0.000000 -0.964764 0.263117 0.022195 -0.998768 -0.044390 0.022887 -0.961272 0.274649 -0.131876 -0.989071 0.065938
-0.031654 -0.981288 -0.189927 0.188713 -0.981307 0.037743 -0.033023 -0.990687 -0.132092 -0.216930 -0.976187 0.000000 -0.047552 -0.998586 0.023776 0.000000 -0.980581 0.196116 0.021729 -0.999528 0.021729 0.000000 -0.972806 0.231621 -0.103054 -0.989323 0.103054
0.000000 -0.987241 -0.159232 0.182089 -0.983282 0.000000 -0.034139 -0.990044 -0.136558 -0.224702 -0.973708 0.037450 -0.047552 -0.998586 0.023776 0.000000 -0.988619 0.150442 0.021688 -0.997645 0.065064 -0.022858 -0.982873 0.182860 -0.082182 -0.986186 0.143819
0.000000 -0.991778 -0.127971 0.181969 -0.982631 0.036394 -0.034139 -0.990044 -0.136558 -0.188713 -0.981307 0.037743 -0.047552 -0.998586 0.023776 0.000000 -0.991600 0.129339 0.021195 -0.996174 0.084781 -0.046017 -0.989356 0.138050 -0.059880 -0.978046 0.199601
-0.031976 -0.991271 -0.127906 0.216789 -0.975550 0.036131 -0.035489 -0.993683 -0.106466 -0.188847 -0.982006 0.000000 -0.046449 -0.998651 0.023224 0.022698 -0.998711 0.045396 0.000000 -0.986933 0.161132 -0.070750 -0.990500 0.117917 -0.039036 -0.975900 0.214698
-0.033150 -0.994490 -0.099449 0.216789 -0.975550 0.036131 -0.034280 -0.994107 -0.102839 -0.188847 -0.982006 0.000000 -0.023796 -0.999434 0.023796 0.023243 -0.999460 0.023243 0.000000 -0.984784 0.173785 -0.094386 -0.991051 0.094386 -0.019083 -0.973240 0.228998
-0.032092 -0.994837 -0.096275 0.250801 -0.967375 0.035829 -0.031830 -0.986741 -0.159152 -0.188847 -0.982006 0.000000 -0.023796 -0.999434 0.023796 0.047565 -0.998868 0.000000 -0.019238 -0.981132 0.192379 -0.096844 -0.992646 0.072633 -0.018653 -0.969974 0.242493
-0.031976 -0.991271 -0.127906 0.250801 -0.967375 0.035829 0.000000 -0.975441 -0.220261 -0.188847 -0.982006 0.000000 -0.023243 -0.999460 0.023243 0.048708 -0.998516 -0.024354 -0.018811 -0.978177 0.206922 -0.120736 -0.990038 0.072442 0.000000 -0.974391 0.224860
-0.031976 -0.991271 -0.127906 0.250962 -0.967997 0.000000 0.000000 -0.968277 -0.249878 -0.182089 -0.983282 0.000000 -0.023796 -0.999434 0.023796 0.048708 -0.998516 -0.024354 -0.019164 -0.977342 0.210799 -0.120913 -0.991484 0.048365 0.000000 -0.969015 0.247004
-0.063855 -0.989754 -0.127710 0.283909 -0.958194 0.035489 0.000000 -0.966235 -0.257663 -0.182089 -0.983282 0.000000 -0.023796 -0.999434 0.023796 0.048708 -0.998516 -0.024354 -0.019164 -0.977342 0.210799 -0.120913 -0.991484 0.048365 0.000000 -0.969015 0.247004
-0.031830 -0.986741 -0.159152 0.283909 -0.958194 0.035489 -0.031220 -0.967805 -0.249756 -0.182089 -0.983282 0.000000 -0.023243 -0.999460 0.023243 0.024376 -0.999406 -0.024376 0.000000 -0.973417 0.229039 -0.123882 -0.991059 0.049553 0.000000 -0.970143 0.242536
