-0.521427 -0.844216 -0.124149 0.927478 -0.370991 -0.046374 0.544125 -0.816188 0.194331 -0.911322 -0.390567 0.130189 0.000000 -0.796162 0.605083 -0.293835 -0.685616 0.666027 0.602642 -0.175771 -0.778413 0.276099 -0.713256 0.644232 -0.545317 -0.233707 -0.804991
-0.515539 -0.850640 -0.103108 0.865426 -0.501036 0.000000 0.527271 -0.828568 0.188311 -0.826898 -0.537484 0.165380 0.000000 -0.796162 0.605083 -0.279442 -0.698604 0.658684 0.562809 -0.306987 -0.767467 0.236360 -0.732715 0.638171 -0.496234 -0.313411 -0.809645
-0.447059 -0.894118 -0.026298 0.749110 -0.660979 -0.044065 0.479839 -0.848945 0.221464 -0.702247 -0.702247 0.117041 -0.031830 -0.795759 0.604777 -0.263498 -0.724619 0.636786 0.492221 -0.518128 -0.699472 0.199938 -0.774758 0.599813 -0.448926 -0.501740 -0.739407
-0.277614 -0.956226 0.092538 0.635053 -0.771136 -0.045361 0.378188 -0.893898 0.240665 -0.622799 -0.778499 0.077850 -0.031830 -0.795759 0.604777 -0.193291 -0.773163 0.604034 0.389512 -0.701121 -0.597252 0.134304 -0.832684 0.537215 -0.374567 -0.668870 -0.642115
0.000000 -0.990621 0.136637 0.429537 -0.902027 -0.042954 0.206406 -0.963229 0.172005 -0.491705 -0.869940 0.037823 -0.059976 -0.839664 0.539784 -0.126796 -0.836852 0.532542 0.274914 -0.849734 -0.449859 0.052541 -0.893192 0.446596 -0.309324 -0.799086 -0.515539
0.206406 -0.963229 0.172005 0.315981 -0.947943 -0.039498 -0.033150 -0.994490 0.099449 -0.338480 -0.940222 -0.037609 -0.053799 -0.887687 0.457293 -0.072718 -0.896854 0.436308 0.199875 -0.924422 -0.324797 -0.050492 -0.934093 0.353441 -0.200944 -0.904249 -0.376770
0.182089 -0.983282 0.000000 0.202606 -0.979260 0.000000 -0.127386 -0.987241 -0.095539 -0.209020 -0.975426 -0.069673 -0.051215 -0.921866 0.384111 -0.021953 -0.943973 0.329293 0.152696 -0.967075 -0.203595 -0.089242 -0.959353 0.267726 -0.179664 -0.949655 -0.256664
0.181608 -0.980684 -0.072643 0.164310 -0.985861 -0.032862 -0.192450 -0.962250 -0.192450 -0.099449 -0.994490 -0.033150 -0.025270 -0.960258 0.277969 -0.021040 -0.988871 0.147279 0.123693 -0.989541 -0.074216 -0.080961 -0.971533 0.222643 -0.170529 -0.974451 -0.146168
0.173136 -0.969561 -0.173136 0.164399 -0.986394 0.000000 -0.262330 -0.950947 -0.163956 -0.032225 -0.998961 -0.032225 0.000000 -0.980581 0.196116 0.019992 -0.999600 -0.019992 0.092401 -0.993307 0.069301 -0.077820 -0.992210 0.097276 -0.156957 -0.986587 0.044845
0.223039 -0.955879 -0.191176 0.141421 -0.989949 0.000000 -0.257130 -0.964237 -0.064282 -0.034462 -0.999406 0.000000 -0.024126 -0.989173 0.144757 0.098266 -0.982662 -0.157226 0.060808 -0.972929 0.222963 -0.097110 -0.990525 -0.097110 -0.141885 -0.972929 0.182424
0.268806 -0.955756 -0.119470 0.181969 -0.982631 0.036394 -0.305832 -0.951479 0.033981 -0.071202 -0.996826 0.035601 0.000000 -0.995495 0.094809 0.151565 -0.966228 -0.208402 0.040505 -0.951877 0.303791 -0.157960 -0.967503 -0.197450 -0.116930 -0.954928 0.272837
0.365652 -0.930751 0.000000 0.293887 -0.955134 0.036736 -0.281265 -0.949269 0.140633 -0.151620 -0.985527 0.075810 0.000000 -0.997684 0.068024 0.136496 -0.974972 -0.175495 0.062691 -0.940361 0.334351 -0.161657 -0.969944 -0.181865 -0.098937 -0.949797 0.296812
0.379284 -0.916602 0.126428 0.304555 -0.951734 0.038069 -0.262330 -0.950947 0.163956 -0.249523 -0.962446 0.106938 0.000000 -0.998920 0.046461 0.101181 -0.991570 -0.080944 0.064401 -0.944545 0.322004 -0.120653 -0.985335 -0.120653 -0.100830 -0.947804 0.302491
0.404085 -0.901421 0.155417 0.302804 -0.946264 0.113552 -0.262471 -0.918650 0.295280 -0.273275 -0.956462 0.102478 0.000000 -0.999717 0.023803 0.062365 -0.997837 -0.020788 0.065248 -0.956974 0.282742 -0.065497 -0.982448 -0.174658 -0.103429 -0.951543 0.289600
0.373182 -0.901857 0.217690 0.326250 -0.942499 0.072500 -0.259828 -0.909398 0.324785 -0.281265 -0.949269 0.140633 -0.024354 -0.998516 0.048708 0.062378 -0.998053 0.000000 0.043550 -0.958108 0.283077 -0.063189 -0.989967 -0.126379 -0.106143 -0.955287 0.275972
0.370505 -0.895386 0.247003 0.336581 -0.934947 0.112194 -0.256997 -0.899490 0.353371 -0.313150 -0.939450 0.139178 -0.049875 -0.997509 0.049875 0.063700 -0.997969 0.000000 0.043550 -0.958108 0.283077 -0.064535 -0.989533 -0.129070 -0.102533 -0.963811 0.246079
0.360505 -0.901263 0.240337 0.348743 -0.929981 0.116248 -0.247003 -0.895386 0.370505 -0.289241 -0.940032 0.180775 -0.052486 -0.997241 0.052486 0.062365 -0.997837 0.020788 0.044755 -0.962231 0.268530 -0.064700 -0.992062 -0.107833 -0.102533 -0.963811 0.246079
0.333947 -0.910765 0.242871 0.324176 -0.932007 0.162088 -0.254000 -0.889001 0.381000 -0.281265 -0.949269 0.140633 -0.080699 -0.995286 0.053799 0.041622 -0.998917 0.020811 0.043133 -0.970495 0.237232 -0.064836 -0.994144 -0.086447 -0.101015 -0.969746 0.222234
0.317821 -0.921681 0.222475 0.299392 -0.935601 0.187120 -0.242871 -0.910765 0.333947 -0.255604 -0.949386 0.182574 -0.082761 -0.993127 0.082761 0.040782 -0.999168 0.000000 0.042033 -0.966762 0.252199 -0.039960 -0.999001 -0.019980 -0.101451 -0.973929 0.202902
0.264935 -0.941992 0.206061 0.310227 -0.930680 0.193892 -0.186411 -0.932055 0.310685 -0.289241 -0.940032 0.180775 -0.078273 -0.991454 0.104364 0.039186 -0.999232 0.000000 0.040390 -0.969351 0.242338 -0.019589 -0.999040 -0.039178 -0.081633 -0.979592 0.183673
0.245602 -0.951709 0.184202 0.285062 -0.936632 0.203616 -0.178965 -0.954480 0.238620 -0.299392 -0.935601 0.187120 -0.053799 -0.995286 0.080699 0.039178 -0.999040 0.019589 0.080961 -0.971533 0.222643 -0.038433 -0.999261 0.000000 -0.081923 -0.983078 0.163846
0.210200 -0.960913 0.180171 0.237729 -0.950915 0.198107 -0.170320 -0.965146 0.198707 -0.310227 -0.930680 0.193892 -0.026861 -0.993848 0.107443 0.059845 -0.997410 -0.039896 0.081312 -0.975739 0.203279 -0.036955 -0.997778 0.055432 -0.100504 -0.984937 0.140705
0.205262 -0.967663 0.146616 0.229081 -0.954504 0.190901 -0.171219 -0.970241 0.171219 -0.312348 -0.937043 0.156174 -0.027671 -0.996164 0.083014 0.039118 -0.997510 0.058677 0.100201 -0.981966 0.160321 -0.054144 -0.992644 0.108288 -0.100504 -0.984937 0.140705
0.211250 -0.965715 0.150893 0.174078 -0.974835 0.139262 -0.206061 -0.971429 0.117749 -0.257151 -0.955134 0.146944 -0.024799 -0.991973 0.123997 0.000000 -0.976644 0.214862 0.101181 -0.991570 0.080944 -0.037973 -0.968316 0.246826 -0.123929 -0.991431 0.041310
0.201319 -0.977835 0.057520 0.174078 -0.974835 0.139262 -0.190586 -0.980159 0.054453 -0.282490 -0.953403 0.105934 -0.023564 -0.989675 0.141382 -0.022757 -0.978537 0.204810 0.129309 -0.991370 0.021552 0.000000 -0.940376 0.340136 -0.150303 -0.987707 -0.042944
0.168897 -0.985232 0.028149 0.214697 -0.966136 0.143131 -0.222825 -0.974859 0.000000 -0.274075 -0.959264 0.068519 -0.023932 -0.981209 0.191456 -0.077024 -0.975643 0.205398 0.147934 -0.986227 -0.073967 -0.020468 -0.921057 0.388891 -0.169875 -0.970714 -0.169875
0.207504 -0.978234 0.000000 0.249523 -0.962446 0.106938 -0.213597 -0.976445 -0.030514 -0.296399 -0.955064 0.000000 -0.024246 -0.969857 0.242464 -0.082138 -0.958275 0.273793 0.186484 -0.959063 -0.213125 -0.020699 -0.890057 0.455378 -0.188845 -0.944223 -0.269778
0.201653 -0.979457 0.000000 0.326056 -0.937410 0.122271 -0.201569 -0.979051 -0.028796 -0.384331 -0.922395 -0.038433 -0.051350 -0.949968 0.308098 -0.126028 -0.882197 0.453701 0.222137 -0.916313 -0.333205 0.000000 -0.832050 0.554700 -0.191655 -0.903516 -0.383310
0.196011 -0.980057 0.032669 0.293294 -0.953206 0.073324 -0.213300 -0.975084 -0.060943 -0.358748 -0.932745 -0.035875 -0.051350 -0.949968 0.308098 -0.138159 -0.805930 0.575664 0.246784 -0.877454 -0.411306 0.000000 -0.807791 0.589469 -0.192015 -0.877784 -0.438892
0.184202 -0.982409 0.030700 0.315244 -0.945732 0.078811 -0.213300 -0.975084 -0.060943 -0.337764 -0.938233 -0.075059 -0.052182 -0.939272 0.339182 -0.162004 -0.763733 0.624873 0.246784 -0.877454 -0.411306 0.022305 -0.780675 0.624540 -0.218218 -0.872872 -0.436436
0.149738 -0.988272 -0.029948 0.348743 -0.929981 0.116248 -0.178568 -0.982125 -0.059523 -0.336581 -0.934947 -0.112194 -0.078811 -0.945732 0.315244 -0.187755 -0.804663 0.563264 0.263067 -0.868121 -0.420907 0.045478 -0.750388 0.659432 -0.210672 -0.869023 -0.447679
0.123797 -0.990375 -0.061898 0.327418 -0.941327 0.081855 -0.183942 -0.981023 -0.061314 -0.336581 -0.934947 -0.112194 -0.079444 -0.953329 0.291295 -0.151282 -0.781623 0.605127 0.263067 -0.868121 -0.420907 0.046163 -0.761696 0.646288 -0.213125 -0.879141 -0.426250
0.122570 -0.980562 -0.153213 0.288921 -0.949312 0.123823 -0.187683 -0.969697 -0.156403 -0.303895 -0.949671 -0.075974 -0.078540 -0.968666 0.235621 -0.140758 -0.797630 0.586493 0.262432 -0.892269 -0.367405 0.045823 -0.801901 0.595698 -0.212598 -0.903540 -0.372046
0.066890 -0.969905 -0.234115 0.267848 -0.956598 0.114792 -0.156403 -0.969697 -0.187683 -0.283909 -0.958194 -0.035489 -0.073677 -0.982353 0.171912 -0.109265 -0.830415 0.546326 0.236352 -0.919145 -0.315135 0.045859 -0.848392 0.527379 -0.213049 -0.932091 -0.292943
0.033223 -0.963460 -0.265782 0.258375 -0.959678 0.110732 -0.130396 -0.977972 -0.162995 -0.293294 -0.953206 -0.073324 -0.071940 -0.983182 0.167860 -0.080816 -0.942852 0.323263 0.212000 -0.953998 -0.212000 0.065622 -0.896831 0.437479 -0.210745 -0.948354 -0.237089
0.031220 -0.967805 -0.249756 0.249523 -0.962446 0.106938 -0.098163 -0.981630 -0.163605 -0.250801 -0.967375 -0.035829 -0.048365 -0.991484 0.120913 -0.053037 -0.981187 0.185630 0.163420 -0.980522 -0.108947 0.043214 -0.929092 0.367315 -0.183576 -0.970330 -0.157351
0.000000 -0.973841 -0.227230 0.259259 -0.962963 0.074074 -0.102359 -0.989467 -0.102359 -0.250801 -0.967375 -0.035829 -0.046151 -0.992249 0.115378 -0.052271 -0.993146 0.104542 0.155752 -0.986431 -0.051917 0.021214 -0.954642 0.297000 -0.180199 -0.978225 -0.102971
0.000000 -0.975441 -0.220261 0.224231 -0.971666 0.074744 -0.066190 -0.992855 -0.099286 -0.250801 -0.967375 -0.035829 -0.046151 -0.992249 0.115378 -0.025624 -0.999343 0.025624 0.127164 -0.991882 0.000000 0.000000 -0.967617 0.252422 -0.148295 -0.988634 -0.024716
-0.033962 -0.984892 -0.169809 0.224702 -0.973708 0.037450 -0.065938 -0.989071 -0.131876 -0.259973 -0.965616 0.000000 -0.046151 -0.992249 0.115378 -0.024992 -0.999688 0.000000 0.123693 -0.989541 0.074216 0.000000 -0.977176 0.212430 -0.144757 -0.989173 0.024126
-0.033962 -0.984892 -0.169809 0.195515 -0.977577 0.078206 -0.033150 -0.994490 -0.099449 -0.250962 -0.967997 0.000000 -0.023696 -0.995216 0.094782 -0.022355 -0.983624 0.178841 0.096645 -0.990616 0.096645 -0.020970 -0.985604 0.167762 -0.120736 -0.990038 0.072442
-0.033962 -0.984892 -0.169809 0.195515 -0.977577 0.078206 -0.033150 -0.994490 -0.099449 -0.250962 -0.967997 0.000000 -0.023696 -0.995216 0.094782 0.000000 -0.980581 0.196116 0.070535 -0.987484 0.141069 -0.042173 -0.991067 0.126519 -0.094150 -0.988577 0.117688
-0.033962 -0.984892 -0.169809 0.188311 -0.979217 0.075324 -0.032092 -0.994837 -0.096275 -0.224860 -0.974391 0.000000 -0.023150 -0.995434 0.092599 0.000000 -0.976187 0.216930 0.067183 -0.985349 0.156760 -0.063344 -0.992392 0.105574 -0.068698 -0.984675 0.160296
-0.032669 -0.980057 -0.196011 0.195515 -0.977577 0.078206 0.000000 -0.995350 -0.096324 -0.259973 -0.965616 0.000000 -0.023696 -0.995216 0.094782 0.000000 -0.976187 0.216930 0.066932 -0.981664 0.178484 -0.043183 -0.993217 0.107958 -0.066932 -0.981664 0.178484
-0.032669 -0.980057 -0.196011 0.188311 -0.979217 0.075324 -0.032092 -0.994837 -0.096275 -0.259973 -0.965616 0.000000 -0.023696 -0.995216 0.094782 0.000000 -0.977176 0.212430 0.066932 -0.981664 0.178484 -0.064700 -0.992062 0.107833 -0.044488 -0.978745 0.200198
-0.032444 -0.973329 -0.227110 0.224702 -0.973708 0.037450 -0.030861 -0.987541 -0.154303 -0.224860 -0.974391 0.000000 -0.023696 -0.995216 0.094782 0.000000 -0.977176 0.212430 0.066932 -0.981664 0.178484 -0.064700 -0.992062 0.107833 -0.022261 -0.979472 0.200347
-0.032191 -0.965734 -0.257529 0.224702 -0.973708 0.037450 -0.030861 -0.987541 -0.154303 -0.224860 -0.974391 0.000000 0.000000 -0.995701 0.092623 0.000000 -0.976187 0.216930 0.065732 -0.985979 0.153375 -0.064836 -0.994144 0.086447 -0.022157 -0.974893 0.221567
-0.032191 -0.965734 -0.257529 0.233197 -0.971653 0.038866 0.000000 -0.988012 -0.154377 -0.224860 -0.974391 0.000000 0.000000 -0.995495 0.094809 -0.022043 -0.969907 0.242477 0.109764 -0.987878 0.109764 -0.064836 -0.994144 0.086447 -0.022646 -0.973758 0.226455
-0.030964 -0.959886 -0.278677 0.233197 -0.971653 0.038866 0.000000 -0.988012 -0.154377 -0.224860 -0.974391 0.000000 0.000000 -0.995495 0.094809 -0.021582 -0.971173 0.237398 0.137613 -0.986228 0.091742 -0.064836 -0.994144 0.086447 -0.022646 -0.973758 0.226455
-0.032191 -0.965734 -0.257529 0.233373 -0.972387 0.000000 0.000000 -0.988012 -0.154377 -0.216789 -0.975550 -0.036131 0.000000 -0.997459 0.071247 -0.021582 -0.971173 0.237398 0.160296 -0.984675 0.068698 -0.064836 -0.994144 0.086447 -0.022646 -0.973758 0.226455
0.000000 -0.966235 -0.257663 0.233373 -0.972387 0.000000 0.000000 -0.988012 -0.154377 -0.216789 -0.975550 -0.036131 0.023742 -0.997178 0.071227 0.043716 -0.983621 0.174866 0.182717 -0.982104 0.045679 -0.064836 -0.994144 0.086447 -0.022646 -0.973758 0.226455
