-0.455657 -0.882836 -0.113914 0.924500 -0.369800 -0.092450 0.615641 -0.783543 -0.083951 -0.902717 -0.427603 0.047511 0.061142 -0.764272 0.641989 -0.263498 -0.636786 0.724619 0.456172 -0.304114 -0.836315 0.215666 -0.668563 0.711696 -0.448183 -0.199192 -0.871467
-0.395944 -0.913717 -0.091372 0.917329 -0.386244 -0.096561 0.646997 -0.754829 -0.107833 -0.881104 -0.463739 0.092748 0.030015 -0.750375 0.660330 -0.259828 -0.649570 0.714527 0.452553 -0.326844 -0.829680 0.215666 -0.668563 0.711696 -0.443264 -0.246258 -0.861902
-0.305832 -0.951479 0.033981 0.881104 -0.463739 -0.092748 0.662266 -0.741738 -0.105963 -0.807410 -0.583130 0.089712 0.029348 -0.763057 0.645664 -0.247082 -0.673860 0.696322 0.428496 -0.453701 -0.781375 0.168151 -0.672603 0.720646 -0.386014 -0.463217 -0.797762
-0.180187 -0.973012 0.144150 0.749269 -0.655610 -0.093659 0.675429 -0.729463 -0.108069 -0.659269 -0.741677 0.123613 0.029348 -0.763057 0.645664 -0.191018 -0.740196 0.644687 0.361840 -0.646144 -0.671989 0.108148 -0.702959 0.702959 -0.286610 -0.677442 -0.677442
-0.035333 -0.989331 0.141333 0.554109 -0.831163 -0.046176 0.521773 -0.851314 -0.054924 -0.613351 -0.788594 0.043811 0.000000 -0.775235 0.631673 -0.153594 -0.793569 0.588777 0.305194 -0.788419 -0.534090 0.057330 -0.773960 0.630634 -0.228896 -0.813852 -0.534090
0.104893 -0.978997 0.174821 0.393919 -0.919145 0.000000 0.202145 -0.977035 0.067382 -0.496139 -0.868243 0.000000 0.027918 -0.809626 0.586281 -0.127329 -0.865838 0.483851 0.246034 -0.885722 -0.393654 0.027724 -0.831730 0.554487 -0.197006 -0.886527 -0.418638
0.035489 -0.993683 0.106466 0.283375 -0.956389 0.070844 -0.105934 -0.988714 0.105934 -0.293887 -0.955134 -0.036736 0.025343 -0.861657 0.506857 -0.071611 -0.930949 0.358057 0.199502 -0.947634 -0.249377 -0.024838 -0.894151 0.447076 -0.145479 -0.945611 -0.290957
0.035489 -0.993683 0.106466 0.200782 -0.970448 0.133855 -0.164310 -0.985861 0.032862 -0.141421 -0.989949 0.000000 0.024838 -0.894151 0.447076 -0.021791 -0.958790 0.283279 0.151282 -0.983332 -0.100855 0.000000 -0.971520 0.236956 -0.150329 -0.977140 -0.150329
0.066482 -0.997234 0.033241 0.161290 -0.967742 0.193548 -0.287202 -0.957338 0.031911 -0.033296 -0.998891 0.033296 0.000000 -0.933346 0.358979 -0.019909 -0.975523 0.218995 0.118180 -0.992711 0.023636 0.021652 -0.996007 0.086609 -0.144799 -0.989461 0.000000
0.096324 -0.995350 0.000000 0.163956 -0.950947 0.262330 -0.226752 -0.971795 0.064786 0.000000 -0.997785 0.066519 0.000000 -0.957826 0.287348 0.019470 -0.992962 0.116819 0.064121 -0.983184 0.170989 -0.019980 -0.999001 0.039960 -0.136434 -0.977778 0.159173
0.123975 -0.991801 0.030994 0.145479 -0.945611 0.290957 -0.158511 -0.982766 0.095106 0.035333 -0.989331 0.141333 0.000000 -0.977802 0.209529 0.057586 -0.998156 -0.019195 0.061059 -0.956597 0.284944 -0.058443 -0.993527 -0.097405 -0.102793 -0.945694 0.308378
0.178174 -0.979958 0.089087 0.222834 -0.928477 0.297113 -0.092937 -0.991325 0.092937 0.000000 -0.980581 0.196116 0.000000 -0.983130 0.182908 0.096909 -0.988476 -0.116291 0.039707 -0.933120 0.357365 -0.057083 -0.989445 -0.133194 -0.101015 -0.909137 0.404061
0.212121 -0.969697 0.121212 0.279553 -0.918532 0.279553 -0.061898 -0.990375 0.123797 -0.040757 -0.978167 0.203785 0.021953 -0.987878 0.153670 0.098552 -0.985521 -0.137973 0.039841 -0.916342 0.398410 0.000000 -0.996685 -0.081362 -0.098399 -0.905273 0.413277
0.238620 -0.954480 0.178965 0.294484 -0.920263 0.257674 -0.087556 -0.992304 0.087556 -0.044281 -0.974176 0.221404 0.000000 -0.991228 0.132164 0.062257 -0.996116 -0.062257 0.041231 -0.927687 0.371075 0.020404 -0.999792 0.000000 -0.059702 -0.915434 0.398015
0.260351 -0.954619 0.144639 0.301511 -0.904534 0.301511 -0.031976 -0.991271 0.127906 -0.089087 -0.979958 0.178174 0.086126 -0.990450 0.107658 0.040774 -0.998960 -0.020387 0.042362 -0.931961 0.360076 0.041622 -0.998917 0.020811 -0.040910 -0.920478 0.388646
0.274115 -0.944175 0.182743 0.314102 -0.907406 0.279202 -0.092626 -0.988012 0.123502 -0.097590 -0.975900 0.195180 0.107658 -0.990450 0.086126 0.042505 -0.998870 0.021253 0.041840 -0.941390 0.334716 0.042476 -0.998194 0.042476 -0.020468 -0.921057 0.388891
0.274115 -0.944175 0.182743 0.335178 -0.893807 0.297936 -0.095539 -0.987241 0.127386 -0.152696 -0.967075 0.203595 0.046262 -0.994635 0.092524 0.042476 -0.998194 0.042476 0.042126 -0.947841 0.315947 0.041595 -0.998268 0.041595 -0.020861 -0.917863 0.396350
0.274115 -0.944175 0.182743 0.335178 -0.893807 0.297936 -0.131024 -0.982683 0.131024 -0.152696 -0.967075 0.203595 0.000000 -0.992646 0.121054 0.042429 -0.997070 0.063643 0.042400 -0.953998 0.296799 0.041595 -0.998268 0.041595 -0.021031 -0.925342 0.378549
0.260351 -0.954619 0.144639 0.331295 -0.883452 0.331295 -0.131024 -0.982683 0.131024 -0.201773 -0.958423 0.201773 0.000000 -0.992646 0.121054 0.062324 -0.997191 0.041550 0.062271 -0.954817 0.290597 0.000000 -1.000000 0.000000 0.000000 -0.935472 0.353401
0.194896 -0.974481 0.111369 0.363456 -0.872295 0.327111 -0.152570 -0.976445 0.152570 -0.201773 -0.958423 0.201773 0.000000 -0.994505 0.104685 0.061097 -0.997924 0.020366 0.081752 -0.960585 0.265694 0.000000 -0.999800 -0.019996 0.000000 -0.946650 0.322264
0.172631 -0.978240 0.115087 0.363456 -0.872295 0.327111 -0.147442 -0.973117 0.176930 -0.209427 -0.963364 0.167542 0.000000 -0.990992 0.133918 0.059892 -0.998205 0.000000 0.100544 -0.965226 0.241307 -0.019589 -0.999040 -0.039178 -0.020502 -0.963609 0.266530
0.153213 -0.980562 0.122570 0.358854 -0.877197 0.318981 -0.079780 -0.983959 0.159561 -0.311188 -0.933564 0.177822 0.024716 -0.988634 0.148295 0.058711 -0.998083 -0.019570 0.122756 -0.961590 0.245512 -0.019897 -0.994840 -0.099484 -0.039794 -0.974943 0.218865
0.116052 -0.986440 0.116052 0.350590 -0.895953 0.272681 -0.051691 -0.982138 0.180920 -0.264764 -0.945587 0.189117 0.023479 -0.986122 0.164354 0.039936 -0.998404 0.039936 0.119122 -0.972828 0.198536 -0.019980 -0.999001 -0.039960 -0.060314 -0.985136 0.160839
0.109394 -0.984548 0.136743 0.350590 -0.895953 0.272681 -0.027390 -0.986024 0.164337 -0.247025 -0.952809 0.176446 0.023816 -0.976467 0.214346 0.021713 -0.998821 0.043427 0.140028 -0.980196 0.140028 -0.021101 -0.991729 0.126604 -0.079352 -0.991900 0.099190
0.027597 -0.993505 0.110389 0.330400 -0.917779 0.220267 -0.026547 -0.982224 0.185826 -0.230034 -0.952999 0.197172 0.023689 -0.971248 0.236890 -0.024204 -0.992355 0.121019 0.164260 -0.985562 0.041065 0.025230 -0.983958 0.176608 -0.063686 -0.997744 0.021229
0.000000 -0.998371 0.057050 0.327544 -0.909843 0.254756 -0.028149 -0.985232 0.168897 -0.232559 -0.963460 0.132891 0.024098 -0.963925 0.265079 -0.048956 -0.954633 0.293733 0.182717 -0.982104 -0.045679 0.059183 -0.976519 0.207140 -0.092229 -0.991457 -0.092229
0.029386 -0.999136 0.029386 0.348155 -0.905204 0.243709 -0.111935 -0.979428 0.167902 -0.174078 -0.974835 0.139262 0.024671 -0.962157 0.271378 -0.071878 -0.910457 0.407310 0.203595 -0.967075 -0.152696 0.026929 -0.888652 0.457791 -0.101896 -0.968015 -0.229267
0.099286 -0.992855 -0.066190 0.320815 -0.891154 0.320815 -0.142566 -0.969452 0.199593 -0.231800 -0.965834 0.115900 0.000000 -0.958536 0.284970 -0.048941 -0.856465 0.513879 0.210745 -0.948354 -0.237089 0.025206 -0.831786 0.554524 -0.108386 -0.948374 -0.298060
0.099449 -0.994490 -0.033150 0.320815 -0.891154 0.320815 -0.151794 -0.971483 0.182153 -0.214697 -0.966136 0.143131 0.000000 -0.958536 0.284970 -0.048002 -0.816026 0.576018 0.187418 -0.937089 -0.294514 0.025499 -0.790467 0.611974 -0.104828 -0.943456 -0.314485
0.099449 -0.994490 -0.033150 0.297936 -0.893807 0.335178 -0.151794 -0.971483 0.182153 -0.222375 -0.963624 0.148250 0.000000 -0.958536 0.284970 -0.084182 -0.841820 0.533153 0.181406 -0.932943 -0.310981 0.024708 -0.765958 0.642416 -0.106525 -0.932091 -0.346205
0.099286 -0.992855 -0.066190 0.294086 -0.882258 0.367607 -0.151794 -0.971483 0.182153 -0.222375 -0.963624 0.148250 0.000000 -0.965363 0.260909 -0.082918 -0.829185 0.552790 0.181406 -0.932943 -0.310981 0.000000 -0.776114 0.630593 -0.106525 -0.932091 -0.346205
0.102658 -0.992360 -0.068439 0.288300 -0.900937 0.324337 -0.186681 -0.964521 0.186681 -0.186728 -0.970988 0.149383 0.026082 -0.965035 0.260820 -0.054133 -0.839065 0.541332 0.184147 -0.947041 -0.263067 0.023796 -0.785269 0.618697 -0.129532 -0.932630 -0.336783
0.064249 -0.995863 -0.064249 0.279202 -0.907406 0.314102 -0.182913 -0.975537 0.121942 -0.181012 -0.977466 0.108607 0.024035 -0.985452 0.168248 -0.024551 -0.908403 0.417374 0.147220 -0.981466 -0.122683 0.000000 -0.865426 0.501036 -0.098414 -0.984136 -0.147620
0.030234 -0.997712 -0.060467 0.260333 -0.929760 0.260333 -0.158910 -0.985245 0.063564 -0.208389 -0.972480 0.104194 0.000000 -0.992646 0.121054 -0.023076 -0.946098 0.323058 0.144757 -0.989173 0.024126 0.000000 -0.919145 0.393919 -0.094703 -0.994379 -0.047351
0.029198 -0.992727 -0.116791 0.262705 -0.938233 0.225176 -0.099449 -0.994490 0.033150 -0.216366 -0.973645 0.072122 -0.023150 -0.995434 0.092599 0.000000 -0.975133 0.221621 0.112197 -0.987332 0.112197 0.000000 -0.954857 0.297067 -0.088345 -0.993884 0.066259
0.000000 -0.992734 -0.120331 0.264764 -0.945587 0.189117 -0.102839 -0.994107 -0.034280 -0.250319 -0.965518 0.071520 -0.045222 -0.994874 0.090443 -0.022628 -0.995638 0.090513 0.108312 -0.974812 0.194962 0.000000 -0.978106 0.208108 -0.085651 -0.984986 0.149889
0.000000 -0.992278 -0.124035 0.264764 -0.945587 0.189117 -0.064249 -0.995863 -0.064249 -0.259259 -0.962963 0.074074 -0.045361 -0.997940 0.045361 -0.023243 -0.999460 -0.023243 0.104599 -0.962309 0.251037 0.000000 -0.986394 0.164399 -0.084667 -0.973668 0.211667
0.000000 -0.988716 -0.149805 0.237729 -0.950915 0.198107 -0.062107 -0.993712 -0.093161 -0.259259 -0.962963 0.074074 -0.045361 -0.997940 0.045361 -0.022669 -0.997427 -0.068006 0.104031 -0.957088 0.270481 0.000000 -0.992278 0.124035 -0.082182 -0.965640 0.246546
0.029948 -0.988272 -0.149738 0.240772 -0.963087 0.120386 -0.062107 -0.993712 -0.093161 -0.259259 -0.962963 0.074074 -0.044390 -0.998768 0.022195 -0.023150 -0.995434 -0.092599 0.080812 -0.949543 0.303046 0.000000 -0.994618 0.103606 -0.081752 -0.960585 0.265694
0.000000 -0.983870 -0.178885 0.288921 -0.949312 0.123823 -0.061898 -0.990375 -0.123797 -0.259259 -0.962963 0.074074 -0.044401 -0.999014 0.000000 -0.023027 -0.990142 -0.138159 0.081855 -0.941327 0.327418 0.000000 -0.996546 0.083045 -0.081295 -0.955214 0.284532
0.000000 -0.966705 -0.255893 0.290159 -0.953381 0.082903 -0.029801 -0.983433 -0.178806 -0.304555 -0.951734 0.038069 -0.044390 -0.998768 -0.022195 0.000000 -0.999764 -0.021734 0.082867 -0.932255 0.352185 -0.021229 -0.997744 0.063686 -0.080812 -0.949543 0.303046
0.000000 -0.942428 -0.334410 0.315981 -0.947943 0.039498 -0.028796 -0.979051 -0.201569 -0.316228 -0.948683 0.000000 -0.023243 -0.999460 -0.023243 0.021713 -0.998821 0.043427 0.082867 -0.932255 0.352185 -0.021688 -0.997645 0.065064 -0.082391 -0.947497 0.308967
0.000000 -0.924017 -0.382352 0.280000 -0.960000 0.000000 -0.029437 -0.971429 -0.235498 -0.315244 -0.945732 -0.078811 -0.022698 -0.998711 -0.045396 0.021688 -0.997645 0.065064 0.084497 -0.929462 0.359110 -0.021713 -0.998821 0.043427 -0.085126 -0.936382 0.340503
0.000000 -0.912509 -0.409056 0.279776 -0.959233 -0.039968 -0.063725 -0.955879 -0.286764 -0.250801 -0.967375 -0.035829 -0.022698 -0.998711 -0.045396 0.022081 -0.993641 0.110405 0.063946 -0.937870 0.341044 0.000000 -0.999014 0.044401 -0.085126 -0.936382 0.340503
0.000000 -0.912509 -0.409056 0.290910 -0.955847 -0.041559 -0.065724 -0.952999 -0.295758 -0.250319 -0.965518 -0.071520 -0.022669 -0.997427 -0.068006 0.045118 -0.992593 0.112795 0.042126 -0.947841 0.315947 -0.022669 -0.997427 0.068006 -0.063946 -0.937870 0.341044
0.000000 -0.907009 -0.421111 0.279776 -0.959233 -0.039968 -0.065724 -0.952999 -0.295758 -0.250319 -0.965518 -0.071520 -0.022669 -0.997427 -0.068006 0.022513 -0.990579 0.135079 0.043274 -0.952033 0.302920 -0.022669 -0.997427 0.068006 -0.063946 -0.937870 0.341044
0.000000 -0.907009 -0.421111 0.279108 -0.956943 -0.079745 -0.067845 -0.949835 -0.305304 -0.209020 -0.975426 -0.069673 -0.022130 -0.995829 -0.088518 0.022513 -0.990579 0.135079 0.043274 -0.952033 0.302920 -0.023150 -0.995434 0.092599 -0.063119 -0.946792 0.315597
-0.032376 -0.906533 -0.420891 0.268833 -0.960119 -0.076810 -0.034320 -0.960958 -0.274559 -0.241236 -0.964944 -0.103387 -0.022628 -0.995638 -0.090513 0.022948 -0.986747 0.160633 0.042660 -0.959840 0.277287 -0.023150 -0.995434 0.092599 -0.063119 -0.946792 0.315597
0.000000 -0.924017 -0.382352 0.232670 -0.969458 -0.077557 -0.033981 -0.951479 -0.305832 -0.241955 -0.967822 -0.069130 -0.022669 -0.997427 -0.068006 0.046017 -0.989356 0.138050 0.021344 -0.960495 0.277476 -0.046262 -0.994635 0.092524 -0.063529 -0.952928 0.296466
