-0.483368 -0.870063 0.096674 0.894675 -0.423793 -0.141264 0.337484 -0.911206 0.236239 -0.876405 -0.461266 -0.138380 0.000000 -0.796162 0.605083 -0.405486 -0.658914 0.633572 0.507020 -0.405616 -0.760530 0.246833 -0.650741 0.718059 -0.366508 -0.366508 -0.855186
-0.621395 -0.783498 0.000000 0.903508 -0.406579 -0.135526 0.407072 -0.881990 0.237459 -0.886484 -0.443242 -0.132973 0.032444 -0.811107 0.583997 -0.386469 -0.652166 0.652166 0.506857 -0.354800 -0.785629 0.105409 -0.843274 0.527046 -0.294086 -0.367607 -0.882258
-0.627555 -0.778168 -0.025102 0.919601 -0.367840 -0.137940 0.403604 -0.874475 0.269069 -0.903508 -0.406579 -0.135526 0.000000 -0.811534 0.584305 -0.394496 -0.649759 0.649759 0.523530 -0.299160 -0.797759 0.027186 -0.924336 0.380609 -0.262432 -0.367405 -0.892269
-0.654723 -0.755449 -0.025182 0.915644 -0.392419 -0.087204 0.403604 -0.874475 0.269069 -0.924500 -0.369800 -0.092450 0.000000 -0.800000 0.600000 -0.368914 -0.645600 0.668657 0.513265 -0.293294 -0.806559 -0.027724 -0.942628 0.332692 -0.178331 -0.416107 -0.891657
-0.630407 -0.775886 -0.024246 0.924500 -0.369800 -0.092450 0.415775 -0.866199 0.277184 -0.908153 -0.408669 -0.090815 0.000000 -0.796162 0.605083 -0.363449 -0.658751 0.658751 0.516828 -0.270719 -0.812158 -0.027462 -0.961161 0.274618 -0.193247 -0.386494 -0.901819
-0.600233 -0.789780 0.126365 0.893534 -0.446767 -0.044677 0.374879 -0.886078 0.272639 -0.899676 -0.426162 -0.094703 0.000000 -0.780869 0.624695 -0.348743 -0.674236 0.650987 0.491177 -0.319265 -0.810442 0.135283 -0.811701 0.568190 -0.329511 -0.461316 -0.823778
-0.478231 -0.853984 0.204956 0.845489 -0.533993 0.000000 0.371232 -0.877457 0.303735 -0.844653 -0.533465 -0.044455 0.000000 -0.756823 0.653620 -0.338259 -0.700679 0.628195 0.468316 -0.443667 -0.764094 0.197546 -0.740797 0.642024 -0.348311 -0.482277 -0.803796
-0.367607 -0.882258 0.294086 0.706496 -0.706496 -0.041559 0.301511 -0.904534 0.301511 -0.727013 -0.686624 0.000000 -0.031993 -0.767828 0.639857 -0.299827 -0.763195 0.572396 0.426334 -0.626962 -0.652041 0.194429 -0.729110 0.656199 -0.320524 -0.591736 -0.739671
0.039968 -0.959233 0.279776 0.564152 -0.824530 -0.043396 0.210300 -0.946350 0.245350 -0.573462 -0.819232 0.000000 -0.061988 -0.805838 0.588882 -0.212121 -0.848485 0.484848 0.325713 -0.801756 -0.501097 0.154303 -0.771517 0.617213 -0.261460 -0.760612 -0.594228
0.036394 -0.982631 0.181969 0.384331 -0.922395 -0.038433 0.068160 -0.988317 0.136320 -0.398726 -0.917070 0.000000 -0.058496 -0.848185 0.526460 -0.060690 -0.940691 0.333793 0.247083 -0.914207 -0.321208 0.101731 -0.839284 0.534090 -0.206965 -0.850856 -0.482918
0.136320 -0.988317 0.068160 0.259973 -0.965616 0.000000 -0.141421 -0.989949 0.000000 -0.224860 -0.974391 0.000000 -0.053799 -0.887687 0.457293 0.000000 -0.971668 0.236352 0.148250 -0.963624 -0.222375 0.023499 -0.916443 0.399475 -0.143305 -0.931480 -0.334378
0.000000 -0.995037 -0.099504 0.102899 -0.994692 0.000000 -0.131024 -0.982683 -0.131024 -0.071247 -0.997459 0.000000 -0.025880 -0.931692 0.362325 0.045679 -0.982104 0.182717 0.096844 -0.992646 -0.072633 -0.021344 -0.960495 0.277476 -0.119352 -0.978690 -0.167093
-0.030700 -0.982409 -0.184202 0.034381 -0.997041 0.068761 -0.094585 -0.977378 -0.189170 0.000000 -0.999406 0.034462 0.000000 -0.958536 0.284970 0.040572 -0.994015 0.101430 0.046349 -0.996503 0.069523 -0.058178 -0.989034 0.135750 -0.094782 -0.995216 0.023696
-0.090577 -0.966155 -0.241539 0.000000 -0.997268 0.073872 -0.032669 -0.980057 -0.196011 -0.034280 -0.994107 0.102839 0.000000 -0.978550 0.206010 0.093906 -0.995404 -0.018781 0.021786 -0.980348 0.196070 -0.057333 -0.993772 -0.095555 -0.065497 -0.982448 0.174658
-0.088581 -0.974389 -0.206689 0.041487 -0.995688 0.082974 0.030994 -0.991801 -0.123975 -0.039467 -0.986671 0.157867 0.000000 -0.988936 0.148340 0.165117 -0.972354 -0.165117 -0.019619 -0.961339 0.274668 -0.077557 -0.969458 -0.232670 -0.098152 -0.961894 0.255196
-0.058099 -0.987688 -0.145248 0.082761 -0.993127 0.082761 0.000000 -0.998053 -0.062378 -0.081923 -0.983078 0.163846 -0.024204 -0.992355 0.121019 0.164016 -0.965874 -0.200464 -0.019277 -0.944581 0.327712 -0.117534 -0.959862 -0.254657 -0.077368 -0.947756 0.309471
0.000000 -0.996898 -0.078702 0.094386 -0.991051 0.094386 -0.062348 -0.997567 0.031174 -0.145000 -0.978749 0.145000 0.000000 -0.991454 0.130455 0.144597 -0.976028 -0.162671 0.000000 -0.940376 0.340136 -0.039216 -0.960784 -0.274510 -0.098342 -0.944085 0.314695
0.032092 -0.994837 -0.096275 0.113308 -0.982006 0.151078 -0.127386 -0.987241 0.095539 -0.168359 -0.976481 0.134687 0.000000 -0.990992 0.133918 0.097110 -0.990525 -0.097110 0.020137 -0.946458 0.322198 -0.040373 -0.989142 -0.141306 -0.098937 -0.949797 0.296812
0.102839 -0.994107 -0.034280 0.149383 -0.970988 0.186728 -0.162995 -0.977972 0.130396 -0.201292 -0.966204 0.161034 0.028273 -0.989554 0.141365 0.081295 -0.995861 -0.040647 0.020137 -0.946458 0.322198 -0.040647 -0.995861 -0.081295 -0.081295 -0.955214 0.284532
0.096275 -0.994837 -0.032092 0.198107 -0.950915 0.237729 -0.200782 -0.970448 0.133855 -0.201292 -0.966204 0.161034 0.000000 -0.979457 0.201653 0.041595 -0.998268 0.041595 0.020664 -0.950527 0.309954 -0.020788 -0.997837 -0.062365 -0.083388 -0.958958 0.271010
0.169907 -0.985460 0.000000 0.198107 -0.950915 0.237729 -0.281265 -0.949269 0.140633 0.229416 -0.963546 0.137649 0.293455 -0.922288 0.251533 0.021152 -0.994166 0.105762 0.000000 -0.958386 0.285477 -0.020811 -0.998917 -0.041622 -0.062980 -0.965696 0.251921
0.169907 -0.985460 0.000000 0.233373 -0.933492 0.272268 -0.301681 -0.938562 0.167600 0.089087 -0.979958 0.178174 0.000000 -0.970143 0.242536 0.061059 -0.997304 0.040706 0.000000 -0.962309 0.271957 -0.021267 -0.999548 -0.021267 -0.064942 -0.974126 0.216473
0.136637 -0.990621 0.000000 0.269630 -0.924445 0.269630 -0.279713 -0.944033 0.174821 0.000000 -0.992278 0.124035 -0.034320 -0.960958 0.274559 0.078176 -0.996748 0.019544 0.000000 -0.962309 0.271957 -0.041595 -0.998268 -0.041595 -0.064942 -0.974126 0.216473
0.164310 -0.985861 0.032862 0.269630 -0.924445 0.269630 -0.247025 -0.952809 0.176446 -0.078750 -0.984374 0.157500 -0.063725 -0.955879 0.286764 0.075244 -0.996988 -0.018811 0.020611 -0.968712 0.247331 -0.039896 -0.997410 -0.059845 -0.063873 -0.979389 0.191620
0.154303 -0.987541 0.030861 0.282138 -0.916949 0.282138 -0.199778 -0.965594 0.166482 -0.109254 -0.983282 0.145671 -0.058798 -0.970169 0.235192 0.090299 -0.993291 -0.072239 0.040390 -0.969351 0.242338 -0.058621 -0.996558 -0.058621 -0.080306 -0.983745 0.160611
0.137568 -0.990492 0.000000 0.310900 -0.898155 0.310900 -0.148741 -0.981691 0.118993 -0.255604 -0.949386 0.182574 -0.051148 -0.971807 0.230165 0.090167 -0.991837 -0.090167 0.079042 -0.968258 0.237125 -0.075138 -0.995580 -0.056354 -0.077252 -0.984967 0.154505
0.137568 -0.990492 0.000000 0.314102 -0.907406 0.279202 -0.116052 -0.986440 0.116052 -0.299392 -0.935601 0.187120 -0.023932 -0.981209 0.191456 0.109526 -0.985736 -0.127781 0.097202 -0.972020 0.213844 -0.018781 -0.995404 -0.093906 -0.098802 -0.988019 0.118562
0.141421 -0.989949 0.000000 0.251610 -0.934551 0.251610 -0.112822 -0.987189 0.112822 -0.341882 -0.911685 0.227921 0.000000 -0.989949 0.141421 0.132810 -0.986591 -0.094865 0.078206 -0.977577 0.195515 0.000000 -0.995037 -0.099504 -0.100769 -0.987534 0.120923
0.145432 -0.988941 -0.029086 0.245350 -0.946350 0.210300 -0.109764 -0.987878 0.109764 -0.317011 -0.915811 0.246564 0.000000 -0.985736 0.168296 0.083045 -0.996546 0.000000 0.125629 -0.984091 0.125629 0.000000 -0.992586 0.121541 -0.129070 -0.989533 0.064535
0.144943 -0.985611 -0.086966 0.243414 -0.938882 0.243414 -0.082541 -0.990492 0.110055 -0.348155 -0.905204 0.243709 0.024716 -0.988634 0.148295 0.094386 -0.991051 0.094386 0.134806 -0.988577 0.067403 -0.020207 -0.969944 0.242486 -0.144799 -0.989461 0.000000
0.123091 -0.984732 -0.123091 0.273275 -0.922302 0.273275 -0.162221 -0.973329 0.162221 -0.319599 -0.923287 0.213066 0.000000 -0.983453 0.181162 0.099969 -0.974695 0.199938 0.151862 -0.987105 -0.050621 -0.063946 -0.937870 0.341044 -0.155491 -0.984773 -0.077745
0.163605 -0.981630 -0.098163 0.282138 -0.916949 0.282138 -0.176090 -0.968496 0.176090 -0.332877 -0.924658 0.184932 0.000000 -0.981615 0.190870 0.081499 -0.950820 0.298829 0.158059 -0.974697 -0.158059 -0.068288 -0.887740 0.455251 -0.134352 -0.967337 -0.214964
0.123797 -0.990375 -0.061898 0.320815 -0.891154 0.320815 -0.203176 -0.957830 0.203176 -0.299392 -0.935601 0.187120 0.000000 -0.976187 0.216930 0.085126 -0.936382 0.340503 0.182761 -0.966021 -0.182761 -0.068934 -0.873160 0.482536 -0.133535 -0.961454 -0.240363
0.123797 -0.990375 -0.061898 0.294086 -0.882258 0.367607 -0.174004 -0.957024 0.232006 -0.299392 -0.935601 0.187120 0.000000 -0.976187 0.216930 0.087445 -0.932742 0.349778 0.181834 -0.961120 -0.207810 -0.070928 -0.851133 0.520137 -0.131670 -0.948025 -0.289674
0.093341 -0.995634 0.000000 0.294086 -0.882258 0.367607 -0.149873 -0.959185 0.239796 -0.299392 -0.935601 0.187120 0.000000 -0.968493 0.249041 0.088312 -0.941992 0.323810 0.185369 -0.953329 -0.238332 -0.072379 -0.844416 0.530776 -0.131670 -0.948025 -0.289674
0.099504 -0.995037 0.000000 0.284808 -0.890024 0.356009 -0.132891 -0.963460 0.232559 -0.247025 -0.952809 0.176446 0.000000 -0.977414 0.211333 0.083657 -0.948109 0.306741 0.185369 -0.953329 -0.238332 -0.071147 -0.877477 0.474312 -0.131670 -0.948025 -0.289674
0.096324 -0.995350 0.000000 0.284808 -0.890024 0.356009 -0.133855 -0.970448 0.200782 -0.255604 -0.949386 0.182574 0.000000 -0.978550 0.206010 0.000000 -0.962450 0.271460 0.187485 -0.964209 -0.187485 -0.068235 -0.909796 0.409408 -0.130189 -0.963398 -0.234340
0.099504 -0.995037 0.000000 0.254756 -0.909843 0.327544 -0.135379 -0.981501 0.135379 -0.247025 -0.952809 0.176446 0.000000 -0.984271 0.176664 0.023383 -0.982070 0.187061 0.158666 -0.978439 -0.132221 -0.063119 -0.946792 0.315597 -0.132221 -0.978439 -0.158666
0.096275 -0.994837 -0.032092 0.222834 -0.928477 0.297113 -0.123502 -0.988012 0.092626 -0.248421 -0.958194 0.141955 0.000000 -0.985030 0.172380 0.045118 -0.992593 0.112795 0.123882 -0.991059 -0.049553 -0.062311 -0.976205 0.207703 -0.123882 -0.991059 -0.049553
0.095880 -0.990764 -0.095880 0.225176 -0.938233 0.262705 -0.099449 -0.994490 0.033150 -0.214697 -0.966136 0.143131 0.000000 -0.985030 0.172380 0.065018 -0.996942 0.043345 0.096986 -0.994104 0.048493 -0.080550 -0.986733 0.140962 -0.099504 -0.995037 0.000000
0.095539 -0.987241 -0.127386 0.235702 -0.942809 0.235702 -0.096324 -0.995350 0.000000 -0.222375 -0.963624 0.148250 0.000000 -0.989949 0.141421 0.084724 -0.995504 -0.042362 0.070535 -0.987484 0.141069 -0.079603 -0.995037 0.059702 -0.094386 -0.991051 0.094386
0.065938 -0.989071 -0.131876 0.229081 -0.954504 0.190901 -0.062348 -0.997567 -0.031174 -0.222375 -0.963624 0.148250 0.000000 -0.992988 0.118213 0.125933 -0.986472 -0.104944 0.044488 -0.978745 0.200198 -0.101514 -0.994834 0.000000 -0.068698 -0.984675 0.160296
0.065233 -0.978492 -0.195698 0.229081 -0.954504 0.190901 -0.064249 -0.995863 -0.064249 -0.223452 -0.968291 0.111726 0.000000 -0.993307 0.115501 0.128271 -0.983409 -0.128271 0.044055 -0.969201 0.242300 -0.101326 -0.992994 -0.060796 -0.066650 -0.977536 0.199951
0.032191 -0.965734 -0.257529 0.276483 -0.947943 0.157991 -0.063855 -0.989754 -0.127710 -0.223452 -0.968291 0.111726 0.000000 -0.995495 0.094809 0.127891 -0.980500 -0.149207 0.042904 -0.965345 0.257425 -0.080944 -0.991570 -0.101181 -0.066002 -0.968027 0.242007
0.030686 -0.951260 -0.306858 0.276483 -0.947943 0.157991 -0.030861 -0.987541 -0.154303 -0.258375 -0.959678 0.110732 0.000000 -0.997459 0.071247 0.148768 -0.977618 -0.148768 0.021467 -0.966012 0.257603 -0.080944 -0.991570 -0.101181 -0.066002 -0.968027 0.242007
0.031281 -0.938417 -0.344086 0.278006 -0.953162 0.119145 -0.030514 -0.976445 -0.213597 -0.250319 -0.965518 0.071520 0.000000 -0.998868 0.047565 0.148768 -0.977618 -0.148768 0.021344 -0.960495 0.277476 -0.080763 -0.989344 -0.121144 -0.065638 -0.962683 0.262550
0.000000 -0.928477 -0.371391 0.315981 -0.947943 0.039498 -0.029437 -0.971429 -0.235498 -0.259973 -0.965616 0.000000 -0.023796 -0.999434 0.023796 0.148768 -0.977618 -0.148768 0.021791 -0.958790 0.283279 -0.080763 -0.989344 -0.121144 -0.065638 -0.962683 0.262550
0.000000 -0.928477 -0.371391 0.315981 -0.947943 0.039498 -0.030303 -0.969697 -0.242424 -0.259794 -0.964951 -0.037113 0.000000 -0.999703 0.024383 0.151923 -0.976647 -0.151923 0.021344 -0.960495 0.277476 -0.083881 -0.985604 -0.146792 -0.065248 -0.956974 0.282742
0.000000 -0.917556 -0.397607 0.316228 -0.948683 0.000000 -0.030069 -0.962216 -0.270623 -0.259794 -0.964951 -0.037113 0.000000 -0.999717 0.023803 0.155709 -0.978745 -0.133465 0.021467 -0.966012 0.257603 -0.084122 -0.988434 -0.126183 -0.065638 -0.962683 0.262550
0.000000 -0.917556 -0.397607 0.316228 -0.948683 0.000000 -0.030069 -0.962216 -0.270623 -0.250801 -0.967375 -0.035829 0.000000 -0.999717 0.023803 0.155709 -0.978745 -0.133465 0.021921 -0.964532 0.263054 -0.084122 -0.988434 -0.126183 -0.067049 -0.961029 0.268194
0.000000 -0.917556 -0.397607 0.328244 -0.943701 -0.041030 -0.030069 -0.962216 -0.270623 -0.259794 -0.964951 -0.037113 0.000000 -0.999717 0.023803 0.152390 -0.979651 -0.130620 0.021921 -0.964532 0.263054 -0.084122 -0.988434 -0.126183 -0.067049 -0.961029 0.268194
0.000000 -0.912509 -0.409056 0.315981 -0.947943 -0.039498 -0.030069 -0.962216 -0.270623 -0.259259 -0.962963 -0.074074 0.000000 -1.000000 0.000000 0.131369 -0.985270 -0.109474 0.044055 -0.969201 0.242300 -0.085907 -0.987935 -0.128861 -0.066002 -0.968027 0.242007
