-0.641829 -0.765257 -0.049371 0.976296 -0.212238 0.042448 0.337869 -0.878459 0.337869 -0.971764 -0.231372 0.046274 0.090495 -0.814451 0.573132 -0.292375 -0.629730 0.719692 0.501728 -0.250864 -0.827851 0.217930 -0.690111 0.690111 -0.406494 0.095646 -0.908633
-0.537319 -0.821781 0.189642 0.908153 -0.408669 0.090815 0.298347 -0.895041 0.331497 -0.903508 -0.406579 0.135526 0.062348 -0.779350 0.623480 -0.280668 -0.654892 0.701670 0.472205 -0.323087 -0.820145 0.213844 -0.660973 0.719295 -0.390567 -0.130189 -0.911322
-0.413793 -0.827586 0.379310 0.803379 -0.580218 0.133897 0.289720 -0.901352 0.321911 -0.803379 -0.580218 0.133897 0.030700 -0.736807 0.675406 -0.258484 -0.634460 0.728455 0.376651 -0.502202 -0.778413 0.189024 -0.651082 0.735093 -0.360280 -0.386014 -0.849230
-0.518736 -0.854389 0.030514 0.704361 -0.704361 0.088045 0.252352 -0.914776 0.315440 -0.655904 -0.743358 0.131181 0.000000 -0.737154 0.675725 -0.201453 -0.705086 0.679905 0.276823 -0.679474 -0.679474 0.139952 -0.676434 0.723084 -0.299067 -0.623056 -0.722745
-0.297694 -0.926158 0.231539 0.562565 -0.822210 0.086548 0.070100 -0.946350 0.315450 -0.524637 -0.847491 0.080713 0.000000 -0.748997 0.662574 -0.131126 -0.786754 0.603178 0.172537 -0.838039 -0.517612 0.078113 -0.755096 0.650945 -0.221297 -0.811421 -0.540947
-0.034627 -0.969561 0.242390 0.397464 -0.914168 0.079493 0.066890 -0.969905 0.234115 -0.398726 -0.917070 0.000000 0.000000 -0.786318 0.617822 -0.103108 -0.850640 0.515539 0.145308 -0.920283 -0.363270 0.087856 -0.907846 0.409995 -0.186450 -0.908945 -0.372901
0.139262 -0.974835 0.174078 0.314485 -0.943456 0.104828 -0.035136 -0.983820 0.175682 -0.188713 -0.981307 -0.037743 0.025906 -0.854911 0.518128 -0.071611 -0.930949 0.358057 0.145521 -0.970143 -0.194029 0.055620 -0.973349 0.222480 -0.137649 -0.963546 -0.229416
0.105934 -0.988714 0.105934 0.233463 -0.967204 0.100056 -0.071202 -0.996826 0.035601 -0.102899 -0.994692 0.000000 0.025375 -0.913517 0.406008 -0.063917 -0.958750 0.276972 0.144631 -0.988311 -0.048210 0.000000 -0.995495 0.094809 -0.096393 -0.988024 -0.120491
0.164310 -0.985861 -0.032862 0.194461 -0.972306 0.129641 -0.099286 -0.992855 -0.066190 0.000000 -0.999445 0.033315 0.025491 -0.943154 0.331378 -0.020068 -0.983349 0.180615 0.131654 -0.987403 0.087769 -0.041407 -0.993765 0.103517 -0.090513 -0.995638 0.022628
0.153719 -0.983801 -0.092231 0.135379 -0.981501 0.135379 -0.065618 -0.984268 -0.164045 0.000000 -0.995037 0.099504 0.024246 -0.969857 0.242464 0.038433 -0.999261 0.000000 0.082956 -0.974735 0.207390 -0.076696 -0.997054 0.000000 -0.085029 -0.977838 0.191316
0.122570 -0.980562 -0.153213 0.192450 -0.962250 0.192450 -0.030994 -0.991801 -0.123975 -0.036786 -0.993211 0.110357 0.023479 -0.986122 0.164354 0.095087 -0.988908 -0.114105 0.061059 -0.956597 0.284944 -0.113878 -0.986947 -0.113878 -0.082391 -0.947497 0.308967
0.092626 -0.988012 -0.123502 0.253750 -0.942499 0.217500 -0.060248 -0.994084 -0.090371 -0.102359 -0.989467 0.102359 0.022513 -0.990579 0.135079 0.116052 -0.986440 -0.116052 0.061481 -0.942710 0.327899 -0.134740 -0.981677 -0.134740 -0.079777 -0.937379 0.339052
0.095880 -0.990764 -0.095880 0.275698 -0.930481 0.241236 -0.087743 -0.994424 -0.058496 -0.136320 -0.988317 0.068160 -0.071067 -0.994937 0.071067 0.079603 -0.995037 -0.059702 0.060314 -0.944926 0.321677 -0.097497 -0.994471 -0.038999 -0.080306 -0.943592 0.321223
0.066482 -0.997234 -0.033241 0.269069 -0.941742 0.201802 -0.189927 -0.981288 -0.031654 -0.146157 -0.986559 0.073078 -0.099381 -0.993808 0.049690 0.042505 -0.998870 0.021253 0.063529 -0.952928 0.296466 -0.040782 -0.999168 0.000000 -0.084029 -0.945328 0.315109
0.099504 -0.995037 0.000000 0.315735 -0.907738 0.276268 -0.202606 -0.979260 0.000000 -0.181012 -0.977466 0.108607 -0.027503 -0.990118 0.137516 0.021713 -0.998821 0.043427 0.063529 -0.952928 0.296466 -0.021729 -0.999528 0.021729 -0.082903 -0.953381 0.290159
0.099449 -0.994490 0.033150 0.301511 -0.904534 0.301511 -0.257663 -0.966235 0.000000 -0.194772 -0.973862 0.116863 -0.028952 -0.984371 0.173712 0.021688 -0.997645 0.065064 0.065248 -0.956974 0.282742 -0.021729 -0.999528 0.021729 -0.085087 -0.957230 0.276533
0.096275 -0.994837 0.032092 0.318981 -0.877197 0.358854 -0.257529 -0.965734 0.032191 -0.210725 -0.969334 0.126435 -0.030514 -0.976445 0.213597 0.000000 -0.996241 0.086630 0.044055 -0.969201 0.242300 0.000000 -1.000000 0.000000 -0.063917 -0.958750 0.276972
0.099286 -0.992855 0.066190 0.314270 -0.864242 0.392837 -0.265929 -0.963993 0.000000 -0.248922 -0.954201 0.165948 -0.030303 -0.969697 0.242424 0.021688 -0.997645 0.065064 0.044055 -0.969201 0.242300 0.000000 -1.000000 0.000000 -0.064625 -0.969368 0.236957
0.099286 -0.992855 0.066190 0.268833 -0.883310 0.384048 -0.265929 -0.963993 0.000000 -0.248922 -0.954201 0.165948 -0.030303 -0.969697 0.242424 0.020811 -0.998917 0.041622 0.044488 -0.978745 0.200198 0.000000 -0.999753 -0.022217 -0.064625 -0.969368 0.236957
0.092937 -0.991325 0.092937 0.264764 -0.869940 0.416058 -0.257663 -0.966235 0.000000 -0.287213 -0.943701 0.164122 -0.030069 -0.962216 0.270623 0.019992 -0.999600 0.019992 0.041913 -0.984955 0.167652 -0.042505 -0.998870 -0.021253 -0.061072 -0.977153 0.203574
0.053663 -0.992774 0.107327 0.264764 -0.869940 0.416058 -0.242424 -0.969697 0.030303 -0.266485 -0.951734 0.152277 -0.056478 -0.988369 0.141196 0.019224 -0.999630 0.019224 0.039583 -0.989566 0.138539 -0.039968 -0.999201 0.000000 -0.078750 -0.984374 0.157500
0.053663 -0.992774 0.107327 0.259973 -0.891338 0.371391 -0.207504 -0.978234 0.000000 -0.282490 -0.953403 0.105934 -0.049690 -0.993808 0.099381 0.039936 -0.998404 -0.039936 0.058543 -0.995229 0.078057 -0.056473 -0.997694 0.037649 -0.118308 -0.985904 0.118308
0.051064 -0.995754 0.076596 0.268328 -0.894427 0.357771 -0.190870 -0.981615 0.000000 -0.274075 -0.959264 0.068519 -0.023742 -0.997178 0.071227 0.040748 -0.998338 -0.040748 0.058677 -0.997510 0.039118 -0.019604 -0.999808 0.000000 -0.137973 -0.985521 0.098552
0.000000 -0.999654 0.026307 0.276172 -0.920575 0.276172 -0.160014 -0.986754 -0.026669 -0.315450 -0.946350 0.070100 0.000000 -0.998920 0.046461 0.042505 -0.998870 0.021253 0.057586 -0.998156 -0.019195 0.020387 -0.998960 0.040774 -0.157714 -0.985712 0.059143
0.026307 -0.999654 0.000000 0.174574 -0.960159 0.218218 -0.181102 -0.983124 -0.025872 -0.304430 -0.947114 0.101477 0.000000 -0.998920 0.046461 0.000000 -0.960714 0.277540 0.060908 -0.994834 -0.081211 0.065732 -0.985979 0.153375 -0.188031 -0.981941 -0.020892
0.053956 -0.998179 0.026978 0.113308 -0.982006 0.151078 -0.164337 -0.986024 -0.027390 -0.347105 -0.937184 0.034711 -0.023224 -0.998651 0.046449 -0.042362 -0.931961 0.360076 0.092009 -0.989094 -0.115011 0.092253 -0.968658 0.230633 -0.208626 -0.973590 -0.092723
0.083045 -0.996546 0.000000 0.109254 -0.983282 0.145671 -0.201653 -0.979457 0.000000 -0.316033 -0.948098 0.035115 -0.048665 -0.997629 0.048665 -0.050492 -0.934093 0.353441 0.130946 -0.968998 -0.209513 0.121626 -0.948683 0.291903 -0.202743 -0.963029 -0.177400
0.178806 -0.983433 0.029801 0.140633 -0.984428 0.105474 -0.220152 -0.974958 0.031450 -0.296239 -0.954547 -0.032915 -0.049875 -0.997509 0.049875 -0.081319 -0.921616 0.379489 0.193773 -0.941182 -0.276818 0.106525 -0.932091 0.346205 -0.191368 -0.956841 -0.218707
0.168964 -0.985622 0.000000 0.181012 -0.977466 0.108607 -0.249392 -0.966394 0.062348 -0.274559 -0.960958 -0.034320 -0.024961 -0.998441 0.049922 -0.090826 -0.938533 0.333028 0.193773 -0.941182 -0.276818 0.143267 -0.916909 0.372494 -0.190164 -0.950820 -0.244497
0.178174 -0.979958 -0.089087 0.188311 -0.979217 0.075324 -0.219826 -0.973515 0.062807 -0.283375 -0.956389 -0.070844 -0.025599 -0.998360 0.051198 -0.096275 -0.930654 0.353007 0.187418 -0.937089 -0.294514 0.151169 -0.907011 0.393038 -0.182823 -0.940233 -0.287293
0.211250 -0.965715 -0.150893 0.216366 -0.973645 0.072122 -0.213597 -0.976445 0.030514 -0.283909 -0.958194 -0.035489 -0.024961 -0.998441 0.049922 -0.100391 -0.936984 0.334637 0.185892 -0.929458 -0.318671 0.182574 -0.912871 0.365148 -0.182823 -0.940233 -0.287293
0.155417 -0.963588 -0.217584 0.250962 -0.967997 0.000000 -0.190022 -0.981780 0.000000 -0.283909 -0.958194 -0.035489 -0.024992 -0.999688 0.000000 -0.095346 -0.953463 0.286039 0.182823 -0.940233 -0.287293 0.146176 -0.935529 0.321588 -0.158555 -0.951330 -0.264258
0.162478 -0.942373 -0.292461 0.250319 -0.965518 -0.071520 -0.158910 -0.985245 -0.063564 -0.283909 -0.958194 -0.035489 -0.024383 -0.999703 0.000000 -0.071878 -0.910457 0.407310 0.155647 -0.959826 -0.233471 0.135037 -0.945256 0.297080 -0.152696 -0.967075 -0.203595
0.125491 -0.941184 -0.313728 0.250319 -0.965518 -0.071520 -0.126936 -0.983755 -0.126936 -0.283909 -0.958194 -0.035489 0.000000 -1.000000 0.000000 -0.064223 -0.920537 0.385341 0.153443 -0.971807 -0.179017 0.101896 -0.968015 0.229267 -0.150851 -0.980531 -0.125709
0.093477 -0.934765 -0.342747 0.259259 -0.962963 -0.074074 -0.126936 -0.983755 -0.126936 -0.274559 -0.960958 -0.034320 0.000000 -0.999730 -0.023250 -0.060622 -0.929530 0.363729 0.123091 -0.984732 -0.123091 0.098029 -0.980286 0.171550 -0.148159 -0.987730 -0.049386
0.061285 -0.949920 -0.306426 0.267848 -0.956598 -0.114792 -0.118993 -0.981691 -0.148741 -0.283909 -0.958194 -0.035489 0.000000 -0.998969 -0.045408 -0.040250 -0.945883 0.322003 0.094703 -0.994379 -0.047351 0.021921 -0.964532 0.263054 -0.118180 -0.992711 0.023636
0.063119 -0.946792 -0.315597 0.292314 -0.950019 -0.109618 -0.092231 -0.983801 -0.153719 -0.250801 -0.967375 -0.035829 0.000000 -0.998920 -0.046461 -0.020502 -0.963609 0.266530 0.069523 -0.996503 0.046349 -0.020915 -0.962099 0.271898 -0.115011 -0.989094 0.092009
0.031281 -0.938417 -0.344086 0.292314 -0.950019 -0.109618 -0.094585 -0.977378 -0.189170 -0.242390 -0.969561 -0.034627 0.000000 -0.998969 -0.045408 -0.020712 -0.973479 0.227836 0.066259 -0.993884 0.088345 -0.041196 -0.968095 0.247173 -0.089420 -0.983624 0.156486
0.031281 -0.938417 -0.344086 0.302804 -0.946264 -0.113552 -0.063214 -0.979816 -0.189642 -0.250801 -0.967375 -0.035829 0.000000 -0.998969 -0.045408 0.021330 -0.981169 0.191968 0.044130 -0.992916 0.110324 -0.062311 -0.976205 0.207703 -0.065233 -0.978492 0.195698
0.000000 -0.934998 -0.354654 0.293294 -0.953206 -0.073324 -0.065233 -0.978492 -0.195698 -0.242390 -0.969561 -0.034627 0.000000 -0.998969 -0.045408 0.021487 -0.988391 0.150407 0.043073 -0.990680 0.129219 -0.062801 -0.983875 0.167468 -0.064625 -0.969368 0.236957
0.000000 -0.934998 -0.354654 0.293294 -0.953206 -0.073324 -0.064786 -0.971795 -0.226752 -0.250801 -0.967375 -0.035829 0.000000 -0.998969 -0.045408 0.021552 -0.991370 0.129309 0.042944 -0.987707 0.150303 -0.064535 -0.989533 0.129070 -0.064282 -0.964237 0.257130
-0.031846 -0.923548 -0.382158 0.293294 -0.953206 -0.073324 -0.031450 -0.974958 -0.220152 -0.250801 -0.967375 -0.035829 0.000000 -0.998969 -0.045408 0.021552 -0.991370 0.129309 0.042944 -0.987707 0.150303 -0.064535 -0.989533 0.129070 -0.064282 -0.964237 0.257130
-0.031281 -0.938417 -0.344086 0.302804 -0.946264 -0.113552 -0.031220 -0.967805 -0.249756 -0.250801 -0.967375 -0.035829 0.000000 -0.998920 -0.046461 0.021607 -0.993912 0.108034 0.043716 -0.983621 0.174866 -0.064836 -0.994144 0.086447 -0.042660 -0.959840 0.277287
-0.031281 -0.938417 -0.344086 0.302804 -0.946264 -0.113552 -0.031220 -0.967805 -0.249756 -0.250801 -0.967375 -0.035829 0.000000 -0.998920 -0.046461 0.021607 -0.993912 0.108034 0.043716 -0.983621 0.174866 -0.064836 -0.994144 0.086447 -0.043811 -0.963837 0.262865
0.000000 -0.924017 -0.382352 0.258375 -0.959678 -0.110732 -0.030514 -0.976445 -0.213597 -0.250319 -0.965518 -0.071520 0.000000 -0.998969 -0.045408 0.021607 -0.993912 0.108034 0.043716 -0.983621 0.174866 -0.064942 -0.995774 0.064942 -0.043811 -0.963837 0.262865
-0.031281 -0.938417 -0.344086 0.267848 -0.956598 -0.114792 -0.030514 -0.976445 -0.213597 -0.223452 -0.968291 -0.111726 0.000000 -0.998920 -0.046461 0.022081 -0.993641 0.110405 0.042796 -0.984309 0.171184 -0.064942 -0.995774 0.064942 -0.043811 -0.963837 0.262865
-0.062470 -0.937043 -0.343582 0.302804 -0.946264 -0.113552 -0.031450 -0.974958 -0.220152 -0.215666 -0.970495 -0.107833 0.000000 -0.999730 -0.023250 0.022081 -0.993641 0.110405 0.042796 -0.984309 0.171184 -0.066372 -0.995585 0.066372 -0.043811 -0.963837 0.262865
-0.063119 -0.946792 -0.315597 0.292314 -0.950019 -0.109618 -0.030514 -0.976445 -0.213597 -0.215666 -0.970495 -0.107833 0.000000 -0.999730 -0.023250 0.022081 -0.993641 0.110405 0.043716 -0.983621 0.174866 -0.066372 -0.995585 0.066372 -0.044755 -0.962231 0.268530
-0.095346 -0.953463 -0.286039 0.292314 -0.950019 -0.109618 -0.030514 -0.976445 -0.213597 -0.215666 -0.970495 -0.107833 0.000000 -0.999730 -0.023250 0.022081 -0.993641 0.110405 0.043716 -0.983621 0.174866 -0.066372 -0.995585 0.066372 -0.044755 -0.962231 0.268530
-0.123975 -0.960807 -0.247950 0.293294 -0.953206 -0.073324 -0.030514 -0.976445 -0.213597 -0.215666 -0.970495 -0.107833 0.000000 -0.999730 -0.023250 0.000000 -0.993884 0.110432 0.043716 -0.983621 0.174866 -0.066372 -0.995585 0.066372 -0.045015 -0.967821 0.247582
