-0.545317 -0.804991 -0.233707 0.818182 -0.545455 0.181818 0.392023 -0.882052 0.261349 -0.894427 -0.447214 0.000000 0.000000 -0.846233 0.532813 -0.434474 -0.552967 0.710957 0.663289 -0.294795 -0.687855 0.218792 -0.656375 0.722013 -0.493049 -0.259500 -0.830399
-0.512148 -0.845043 -0.153644 0.749269 -0.655610 0.093659 0.360510 -0.884889 0.294963 -0.809858 -0.584898 -0.044992 -0.030275 -0.817432 0.575230 -0.403567 -0.605351 0.686064 0.633393 -0.365419 -0.682116 0.179515 -0.695620 0.695620 -0.472866 -0.394055 -0.788110
-0.427001 -0.901446 -0.071167 0.657777 -0.751746 0.046984 0.281525 -0.907136 0.312806 -0.726523 -0.681115 -0.090815 -0.029540 -0.827115 0.561256 -0.323058 -0.669191 0.669191 0.488466 -0.617009 -0.617009 0.093659 -0.749269 0.655610 -0.365896 -0.574979 -0.731792
-0.233087 -0.961482 0.145679 0.521450 -0.853282 0.000000 0.191957 -0.927792 0.319928 -0.576215 -0.797836 -0.177297 -0.056682 -0.821889 0.566820 -0.232534 -0.749276 0.620091 0.333773 -0.821594 -0.462147 0.000000 -0.800000 0.600000 -0.290481 -0.739407 -0.607370
-0.096926 -0.969256 0.226160 0.416655 -0.909065 0.000000 0.127775 -0.958315 0.255551 -0.426401 -0.895443 -0.127920 -0.027493 -0.852279 0.522365 -0.132360 -0.820634 0.555914 0.216946 -0.915995 -0.337472 -0.075834 -0.859452 0.505560 -0.199192 -0.871467 -0.448183
0.137280 -0.960958 0.240239 0.284088 -0.958798 0.000000 0.034139 -0.990044 0.136558 -0.303895 -0.949671 -0.075974 -0.052541 -0.893192 0.446596 -0.072654 -0.871847 0.484359 0.167380 -0.956456 -0.239114 -0.120386 -0.914932 0.385235 -0.173011 -0.939203 -0.296590
0.131519 -0.986394 0.098639 0.209529 -0.977802 0.000000 -0.136558 -0.990044 -0.034139 -0.141333 -0.989331 -0.035333 -0.025270 -0.934988 0.353779 -0.021879 -0.918925 0.393825 0.098743 -0.987429 -0.123429 -0.135216 -0.946513 0.292968 -0.150329 -0.977140 -0.150329
0.141333 -0.989331 -0.035333 0.132164 -0.991228 0.000000 -0.212000 -0.953998 -0.212000 -0.064249 -0.995863 0.064249 -0.024671 -0.962157 0.271378 -0.021138 -0.972362 0.232521 0.074767 -0.996890 -0.024922 -0.101015 -0.969746 0.222234 -0.172328 -0.984732 -0.024618
0.067806 -0.983192 -0.169516 0.064349 -0.997409 0.032174 -0.170697 -0.955904 -0.238976 -0.062257 -0.996116 0.062257 -0.047823 -0.980368 0.191291 0.000000 -0.976644 0.214862 0.045303 -0.996659 0.067954 -0.103406 -0.992702 0.062044 -0.156135 -0.981419 0.111525
0.000000 -0.975441 -0.220261 0.034462 -0.999406 0.000000 -0.129641 -0.972306 -0.194461 -0.068640 -0.995277 0.068640 -0.024799 -0.991973 0.123997 0.057083 -0.989445 0.133194 0.042796 -0.984309 0.171184 -0.104645 -0.983660 -0.146503 -0.159617 -0.957704 0.239426
-0.059183 -0.976519 -0.207140 0.073872 -0.997268 0.000000 -0.059523 -0.982125 -0.178568 -0.146157 -0.986559 0.073078 -0.023742 -0.997178 0.071227 0.114624 -0.993409 0.000000 0.019722 -0.966374 0.256385 -0.163504 -0.960585 -0.224818 -0.132170 -0.944069 0.302102
-0.088581 -0.974389 -0.206689 0.119145 -0.992877 0.000000 -0.031830 -0.986741 -0.159152 -0.175682 -0.983820 0.035136 -0.023224 -0.998651 0.046449 0.082182 -0.986186 -0.143819 0.020137 -0.946458 0.322198 -0.189275 -0.967403 -0.168244 -0.136186 -0.933845 0.330737
-0.061314 -0.981023 -0.183942 0.124035 -0.992278 0.000000 -0.089522 -0.984746 -0.149204 -0.175682 -0.983820 0.035136 -0.022698 -0.998711 0.045396 0.077953 -0.993905 -0.077953 0.022417 -0.941505 0.336252 -0.206990 -0.972853 -0.103495 -0.099543 -0.935706 0.338447
-0.032669 -0.980057 -0.196011 0.073821 -0.996588 -0.036911 -0.162995 -0.977972 -0.130396 -0.181969 -0.982631 0.036394 -0.043427 -0.998821 0.021713 0.041595 -0.998268 -0.041595 0.000000 -0.944200 0.329372 -0.150407 -0.988391 -0.021487 -0.100201 -0.941886 0.320642
-0.032444 -0.973329 -0.227110 0.106533 -0.994309 0.000000 -0.195180 -0.975900 -0.097590 -0.216789 -0.975550 0.036131 -0.045396 -0.998711 0.022698 0.020824 -0.999566 -0.020824 0.021507 -0.946291 0.322599 -0.105691 -0.993500 0.042277 -0.102793 -0.945694 0.308378
0.000000 -0.983870 -0.178885 0.114624 -0.993409 0.000000 -0.195180 -0.975900 -0.097590 -0.216789 -0.975550 0.036131 -0.046449 -0.998651 0.023224 0.000000 -0.999792 0.020404 0.021344 -0.960495 0.277476 -0.044401 -0.999014 0.000000 -0.101430 -0.953443 0.284004
0.029801 -0.983433 -0.178806 0.114541 -0.992685 0.038180 -0.189642 -0.979816 -0.063214 -0.250801 -0.967375 0.035829 -0.023243 -0.999460 0.023243 0.000000 -0.999168 0.040782 0.021031 -0.967403 0.252366 -0.042476 -0.998194 0.042476 -0.119785 -0.958277 0.259533
0.029801 -0.983433 -0.178806 0.146450 -0.988540 0.036613 -0.189927 -0.981288 -0.031654 -0.250801 -0.967375 0.035829 -0.023796 -0.999434 0.023796 0.000000 -0.999168 0.040782 0.020207 -0.969944 0.242486 -0.041550 -0.997191 0.062324 -0.119785 -0.958277 0.259533
0.059815 -0.986945 -0.149537 0.106466 -0.993683 0.035489 -0.184289 -0.982872 0.000000 -0.216366 -0.973645 0.072122 -0.057027 -0.997965 0.028513 0.000000 -0.999261 0.038433 0.039794 -0.974943 0.218865 -0.056473 -0.997694 0.037649 -0.100544 -0.965226 0.241307
0.056232 -0.984063 -0.168696 0.157867 -0.986671 0.039467 -0.123797 -0.990375 0.061898 -0.250801 -0.967375 0.035829 -0.062107 -0.993712 0.093161 0.038405 -0.998524 0.038405 0.058733 -0.978888 0.195778 -0.055432 -0.997778 0.036955 -0.101015 -0.969746 0.222234
0.028149 -0.985232 -0.168897 0.157991 -0.987441 0.000000 -0.093341 -0.995634 0.000000 -0.215666 -0.970495 0.107833 -0.058496 -0.994424 0.087743 0.039936 -0.998404 -0.039936 0.058948 -0.982472 0.176845 -0.054456 -0.998351 0.018152 -0.120386 -0.963087 0.240772
0.000000 -0.973417 -0.229039 0.146549 -0.989203 0.000000 -0.058722 -0.998274 0.000000 -0.250319 -0.965518 0.071520 -0.026162 -0.994165 0.104649 0.039936 -0.998404 -0.039936 0.078750 -0.984374 0.157500 -0.054384 -0.997038 0.054384 -0.121466 -0.971732 0.202444
0.028618 -0.973018 -0.228946 0.141333 -0.989331 -0.035333 -0.055449 -0.998077 -0.027724 -0.292314 -0.950019 0.109618 -0.074582 -0.994422 0.074582 0.021253 -0.998870 0.042505 0.059467 -0.991120 0.118934 0.000000 -0.994834 0.101514 -0.121942 -0.975537 0.182913
0.000000 -0.973417 -0.229039 0.175682 -0.983820 -0.035136 -0.026978 -0.998179 -0.053956 -0.356915 -0.927980 0.107075 -0.071067 -0.994937 0.071067 0.023027 -0.990142 0.138159 0.063472 -0.994389 0.084629 0.021953 -0.987878 0.153670 -0.149207 -0.980500 0.127891
-0.027842 -0.974481 -0.222738 0.181969 -0.982631 -0.036394 -0.053897 -0.997091 -0.053897 -0.376412 -0.923921 0.068439 -0.094386 -0.991051 0.094386 0.000000 -0.975610 0.219512 0.092599 -0.995434 0.023150 0.047592 -0.975638 0.214164 -0.168102 -0.984599 0.048029
-0.029437 -0.971429 -0.235498 0.181969 -0.982631 -0.036394 -0.110264 -0.992372 -0.055132 -0.375315 -0.921228 0.102359 -0.070750 -0.990500 0.117917 -0.023002 -0.920087 0.391037 0.101896 -0.993490 -0.050948 0.097561 -0.951220 0.292683 -0.180920 -0.982138 -0.051691
0.000000 -0.981780 -0.190022 0.209401 -0.977207 -0.034900 -0.163605 -0.981630 -0.098163 -0.334637 -0.936984 0.100391 -0.072442 -0.990038 0.120736 -0.044981 -0.854634 0.517279 0.139428 -0.975995 -0.167313 0.102029 -0.918260 0.382608 -0.193403 -0.967013 -0.165774
0.063564 -0.985245 -0.158910 0.216789 -0.975550 -0.036131 -0.189642 -0.979816 -0.063214 -0.345444 -0.932700 0.103633 -0.073967 -0.986227 0.147934 -0.044183 -0.817393 0.574384 0.134352 -0.967337 -0.214964 0.128842 -0.901894 0.412294 -0.187485 -0.964209 -0.187485
0.030994 -0.991801 -0.123975 0.216930 -0.976187 0.000000 -0.189927 -0.981288 -0.031654 -0.335578 -0.939618 0.067116 -0.049386 -0.987730 0.148159 -0.043063 -0.796667 0.602883 0.132640 -0.955005 -0.265279 0.128842 -0.901894 0.412294 -0.186484 -0.959063 -0.213125
0.068160 -0.988317 -0.136320 0.175791 -0.984428 0.000000 -0.220261 -0.975441 0.000000 -0.315450 -0.946350 0.070100 -0.049553 -0.991059 0.123882 -0.066519 -0.798228 0.598671 0.158555 -0.951330 -0.264258 0.078675 -0.891655 0.445827 -0.159617 -0.957704 -0.239426
0.065938 -0.989071 -0.131876 0.181608 -0.980684 0.072643 -0.164310 -0.985861 -0.032862 -0.305304 -0.949835 0.067845 -0.049690 -0.993808 0.099381 -0.063119 -0.820553 0.568075 0.158555 -0.951330 -0.264258 0.073477 -0.906221 0.416372 -0.185369 -0.953329 -0.238332
0.034139 -0.990044 -0.136558 0.175358 -0.982003 0.070143 -0.164045 -0.984268 -0.065618 -0.283375 -0.956389 0.070844 -0.048593 -0.996156 0.072889 -0.060205 -0.862939 0.501709 0.159617 -0.957704 -0.239426 0.069468 -0.926234 0.370493 -0.187485 -0.964209 -0.187485
0.033962 -0.984892 -0.169809 0.169516 -0.983192 0.067806 -0.131519 -0.986394 -0.098639 -0.274075 -0.959264 0.068519 -0.047552 -0.998586 0.023776 -0.058722 -0.880830 0.469776 0.125196 -0.976527 -0.175274 0.066194 -0.948786 0.308907 -0.208727 -0.965363 -0.156545
0.000000 -0.992278 -0.124035 0.216366 -0.973645 0.072122 -0.105474 -0.984428 -0.140633 -0.265782 -0.963460 0.033223 -0.023803 -0.999717 0.000000 -0.038433 -0.922395 0.384331 0.096844 -0.992646 -0.072633 0.044755 -0.962231 0.268530 -0.167860 -0.983182 -0.071940
0.030994 -0.991801 -0.123975 0.175358 -0.982003 0.070143 -0.098163 -0.981630 -0.163605 -0.241955 -0.967822 0.069130 -0.023243 -0.999460 -0.023243 -0.038984 -0.935617 0.350857 0.094782 -0.995216 -0.023696 0.043540 -0.979651 0.195930 -0.168248 -0.985452 0.024035
0.030994 -0.991801 -0.123975 0.181608 -0.980684 0.072643 -0.095106 -0.982766 -0.158511 -0.241955 -0.967822 0.069130 -0.022716 -0.999484 -0.022716 -0.020970 -0.985604 0.167762 0.069301 -0.993307 0.092401 0.044845 -0.986587 0.156957 -0.160296 -0.984675 0.068698
0.000000 -0.991228 -0.132164 0.175682 -0.983820 0.035136 -0.065618 -0.984268 -0.164045 -0.250801 -0.967375 0.035829 -0.022211 -0.999507 -0.022211 0.000000 -0.997785 0.066519 0.043874 -0.987165 0.153559 0.022669 -0.997427 0.068006 -0.130620 -0.979651 0.152390
0.000000 -0.991228 -0.132164 0.181969 -0.982631 0.036394 -0.065233 -0.978492 -0.195698 -0.250801 -0.967375 0.035829 -0.022211 -0.999507 -0.022211 -0.022721 -0.999742 0.000000 0.041757 -0.981299 0.187908 0.000000 -0.998969 0.045408 -0.106071 -0.975856 0.190928
-0.032669 -0.980057 -0.196011 0.181969 -0.982631 0.036394 -0.065233 -0.978492 -0.195698 -0.242390 -0.969561 0.034627 -0.022195 -0.998768 -0.044390 0.021652 -0.996007 0.086609 0.020806 -0.977894 0.208063 0.000000 -1.000000 0.000000 -0.102533 -0.963811 0.246079
-0.031911 -0.957338 -0.287202 0.181969 -0.982631 0.036394 0.000000 -0.975441 -0.220261 -0.283909 -0.958194 0.035489 -0.045361 -0.997940 -0.045361 0.021152 -0.994166 0.105762 0.020712 -0.973479 0.227836 0.000000 -1.000000 0.000000 -0.101998 -0.958784 0.265196
-0.060690 -0.940691 -0.333793 0.188847 -0.982006 0.000000 0.000000 -0.962651 -0.270746 -0.283909 -0.958194 0.035489 -0.045361 -0.997940 -0.045361 0.042052 -0.988215 0.147181 0.021031 -0.967403 0.252366 -0.023803 -0.999717 0.000000 -0.061728 -0.967070 0.246911
-0.091372 -0.913717 -0.395944 0.224860 -0.974391 0.000000 0.000000 -0.962651 -0.270746 -0.250801 -0.967375 -0.035829 -0.022698 -0.998711 -0.045396 0.065938 -0.989071 0.131876 0.000000 -0.958386 0.285477 -0.023803 -0.999717 0.000000 -0.063917 -0.958750 0.276972
-0.087856 -0.907846 -0.409995 0.224231 -0.971666 -0.074744 0.000000 -0.954480 -0.298275 -0.283909 -0.958194 -0.035489 -0.023224 -0.998651 -0.046449 0.044992 -0.989827 0.134976 0.000000 -0.950730 0.310021 -0.023803 -0.999717 0.000000 -0.065638 -0.962683 0.262550
-0.089087 -0.890871 -0.445435 0.259259 -0.962963 -0.074074 0.000000 -0.954480 -0.298275 -0.283375 -0.956389 -0.070844 -0.045396 -0.998711 -0.022698 0.044992 -0.989827 0.134976 0.000000 -0.956674 0.291162 -0.024376 -0.999406 0.024376 -0.065638 -0.962683 0.262550
-0.057236 -0.887164 -0.457891 0.259259 -0.962963 -0.074074 0.000000 -0.954480 -0.298275 -0.293294 -0.953206 -0.073324 -0.046449 -0.998651 -0.023224 0.066114 -0.991709 0.110190 -0.021077 -0.948473 0.316158 -0.024383 -0.999703 0.000000 -0.066634 -0.955084 0.288746
-0.030614 -0.887801 -0.459208 0.216366 -0.973645 -0.072122 0.000000 -0.954480 -0.298275 -0.293294 -0.953206 -0.073324 -0.045396 -0.998711 -0.022698 0.066114 -0.991709 0.110190 0.000000 -0.948683 0.316228 -0.024383 -0.999703 0.000000 -0.044477 -0.956264 0.289103
0.000000 -0.900552 -0.434749 0.224231 -0.971666 -0.074744 0.000000 -0.962651 -0.270746 -0.259259 -0.962963 -0.074074 -0.045396 -0.998711 -0.022698 0.066114 -0.991709 0.110190 0.000000 -0.948683 0.316228 -0.023150 -0.995434 0.092599 -0.044477 -0.956264 0.289103
