-0.542590 -0.838548 -0.049326 0.927478 -0.370991 -0.046374 0.403604 -0.874475 0.269069 -0.911922 -0.410365 0.000000 0.000000 -0.811534 0.584305 -0.273770 -0.529289 0.803059 0.481979 -0.329775 -0.811754 0.179842 -0.745061 0.642294 -0.437037 -0.378766 -0.815803
-0.481108 -0.872008 0.090208 0.810679 -0.585491 0.000000 0.282138 -0.916949 0.282138 -0.809858 -0.584898 0.044992 0.000000 -0.807391 0.590017 -0.288533 -0.665845 0.688040 0.431800 -0.482600 -0.762001 0.204926 -0.717242 0.666010 -0.419026 -0.497594 -0.759485
-0.307076 -0.921228 0.238837 0.683941 -0.729537 0.000000 0.369800 -0.924500 0.092450 -0.684737 -0.727533 0.042796 0.000000 -0.807391 0.590017 -0.263432 -0.790295 0.553207 0.355830 -0.660827 -0.660827 0.201453 -0.705086 0.679905 -0.398756 -0.623056 -0.672900
-0.170697 -0.955904 0.238976 0.564684 -0.825307 0.000000 0.261337 -0.958234 0.116150 -0.572982 -0.818546 0.040927 0.000000 -0.817806 0.575493 -0.198627 -0.908007 0.368878 0.256158 -0.819705 -0.512316 0.129056 -0.774339 0.619471 -0.345600 -0.765257 -0.543086
-0.034900 -0.977207 0.209401 0.351123 -0.936329 0.000000 0.127386 -0.987241 0.095539 -0.351123 -0.936329 0.000000 0.000000 -0.836461 0.548026 -0.075931 -0.911173 0.404966 0.200944 -0.904249 -0.376770 0.025557 -0.843386 0.536700 -0.246034 -0.885722 -0.393654
0.073872 -0.997268 0.000000 0.164310 -0.985861 0.032862 -0.034442 -0.998813 0.034442 -0.169907 -0.985460 0.000000 0.000000 -0.894427 0.447214 0.000000 -0.980581 0.196116 0.144799 -0.965328 -0.217199 -0.046958 -0.915685 0.399145 -0.194890 -0.950090 -0.243613
0.103387 -0.964944 -0.241236 0.096275 -0.994837 0.032092 -0.135926 -0.985460 -0.101944 -0.032241 -0.999480 0.000000 0.000000 -0.943460 0.331486 0.044357 -0.998031 0.044357 0.099381 -0.993808 -0.049690 -0.082391 -0.947497 0.308967 -0.147934 -0.986227 -0.073967
0.065060 -0.943370 -0.325300 0.000000 -0.999445 0.033315 -0.139262 -0.974835 -0.174078 0.032225 -0.998961 0.032225 0.000000 -0.958536 0.284970 0.061097 -0.997924 -0.020366 0.090328 -0.993605 0.067746 -0.094006 -0.977658 0.188011 -0.144129 -0.984883 0.096086
0.090826 -0.938533 -0.333028 -0.036911 -0.996588 0.073821 -0.033962 -0.984892 -0.169809 0.000000 -0.997785 0.066519 0.000000 -0.980581 0.196116 0.111245 -0.982662 -0.148326 0.042630 -0.980500 0.191837 -0.110413 -0.993715 0.018402 -0.128447 -0.963352 0.235486
0.059549 -0.952786 -0.297746 0.039841 -0.996024 0.079682 0.000000 -0.995037 -0.099504 -0.036613 -0.988540 0.146450 0.023564 -0.989675 0.141382 0.132430 -0.964844 -0.227022 0.038866 -0.971653 0.233197 -0.129830 -0.983000 -0.129830 -0.122271 -0.937410 0.326056
0.062348 -0.966394 -0.249392 0.113878 -0.986947 0.113878 -0.031220 -0.999025 -0.031220 -0.113878 -0.986947 0.113878 0.000000 -0.992988 0.118213 0.132978 -0.968840 -0.208965 0.039968 -0.959233 0.279776 -0.136939 -0.978138 -0.156502 -0.119192 -0.933672 0.337711
0.155417 -0.963588 -0.217584 0.135926 -0.985460 0.101944 -0.116841 -0.993151 0.000000 -0.140633 -0.984428 0.105474 -0.024318 -0.997039 0.072954 0.133948 -0.975909 -0.172219 0.020664 -0.950527 0.309954 -0.116291 -0.988476 -0.096909 -0.119976 -0.939812 0.319936
0.233463 -0.967204 -0.100056 0.135379 -0.981501 0.135379 -0.189927 -0.981288 0.031654 -0.145671 -0.983282 0.109254 -0.076472 -0.994135 0.076472 0.082885 -0.994618 -0.062164 0.021344 -0.960495 0.277476 -0.079729 -0.996617 -0.019932 -0.125491 -0.941184 0.313728
0.287202 -0.957338 -0.031911 0.229081 -0.954504 0.190901 -0.195698 -0.978492 0.065233 -0.181012 -0.977466 0.108607 -0.107134 -0.990992 0.080351 0.065079 -0.997880 0.000000 0.021467 -0.966012 0.257603 -0.079745 -0.996815 0.000000 -0.129671 -0.950921 0.280954
0.353007 -0.930654 0.096275 0.262705 -0.938233 0.225176 -0.226160 -0.969256 0.096926 -0.187647 -0.975763 0.112588 -0.109764 -0.987878 0.109764 0.041631 -0.999133 0.000000 0.043811 -0.963837 0.262865 -0.061097 -0.997924 0.020366 -0.130435 -0.956522 0.260870
0.314814 -0.944443 0.094444 0.312110 -0.897315 0.312110 -0.264616 -0.959235 0.099231 -0.151078 -0.982006 0.113308 -0.112822 -0.987189 0.112822 0.042476 -0.998194 0.042476 0.044055 -0.969201 0.242300 -0.063700 -0.997969 0.000000 -0.108979 -0.959018 0.261550
0.323254 -0.937437 0.129302 0.346667 -0.885927 0.308148 -0.241236 -0.964944 0.103387 -0.187647 -0.975763 0.112588 -0.115615 -0.982725 0.144518 0.021229 -0.997744 0.063686 0.043540 -0.979651 0.195930 -0.063700 -0.997969 0.000000 -0.110136 -0.969201 0.220273
0.313728 -0.941184 0.125491 0.342376 -0.874961 0.342376 -0.233463 -0.967204 0.100056 -0.194772 -0.973862 0.116863 -0.112420 -0.983674 0.140525 0.039178 -0.999040 -0.019589 0.043540 -0.979651 0.195930 -0.063643 -0.997070 -0.042429 -0.107833 -0.970495 0.215666
0.266440 -0.947343 0.177627 0.375293 -0.863175 0.337764 -0.234115 -0.969905 0.066890 -0.150329 -0.977140 0.150329 -0.139428 -0.975995 0.167313 0.037602 -0.996459 -0.075204 0.040919 -0.982049 0.184134 -0.060996 -0.996273 -0.060996 -0.101850 -0.977761 0.183330
0.259161 -0.950255 0.172774 0.320815 -0.891154 0.320815 -0.149537 -0.986945 0.059815 -0.186728 -0.970988 0.149383 -0.112420 -0.983674 0.140525 0.072110 -0.991514 -0.108165 0.039337 -0.983422 0.177016 -0.076570 -0.995409 -0.057427 -0.098266 -0.982662 0.157226
0.205262 -0.967663 0.146616 0.294484 -0.920263 0.257674 -0.116791 -0.992727 0.029198 -0.259259 -0.962963 0.074074 -0.074216 -0.989541 0.123693 0.052819 -0.985952 -0.158457 0.058948 -0.982472 0.176845 -0.076640 -0.996322 -0.038320 -0.115771 -0.984050 0.135066
0.233982 -0.965176 0.116991 0.217500 -0.942499 0.253750 -0.116841 -0.993151 0.000000 -0.258375 -0.959678 0.110732 -0.052271 -0.993146 0.104542 0.089087 -0.979958 -0.178174 0.058948 -0.982472 0.176845 -0.072536 -0.997366 0.000000 -0.118562 -0.988019 0.098802
0.235192 -0.970169 0.058798 0.177892 -0.960617 0.213470 -0.090495 -0.995440 -0.030165 -0.250319 -0.965518 0.071520 -0.026162 -0.994165 0.104649 0.076472 -0.994135 -0.076472 0.059467 -0.991120 0.118934 -0.039178 -0.999040 -0.019589 -0.118934 -0.991120 0.059467
0.222738 -0.974481 0.027842 0.179144 -0.967375 0.179144 -0.087556 -0.992304 -0.087556 -0.241955 -0.967822 0.069130 0.000000 -0.995037 0.099504 0.065064 -0.997645 0.021688 0.082885 -0.994618 0.062164 -0.040112 -0.982756 0.180506 -0.167762 -0.985604 -0.020970
0.222738 -0.974481 -0.027842 0.173136 -0.969561 0.173136 -0.087743 -0.994424 -0.058496 -0.274559 -0.960958 0.034320 -0.024204 -0.992355 0.121019 0.046262 -0.994635 0.092524 0.094782 -0.995216 -0.023696 -0.040979 -0.963002 0.266362 -0.190638 -0.977022 -0.095319
0.235192 -0.970169 -0.058798 0.174078 -0.974835 0.139262 -0.085091 -0.992733 -0.085091 -0.316228 -0.948683 0.000000 -0.024618 -0.984732 0.172328 0.000000 -0.964205 0.265156 0.128332 -0.975321 -0.179664 -0.083844 -0.922288 0.377300 -0.179664 -0.949655 -0.256664
0.212806 -0.972829 -0.091203 0.222375 -0.963624 0.148250 -0.123091 -0.984732 -0.123091 -0.327111 -0.944986 0.000000 -0.025230 -0.983958 0.176608 0.000000 -0.935286 0.353892 0.135037 -0.945256 -0.297080 -0.107908 -0.884846 0.453214 -0.164153 -0.930199 -0.328305
0.173133 -0.981087 -0.086566 0.247016 -0.946895 0.205847 -0.123091 -0.984732 -0.123091 -0.327111 -0.944986 0.000000 -0.026407 -0.977073 0.211259 -0.095536 -0.859828 0.501566 0.158666 -0.925550 -0.343776 -0.110974 -0.865599 0.488286 -0.165082 -0.907951 -0.385191
0.148741 -0.981691 -0.118993 0.229081 -0.954504 0.190901 -0.127386 -0.987241 -0.095539 -0.327111 -0.944986 0.000000 -0.026407 -0.977073 0.211259 -0.054453 -0.898479 0.435626 0.155647 -0.907943 -0.389118 -0.114020 -0.843747 0.524491 -0.159392 -0.903221 -0.398480
0.119470 -0.985624 -0.119470 0.229081 -0.954504 0.190901 -0.123797 -0.990375 -0.061898 -0.326895 -0.944363 -0.036322 -0.052760 -0.976053 0.211038 -0.057166 -0.914659 0.400163 0.182574 -0.912871 -0.365148 -0.093225 -0.839026 0.536045 -0.185110 -0.899106 -0.396664
0.092231 -0.983801 -0.153719 0.237729 -0.950915 0.198107 -0.189642 -0.979816 -0.063214 -0.338719 -0.940887 0.000000 -0.079002 -0.974359 0.210672 -0.056865 -0.938273 0.341190 0.187016 -0.908364 -0.374032 -0.069523 -0.857456 0.509839 -0.212598 -0.903540 -0.372046
0.064786 -0.971795 -0.226752 0.221013 -0.957722 0.184177 -0.189642 -0.979816 -0.063214 -0.327111 -0.944986 0.000000 -0.050411 -0.983020 0.176439 -0.054861 -0.960076 0.274307 0.156174 -0.937043 -0.312348 -0.066932 -0.892421 0.446211 -0.214654 -0.912279 -0.348813
0.032191 -0.965734 -0.257529 0.186728 -0.970988 0.149383 -0.158511 -0.982766 -0.095106 -0.338480 -0.940222 0.037609 -0.075810 -0.985527 0.151620 -0.048723 -0.974451 0.219251 0.155647 -0.959826 -0.233471 -0.086854 -0.933680 0.347416 -0.179664 -0.949655 -0.256664
0.031220 -0.967805 -0.249756 0.151078 -0.982006 0.113308 -0.157956 -0.979327 -0.126365 -0.326895 -0.944363 0.036322 -0.049553 -0.991059 0.123882 -0.022513 -0.990579 0.135079 0.106525 -0.985354 -0.133156 -0.106143 -0.955287 0.275972 -0.182761 -0.966021 -0.182761
0.000000 -0.968277 -0.249878 0.187647 -0.975763 0.112588 -0.164045 -0.984268 -0.065618 -0.326895 -0.944363 0.036322 -0.072633 -0.992646 0.096844 -0.022168 -0.997540 0.066503 0.101896 -0.993490 -0.050948 -0.101451 -0.973929 0.202902 -0.175771 -0.979294 -0.100440
0.030964 -0.959886 -0.278677 0.194772 -0.973862 0.116863 -0.131876 -0.989071 -0.065938 -0.303895 -0.949671 0.075974 -0.072633 -0.992646 0.096844 -0.021729 -0.999528 0.021729 0.071227 -0.997178 0.023742 -0.100769 -0.987534 0.120923 -0.141382 -0.989675 -0.023564
0.030964 -0.959886 -0.278677 0.194772 -0.973862 0.116863 -0.131876 -0.989071 -0.065938 -0.293294 -0.953206 0.073324 -0.070928 -0.992988 0.094570 0.000000 -0.999096 -0.042515 0.046151 -0.992249 0.115378 -0.121317 -0.990759 0.060659 -0.115225 -0.990931 0.069135
0.064282 -0.964237 -0.257130 0.202444 -0.971732 0.121466 -0.102658 -0.992360 -0.068439 -0.293887 -0.955134 0.036736 -0.071067 -0.994937 0.071067 0.020757 -0.996331 -0.083028 0.000000 -0.987007 0.160676 -0.121541 -0.992586 0.000000 -0.111887 -0.984609 0.134265
0.066336 -0.961869 -0.265343 0.202444 -0.971732 0.121466 -0.102359 -0.989467 -0.102359 -0.293294 -0.953206 0.073324 -0.046349 -0.996503 0.069523 0.041407 -0.993765 -0.103517 -0.022261 -0.979472 0.200347 -0.121442 -0.991773 -0.040481 -0.108747 -0.978724 0.173995
0.032915 -0.954547 -0.296239 0.232670 -0.969458 0.077557 -0.099015 -0.990148 -0.099015 -0.293294 -0.953206 0.073324 -0.046349 -0.996503 0.069523 0.041310 -0.991431 -0.123929 -0.021688 -0.975957 0.216879 -0.121317 -0.990759 -0.060659 -0.106071 -0.975856 0.190928
0.065724 -0.952999 -0.295758 0.232670 -0.969458 0.077557 -0.099015 -0.990148 -0.099015 -0.303895 -0.949671 0.075974 -0.047511 -0.997740 0.047511 0.061898 -0.990375 -0.123797 -0.043133 -0.970495 0.237232 -0.143819 -0.986186 -0.082182 -0.084667 -0.973668 0.211667
0.091713 -0.947698 -0.305709 0.241747 -0.966988 0.080582 -0.095106 -0.982766 -0.158511 -0.269430 -0.962250 0.038490 -0.047552 -0.998586 0.023776 0.061728 -0.987646 -0.144032 -0.021921 -0.964532 0.263054 -0.146503 -0.983660 -0.104645 -0.084271 -0.969119 0.231746
0.089883 -0.928793 -0.359533 0.279108 -0.956943 0.079745 -0.095106 -0.982766 -0.158511 -0.280000 -0.960000 0.000000 -0.047552 -0.998586 0.023776 0.063008 -0.987125 -0.147019 -0.021467 -0.966012 0.257603 -0.149207 -0.980500 -0.127891 -0.084271 -0.969119 0.231746
0.092450 -0.924500 -0.369800 0.268833 -0.960119 0.076810 -0.094585 -0.977378 -0.189170 -0.269430 -0.962250 -0.038490 -0.047552 -0.998586 0.023776 0.062801 -0.983875 -0.167468 -0.021791 -0.958790 0.283279 -0.149207 -0.980500 -0.127891 -0.086026 -0.967798 0.236573
0.120714 -0.935536 -0.331964 0.315981 -0.947943 0.039498 -0.093980 -0.971124 -0.219286 -0.279776 -0.959233 -0.039968 -0.047552 -0.998586 0.023776 0.061533 -0.984525 -0.164087 -0.021921 -0.964532 0.263054 -0.149207 -0.980500 -0.127891 -0.086447 -0.972533 0.216118
0.151724 -0.940691 -0.303449 0.315981 -0.947943 0.039498 -0.093980 -0.971124 -0.219286 -0.304555 -0.951734 -0.038069 -0.047552 -0.998586 0.023776 0.061533 -0.984525 -0.164087 -0.022525 -0.968557 0.247770 -0.151923 -0.976647 -0.151923 -0.086447 -0.972533 0.216118
0.157642 -0.945850 -0.283755 0.304555 -0.951734 0.038069 -0.093296 -0.964054 -0.248788 -0.304555 -0.951734 -0.038069 -0.047511 -0.997740 0.047511 0.061314 -0.981023 -0.183942 -0.022394 -0.962955 0.268732 -0.130620 -0.979651 -0.152390 -0.108747 -0.978724 0.173995
