-0.232559 -0.963460 0.132891 0.927478 -0.370991 -0.046374 0.532552 -0.845818 -0.031327 -0.921635 -0.388057 0.000000 -0.062715 -0.721219 0.689862 -0.337685 -0.696475 0.633159 0.477846 -0.201198 -0.855092 0.188845 -0.782356 0.593512 -0.324443 -0.356887 -0.875996
-0.256468 -0.961756 0.096176 0.942809 -0.329983 -0.047140 0.532552 -0.845818 -0.031327 -0.920553 -0.387601 -0.048450 -0.062715 -0.721219 0.689862 -0.418247 -0.716995 0.557663 0.609012 -0.101502 -0.786640 0.059391 -0.861175 0.504827 -0.278225 -0.397464 -0.874421
-0.360342 -0.930885 0.060057 0.960518 -0.274434 -0.045739 0.532552 -0.845818 -0.031327 -0.920553 -0.387601 -0.048450 -0.064150 -0.705650 0.705650 -0.442471 -0.731040 0.519423 0.654723 -0.025182 -0.755449 0.105227 -0.789200 0.605054 -0.292615 -0.292615 -0.910359
-0.483077 -0.875578 0.000000 0.957518 -0.273576 -0.091192 0.531770 -0.844575 -0.062561 -0.921635 -0.388057 0.000000 -0.031404 -0.722285 0.690882 -0.451466 -0.733632 0.507899 0.668965 0.000000 -0.743294 0.125196 -0.726135 0.676057 -0.288076 -0.259268 -0.921842
-0.539784 -0.839664 -0.059976 0.968658 -0.230633 -0.092253 0.546119 -0.835240 -0.064249 -0.938343 -0.345705 0.000000 -0.031404 -0.722285 0.690882 -0.438036 -0.723711 0.533261 0.668759 -0.024769 -0.743066 0.142334 -0.711668 0.687946 -0.298499 -0.244226 -0.922633
-0.539784 -0.839664 -0.059976 0.928477 -0.371391 0.000000 0.546966 -0.836536 -0.032174 -0.883960 -0.465242 0.046524 0.000000 -0.722642 0.691223 -0.418395 -0.711272 0.564834 0.603801 -0.236270 -0.761315 0.160170 -0.709325 0.686443 -0.339182 -0.313091 -0.887091
-0.420891 -0.906533 0.032376 0.831163 -0.554109 -0.046176 0.499445 -0.865705 -0.033296 -0.768767 -0.633102 0.090443 0.030700 -0.736807 0.675406 -0.379130 -0.710869 0.592390 0.478683 -0.505276 -0.718024 0.179425 -0.717698 0.672842 -0.370738 -0.395454 -0.840339
-0.274075 -0.959264 0.068519 0.658505 -0.752577 0.000000 0.377075 -0.925548 0.034280 -0.637865 -0.765438 0.085049 0.030015 -0.750375 0.660330 -0.336332 -0.750279 0.569177 0.383482 -0.690268 -0.613572 0.167860 -0.743382 0.647462 -0.347297 -0.570560 -0.744208
-0.035333 -0.989331 0.141333 0.514496 -0.857493 0.000000 0.250801 -0.967375 0.035829 -0.494451 -0.865290 0.082409 0.029748 -0.803202 0.594964 -0.277137 -0.803697 0.526560 0.265388 -0.820290 -0.506650 0.148340 -0.791149 0.593362 -0.316603 -0.706267 -0.633205
0.140633 -0.984428 0.105474 0.371135 -0.927837 0.037113 0.068802 -0.997630 0.000000 -0.338480 -0.940222 0.037609 0.027493 -0.852279 0.522365 -0.194295 -0.888204 0.416346 0.215141 -0.908374 -0.358569 0.100887 -0.857537 0.504433 -0.263251 -0.837618 -0.478639
0.202490 -0.978703 0.033748 0.265343 -0.961869 0.066336 -0.034381 -0.997041 -0.068761 -0.209401 -0.977207 0.034900 0.025110 -0.903964 0.426872 -0.126471 -0.935884 0.328824 0.162703 -0.952973 -0.255676 0.024246 -0.921364 0.387943 -0.195355 -0.927934 -0.317451
0.175682 -0.983820 -0.035136 0.189642 -0.979816 0.063214 -0.135926 -0.985460 -0.101944 -0.066519 -0.997785 0.000000 0.024470 -0.929877 0.367057 -0.086026 -0.967798 0.236573 0.147220 -0.981466 -0.122683 0.000000 -0.964764 0.263117 -0.174673 -0.973177 -0.149720
0.162995 -0.977972 -0.130396 0.162995 -0.977972 0.130396 -0.226160 -0.969256 -0.096926 0.000000 -0.999480 0.032241 0.024098 -0.963925 0.265079 -0.058498 -0.974972 0.214494 0.118180 -0.992711 -0.023636 -0.040919 -0.982049 0.184134 -0.118180 -0.992711 0.023636
0.157956 -0.979327 -0.126365 0.139262 -0.974835 0.174078 -0.249756 -0.967805 -0.031220 0.033241 -0.997234 0.066482 0.023932 -0.981209 0.191456 0.000000 -0.997054 0.076696 0.065938 -0.989071 0.131876 -0.038369 -0.997605 0.057554 -0.089087 -0.979958 0.178174
0.183942 -0.981023 -0.061314 0.190901 -0.954504 0.229081 -0.207413 -0.977805 0.029630 -0.039684 -0.992095 0.119051 0.022439 -0.987332 0.157075 0.075045 -0.994352 -0.075045 0.040580 -0.973929 0.223192 -0.097110 -0.990525 -0.097110 -0.084572 -0.951436 0.296002
0.189927 -0.981288 0.031654 0.190901 -0.954504 0.229081 -0.183942 -0.981023 0.061314 -0.109254 -0.983282 0.145671 0.052271 -0.993146 0.104542 0.113308 -0.982006 -0.151078 0.039739 -0.953726 0.298039 -0.098266 -0.982662 -0.157226 -0.098860 -0.929282 0.355895
0.183942 -0.981023 0.061314 0.222834 -0.928477 0.297113 -0.189170 -0.977378 0.094585 -0.156055 -0.975343 0.156055 0.023696 -0.995216 0.094782 0.095765 -0.976804 -0.191530 0.041030 -0.943701 0.328244 -0.102815 -0.987019 -0.123377 -0.081295 -0.934890 0.345503
0.194461 -0.972306 0.129641 0.222834 -0.928477 0.297113 -0.194461 -0.972306 0.129641 -0.180187 -0.973012 0.144150 0.000000 -0.997054 0.076696 0.061314 -0.981023 -0.183942 0.020784 -0.935270 0.353324 -0.063571 -0.995950 -0.063571 -0.062244 -0.933658 0.352715
0.211250 -0.965715 0.150893 0.249783 -0.874241 0.416305 -0.247025 -0.952809 0.176446 -0.174078 -0.974835 0.139262 0.000000 -0.996898 0.078702 0.021101 -0.991729 -0.126604 0.020934 -0.942008 0.334936 -0.043427 -0.998821 -0.021713 -0.063946 -0.937870 0.341044
0.191176 -0.955879 0.223039 0.288185 -0.864556 0.411693 -0.207514 -0.968400 0.138343 -0.229081 -0.954504 0.190901 0.000000 -0.994207 0.107482 0.021652 -0.996007 -0.086609 0.021507 -0.946291 0.322599 -0.021734 -0.999764 0.000000 -0.064401 -0.944545 0.322004
0.197172 -0.952999 0.230034 0.283190 -0.849569 0.445012 -0.323708 -0.935155 0.143870 0.176090 -0.968496 0.176090 0.300676 -0.944981 0.128861 0.000000 -0.999056 -0.043437 0.000000 -0.960714 0.277540 -0.021729 -0.999528 0.021729 -0.044183 -0.949943 0.309284
0.197172 -0.952999 0.230034 0.324443 -0.811107 0.486664 -0.323708 -0.935155 0.143870 -0.041065 -0.985562 0.164260 0.000000 -0.984428 0.175791 0.000000 -1.000000 0.000000 -0.021467 -0.966012 0.257603 -0.021734 -0.999764 0.000000 -0.022255 -0.956974 0.289318
0.165295 -0.958710 0.231413 0.360000 -0.800000 0.480000 -0.289241 -0.940032 0.180775 -0.081923 -0.983078 0.163846 0.000000 -0.979260 0.202606 0.021267 -0.999548 0.021267 -0.020712 -0.973479 0.227836 0.000000 -0.999783 -0.020829 -0.022255 -0.956974 0.289318
0.148741 -0.951943 0.267734 0.348743 -0.813733 0.464991 -0.272166 -0.952579 0.136083 -0.116863 -0.973862 0.194772 -0.059183 -0.976519 0.207140 0.020811 -0.998917 0.041622 0.019909 -0.975523 0.218995 0.041622 -0.998917 -0.020811 -0.040979 -0.963002 0.266362
0.139700 -0.949958 0.279399 0.327761 -0.837611 0.437014 -0.206061 -0.971429 0.117749 -0.154997 -0.968730 0.193746 -0.026861 -0.993848 0.107443 0.019932 -0.996617 0.079729 0.039960 -0.979021 0.199800 0.019996 -0.999800 0.000000 -0.039794 -0.974943 0.218865
0.137051 -0.959354 0.246691 0.312961 -0.869335 0.382507 -0.167902 -0.979428 0.111935 -0.266485 -0.951734 0.152277 -0.049798 -0.995962 0.074697 0.019544 -0.996748 0.078176 0.078206 -0.977577 0.195515 0.020387 -0.998960 -0.040774 -0.058498 -0.974972 0.214494
0.105081 -0.972003 0.210163 0.358979 -0.861550 0.358979 -0.110055 -0.990492 0.082541 -0.323708 -0.935155 0.143870 -0.023776 -0.998586 0.047552 0.000000 -0.993151 0.116841 0.097945 -0.979451 0.176301 0.019992 -0.999600 0.019992 -0.078206 -0.977577 0.195515
0.054453 -0.980159 0.190586 0.324337 -0.900937 0.288300 -0.145248 -0.987688 0.058099 -0.313150 -0.939450 0.139178 0.000000 -0.998969 0.045408 -0.039614 -0.970535 0.237682 0.079181 -0.989759 0.118771 0.043345 -0.996942 0.065018 -0.098552 -0.985521 0.137973
0.084853 -0.989949 0.113137 0.327544 -0.909843 0.254756 -0.137102 -0.987135 0.082261 -0.273275 -0.956462 0.102478 0.000000 -0.997575 0.069598 -0.083460 -0.938927 0.333841 0.103252 -0.991219 0.082602 0.073967 -0.986227 0.147934 -0.081211 -0.994834 0.060908
0.055385 -0.996928 0.055385 0.330400 -0.917779 0.220267 -0.133488 -0.987809 0.080093 -0.282490 -0.953403 0.105934 0.000000 -0.997459 0.071247 -0.089087 -0.890871 0.445435 0.115470 -0.993042 0.023094 0.023499 -0.916443 0.399475 -0.090443 -0.994874 -0.045222
0.083014 -0.996164 0.027671 0.323708 -0.935155 0.143870 -0.172631 -0.978240 0.115087 -0.283909 -0.958194 0.035489 0.000000 -0.995275 0.097100 -0.087601 -0.832205 0.547504 0.126148 -0.983958 -0.126148 -0.022669 -0.838746 0.544051 -0.073677 -0.982353 -0.171912
0.116642 -0.991460 -0.058321 0.321839 -0.929758 0.178800 -0.178174 -0.979958 0.089087 -0.303895 -0.949671 0.075974 0.000000 -0.991882 0.127164 -0.088540 -0.796858 0.597644 0.137934 -0.965540 -0.220695 0.028989 -0.869657 0.492805 -0.052111 -0.964052 -0.260555
0.144943 -0.985611 -0.086966 0.299392 -0.935601 0.187120 -0.206689 -0.974389 0.088581 -0.250319 -0.965518 0.071520 0.000000 -0.991882 0.127164 -0.114768 -0.757471 0.642702 0.159617 -0.957704 -0.239426 0.029735 -0.862316 0.505496 -0.026556 -0.956014 -0.292115
0.116052 -0.986440 -0.116052 0.299392 -0.935601 0.187120 -0.183511 -0.978726 0.091756 -0.259259 -0.962963 0.074074 0.000000 -0.991454 0.130455 -0.116977 -0.725258 0.678467 0.158555 -0.951330 -0.264258 0.064617 -0.872330 0.484628 -0.026343 -0.948354 -0.316118
0.086966 -0.985611 -0.144943 0.301297 -0.941554 0.150649 -0.183511 -0.978726 0.091756 -0.293294 -0.953206 0.073324 0.000000 -0.991454 0.130455 -0.116977 -0.725258 0.678467 0.161398 -0.941486 -0.295896 0.067574 -0.878459 0.473016 -0.027017 -0.945601 -0.324206
0.091756 -0.978726 -0.183511 0.257151 -0.955134 0.146944 -0.163605 -0.981630 0.098163 -0.283375 -0.956389 0.070844 0.000000 -0.994505 0.104685 -0.118846 -0.736843 0.665536 0.158555 -0.951330 -0.264258 -0.026020 -0.780604 0.624484 -0.053975 -0.944567 -0.323852
0.062807 -0.973515 -0.219826 0.257151 -0.955134 0.146944 -0.169516 -0.983192 0.067806 -0.259259 -0.962963 0.074074 0.000000 -0.994781 0.102029 -0.140758 -0.797630 0.586493 0.185369 -0.953329 -0.238332 -0.025743 -0.823769 0.566341 -0.078034 -0.962420 -0.260113
0.000000 -0.968277 -0.249878 0.247025 -0.952809 0.176446 -0.136558 -0.990044 0.034139 -0.250319 -0.965518 0.071520 0.000000 -0.995037 0.099504 -0.128842 -0.901894 0.412294 0.154100 -0.975964 -0.154100 -0.023402 -0.842465 0.538242 -0.105081 -0.972003 -0.210163
0.000000 -0.973841 -0.227230 0.248421 -0.958194 0.141955 -0.136637 -0.990621 0.000000 -0.250319 -0.965518 0.071520 0.000000 -0.997334 0.072976 -0.153594 -0.947162 0.281589 0.150851 -0.980531 -0.125709 -0.021668 -0.866703 0.498354 -0.075810 -0.985527 -0.151620
0.000000 -0.973841 -0.227230 0.248421 -0.958194 0.141955 -0.131876 -0.989071 -0.065938 -0.216366 -0.973645 0.072122 0.000000 -0.998868 0.047565 -0.089331 -0.937977 0.334992 0.123997 -0.991973 -0.024799 0.000000 -0.894427 0.447214 -0.096844 -0.992646 -0.072633
0.000000 -0.976900 -0.213697 0.257151 -0.955134 0.146944 -0.131519 -0.986394 -0.098639 -0.216366 -0.973645 0.072122 0.000000 -0.998868 0.047565 -0.066634 -0.955084 0.288746 0.118081 -0.991880 0.047232 0.000000 -0.925547 0.378633 -0.094782 -0.995216 0.023696
0.000000 -0.988012 -0.154377 0.266485 -0.951734 0.152277 -0.131519 -0.986394 -0.098639 -0.181969 -0.982631 0.036394 -0.023776 -0.998586 0.047552 -0.066002 -0.968027 0.242007 0.111887 -0.984609 0.134265 0.021214 -0.954642 0.297000 -0.112452 -0.989576 0.089961
0.000000 -0.986394 -0.164399 0.257151 -0.955134 0.146944 -0.131519 -0.986394 -0.098639 -0.188847 -0.982006 0.000000 -0.023243 -0.999460 0.023243 -0.044992 -0.989827 0.134976 0.087183 -0.980814 0.174367 0.021031 -0.967403 0.252366 -0.109474 -0.985270 0.131369
-0.031830 -0.986741 -0.159152 0.266485 -0.951734 0.152277 -0.135379 -0.981501 -0.135379 -0.182089 -0.983282 0.000000 -0.023243 -0.999460 0.023243 -0.044130 -0.992916 0.110324 0.086447 -0.972533 0.216118 0.020970 -0.985604 0.167762 -0.108312 -0.974812 0.194962
-0.031830 -0.986741 -0.159152 0.266485 -0.951734 0.152277 -0.101944 -0.985460 -0.135926 -0.182089 -0.983282 0.000000 -0.023243 -0.999460 0.023243 -0.044227 -0.995098 0.088453 0.083844 -0.964210 0.251533 0.021101 -0.991729 0.126604 -0.105621 -0.971711 0.211241
-0.031830 -0.986741 -0.159152 0.266485 -0.951734 0.152277 -0.067806 -0.983192 -0.169516 -0.224860 -0.974391 0.000000 -0.046449 -0.998651 0.023224 -0.044302 -0.996805 0.066454 0.083388 -0.958958 0.271010 0.020757 -0.996331 0.083028 -0.106746 -0.960714 0.256190
-0.031830 -0.986741 -0.159152 0.266485 -0.951734 0.152277 -0.065233 -0.978492 -0.195698 -0.233373 -0.972387 0.000000 -0.022721 -0.999742 0.000000 -0.044302 -0.996805 0.066454 0.082903 -0.953381 0.290159 0.000000 -0.998053 0.062378 -0.085087 -0.957230 0.276533
-0.031830 -0.986741 -0.159152 0.278006 -0.953162 0.119145 -0.064786 -0.971795 -0.226752 -0.233197 -0.971653 -0.038866 -0.023250 -0.999730 0.000000 -0.022168 -0.997540 0.066503 0.062271 -0.954817 0.290597 0.000000 -0.997969 0.063700 -0.083388 -0.958958 0.271010
-0.061314 -0.981023 -0.183942 0.327418 -0.941327 0.081855 -0.062348 -0.966394 -0.249392 -0.242338 -0.969351 -0.040390 -0.023250 -0.999730 0.000000 -0.022195 -0.998768 0.044390 0.061885 -0.948908 0.309426 -0.021253 -0.998870 0.042505 -0.063917 -0.958750 0.276972
-0.060943 -0.975084 -0.213300 0.303895 -0.949671 0.075974 -0.061285 -0.949920 -0.306426 -0.242338 -0.969351 -0.040390 -0.022721 -0.999742 0.000000 -0.022195 -0.998768 0.044390 0.063119 -0.946792 0.315597 -0.021253 -0.998870 0.042505 -0.065248 -0.956974 0.282742
-0.060523 -0.968364 -0.242091 0.315244 -0.945732 0.078811 -0.062470 -0.937043 -0.343582 -0.242338 -0.969351 -0.040390 -0.023243 -0.999460 -0.023243 -0.022195 -0.998768 0.044390 0.063529 -0.952928 0.296466 -0.021729 -0.999528 0.021729 -0.063529 -0.952928 0.296466
-0.062348 -0.966394 -0.249392 0.304555 -0.951734 0.038069 -0.062470 -0.937043 -0.343582 -0.242338 -0.969351 -0.040390 -0.022716 -0.999484 -0.022716 -0.022698 -0.998711 0.045396 0.041559 -0.955847 0.290910 -0.021729 -0.999528 0.021729 -0.063529 -0.952928 0.296466
-0.032191 -0.965734 -0.257529 0.304555 -0.951734 0.038069 -0.031607 -0.948209 -0.316070 -0.195965 -0.979827 -0.039193 -0.023243 -0.999460 -0.023243 -0.022698 -0.998711 0.045396 0.042400 -0.953998 0.296799 -0.022211 -0.999507 0.022211 -0.064836 -0.950921 0.302566
