-0.315735 -0.907738 0.276268 0.835504 -0.540621 0.098295 0.416356 -0.908413 -0.037851 -0.617540 -0.535202 0.576371 -0.031039 -0.807002 0.589732 -0.127000 -0.762001 0.635001 0.350711 -0.701423 -0.620490 0.034381 -0.756376 0.653233 -0.188845 -0.782356 -0.593512
-0.327418 -0.900400 0.286491 0.857537 -0.504433 0.100887 0.188237 -0.878438 -0.439219 -0.448327 -0.652111 0.611354 0.000000 -0.822192 0.569210 -0.127386 -0.668776 0.732469 0.339066 -0.678133 -0.652051 0.068802 -0.722422 0.688021 -0.245953 -0.737859 -0.628547
-0.315735 -0.907738 0.276268 0.903394 -0.401508 0.150566 0.144943 -0.840668 -0.521794 -0.403567 -0.686064 0.605351 0.000000 -0.822192 0.569210 -0.151376 -0.635780 0.756881 0.344863 -0.636670 -0.689726 0.000000 -0.847998 0.529999 -0.239115 -0.751506 -0.614868
-0.315735 -0.907738 0.276268 0.903394 -0.401508 0.150566 0.166155 -0.775388 -0.609234 -0.383482 -0.690268 0.613572 0.000000 -0.846233 0.532813 -0.150687 -0.602749 0.783573 0.338606 -0.625119 -0.703259 -0.034879 -0.871975 0.488306 -0.257674 -0.736210 -0.625779
-0.323381 -0.889297 0.323381 0.912029 -0.384012 0.144005 0.201319 -0.747757 -0.632717 -0.414870 -0.663792 0.622305 0.000000 -0.832050 0.554700 -0.144639 -0.607485 0.781052 0.342937 -0.580356 -0.738635 -0.071935 -0.899188 0.431610 -0.240578 -0.761831 -0.601445
-0.279553 -0.918532 0.279553 0.903394 -0.401508 0.150566 0.271851 -0.713609 -0.645646 -0.414870 -0.663792 0.622305 0.000000 -0.832050 0.554700 -0.118211 -0.591054 0.797923 0.320485 -0.614262 -0.721090 -0.098006 -0.914720 0.392023 -0.222277 -0.711287 -0.666831
-0.315735 -0.907738 0.276268 0.838344 -0.512321 0.186299 0.285319 -0.792553 -0.538936 -0.472490 -0.601351 0.644305 0.030802 -0.831655 0.554437 -0.062592 -0.657213 0.751101 0.267166 -0.694631 -0.667915 -0.095154 -0.919824 0.380617 -0.214176 -0.771035 -0.599694
-0.282497 -0.928204 0.242140 0.743358 -0.655904 0.131181 0.365148 -0.839841 -0.401663 -0.521672 -0.642058 0.561801 -0.030029 -0.840799 0.540514 0.000000 -0.752577 0.658505 0.214654 -0.778121 -0.590298 -0.065372 -0.849837 0.522976 -0.186411 -0.807781 -0.559233
-0.190901 -0.954504 0.229081 0.588464 -0.798630 0.126099 0.278006 -0.953162 -0.119145 -0.494451 -0.741677 0.453247 0.000000 -0.854788 0.518978 0.060943 -0.853199 0.518013 0.161281 -0.860165 -0.483843 -0.063596 -0.858550 0.508770 -0.161456 -0.888008 -0.430550
0.000000 -0.985212 0.171341 0.415464 -0.906467 0.075539 0.267848 -0.956598 0.114792 -0.445012 -0.849569 0.283190 -0.028653 -0.888256 0.458455 0.081319 -0.921616 0.379489 0.132733 -0.929131 -0.345106 -0.055815 -0.893033 0.446516 -0.178319 -0.917067 -0.356637
0.086548 -0.995307 0.043274 0.293887 -0.955134 0.036736 -0.087370 -0.961074 0.262111 -0.312348 -0.937043 0.156174 0.000000 -0.924678 0.380750 0.072127 -0.961694 0.264466 0.131625 -0.974022 -0.184274 -0.073877 -0.935779 0.344761 -0.171293 -0.954347 -0.244704
0.114291 -0.990521 -0.076194 0.169809 -0.984892 0.033962 -0.134687 -0.976481 0.168359 -0.175682 -0.983820 -0.035136 0.000000 -0.960564 0.278058 0.063873 -0.979389 0.191620 0.126796 -0.989007 -0.076077 -0.064625 -0.969368 0.236957 -0.147220 -0.981466 -0.122683
0.126365 -0.979327 -0.157956 0.068802 -0.997630 0.000000 -0.216437 -0.958508 0.185518 -0.068439 -0.992360 -0.102658 0.000000 -0.981491 0.191510 0.059596 -0.993269 0.099327 0.115011 -0.989094 0.092009 -0.059467 -0.991120 0.118934 -0.160507 -0.985969 0.045859
0.171219 -0.970241 -0.171219 0.000000 -0.999315 -0.037012 -0.178568 -0.982125 0.059523 -0.071067 -0.994937 -0.071067 0.000000 -0.985736 0.168296 0.097276 -0.992210 -0.077820 0.060808 -0.972929 0.222963 -0.095555 -0.993772 -0.057333 -0.124407 -0.974525 0.186611
0.118418 -0.976947 -0.177627 0.114624 -0.993409 0.000000 -0.149738 -0.988272 0.029948 -0.110133 -0.991201 -0.073422 0.000000 -0.992988 0.118213 0.078206 -0.977577 -0.195515 0.078251 -0.958576 0.273879 -0.112174 -0.972175 -0.205652 -0.119145 -0.953162 0.278006
0.116052 -0.986440 -0.116052 0.188847 -0.982006 0.000000 -0.207413 -0.977805 0.029630 -0.188713 -0.981307 -0.037743 0.023636 -0.992711 0.118180 0.116863 -0.973862 -0.194772 0.038999 -0.955473 0.292492 -0.132978 -0.968840 -0.208965 -0.077368 -0.947756 0.309471
0.164153 -0.984916 -0.054718 0.188713 -0.981307 0.037743 -0.297088 -0.950681 0.089126 -0.224702 -0.973708 -0.037450 0.026162 -0.994165 0.104649 0.080763 -0.989344 -0.121144 0.039968 -0.959233 0.279776 -0.113613 -0.984644 -0.132548 -0.059892 -0.958277 0.279497
0.184289 -0.982872 0.000000 0.268833 -0.960119 0.076810 -0.371868 -0.912767 0.169031 -0.294086 -0.955779 0.000000 0.078034 -0.988431 0.130057 0.043396 -0.998115 -0.043396 0.040979 -0.963002 0.266362 -0.060908 -0.994834 -0.081211 -0.060217 -0.963475 0.260941
0.202606 -0.979260 0.000000 0.301297 -0.941554 0.150649 -0.342193 -0.923921 0.171096 -0.384331 -0.922395 0.038433 0.026774 -0.990637 0.133870 0.045396 -0.998711 -0.022698 0.020207 -0.969944 0.242486 -0.021229 -0.997744 -0.063686 -0.061404 -0.961992 0.266083
0.242390 -0.969561 0.034627 0.344628 -0.919007 0.191460 -0.299833 -0.932815 0.199889 -0.428353 -0.899541 0.085671 0.026669 -0.986754 0.160014 0.045408 -0.998969 0.000000 0.020611 -0.968712 0.247331 -0.021688 -0.997645 -0.065064 -0.020502 -0.963609 0.266530
0.259973 -0.965616 0.000000 0.384048 -0.883310 0.268833 -0.307076 -0.921228 0.238837 -0.445435 -0.890871 0.089087 0.000000 -0.980581 0.196116 0.022721 -0.999742 0.000000 0.021031 -0.967403 0.252366 0.000000 -0.997785 -0.066519 -0.021031 -0.967403 0.252366
0.224860 -0.974391 0.000000 0.392837 -0.864242 0.314270 -0.284808 -0.925625 0.249207 -0.445435 -0.890871 0.089087 -0.028006 -0.980196 0.196039 0.046449 -0.998651 0.023224 0.021138 -0.972362 0.232521 0.000000 -0.997684 -0.068024 -0.020611 -0.968712 0.247331
0.269430 -0.962250 0.038490 0.379869 -0.873698 0.303895 -0.243414 -0.938882 0.243414 -0.463739 -0.881104 0.092748 -0.027106 -0.975828 0.216851 0.044401 -0.999014 0.000000 0.021138 -0.972362 0.232521 -0.021652 -0.996007 -0.086609 -0.021138 -0.972362 0.232521
0.201574 -0.974274 0.100787 0.425285 -0.850569 0.309298 -0.212000 -0.953998 0.212000 -0.361741 -0.924448 0.120580 0.000000 -0.980581 0.196116 0.061097 -0.997924 0.020366 0.021138 -0.972362 0.232521 -0.020366 -0.997924 -0.061097 -0.020806 -0.977894 0.208063
0.206061 -0.971429 0.117749 0.387783 -0.853123 0.349005 -0.135379 -0.981501 0.135379 -0.312348 -0.937043 0.156174 0.000000 -0.986394 0.164399 0.062324 -0.997191 -0.041550 0.020806 -0.977894 0.208063 -0.021040 -0.988871 -0.147279 -0.020806 -0.977894 0.208063
0.204926 -0.973399 0.102463 0.379869 -0.873698 0.303895 -0.144943 -0.985611 0.086966 -0.292314 -0.950019 0.109618 0.000000 -0.991454 0.130455 0.064700 -0.992062 -0.107833 0.041398 -0.972853 0.227689 0.000000 -0.976187 -0.216930 -0.040919 -0.982049 0.184134
0.205398 -0.975643 0.077024 0.346667 -0.885927 0.308148 -0.141196 -0.988369 0.056478 -0.250319 -0.965518 0.071520 0.052271 -0.993146 0.104542 0.067591 -0.991333 -0.112651 0.062311 -0.976205 0.207703 0.022261 -0.979472 -0.200347 -0.082182 -0.986186 0.143819
0.211259 -0.977073 0.026407 0.304776 -0.914327 0.266679 -0.168897 -0.985232 0.028149 -0.283909 -0.958194 0.035489 0.048593 -0.996156 0.072889 0.023742 -0.997178 -0.071227 0.083297 -0.978742 0.187419 0.046919 -0.985308 -0.164218 -0.082409 -0.988903 0.123613
0.196039 -0.980196 -0.028006 0.269630 -0.924445 0.269630 -0.173785 -0.984784 0.000000 -0.259794 -0.964951 -0.037113 0.000000 -0.997459 0.071247 0.000000 -0.990830 0.135113 0.104303 -0.980444 0.166884 0.071067 -0.994937 -0.071067 -0.103054 -0.989323 0.103054
0.168696 -0.984063 -0.056232 0.272268 -0.933492 0.233373 -0.235600 -0.971850 0.000000 -0.216366 -0.973645 -0.072122 0.000000 -0.997459 0.071247 0.044755 -0.962231 0.268530 0.084327 -0.990847 0.105409 0.047351 -0.994379 0.094703 -0.103517 -0.993765 0.041407
0.149204 -0.984746 -0.089522 0.262705 -0.938233 0.225176 -0.207413 -0.977805 -0.029630 -0.250319 -0.965518 -0.071520 0.000000 -0.997459 0.071247 0.074216 -0.915326 0.395817 0.063686 -0.997744 0.021229 0.000000 -0.962450 0.271460 -0.084629 -0.994389 -0.063472
0.145248 -0.987688 -0.058099 0.272268 -0.933492 0.233373 -0.178806 -0.983433 -0.029801 -0.224231 -0.971666 -0.074744 0.000000 -0.997199 0.074790 0.072718 -0.896854 0.436308 0.069523 -0.996503 -0.046349 -0.024500 -0.955492 0.293998 -0.092009 -0.989094 -0.115011
0.120277 -0.992285 -0.030069 0.227266 -0.946943 0.227266 -0.123975 -0.991801 -0.030994 -0.224702 -0.973708 -0.037450 -0.024799 -0.991973 0.123997 0.097794 -0.880146 0.464521 0.047445 -0.996335 -0.071167 -0.048210 -0.940100 0.337472 -0.072211 -0.986878 -0.144421
0.060467 -0.997712 -0.030234 0.235702 -0.942809 0.235702 -0.064382 -0.997925 0.000000 -0.216930 -0.976187 0.000000 -0.025425 -0.991561 0.127123 0.095728 -0.885482 0.454707 0.048493 -0.994104 -0.096986 -0.047809 -0.932278 0.358569 -0.071632 -0.978969 -0.191018
0.030275 -0.999083 -0.030275 0.235702 -0.942809 0.235702 -0.034442 -0.998813 0.034442 -0.224860 -0.974391 0.000000 0.000000 -0.991882 0.127164 0.071940 -0.887262 0.455621 0.072633 -0.992646 -0.096844 -0.046765 -0.935305 0.350739 -0.073345 -0.977940 -0.195588
0.033241 -0.997234 -0.066482 0.190901 -0.954504 0.229081 0.000000 -1.000000 0.000000 -0.232670 -0.969458 0.077557 0.000000 -0.992278 0.124035 0.069673 -0.905753 0.418040 0.047445 -0.996335 -0.071167 -0.022739 -0.955039 0.295607 -0.098029 -0.980286 -0.171550
0.000000 -0.997785 -0.066519 0.190901 -0.954504 0.229081 0.000000 -1.000000 0.000000 -0.224231 -0.971666 0.074744 0.024799 -0.991973 0.123997 0.045396 -0.930617 0.363168 0.069580 -0.997307 -0.023193 -0.022525 -0.968557 0.247770 -0.114738 -0.986747 -0.114738
-0.035489 -0.993683 -0.106466 0.221013 -0.957722 0.184177 -0.032241 -0.999480 0.000000 -0.231800 -0.965834 0.115900 0.000000 -0.995037 0.099504 0.044183 -0.949943 0.309284 0.044390 -0.998768 0.022195 -0.042944 -0.987707 0.150303 -0.090513 -0.995638 -0.022628
-0.034139 -0.990044 -0.136558 0.230599 -0.960828 0.153732 -0.033315 -0.999445 0.000000 -0.224231 -0.971666 0.074744 0.000000 -0.997459 0.071247 0.044055 -0.969201 0.242300 0.042362 -0.995504 0.084724 -0.043345 -0.996942 0.065018 -0.086548 -0.995307 0.043274
-0.035136 -0.983820 -0.175682 0.222375 -0.963624 0.148250 -0.064382 -0.997925 0.000000 -0.224231 -0.971666 0.074744 0.000000 -0.998868 0.047565 0.043540 -0.979651 0.195930 0.041310 -0.991431 0.123929 -0.042505 -0.998870 -0.021253 -0.084122 -0.988434 0.126183
-0.035829 -0.967375 -0.250801 0.266485 -0.951734 0.152277 -0.099286 -0.992855 -0.066190 -0.224231 -0.971666 0.074744 0.000000 -0.998868 0.047565 0.042944 -0.987707 0.150303 0.041065 -0.985562 0.164260 -0.063571 -0.995950 -0.063571 -0.061533 -0.984525 0.164087
-0.037113 -0.964951 -0.259794 0.258375 -0.959678 0.110732 -0.130396 -0.977972 -0.162995 -0.224231 -0.971666 0.074744 0.000000 -0.999717 0.023803 0.043073 -0.990680 0.129219 0.040112 -0.982756 0.180506 -0.063189 -0.989967 -0.126379 -0.080961 -0.971533 0.222643
0.000000 -0.948683 -0.316228 0.267848 -0.956598 0.114792 -0.154303 -0.956681 -0.246885 -0.224231 -0.971666 0.074744 0.000000 -0.999730 0.023250 0.063344 -0.992392 0.105574 0.020391 -0.978777 0.203912 -0.083881 -0.985604 -0.146792 -0.060523 -0.968364 0.242091
-0.033826 -0.913289 -0.405906 0.268833 -0.960119 0.076810 -0.181154 -0.935962 -0.301923 -0.259794 -0.964951 0.037113 0.000000 -1.000000 0.000000 0.064836 -0.994144 0.086447 0.020303 -0.974531 0.223330 -0.083606 -0.982370 -0.167212 -0.040185 -0.964447 0.261204
