-0.370370 -0.851852 0.370370 0.813125 -0.556349 -0.171184 0.331497 -0.895041 0.298347 -0.805056 -0.593199 0.000000 -0.030275 -0.817432 0.575230 -0.088891 -0.918544 0.385196 0.235521 -0.706562 -0.667308 0.115039 -0.920316 0.373878 -0.307465 -0.653363 -0.691796
-0.413547 -0.792632 0.448010 0.832405 -0.525730 -0.175243 0.367279 -0.868115 0.333890 -0.805056 -0.593199 0.000000 -0.029748 -0.803202 0.594964 -0.088891 -0.918544 0.385196 0.248922 -0.705279 -0.663792 0.087445 -0.932742 0.349778 -0.279108 -0.637962 -0.717707
-0.418040 -0.766406 0.487713 0.813125 -0.556349 -0.171184 0.367279 -0.868115 0.333890 -0.805056 -0.593199 0.000000 -0.030471 -0.792256 0.609428 -0.086530 -0.922992 0.374965 0.248922 -0.705279 -0.663792 0.180743 -0.753094 0.632599 -0.302079 -0.631620 -0.714006
-0.434785 -0.769235 0.468230 0.813125 -0.556349 -0.171184 0.337869 -0.878459 0.337869 -0.789352 -0.613941 0.000000 -0.059418 -0.802137 0.594176 -0.086530 -0.922992 0.374965 0.168880 -0.717741 -0.675521 0.144943 -0.840668 0.521794 -0.309426 -0.618853 -0.721995
-0.413547 -0.792632 0.448010 0.682863 -0.725542 -0.085358 0.206284 -0.928279 0.309426 -0.727013 -0.686624 0.000000 -0.088930 -0.800373 0.592869 -0.086530 -0.922992 0.374965 0.149801 -0.786456 -0.599205 0.115230 -0.864227 0.489729 -0.265343 -0.729694 -0.630190
-0.353919 -0.836536 0.418268 0.659062 -0.746937 -0.087875 0.100056 -0.967204 0.233463 -0.686624 -0.727013 0.000000 -0.059976 -0.839664 0.539784 -0.086530 -0.922992 0.374965 0.128432 -0.866918 -0.481621 0.152286 -0.822346 0.548230 -0.240278 -0.827624 -0.507253
-0.103387 -0.964944 0.241236 0.495715 -0.867502 -0.041310 -0.034442 -0.998813 0.034442 -0.554700 -0.832050 0.000000 -0.085436 -0.854358 0.512615 -0.141876 -0.879632 0.454003 0.130189 -0.911322 -0.390567 0.119310 -0.835170 0.536895 -0.192785 -0.891631 -0.409668
0.033241 -0.997234 0.066482 0.304776 -0.952424 0.000000 -0.195180 -0.975900 -0.097590 -0.371135 -0.927837 0.037113 -0.082479 -0.907265 0.412393 -0.133488 -0.881019 0.453858 0.092599 -0.949135 -0.300945 0.083559 -0.891299 0.445650 -0.206149 -0.939123 -0.274865
0.301297 -0.941554 -0.150649 0.136320 -0.988317 0.068160 -0.224294 -0.961262 -0.160210 -0.234115 -0.969905 0.066890 -0.052632 -0.947368 0.315789 -0.118812 -0.926734 0.356436 0.089087 -0.979958 -0.178174 0.079416 -0.979467 0.185305 -0.181724 -0.976768 -0.113578
0.248421 -0.958194 -0.141955 0.000000 -0.997785 0.066519 -0.172631 -0.978240 -0.115087 -0.102839 -0.994107 0.034280 -0.048723 -0.974451 0.219251 -0.106746 -0.960714 0.256190 0.090443 -0.994874 -0.045222 0.069598 -0.997575 0.000000 -0.156957 -0.986587 0.044845
0.068640 -0.995277 -0.068640 -0.099449 -0.994490 0.033150 -0.149204 -0.984746 -0.089522 0.000000 -0.999315 0.037012 -0.049386 -0.987730 0.148159 -0.081211 -0.994834 0.060908 0.043073 -0.990680 0.129219 -0.040748 -0.998338 -0.040748 -0.141885 -0.972929 0.182424
0.000000 -1.000000 0.000000 -0.102899 -0.994692 0.000000 -0.145432 -0.988941 0.029086 -0.073872 -0.997268 0.000000 -0.074421 -0.992278 0.099228 0.000000 -0.997054 -0.076696 0.000000 -0.971297 0.237869 -0.080306 -0.983745 -0.160611 -0.127759 -0.967321 0.219016
-0.060467 -0.997712 0.030234 -0.071202 -0.996826 -0.035601 -0.178806 -0.983433 0.029801 -0.099449 -0.994490 -0.033150 -0.048593 -0.996156 0.072889 0.038713 -0.987179 -0.154852 -0.018808 -0.959196 0.282116 -0.155877 -0.954747 -0.253300 -0.090402 -0.958266 0.271207
-0.149738 -0.988272 0.029948 -0.034442 -0.998813 -0.034442 -0.189927 -0.981288 0.031654 -0.141333 -0.989331 -0.035333 -0.048593 -0.996156 0.072889 0.061072 -0.977153 -0.203574 -0.017753 -0.958647 0.284044 -0.199800 -0.939061 -0.279720 -0.071680 -0.949766 0.304642
-0.107482 -0.994207 0.000000 0.039936 -0.998404 -0.039936 -0.257130 -0.964237 0.064282 -0.136320 -0.988317 -0.068160 -0.048665 -0.997629 0.048665 0.021786 -0.980348 -0.196070 -0.035489 -0.958194 0.283909 -0.188691 -0.943456 -0.272554 -0.071680 -0.949766 0.304642
-0.104685 -0.994505 0.000000 0.079682 -0.996024 -0.039841 -0.249392 -0.966394 0.062348 -0.181608 -0.980684 -0.072643 -0.047511 -0.997740 0.047511 0.000000 -0.988116 -0.153707 -0.035663 -0.962905 0.267474 -0.150130 -0.965123 -0.214472 -0.091516 -0.951768 0.292852
-0.141421 -0.989949 0.000000 0.073671 -0.994558 -0.073671 -0.287202 -0.957338 0.031911 -0.175358 -0.982003 -0.070143 -0.047445 -0.996335 0.071167 -0.022022 -0.990988 -0.132132 -0.036286 -0.961572 0.272143 -0.130158 -0.976187 -0.173544 -0.090402 -0.958266 0.271207
-0.104649 -0.994165 -0.026162 0.119051 -0.992095 -0.039684 -0.249756 -0.967805 0.031220 -0.216366 -0.973645 -0.072122 -0.071067 -0.994937 0.071067 -0.045118 -0.992593 -0.112795 -0.035985 -0.971594 0.233902 -0.109135 -0.982214 -0.152789 -0.092450 -0.961480 0.258860
-0.078702 -0.996898 0.000000 0.119051 -0.992095 -0.039684 -0.249756 -0.967805 0.031220 -0.209020 -0.975426 -0.069673 -0.072782 -0.994689 0.072782 -0.044130 -0.992916 -0.110324 -0.036625 -0.970559 0.238062 -0.087769 -0.987403 -0.131654 -0.111726 -0.968291 0.223452
-0.078702 -0.996898 0.000000 0.151947 -0.987658 -0.037987 -0.242424 -0.969697 0.030303 -0.216366 -0.973645 -0.072122 -0.071067 -0.994937 0.071067 -0.021152 -0.994166 -0.105762 -0.037602 -0.977658 0.206812 -0.084122 -0.988434 -0.126183 -0.113776 -0.967096 0.227552
-0.055449 -0.998077 -0.027724 0.114541 -0.992685 -0.038180 -0.173494 -0.983135 0.057831 -0.241236 -0.964944 -0.103387 -0.078460 -0.993825 0.078460 0.000000 -0.992586 -0.121541 -0.056756 -0.983762 0.170267 -0.059596 -0.993269 -0.099327 -0.112588 -0.975763 0.187647
-0.027756 -0.999229 -0.027756 0.073821 -0.996588 -0.036911 -0.141196 -0.988369 0.056478 -0.265343 -0.961869 -0.066336 -0.080699 -0.995286 0.053799 0.000000 -0.995409 -0.095712 -0.037987 -0.987658 0.151947 -0.076472 -0.994135 -0.076472 -0.094323 -0.980957 0.169781
-0.026929 -0.996368 -0.080787 0.036986 -0.998631 -0.036986 -0.133726 -0.989574 0.053490 -0.234115 -0.969905 -0.066890 -0.082918 -0.995022 0.055279 0.018851 -0.999111 -0.037702 -0.019055 -0.990881 0.133388 -0.018811 -0.996988 -0.075244 -0.131888 -0.979738 0.150729
-0.084549 -0.986405 -0.140915 0.071202 -0.996826 -0.035601 -0.107482 -0.994207 0.000000 -0.242390 -0.969561 -0.034627 -0.076596 -0.995754 0.051064 0.000000 -0.999808 0.019604 0.000000 -0.993409 0.114624 0.019570 -0.998083 -0.058711 -0.153140 -0.976267 0.153140
-0.085575 -0.969846 -0.228199 0.073821 -0.996588 -0.036911 -0.120277 -0.992285 -0.030069 -0.265782 -0.963460 -0.033223 -0.072889 -0.996156 0.048593 -0.021652 -0.996007 0.086609 -0.019980 -0.999001 0.039960 0.042277 -0.993500 0.105691 -0.172981 -0.980226 0.096101
-0.114239 -0.942473 -0.314158 0.036911 -0.996588 -0.073821 -0.149738 -0.988272 -0.029948 -0.265782 -0.963460 -0.033223 -0.069523 -0.996503 0.046349 -0.063302 -0.970628 0.232107 0.000000 -0.999753 -0.022217 0.073967 -0.986227 0.147934 -0.184250 -0.982666 0.020472
-0.145432 -0.901681 -0.407211 0.038320 -0.996322 -0.076640 -0.178174 -0.979958 -0.089087 -0.287348 -0.957826 0.000000 -0.094386 -0.991051 0.094386 -0.074307 -0.965986 0.247689 0.000000 -0.986394 -0.164399 0.075141 -0.976833 0.200376 -0.200198 -0.978745 -0.044488
-0.115374 -0.894148 -0.432652 0.000000 -0.993409 -0.114624 -0.178174 -0.979958 -0.089087 -0.296399 -0.955064 0.000000 -0.099015 -0.990148 0.099015 -0.088007 -0.968079 0.234686 0.000000 -0.968664 -0.248375 0.081529 -0.978348 0.190234 -0.190153 -0.974535 -0.118846
-0.113776 -0.910208 -0.398216 0.000000 -0.992877 -0.119145 -0.178174 -0.979958 -0.089087 -0.296399 -0.955064 0.000000 -0.098743 -0.987429 0.123429 -0.090577 -0.966155 0.241539 0.000000 -0.968664 -0.248375 0.114473 -0.973018 0.200327 -0.194029 -0.970143 -0.145521
-0.148741 -0.922194 -0.356978 0.039841 -0.996024 -0.079682 -0.153719 -0.983801 -0.092231 -0.296239 -0.954547 0.032915 -0.126148 -0.983958 0.126148 -0.097590 -0.975900 0.195180 0.000000 -0.962450 -0.271460 0.117749 -0.971429 0.206061 -0.192450 -0.962250 -0.192450
-0.131804 -0.922631 -0.362462 0.039936 -0.998404 -0.039936 -0.153719 -0.983801 -0.092231 -0.274559 -0.960958 0.034320 -0.100855 -0.983332 0.151282 -0.101419 -0.980379 0.169031 0.000000 -0.962450 -0.271460 0.114473 -0.973018 0.200327 -0.197006 -0.960405 -0.197006
-0.130605 -0.946884 -0.293860 0.041595 -0.998268 -0.041595 -0.123091 -0.984732 -0.123091 -0.305304 -0.949835 0.067845 -0.100855 -0.983332 0.151282 -0.103005 -0.927047 0.360518 0.000000 -0.968664 -0.248375 0.109394 -0.984548 0.136743 -0.197908 -0.964803 -0.173170
-0.131804 -0.955582 -0.263609 0.000000 -0.999133 -0.041631 -0.115615 -0.982725 -0.144518 -0.305304 -0.949835 0.067845 -0.101502 -0.989644 0.101502 -0.103074 -0.953431 0.283452 0.000000 -0.976744 -0.214407 0.000000 -0.938343 0.345705 -0.185846 -0.975689 -0.116153
-0.137280 -0.960958 -0.240239 0.041631 -0.999133 0.000000 -0.152570 -0.976445 -0.152570 -0.274075 -0.959264 0.068519 -0.099015 -0.990148 0.099015 -0.101274 -0.962102 0.253185 0.000000 -0.986394 -0.164399 0.025110 -0.979294 0.200881 -0.186653 -0.979929 -0.069995
-0.133855 -0.970448 -0.200782 0.038433 -0.999261 0.000000 -0.122570 -0.980562 -0.153213 -0.326895 -0.944363 0.036322 -0.099015 -0.990148 0.099015 -0.097590 -0.975900 0.195180 0.000000 -0.995701 -0.092623 0.024716 -0.988634 0.148295 -0.178841 -0.983624 -0.022355
-0.126365 -0.979327 -0.157956 0.039936 -0.998404 -0.039936 -0.122570 -0.980562 -0.153213 -0.326895 -0.944363 0.036322 -0.096844 -0.992646 0.072633 -0.066650 -0.977536 0.199951 -0.046449 -0.998651 -0.023224 0.024204 -0.992355 0.121019 -0.132132 -0.990988 0.022022
-0.122570 -0.980562 -0.153213 0.038433 -0.999261 0.000000 -0.095106 -0.982766 -0.158511 -0.293294 -0.953206 0.073324 -0.094703 -0.994379 0.047351 -0.063873 -0.979389 0.191620 -0.045396 -0.998711 0.022698 0.024318 -0.997039 0.072954 -0.126379 -0.989967 0.063189
-0.122570 -0.980562 -0.153213 0.076640 -0.996322 -0.038320 -0.067806 -0.983192 -0.169516 -0.293887 -0.955134 0.036736 -0.094703 -0.994379 0.047351 -0.041913 -0.984955 0.167652 -0.044302 -0.996805 0.066454 0.000000 -0.999717 0.023803 -0.105199 -0.988871 0.105199
-0.092231 -0.983801 -0.153719 0.076696 -0.997054 0.000000 -0.035136 -0.983820 -0.175682 -0.293887 -0.955134 0.036736 -0.094703 -0.994379 0.047351 -0.042052 -0.988215 0.147181 -0.043183 -0.993217 0.107958 0.000000 -0.999703 -0.024383 -0.102533 -0.984318 0.143546
-0.089522 -0.984746 -0.149204 0.076696 -0.997054 0.000000 0.000000 -0.985460 -0.169907 -0.293887 -0.955134 0.036736 -0.094703 -0.994379 0.047351 -0.021040 -0.988871 0.147279 -0.064535 -0.989533 0.129070 0.000000 -0.998812 -0.048723 -0.100201 -0.981966 0.160321
-0.089087 -0.979958 -0.178174 0.146549 -0.989203 0.000000 0.000000 -0.985460 -0.169907 -0.294086 -0.955779 0.000000 -0.094782 -0.995216 0.023696 0.000000 -0.991950 0.126632 -0.064342 -0.986570 0.150130 0.000000 -0.997334 -0.072976 -0.099860 -0.978631 0.179749
-0.089522 -0.984746 -0.149204 0.146450 -0.988540 -0.036613 0.032669 -0.980057 -0.196011 -0.293887 -0.955134 0.036736 -0.071227 -0.997178 0.023742 0.000000 -0.994144 0.108059 -0.061533 -0.984525 0.164087 0.000000 -0.997334 -0.072976 -0.099860 -0.978631 0.179749
-0.089522 -0.984746 -0.149204 0.146450 -0.988540 -0.036613 0.030700 -0.982409 -0.184202 -0.259973 -0.965616 0.000000 -0.071247 -0.997459 0.000000 0.000000 -0.996241 0.086630 -0.061533 -0.984525 0.164087 0.000000 -0.995275 -0.097100 -0.097590 -0.975900 0.195180
-0.089087 -0.979958 -0.178174 0.181969 -0.982631 -0.036394 0.031654 -0.981288 -0.189927 -0.250801 -0.967375 -0.035829 -0.071227 -0.997178 0.023742 0.000000 -0.996241 0.086630 -0.061533 -0.984525 0.164087 -0.024268 -0.994982 -0.097071 -0.079729 -0.976685 0.199323
-0.059523 -0.982125 -0.178568 0.216789 -0.975550 -0.036131 0.030514 -0.976445 -0.213597 -0.259973 -0.965616 0.000000 -0.048708 -0.998516 0.024354 0.000000 -0.997880 0.065079 -0.062568 -0.980231 0.187704 -0.024268 -0.994982 -0.097071 -0.079729 -0.976685 0.199323
-0.060943 -0.975084 -0.213300 0.209401 -0.977207 -0.034900 0.029801 -0.983433 -0.178806 -0.224860 -0.974391 0.000000 -0.071227 -0.997178 0.023742 0.000000 -0.997785 0.066519 -0.062568 -0.980231 0.187704 -0.024204 -0.992355 -0.121019 -0.079399 -0.972636 0.218347
-0.060943 -0.975084 -0.213300 0.242390 -0.969561 -0.034627 0.032862 -0.985861 -0.164310 -0.216789 -0.975550 -0.036131 -0.071247 -0.997459 0.000000 0.000000 -0.997785 0.066519 -0.062568 -0.980231 0.187704 -0.024204 -0.992355 -0.121019 -0.079729 -0.976685 0.199323
-0.030514 -0.976445 -0.213597 0.216789 -0.975550 -0.036131 0.033023 -0.990687 -0.132092 -0.224702 -0.973708 -0.037450 -0.071247 -0.997459 0.000000 0.000000 -0.997684 0.068024 -0.061314 -0.981023 0.183942 -0.024204 -0.992355 -0.121019 -0.079729 -0.976685 0.199323
-0.030514 -0.976445 -0.213597 0.216789 -0.975550 -0.036131 0.033962 -0.984892 -0.169809 -0.224860 -0.974391 0.000000 -0.071247 -0.997459 0.000000 0.000000 -0.999742 0.022721 -0.040757 -0.978167 0.203785 -0.024204 -0.992355 -0.121019 -0.079729 -0.976685 0.199323
-0.060943 -0.975084 -0.213300 0.216789 -0.975550 -0.036131 0.035136 -0.983820 -0.175682 -0.216930 -0.976187 0.000000 -0.047565 -0.998868 0.000000 0.000000 -0.999742 0.022721 -0.040757 -0.978167 0.203785 -0.048365 -0.991484 -0.120913 -0.059631 -0.973980 0.218649
-0.060943 -0.975084 -0.213300 0.250801 -0.967375 -0.035829 0.000000 -0.984428 -0.175791 -0.146549 -0.989203 0.000000 -0.047565 -0.998868 0.000000 0.000000 -0.999742 0.022721 -0.040757 -0.978167 0.203785 -0.048365 -0.991484 -0.120913 -0.060808 -0.972929 0.222963
-0.091203 -0.972829 -0.212806 0.250801 -0.967375 -0.035829 0.000000 -0.985460 -0.169907 -0.146450 -0.988540 -0.036613 -0.047565 -0.998868 0.000000 0.000000 -1.000000 0.000000 -0.040580 -0.973929 0.223192 -0.049553 -0.991059 -0.123882 -0.059631 -0.973980 0.218649
-0.091203 -0.972829 -0.212806 0.250801 -0.967375 -0.035829 0.000000 -0.990621 -0.136637 -0.146450 -0.988540 -0.036613 -0.047565 -0.998868 0.000000 0.000000 -1.000000 0.000000 -0.040580 -0.973929 0.223192 -0.049386 -0.987730 -0.148159 -0.059362 -0.969584 0.237449
-0.121212 -0.969697 -0.212121 0.250801 -0.967375 -0.035829 0.000000 -0.991778 -0.127971 -0.146450 -0.988540 -0.036613 -0.047565 -0.998868 0.000000 0.000000 -1.000000 0.000000 -0.040580 -0.973929 0.223192 -0.049386 -0.987730 -0.148159 -0.059362 -0.969584 0.237449
-0.121942 -0.975537 -0.182913 0.250801 -0.967375 -0.035829 0.000000 -0.992278 -0.124035 -0.146450 -0.988540 -0.036613 -0.047565 -0.998868 0.000000 0.000000 -1.000000 0.000000 -0.040580 -0.973929 0.223192 -0.049386 -0.987730 -0.148159 -0.059362 -0.969584 0.237449
-0.152570 -0.976445 -0.152570 0.250801 -0.967375 -0.035829 0.030994 -0.991801 -0.123975 -0.182089 -0.983282 0.000000 -0.047565 -0.998868 0.000000 0.000000 -1.000000 0.000000 -0.040580 -0.973929 0.223192 -0.049386 -0.987730 -0.148159 -0.059362 -0.969584 0.237449
-0.122570 -0.980562 -0.153213 0.216789 -0.975550 -0.036131 0.030069 -0.992285 -0.120277 -0.182089 -0.983282 0.000000 -0.047565 -0.998868 0.000000 0.000000 -1.000000 0.000000 -0.040580 -0.973929 0.223192 -0.049386 -0.987730 -0.148159 -0.059362 -0.969584 0.237449
-0.122570 -0.980562 -0.153213 0.216789 -0.975550 -0.036131 0.030069 -0.992285 -0.120277 -0.216789 -0.975550 0.036131 -0.047565 -0.998868 0.000000 0.000000 -1.000000 0.000000 -0.040580 -0.973929 0.223192 -0.049386 -0.987730 -0.148159 -0.059362 -0.969584 0.237449
