-0.555470 -0.818587 0.146176 0.838444 -0.503066 -0.209611 0.281265 -0.843795 0.457056 -0.902861 -0.429934 0.000000 -0.060057 -0.690656 0.720685 -0.237089 -0.737609 0.632236 0.473879 -0.592349 -0.651584 0.275258 -0.750704 0.600563 -0.489600 -0.489600 -0.721515
-0.473432 -0.874028 0.109254 0.768767 -0.633102 -0.090443 0.241093 -0.861046 0.447744 -0.784883 -0.619644 0.000000 -0.091756 -0.734045 0.672874 -0.193624 -0.746837 0.636195 0.392541 -0.729004 -0.560772 0.248682 -0.721179 0.646574 -0.447523 -0.605473 -0.658123
-0.326250 -0.942499 0.072500 0.635707 -0.771930 0.000000 0.210559 -0.912421 0.350931 -0.619116 -0.784214 0.041274 -0.085819 -0.772375 0.629343 -0.215587 -0.754555 0.619813 0.356291 -0.814379 -0.458088 0.186418 -0.825567 0.532624 -0.358974 -0.743590 -0.564103
-0.110133 -0.991201 0.073422 0.428353 -0.899541 0.085671 0.000000 -0.989949 0.141421 -0.384331 -0.922395 0.038433 -0.086856 -0.810658 0.579042 -0.154868 -0.825961 0.542037 0.271460 -0.888415 -0.370173 0.112066 -0.924547 0.364216 -0.300564 -0.876645 -0.375705
0.000000 -0.993884 0.110432 0.230599 -0.960828 0.153732 -0.066482 -0.997234 -0.033241 -0.136558 -0.990044 0.034139 -0.081439 -0.868680 0.488633 -0.073499 -0.881993 0.465496 0.195998 -0.955492 -0.220498 0.000000 -0.935286 0.353892 -0.201773 -0.958423 -0.201773
0.068640 -0.995277 0.068640 0.104893 -0.978997 0.174821 -0.134687 -0.976481 -0.168359 0.000000 -0.998053 0.062378 -0.051215 -0.921866 0.384111 -0.021622 -0.929743 0.367573 0.123693 -0.989541 -0.074216 -0.043550 -0.958108 0.283077 -0.180920 -0.982138 -0.051691
0.068802 -0.997630 0.000000 0.000000 -0.980581 0.196116 -0.067806 -0.983192 -0.169516 0.062257 -0.996116 0.062257 -0.051350 -0.949968 0.308098 0.000000 -0.956200 0.292714 0.069430 -0.995168 0.069430 -0.058498 -0.974972 0.214494 -0.143756 -0.982335 0.119797
0.062348 -0.997567 0.031174 -0.036131 -0.975550 0.216789 0.102359 -0.989467 -0.102359 0.070844 -0.991811 0.106265 -0.026082 -0.965035 0.260820 0.039118 -0.997510 0.058677 0.021786 -0.980348 0.196070 -0.076194 -0.990521 0.114291 -0.131149 -0.961763 0.240441
0.000000 -1.000000 0.000000 -0.036131 -0.975550 0.216789 0.099449 -0.994490 -0.033150 0.000000 -0.989203 0.146549 0.000000 -0.974391 0.224860 0.114541 -0.992685 -0.038180 -0.020387 -0.958186 0.285417 -0.149149 -0.988111 -0.037287 -0.125491 -0.941184 0.313728
0.000000 -1.000000 0.000000 0.038866 -0.971653 0.233197 0.000000 -1.000000 0.000000 -0.037743 -0.981307 0.188713 0.025110 -0.979294 0.200881 0.119122 -0.972828 -0.198536 -0.020004 -0.940188 0.340068 -0.166382 -0.979803 -0.110921 -0.127114 -0.932170 0.338971
0.031235 -0.999512 0.000000 0.078206 -0.977577 0.195515 -0.062348 -0.997567 0.031174 -0.112588 -0.975763 0.187647 0.000000 -0.988936 0.148340 0.116863 -0.973862 -0.194772 -0.040456 -0.930480 0.364101 -0.175495 -0.974972 -0.136496 -0.119192 -0.933672 0.337711
0.064349 -0.997409 -0.032174 0.074744 -0.971666 0.224231 -0.064249 -0.995863 0.064249 -0.144150 -0.973012 0.180187 0.000000 -0.989461 0.144799 0.081923 -0.983078 -0.163846 -0.021354 -0.939579 0.341665 -0.146503 -0.983660 -0.104645 -0.122271 -0.937410 0.326056
0.093341 -0.995634 0.000000 0.120386 -0.963087 0.240772 -0.181012 -0.977466 0.108607 -0.145000 -0.978749 0.145000 0.000000 -0.989461 0.144799 0.061898 -0.990375 -0.123797 -0.020664 -0.950527 0.309954 -0.123929 -0.991431 -0.041310 -0.123066 -0.943503 0.307664
0.154377 -0.988012 0.000000 0.114792 -0.956598 0.267848 -0.181012 -0.977466 0.108607 -0.180187 -0.973012 0.144150 0.000000 -0.992646 0.121054 0.062164 -0.994618 -0.082885 -0.021344 -0.960495 0.277476 -0.126632 -0.991950 0.000000 -0.104031 -0.957088 0.270481
0.184202 -0.982409 0.030700 0.157991 -0.947943 0.276483 -0.181012 -0.977466 0.108607 -0.180187 -0.973012 0.144150 0.000000 -0.989461 0.144799 0.041550 -0.997191 -0.062324 0.000000 -0.966235 0.257663 -0.108059 -0.994144 0.000000 -0.102533 -0.963811 0.246079
0.207140 -0.976519 0.059183 0.170716 -0.938937 0.298753 -0.215666 -0.970495 0.107833 -0.180187 -0.973012 0.144150 -0.024126 -0.989173 0.144757 0.020811 -0.998917 -0.041622 0.021138 -0.972362 0.232521 -0.108034 -0.993912 -0.021607 -0.082182 -0.965640 0.246546
0.154303 -0.987541 0.030861 0.230769 -0.923077 0.307692 -0.216366 -0.973645 0.072122 -0.180187 -0.973012 0.144150 -0.048210 -0.988311 0.144631 0.039936 -0.998404 -0.039936 0.021238 -0.976956 0.212382 -0.062324 -0.997191 -0.041550 -0.084667 -0.973668 0.211667
0.154083 -0.986134 0.061633 0.257674 -0.920263 0.294484 -0.202145 -0.977035 0.067382 -0.186728 -0.970988 0.149383 -0.048210 -0.988311 0.144631 0.039156 -0.998466 -0.039156 0.041065 -0.985562 0.164260 -0.060908 -0.994834 -0.081211 -0.081633 -0.979592 0.183673
0.131876 -0.989071 0.065938 0.215387 -0.933346 0.287183 -0.189927 -0.981288 0.031654 -0.214697 -0.966136 0.143131 -0.025335 -0.988054 0.152008 0.076472 -0.994135 -0.076472 0.059143 -0.985712 0.157714 -0.059785 -0.996419 -0.059785 -0.080550 -0.986733 0.140962
0.123502 -0.988012 0.092626 0.215387 -0.933346 0.287183 -0.149738 -0.988272 0.029948 -0.214697 -0.966136 0.143131 -0.024126 -0.989173 0.144757 0.114436 -0.991781 -0.057218 0.060659 -0.990759 0.121317 -0.057554 -0.997605 -0.038369 -0.100769 -0.987534 0.120923
0.120277 -0.992285 0.030069 0.210300 -0.946350 0.245350 -0.116841 -0.993151 0.000000 -0.214697 -0.966136 0.143131 -0.048210 -0.988311 0.144631 0.075258 -0.997164 0.000000 0.100995 -0.989748 0.100995 -0.057597 -0.998340 0.000000 -0.100995 -0.989748 0.100995
0.168897 -0.985232 0.028149 0.205076 -0.957020 0.205076 -0.113547 -0.993533 0.000000 -0.216366 -0.973645 0.072122 -0.024716 -0.988634 0.148295 0.038822 -0.989965 0.135878 0.126519 -0.991067 0.042173 0.000000 -0.999774 0.021272 -0.123929 -0.991431 0.041310
0.145432 -0.988941 -0.029086 0.205076 -0.957020 0.205076 0.000000 -0.999614 -0.027767 -0.315244 -0.945732 0.078811 -0.024618 -0.984732 0.172328 -0.020303 -0.974531 0.223330 0.157075 -0.987332 -0.022439 0.045303 -0.996659 0.067954 -0.157075 -0.987332 -0.022439
0.173494 -0.983135 -0.057831 0.206406 -0.963229 0.172005 0.000000 -0.999654 -0.026307 -0.378298 -0.924729 0.042033 -0.025110 -0.979294 0.200881 -0.021077 -0.948473 0.316158 0.175274 -0.976527 -0.125196 0.072633 -0.992646 0.096844 -0.179664 -0.975321 -0.128332
0.195698 -0.978492 -0.065233 0.264764 -0.945587 0.189117 -0.083045 -0.996546 0.000000 -0.447214 -0.894427 0.000000 -0.024507 -0.980286 0.196057 -0.042505 -0.913860 0.403799 0.184147 -0.947041 -0.263067 0.079416 -0.979467 0.185305 -0.162638 -0.948722 -0.271063
0.195698 -0.978492 -0.065233 0.221013 -0.957722 0.184177 -0.154377 -0.988012 0.000000 -0.284088 -0.958798 0.000000 -0.025110 -0.979294 0.200881 -0.082138 -0.958275 0.273793 0.182823 -0.940233 -0.287293 0.083754 -0.977135 0.195427 -0.161398 -0.941486 -0.295896
0.164310 -0.985861 -0.032862 0.255604 -0.949386 0.182574 -0.227230 -0.973841 0.000000 -0.274559 -0.960958 0.034320 -0.025743 -0.978225 0.205942 -0.097445 -0.925729 0.365419 0.185892 -0.929458 -0.318671 0.088581 -0.974389 0.206689 -0.160071 -0.933748 -0.320142
0.132092 -0.990687 -0.033023 0.253750 -0.942499 0.217500 -0.234509 -0.971537 0.033501 -0.265929 -0.963993 0.000000 -0.025743 -0.978225 0.205942 -0.092723 -0.904048 0.417253 0.185892 -0.929458 -0.318671 0.088581 -0.974389 0.206689 -0.160071 -0.933748 -0.320142
0.102839 -0.994107 0.034280 0.262705 -0.938233 0.225176 -0.257529 -0.965734 0.032191 -0.250801 -0.967375 0.035829 -0.025743 -0.978225 0.205942 -0.088977 -0.912012 0.400396 0.162638 -0.948722 -0.271063 0.115087 -0.978240 0.172631 -0.187418 -0.937089 -0.294514
0.099504 -0.995037 0.000000 0.182574 -0.949386 0.255604 -0.234641 -0.972082 0.000000 -0.241236 -0.964944 0.103387 -0.025872 -0.983124 0.181102 -0.063472 -0.930917 0.359673 0.161456 -0.968736 -0.188365 0.053663 -0.992774 0.107327 -0.186484 -0.959063 -0.213125
0.066519 -0.997785 0.000000 0.182574 -0.949386 0.255604 -0.196116 -0.980581 0.000000 -0.208389 -0.972480 0.104194 -0.024716 -0.988634 0.148295 -0.061481 -0.942710 0.327899 0.126511 -0.986789 -0.101209 0.000000 -0.974008 0.226513 -0.180199 -0.978225 -0.102971
0.064382 -0.997925 0.000000 0.184177 -0.957722 0.221013 -0.136637 -0.990621 0.000000 -0.207514 -0.968400 0.138343 -0.024126 -0.989173 0.144757 -0.040185 -0.964447 0.261204 0.094809 -0.995495 0.000000 -0.043345 -0.975270 0.216727 -0.141382 -0.989675 -0.023564
0.032225 -0.998961 -0.032225 0.217500 -0.942499 0.253750 -0.033315 -0.999445 0.000000 -0.266485 -0.951734 0.152277 -0.024268 -0.994982 0.097071 -0.020391 -0.978777 0.203912 0.069430 -0.995168 0.069430 -0.062311 -0.976205 0.207703 -0.115378 -0.992249 0.046151
0.032225 -0.998961 -0.032225 0.225176 -0.938233 0.262705 -0.032241 -0.999480 0.000000 -0.266485 -0.951734 0.152277 -0.024268 -0.994982 0.097071 0.000000 -0.989949 0.141421 0.044992 -0.989827 0.134976 -0.100201 -0.981966 0.160321 -0.092009 -0.989094 0.115011
0.031220 -0.999025 -0.031220 0.219382 -0.950654 0.219382 -0.032241 -0.999480 0.000000 -0.266485 -0.951734 0.152277 0.000000 -0.995495 0.094809 0.041407 -0.993765 0.103517 0.021874 -0.984327 0.174991 -0.100504 -0.984937 0.140705 -0.089712 -0.986835 0.134568
0.061633 -0.986134 -0.154083 0.219382 -0.950654 0.219382 -0.031235 -0.999512 0.000000 -0.266485 -0.951734 0.152277 0.000000 -0.995495 0.094809 0.063571 -0.995950 0.063571 0.000000 -0.971399 0.237453 -0.103054 -0.989323 0.103054 -0.067183 -0.985349 0.156760
0.060943 -0.975084 -0.213300 0.253750 -0.942499 0.217500 -0.031174 -0.997567 -0.062348 -0.230599 -0.960828 0.153732 0.000000 -0.995495 0.094809 0.063643 -0.997070 0.042429 0.021467 -0.966012 0.257603 -0.103406 -0.992702 0.062044 -0.066650 -0.977536 0.199951
0.089883 -0.958754 -0.269650 0.266485 -0.951734 0.152277 0.000000 -0.995634 -0.093341 -0.215666 -0.970495 0.107833 0.000000 -0.997334 0.072976 0.065018 -0.996942 0.043345 0.021031 -0.967403 0.252366 -0.105762 -0.994166 0.021152 -0.064942 -0.974126 0.216473
0.091713 -0.947698 -0.305709 0.257151 -0.955134 0.146944 0.000000 -0.988012 -0.154377 -0.209020 -0.975426 0.069673 0.000000 -0.998868 0.047565 0.086609 -0.996007 0.021652 0.000000 -0.960714 0.277540 -0.108059 -0.994144 0.000000 -0.043133 -0.970495 0.237232
0.117393 -0.939148 -0.322832 0.301297 -0.941554 0.150649 -0.029801 -0.983433 -0.178806 -0.209020 -0.975426 0.069673 0.000000 -0.997459 0.071247 0.086609 -0.996007 0.021652 0.000000 -0.959018 0.283346 -0.108034 -0.993912 -0.021607 -0.043811 -0.963837 0.262865
0.091713 -0.947698 -0.305709 0.337764 -0.938233 0.075059 -0.030700 -0.982409 -0.184202 -0.209020 -0.975426 0.069673 0.000000 -0.997459 0.071247 0.086609 -0.996007 0.021652 0.000000 -0.959018 0.283346 -0.107958 -0.993217 -0.043183 -0.022043 -0.969907 0.242477
0.091713 -0.947698 -0.305709 0.338480 -0.940222 0.037609 0.000000 -0.982872 -0.184289 -0.209529 -0.977802 0.000000 0.000000 -0.998868 0.047565 0.088518 -0.995829 0.022130 0.000000 -0.960714 0.277540 -0.107958 -0.993217 -0.043183 -0.022043 -0.969907 0.242477
0.091713 -0.947698 -0.305709 0.338480 -0.940222 0.037609 0.000000 -0.983870 -0.178885 -0.209529 -0.977802 0.000000 0.000000 -0.998868 0.047565 0.088518 -0.995829 0.022130 0.000000 -0.959018 0.283346 -0.110324 -0.992916 -0.044130 -0.022525 -0.968557 0.247770
0.061285 -0.949920 -0.306426 0.338480 -0.940222 0.037609 0.000000 -0.975441 -0.220261 -0.169907 -0.985460 0.000000 0.000000 -0.998868 0.047565 0.088518 -0.995829 0.022130 0.000000 -0.959018 0.283346 -0.088453 -0.995098 -0.044227 -0.045015 -0.967821 0.247582
