-0.485777 -0.863604 -0.134938 0.874157 -0.485643 0.000000 0.329690 -0.923133 0.197814 -0.893534 -0.446767 -0.044677 0.000000 -0.803557 0.595228 -0.275599 -0.635999 0.720799 0.462727 -0.243541 -0.852392 0.202939 -0.583448 0.786387 -0.395817 -0.420555 -0.816372
-0.504030 -0.848893 -0.159167 0.874157 -0.485643 0.000000 0.400445 -0.901002 0.166852 -0.910366 -0.413803 0.000000 0.000000 -0.803557 0.595228 -0.267885 -0.638802 0.721228 0.455752 -0.215883 -0.863530 0.202939 -0.583448 0.786387 -0.408248 -0.408248 -0.816497
-0.514005 -0.848108 -0.128501 0.902717 -0.427603 -0.047511 0.400445 -0.901002 0.166852 -0.910366 -0.413803 0.000000 0.000000 -0.803557 0.595228 -0.239018 -0.630137 0.738781 0.423153 -0.248913 -0.871197 0.205942 -0.566341 0.798026 -0.408248 -0.408248 -0.816497
-0.488633 -0.868680 -0.081439 0.920553 -0.387601 -0.048450 0.398015 -0.895533 0.199007 -0.925547 -0.378633 0.000000 0.000000 -0.803557 0.595228 -0.232521 -0.655287 0.718702 0.427952 -0.201389 -0.881078 0.201773 -0.554877 0.807093 -0.399875 -0.399875 -0.824742
-0.468977 -0.882780 -0.027587 0.910975 -0.409939 -0.045549 0.340010 -0.918028 0.204006 -0.902861 -0.429934 0.000000 0.000000 -0.789352 0.613941 -0.235756 -0.642972 0.728702 0.442193 -0.260113 -0.858374 0.204019 -0.657395 0.725402 -0.442193 -0.260113 -0.858374
-0.413175 -0.908984 0.055090 0.861858 -0.498970 -0.090722 0.277851 -0.937749 0.208389 -0.837708 -0.544510 0.041885 0.000000 -0.786318 0.617822 -0.225589 -0.654209 0.721886 0.442642 -0.390567 -0.807171 0.191456 -0.694026 0.694026 -0.447059 -0.368166 -0.815225
-0.251354 -0.942576 0.219934 0.790912 -0.604815 -0.093048 0.277851 -0.937749 0.208389 -0.721230 -0.683271 0.113878 0.000000 -0.775235 0.631673 -0.244851 -0.685583 0.685583 0.411204 -0.591105 -0.693906 0.158059 -0.711266 0.684922 -0.372969 -0.586094 -0.719297
-0.035115 -0.948098 0.316033 0.606788 -0.793492 -0.046676 0.134687 -0.976481 0.168359 -0.662085 -0.744845 0.082761 0.000000 -0.775235 0.631673 -0.207880 -0.753565 0.623640 0.331378 -0.739228 -0.586285 0.109723 -0.768061 0.630907 -0.314378 -0.733548 -0.602557
0.136083 -0.952579 0.272166 0.428086 -0.903738 0.000000 0.034139 -0.990044 0.136558 -0.508340 -0.860268 0.039103 0.000000 -0.809942 0.586510 -0.164153 -0.820763 0.547176 0.274914 -0.849734 -0.449859 0.053338 -0.826740 0.560050 -0.254000 -0.838201 -0.482600
0.161290 -0.967742 0.193548 0.364101 -0.930480 0.040456 -0.033241 -0.997234 0.066482 -0.338719 -0.940887 0.000000 0.000000 -0.859855 0.510539 -0.130410 -0.886789 0.443394 0.243396 -0.924906 -0.292075 0.000000 -0.878853 0.477092 -0.221834 -0.911983 -0.345075
0.158511 -0.982766 0.095106 0.241236 -0.964944 0.103387 -0.066482 -0.997234 -0.033241 -0.175791 -0.984428 0.000000 -0.025110 -0.903964 0.426872 -0.110727 -0.968864 0.221455 0.197908 -0.964803 -0.173170 -0.045968 -0.919358 0.390727 -0.176439 -0.957814 -0.226851
0.102899 -0.994692 0.000000 0.194461 -0.972306 0.129641 -0.098639 -0.986394 -0.131519 -0.066482 -0.997234 0.033241 0.000000 -0.941195 0.337865 -0.101731 -0.991882 0.076299 0.144631 -0.988311 -0.048210 -0.041301 -0.949919 0.309756 -0.171912 -0.982353 -0.073677
0.068160 -0.988317 -0.136320 0.162221 -0.973329 0.162221 -0.157251 -0.974958 -0.157251 -0.033241 -0.997234 0.066482 0.000000 -0.965843 0.259129 -0.069598 -0.997575 0.000000 0.112452 -0.989576 0.089961 -0.038145 -0.972709 0.228873 -0.182148 -0.979044 0.091074
0.092231 -0.983801 -0.153719 0.133855 -0.970448 0.200782 -0.177627 -0.976947 -0.118418 -0.034139 -0.990044 0.136558 0.000000 -0.981491 0.191510 0.020824 -0.999566 -0.020824 0.061072 -0.977153 0.203574 -0.040748 -0.998338 -0.040748 -0.146406 -0.962099 0.230067
0.116052 -0.986440 -0.116052 0.190901 -0.954504 0.229081 -0.178806 -0.983433 -0.029801 -0.073078 -0.986559 0.146157 0.000000 -0.990830 0.135113 0.038999 -0.994471 -0.097497 0.059549 -0.952786 0.297746 -0.058178 -0.989034 -0.135750 -0.122271 -0.937410 0.326056
0.168897 -0.985232 -0.028149 0.244745 -0.938190 0.244745 -0.154303 -0.987541 0.030861 -0.122373 -0.978980 0.163163 0.000000 -0.993605 0.112910 0.077659 -0.990151 -0.116488 0.039984 -0.939624 0.339864 -0.078492 -0.981147 -0.176606 -0.102619 -0.923575 0.369430
0.207413 -0.977805 0.029630 0.244745 -0.938190 0.244745 -0.195180 -0.975900 0.097590 -0.109254 -0.983282 0.145671 0.000000 -0.995495 0.094809 0.077469 -0.987734 -0.135571 0.040910 -0.920478 0.388646 -0.061533 -0.984525 -0.164087 -0.083844 -0.922288 0.377300
0.201569 -0.979051 0.028796 0.232873 -0.931493 0.279448 -0.218537 -0.967805 0.124878 -0.145000 -0.978749 0.145000 0.000000 -0.998752 0.049938 0.039841 -0.996024 -0.079682 0.042033 -0.924729 0.378298 -0.020757 -0.996331 -0.083028 -0.062691 -0.940361 0.334351
0.200904 -0.975820 0.086102 0.279553 -0.918532 0.279553 -0.231413 -0.958710 0.165295 -0.140028 -0.980196 0.140028 0.022698 -0.998711 0.045396 0.040774 -0.998960 -0.020387 0.020934 -0.942008 0.334936 -0.021253 -0.998870 -0.042505 -0.042126 -0.947841 0.315947
0.226728 -0.963594 0.141705 0.304776 -0.914327 0.266679 -0.217584 -0.963588 0.155417 -0.145000 -0.978749 0.145000 0.022698 -0.998711 0.045396 0.020829 -0.999783 0.000000 0.042126 -0.947841 0.315947 0.000000 -0.999764 -0.021734 -0.041559 -0.955847 0.290910
0.226728 -0.963594 0.141705 0.301511 -0.904534 0.301511 -0.187683 -0.969697 0.156403 -0.180187 -0.973012 0.144150 0.046411 -0.997844 0.046411 0.020824 -0.999566 0.020824 0.042400 -0.953998 0.296799 0.000000 -1.000000 0.000000 -0.040979 -0.963002 0.266362
0.225733 -0.959366 0.169300 0.331295 -0.883452 0.331295 -0.217584 -0.963588 0.155417 -0.186728 -0.970988 0.149383 0.046349 -0.996503 0.069523 0.000000 -0.999783 0.020829 0.041559 -0.955847 0.290910 0.000000 -1.000000 0.000000 -0.041196 -0.968095 0.247173
0.192450 -0.962250 0.192450 0.352235 -0.880587 0.317011 -0.204298 -0.963119 0.175113 -0.193746 -0.968730 0.154997 0.045303 -0.996659 0.067954 0.000000 -0.999096 0.042515 0.060523 -0.968364 0.242091 0.000000 -0.999783 -0.020829 -0.060523 -0.968364 0.242091
0.156545 -0.965363 0.208727 0.375293 -0.863175 0.337764 -0.135731 -0.977266 0.162878 -0.239426 -0.957704 0.159617 0.024922 -0.996890 0.074767 -0.020387 -0.998960 0.040774 0.079399 -0.972636 0.218347 0.000000 -0.999792 -0.020404 -0.060108 -0.981769 0.180325
0.187485 -0.964209 0.187485 0.342682 -0.856706 0.385518 -0.075810 -0.985527 0.151620 -0.313363 -0.940089 0.134298 0.000000 -0.997199 0.074790 0.000000 -0.999201 0.039968 0.079729 -0.976685 0.199323 0.000000 -0.999808 -0.019604 -0.100201 -0.981966 0.160321
0.185518 -0.958508 0.216437 0.353209 -0.883022 0.309058 -0.024716 -0.988634 0.148295 -0.406579 -0.903508 0.135526 0.026929 -0.996368 0.080787 0.000000 -0.998340 0.057597 0.078750 -0.984374 0.157500 -0.038320 -0.996322 0.076640 -0.098552 -0.985521 0.137973
0.180171 -0.960913 0.210200 0.254457 -0.933008 0.254457 -0.055132 -0.992372 0.110264 -0.314027 -0.942082 0.117760 0.000000 -0.995275 0.097100 0.000000 -0.990342 0.138648 0.078980 -0.987248 0.138215 0.020788 -0.997837 0.062365 -0.118308 -0.985904 0.118308
0.142566 -0.969452 0.199593 0.244745 -0.938190 0.244745 -0.090167 -0.991837 0.090167 -0.249523 -0.962446 0.106938 0.000000 -0.995701 0.092623 -0.045679 -0.982104 0.182717 0.099327 -0.993269 0.059596 -0.020664 -0.950527 0.309954 -0.121317 -0.990759 0.060659
0.170697 -0.955904 0.238976 0.237729 -0.950915 0.198107 -0.173133 -0.981087 0.086566 -0.208389 -0.972480 0.104194 0.023150 -0.995434 0.092599 -0.068006 -0.929421 0.362701 0.103584 -0.994405 -0.020717 -0.020892 -0.898371 0.438740 -0.129339 -0.991600 0.000000
0.135379 -0.981501 0.135379 0.221013 -0.957722 0.184177 -0.228665 -0.971825 0.057166 -0.209020 -0.975426 0.069673 0.023696 -0.995216 0.094782 -0.067591 -0.901212 0.428076 0.120736 -0.990038 -0.072442 -0.021432 -0.857296 0.514378 -0.147620 -0.984136 -0.098414
0.131876 -0.989071 0.065938 0.213470 -0.960617 0.177892 -0.201319 -0.977835 0.057520 -0.250801 -0.967375 0.035829 0.000000 -0.992646 0.121054 -0.068698 -0.847279 0.526687 0.131625 -0.974022 -0.184274 -0.022617 -0.791580 0.610647 -0.130946 -0.968998 -0.209513
0.120331 -0.992734 0.000000 0.245350 -0.946350 0.210300 -0.201319 -0.977835 0.057520 -0.259794 -0.964951 0.037113 0.000000 -0.991454 0.130455 -0.068644 -0.800850 0.594917 0.137051 -0.959354 -0.246691 -0.045478 -0.750388 0.659432 -0.080036 -0.960427 -0.266785
0.116841 -0.993151 0.000000 0.272268 -0.933492 0.233373 -0.207140 -0.976519 0.059183 -0.259973 -0.965616 0.000000 0.000000 -0.988372 0.152057 -0.093403 -0.770574 0.630470 0.135037 -0.945256 -0.297080 -0.047062 -0.729462 0.682400 -0.053975 -0.944567 -0.323852
0.116841 -0.993151 0.000000 0.282497 -0.928204 0.242140 -0.213300 -0.975084 0.060943 -0.250962 -0.967997 0.000000 0.000000 -0.988372 0.152057 -0.093659 -0.749269 0.655610 0.137361 -0.934052 -0.329665 -0.048708 -0.706267 0.706267 -0.053490 -0.936083 -0.347688
0.116642 -0.991460 -0.058321 0.272268 -0.933492 0.233373 -0.183942 -0.981023 0.061314 -0.284088 -0.958798 0.000000 0.000000 -0.988372 0.152057 -0.071632 -0.740196 0.668564 0.106525 -0.932091 -0.346205 -0.048708 -0.706267 0.706267 -0.052182 -0.939272 -0.339182
0.120114 -0.990942 -0.060057 0.262705 -0.938233 0.225176 -0.189642 -0.979816 0.063214 -0.259973 -0.965616 0.000000 0.000000 -0.983453 0.181162 -0.070186 -0.772049 0.631676 0.132733 -0.929131 -0.345106 -0.024318 -0.753859 0.656587 -0.079444 -0.953329 -0.291295
0.095539 -0.987241 -0.127386 0.212000 -0.953998 0.212000 -0.169907 -0.985460 0.000000 -0.242390 -0.969561 0.034627 -0.024126 -0.989173 0.144757 -0.104649 -0.889516 0.444758 0.131670 -0.948025 -0.289674 -0.023243 -0.813514 0.581081 -0.080036 -0.960427 -0.266785
0.098163 -0.981630 -0.163605 0.212000 -0.953998 0.212000 -0.132092 -0.990687 -0.033023 -0.250801 -0.967375 0.035829 -0.024126 -0.989173 0.144757 -0.078034 -0.962420 0.260113 0.102971 -0.978225 -0.180199 0.022768 -0.865202 0.500906 -0.100855 -0.983332 -0.151282
0.065618 -0.984268 -0.164045 0.212000 -0.953998 0.212000 -0.132092 -0.990687 -0.033023 -0.242390 -0.969561 0.034627 -0.023696 -0.995216 0.094782 -0.070052 -0.957380 0.280209 0.126796 -0.989007 -0.076077 0.075070 -0.950892 0.300282 -0.099228 -0.992278 -0.074421
0.033023 -0.990687 -0.132092 0.212000 -0.953998 0.212000 -0.093296 -0.995153 -0.031099 -0.250801 -0.967375 0.035829 -0.023150 -0.995434 0.092599 -0.046017 -0.966347 0.253091 0.092599 -0.995434 0.023150 0.069580 -0.950920 0.301511 -0.115470 -0.993042 0.023094
0.031976 -0.991271 -0.127906 0.177892 -0.960617 0.213470 -0.066482 -0.997234 -0.033241 -0.250801 -0.967375 0.035829 -0.023150 -0.995434 0.092599 -0.044677 -0.982888 0.178707 0.089961 -0.989576 0.112452 0.045256 -0.973010 0.226281 -0.112197 -0.987332 0.112197
0.034139 -0.990044 -0.136558 0.212000 -0.953998 0.212000 -0.099286 -0.992855 -0.066190 -0.216789 -0.975550 0.036131 -0.022669 -0.997427 0.068006 -0.044012 -0.990267 0.132036 0.086833 -0.976877 0.195375 0.044677 -0.982888 0.178707 -0.108747 -0.978724 0.173995
0.034280 -0.994107 -0.102839 0.213470 -0.960617 0.177892 -0.099286 -0.992855 -0.066190 -0.224702 -0.973708 0.037450 -0.022698 -0.998711 0.045396 -0.043274 -0.995307 0.086548 0.086026 -0.967798 0.236573 0.044130 -0.992916 0.110324 -0.107310 -0.965790 0.236082
0.034280 -0.994107 -0.102839 0.212000 -0.953998 0.212000 -0.096126 -0.993304 -0.064084 -0.224702 -0.973708 0.037450 -0.022195 -0.998768 0.044390 -0.043345 -0.996942 0.065018 0.083388 -0.958958 0.271010 0.043345 -0.996942 0.065018 -0.106143 -0.955287 0.275972
0.000000 -0.995037 -0.099504 0.219382 -0.950654 0.219382 -0.099286 -0.992855 -0.066190 -0.181969 -0.982631 0.036394 -0.022195 -0.998768 0.044390 -0.043396 -0.998115 0.043396 0.082903 -0.953381 0.290159 0.021713 -0.998821 0.043427 -0.084572 -0.951436 0.296002
0.032444 -0.973329 -0.227110 0.230599 -0.960828 0.153732 -0.031830 -0.986741 -0.159152 -0.224860 -0.974391 0.000000 -0.022716 -0.999484 0.022716 -0.021729 -0.999528 0.021729 0.063529 -0.952928 0.296466 0.000000 -0.999753 0.022217 -0.063119 -0.946792 0.315597
0.033501 -0.971537 -0.234509 0.231800 -0.965834 0.115900 -0.031654 -0.981288 -0.189927 -0.216930 -0.976187 0.000000 -0.022716 -0.999484 0.022716 -0.022217 -0.999753 0.000000 0.041301 -0.949919 0.309756 0.000000 -1.000000 0.000000 -0.063119 -0.946792 0.315597
0.033223 -0.963460 -0.265782 0.232670 -0.969458 0.077557 0.000000 -0.982872 -0.184289 -0.224860 -0.974391 0.000000 -0.023243 -0.999460 0.023243 -0.022217 -0.999753 0.000000 0.042400 -0.953998 0.296799 -0.022716 -0.999484 -0.022716 -0.042126 -0.947841 0.315947
0.033981 -0.951479 -0.305832 0.224231 -0.971666 0.074744 0.000000 -0.982872 -0.184289 -0.216789 -0.975550 -0.036131 -0.022716 -0.999484 0.022716 -0.022217 -0.999753 0.000000 0.042400 -0.953998 0.296799 -0.022716 -0.999484 -0.022716 -0.042126 -0.947841 0.315947
0.032582 -0.944871 -0.325818 0.233197 -0.971653 0.038866 0.030700 -0.982409 -0.184202 -0.216930 -0.976187 0.000000 -0.022698 -0.998711 0.045396 -0.022721 -0.999742 0.000000 0.042660 -0.959840 0.277287 -0.022716 -0.999484 -0.022716 -0.043274 -0.952033 0.302920
0.000000 -0.945373 -0.325991 0.259794 -0.964951 0.037113 0.030861 -0.987541 -0.154303 -0.224702 -0.973708 -0.037450 -0.023224 -0.998651 0.046449 -0.022721 -0.999742 0.000000 0.042660 -0.959840 0.277287 -0.023243 -0.999460 -0.023243 -0.042400 -0.953998 0.296799
-0.031607 -0.948209 -0.316070 0.259794 -0.964951 0.037113 0.030700 -0.982409 -0.184202 -0.216930 -0.976187 0.000000 -0.022716 -0.999484 0.022716 -0.022721 -0.999742 0.000000 0.042660 -0.959840 0.277287 -0.023243 -0.999460 -0.023243 -0.042660 -0.959840 0.277287
-0.032915 -0.954547 -0.296239 0.250801 -0.967375 0.035829 0.030861 -0.987541 -0.154303 -0.216930 -0.976187 0.000000 0.000000 -0.998969 0.045408 -0.022721 -0.999742 0.000000 0.043811 -0.963837 0.262865 -0.023243 -0.999460 -0.023243 -0.063917 -0.958750 0.276972
